#          time             Min_Chi
   0.0000000000    5.0358666307e-01
   0.5000000000    5.0340408076e-01
   1.0000000000    5.0305694323e-01
   1.5000000000    5.0272763702e-01
   2.0000000000    5.0246075363e-01
   2.5000000000    5.0225315598e-01
   3.0000000000    5.0205898037e-01
   3.5000000000    5.0186920090e-01
   4.0000000000    5.0168130933e-01
   4.5000000000    5.0148090359e-01
   5.0000000000    5.0128847699e-01
   5.5000000000    5.0107651522e-01
   6.0000000000    5.0087823411e-01
   6.5000000000    5.0065852595e-01
   7.0000000000    5.0045163336e-01
   7.5000000000    5.0022990912e-01
   8.0000000000    5.0001607045e-01
   8.5000000000    4.9979333163e-01
   9.0000000000    4.9957421427e-01
   9.5000000000    4.9935157607e-01
  10.0000000000    4.9912899803e-01
  10.5000000000    4.9890760616e-01
  11.0000000000    4.9868311313e-01
  11.5000000000    4.9846398018e-01
  12.0000000000    4.9823911156e-01
  12.5000000000    4.9802279260e-01
  13.0000000000    4.9779878772e-01
  13.5000000000    4.9758592099e-01
  14.0000000000    4.9736386963e-01
  14.5000000000    4.9715521730e-01
  15.0000000000    4.9693589759e-01
  15.5000000000    4.9673162087e-01
  16.0000000000    4.9651577234e-01
  16.5000000000    4.9631503319e-01
  17.0000000000    4.9610456408e-01
  17.5000000000    4.9591011892e-01
  18.0000000000    4.9570312749e-01
  18.5000000000    4.9551383750e-01
  19.0000000000    4.9531178950e-01
  19.5000000000    4.9512769844e-01
  20.0000000000    4.9493116694e-01
  20.5000000000    4.9475234898e-01
  21.0000000000    4.9456123366e-01
  21.5000000000    4.9438791445e-01
  22.0000000000    4.9420253180e-01
  22.5000000000    4.9403352513e-01
  23.0000000000    4.9385609569e-01
  23.5000000000    4.9369227292e-01
  24.0000000000    4.9351919823e-01
  24.5000000000    4.9336196517e-01
  25.0000000000    4.9319446671e-01
  25.5000000000    4.9304271587e-01
  26.0000000000    4.9288087762e-01
  26.5000000000    4.9273410873e-01
  27.0000000000    4.9257840828e-01
  27.5000000000    4.9243673166e-01
  28.0000000000    4.9228692572e-01
  28.5000000000    4.9215031920e-01
  29.0000000000    4.9200625666e-01
  29.5000000000    4.9187453528e-01
  30.0000000000    4.9173609239e-01
  30.5000000000    4.9160896802e-01
  31.0000000000    4.9147516756e-01
  31.5000000000    4.9135309759e-01
  32.0000000000    4.9122660989e-01
  32.5000000000    4.9110950307e-01
  33.0000000000    4.9098592494e-01
  33.5000000000    4.9087331286e-01
  34.0000000000    4.9075581724e-01
  34.5000000000    4.9064738392e-01
  35.0000000000    4.9053418829e-01
  35.5000000000    4.9043044686e-01
  36.0000000000    4.9032194508e-01
  36.5000000000    4.9022235649e-01
  37.0000000000    4.9011813319e-01
  37.5000000000    4.9002277713e-01
  38.0000000000    4.8992270265e-01
  38.5000000000    4.8983156720e-01
  39.0000000000    4.8973541954e-01
  39.5000000000    4.8964840850e-01
  40.0000000000    4.8955595789e-01
  40.5000000000    4.8947288443e-01
  41.0000000000    4.8938391408e-01
  41.5000000000    4.8930489386e-01
  42.0000000000    4.8921914296e-01
  42.5000000000    4.8914407056e-01
  43.0000000000    4.8906148064e-01
  43.5000000000    4.8899025062e-01
  44.0000000000    4.8891033395e-01
  44.5000000000    4.8884322756e-01
  45.0000000000    4.8876623525e-01
  45.5000000000    4.8870268808e-01
  46.0000000000    4.8862769552e-01
  46.5000000000    4.8856806175e-01
  47.0000000000    4.8849561289e-01
  47.5000000000    4.8843989193e-01
  48.0000000000    4.8836916212e-01
  48.5000000000    4.8831701086e-01
  49.0000000000    4.8824816582e-01
  49.5000000000    4.8820003455e-01
  50.0000000000    4.8813280532e-01
  50.5000000000    4.8808709883e-01
  51.0000000000    4.8802247108e-01
  51.5000000000    4.8797789810e-01
  52.0000000000    4.8791704460e-01
  52.5000000000    4.8787350970e-01
  53.0000000000    4.8781634720e-01
  53.5000000000    4.8777336040e-01
  54.0000000000    4.8771975420e-01
  54.5000000000    4.8767682985e-01
  55.0000000000    4.8762586459e-01
  55.5000000000    4.8758080887e-01
  56.0000000000    4.8752945133e-01
  56.5000000000    4.8747618302e-01
  57.0000000000    4.8741536059e-01
  57.5000000000    4.8734276013e-01
  58.0000000000    4.8726741780e-01
  58.5000000000    4.8718602629e-01
  59.0000000000    4.8712472981e-01
  59.5000000000    4.8707218142e-01
  60.0000000000    4.8704389029e-01
  60.5000000000    4.8701120536e-01
  61.0000000000    4.8699300283e-01
  61.5000000000    4.8695972564e-01
  62.0000000000    4.8694403273e-01
  62.5000000000    4.8690913787e-01
  63.0000000000    4.8689119312e-01
  63.5000000000    4.8685151701e-01
  64.0000000000    4.8682930519e-01
  64.5000000000    4.8679556894e-01
  65.0000000000    4.8677527108e-01
  65.5000000000    4.8674392280e-01
  66.0000000000    4.8672030375e-01
  66.5000000000    4.8669283401e-01
  67.0000000000    4.8666876172e-01
  67.5000000000    4.8664468097e-01
  68.0000000000    4.8661871309e-01
  68.5000000000    4.8659923533e-01
  69.0000000000    4.8657169199e-01
  69.5000000000    4.8655612981e-01
  70.0000000000    4.8652682215e-01
  70.5000000000    4.8651575972e-01
  71.0000000000    4.8648495202e-01
  71.5000000000    4.8647310748e-01
  72.0000000000    4.8644544483e-01
  72.5000000000    4.8643149349e-01
  73.0000000000    4.8640832950e-01
  73.5000000000    4.8639227925e-01
  74.0000000000    4.8637389804e-01
  74.5000000000    4.8635564060e-01
  75.0000000000    4.8634206134e-01
  75.5000000000    4.8632146194e-01
  76.0000000000    4.8631281490e-01
  76.5000000000    4.8628977090e-01
  77.0000000000    4.8628479651e-01
  77.5000000000    4.8626005380e-01
  78.0000000000    4.8625238459e-01
  78.5000000000    4.8623305661e-01
  79.0000000000    4.8622278514e-01
  79.5000000000    4.8620895024e-01
  80.0000000000    4.8619539161e-01
  80.5000000000    4.8618658664e-01
  81.0000000000    4.8616934767e-01
  81.5000000000    4.8616604062e-01
  82.0000000000    4.8614698977e-01
  82.5000000000    4.8614634679e-01
  83.0000000000    4.8612882629e-01
  83.5000000000    4.8612118249e-01
  84.0000000000    4.8610784540e-01
  84.5000000000    4.8609868920e-01
  85.0000000000    4.8609341429e-01
  85.5000000000    4.8608027388e-01
  86.0000000000    4.8608076720e-01
  86.5000000000    4.8606389870e-01
  87.0000000000    4.8606351934e-01
  87.5000000000    4.8604938084e-01
  88.0000000000    4.8604507873e-01
  88.5000000000    4.8603782795e-01
  89.0000000000    4.8602929219e-01
  89.5000000000    4.8602884643e-01
  90.0000000000    4.8601598383e-01
  90.5000000000    4.8601943700e-01
  91.0000000000    4.8600525548e-01
  91.5000000000    4.8600409343e-01
  92.0000000000    4.8599710074e-01
  92.5000000000    4.8599141146e-01
  93.0000000000    4.8599194523e-01
  93.5000000000    4.8598140256e-01
  94.0000000000    4.8598664795e-01
  94.5000000000    4.8597411002e-01
  95.0000000000    4.8597430189e-01
  95.5000000000    4.8596966536e-01
  96.0000000000    4.8596490871e-01
  96.5000000000    4.8596832945e-01
  97.0000000000    4.8595827453e-01
  97.5000000000    4.8596357914e-01
  98.0000000000    4.8595469474e-01
  98.5000000000    4.8595431782e-01
  99.0000000000    4.8595403122e-01
  99.5000000000    4.8594824636e-01
 100.0000000000    4.8595696070e-01
 100.5000000000    4.8594577415e-01
 101.0000000000    4.8594923050e-01
 101.5000000000    4.8594624417e-01
 102.0000000000    4.8594344040e-01
 102.5000000000    4.8594988901e-01
 103.0000000000    4.8594145726e-01
 103.5000000000    4.8594742711e-01
 104.0000000000    4.8594317350e-01
 104.5000000000    4.8594269776e-01
 105.0000000000    4.8594825222e-01
 105.5000000000    4.8594168336e-01
 106.0000000000    4.8594904072e-01
 106.5000000000    4.8594451418e-01
 107.0000000000    4.8594535791e-01
 107.5000000000    4.8595126211e-01
 108.0000000000    4.8594547678e-01
 108.5000000000    4.8595334631e-01
 109.0000000000    4.8594980275e-01
 109.5000000000    4.8595080888e-01
 110.0000000000    4.8595836499e-01
 110.5000000000    4.8595261662e-01
 111.0000000000    4.8596000445e-01
 111.5000000000    4.8595889103e-01
 112.0000000000    4.8595925362e-01
 112.5000000000    4.8596990971e-01
 113.0000000000    4.8596314882e-01
 113.5000000000    4.8596923754e-01
 114.0000000000    4.8597201250e-01
 114.5000000000    4.8597081879e-01
 115.0000000000    4.8598206918e-01
 115.5000000000    4.8597731938e-01
 116.0000000000    4.8598096510e-01
 116.5000000000    4.8598909421e-01
 117.0000000000    4.8598513999e-01
 117.5000000000    4.8599336810e-01
 118.0000000000    4.8599475231e-01
 118.5000000000    4.8599512315e-01
 119.0000000000    4.8600737514e-01
 119.5000000000    4.8600272637e-01
 120.0000000000    4.8600738107e-01
 120.5000000000    4.8601695911e-01
 121.0000000000    4.8601336513e-01
 121.5000000000    4.8602100442e-01
 122.0000000000    4.8602469210e-01
 122.5000000000    4.8602416519e-01
 123.0000000000    4.8603513665e-01
 123.5000000000    4.8603456177e-01
 124.0000000000    4.8603711775e-01
 124.5000000000    4.8605067168e-01
 125.0000000000    4.8604571774e-01
 125.5000000000    4.8605050429e-01
 126.0000000000    4.8606129978e-01
 126.5000000000    4.8605792973e-01
 127.0000000000    4.8606492630e-01
 127.5000000000    4.8607224027e-01
 128.0000000000    4.8607048410e-01
 128.5000000000    4.8607942985e-01
 129.0000000000    4.8608449782e-01
 129.5000000000    4.8608401493e-01
 130.0000000000    4.8609397805e-01
 130.5000000000    4.8609720199e-01
 131.0000000000    4.8609780385e-01
 131.5000000000    4.8610839003e-01
 132.0000000000    4.8611041394e-01
 132.5000000000    4.8611209363e-01
 133.0000000000    4.8612304604e-01
 133.5000000000    4.8612403099e-01
 134.0000000000    4.8612617928e-01
 134.5000000000    4.8613756294e-01
 135.0000000000    4.8613845287e-01
 135.5000000000    4.8614034584e-01
 136.0000000000    4.8615159140e-01
 136.5000000000    4.8615335408e-01
 137.0000000000    4.8615472743e-01
 137.5000000000    4.8616516989e-01
 138.0000000000    4.8616835752e-01
 138.5000000000    4.8616903837e-01
 139.0000000000    4.8617835407e-01
 139.5000000000    4.8618370586e-01
 140.0000000000    4.8618331426e-01
 140.5000000000    4.8619137276e-01
 141.0000000000    4.8619958276e-01
 141.5000000000    4.8619772183e-01
 142.0000000000    4.8620395703e-01
 142.5000000000    4.8621577097e-01
 143.0000000000    4.8621226395e-01
 143.5000000000    4.8621664423e-01
 144.0000000000    4.8622884434e-01
 144.5000000000    4.8622730822e-01
 145.0000000000    4.8622930084e-01
 145.5000000000    4.8623891924e-01
 146.0000000000    4.8624287696e-01
 146.5000000000    4.8624238550e-01
 147.0000000000    4.8624931454e-01
 147.5000000000    4.8625974805e-01
 148.0000000000    4.8625631755e-01
 148.5000000000    4.8626002854e-01
 149.0000000000    4.8627089346e-01
 149.5000000000    4.8627132219e-01
 150.0000000000    4.8627172763e-01
 150.5000000000    4.8627901973e-01
 151.0000000000    4.8628796591e-01
 151.5000000000    4.8628478997e-01
 152.0000000000    4.8628815266e-01
 152.5000000000    4.8629804798e-01
 153.0000000000    4.8629953344e-01
 153.5000000000    4.8629889821e-01
 154.0000000000    4.8630451184e-01
 154.5000000000    4.8631627969e-01
 155.0000000000    4.8631180719e-01
 155.5000000000    4.8631284604e-01
 156.0000000000    4.8631979605e-01
 156.5000000000    4.8632736620e-01
 157.0000000000    4.8632375069e-01
 157.5000000000    4.8632578226e-01
 158.0000000000    4.8633330086e-01
 158.5000000000    4.8633762215e-01
 159.0000000000    4.8633440396e-01
 159.5000000000    4.8633690995e-01
 160.0000000000    4.8634486884e-01
 160.5000000000    4.8634829851e-01
 161.0000000000    4.8634484322e-01
 161.5000000000    4.8634616121e-01
 162.0000000000    4.8635263578e-01
 162.5000000000    4.8635642935e-01
 163.0000000000    4.8635282500e-01
 163.5000000000    4.8635374890e-01
 164.0000000000    4.8635903098e-01
 164.5000000000    4.8636492554e-01
 165.0000000000    4.8635961780e-01
 165.5000000000    4.8635876247e-01
 166.0000000000    4.8636219404e-01
 166.5000000000    4.8636979500e-01
 167.0000000000    4.8636538775e-01
 167.5000000000    4.8636238541e-01
 168.0000000000    4.8636340544e-01
 168.5000000000    4.8636832396e-01
 169.0000000000    4.8637084476e-01
 169.5000000000    4.8636522654e-01
 170.0000000000    4.8636330275e-01
 170.5000000000    4.8636500870e-01
 171.0000000000    4.8637026558e-01
 171.5000000000    4.8636796372e-01
 172.0000000000    4.8636277045e-01
 172.5000000000    4.8636092243e-01
 173.0000000000    4.8636224988e-01
 173.5000000000    4.8636669494e-01
 174.0000000000    4.8636277244e-01
 174.5000000000    4.8635684581e-01
 175.0000000000    4.8635389007e-01
 175.5000000000    4.8635384338e-01
 176.0000000000    4.8635655011e-01
 176.5000000000    4.8635444794e-01
 177.0000000000    4.8634690828e-01
 177.5000000000    4.8634202081e-01
 178.0000000000    4.8633962168e-01
 178.5000000000    4.8633960523e-01
 179.0000000000    4.8634196358e-01
 179.5000000000    4.8633334065e-01
 180.0000000000    4.8632577388e-01
 180.5000000000    4.8632033694e-01
 181.0000000000    4.8631697971e-01
 181.5000000000    4.8631559470e-01
 182.0000000000    4.8631609395e-01
 182.5000000000    4.8630610462e-01
 183.0000000000    4.8629700003e-01
 183.5000000000    4.8628956639e-01
 184.0000000000    4.8628367317e-01
 184.5000000000    4.8627923235e-01
 185.0000000000    4.8627619945e-01
 185.5000000000    4.8627013965e-01
 186.0000000000    4.8625785938e-01
 186.5000000000    4.8624691270e-01
 187.0000000000    4.8623725817e-01
 187.5000000000    4.8622891289e-01
 188.0000000000    4.8622179834e-01
 188.5000000000    4.8621583519e-01
 189.0000000000    4.8621106152e-01
 189.5000000000    4.8619722884e-01
 190.0000000000    4.8618432598e-01
 190.5000000000    4.8617241373e-01
 191.0000000000    4.8616135558e-01
 191.5000000000    4.8615100741e-01
 192.0000000000    4.8614131322e-01
 192.5000000000    4.8613224508e-01
 193.0000000000    4.8612364932e-01
 193.5000000000    4.8611300081e-01
 194.0000000000    4.8609682860e-01
 194.5000000000    4.8608123789e-01
 195.0000000000    4.8606599822e-01
 195.5000000000    4.8605109707e-01
 196.0000000000    4.8603664297e-01
 196.5000000000    4.8602243284e-01
 197.0000000000    4.8600834610e-01
 197.5000000000    4.8599440791e-01
 198.0000000000    4.8598059009e-01
 198.5000000000    4.8596670480e-01
 199.0000000000    4.8595269075e-01
 199.5000000000    4.8593332370e-01
 200.0000000000    4.8591344745e-01
 200.5000000000    4.8589352722e-01
 201.0000000000    4.8587349437e-01
 201.5000000000    4.8585337297e-01
 202.0000000000    4.8583309089e-01
 202.5000000000    4.8581258413e-01
 203.0000000000    4.8579183804e-01
 203.5000000000    4.8577084144e-01
 204.0000000000    4.8574947384e-01
 204.5000000000    4.8572761815e-01
 205.0000000000    4.8570523277e-01
 205.5000000000    4.8568229697e-01
 206.0000000000    4.8565878340e-01
 206.5000000000    4.8563469028e-01
 207.0000000000    4.8561005042e-01
 207.5000000000    4.8558483374e-01
 208.0000000000    4.8555894368e-01
 208.5000000000    4.8553236110e-01
 209.0000000000    4.8550509608e-01
 209.5000000000    4.8547710087e-01
 210.0000000000    4.8544831430e-01
 210.5000000000    4.8541878374e-01
 211.0000000000    4.8538851296e-01
 211.5000000000    4.8535745260e-01
 212.0000000000    4.8532558104e-01
 212.5000000000    4.8529291627e-01
 213.0000000000    4.8525947012e-01
 213.5000000000    4.8522522414e-01
 214.0000000000    4.8519016635e-01
 214.5000000000    4.8515433910e-01
 215.0000000000    4.8511780764e-01
 215.5000000000    4.8508053096e-01
 216.0000000000    4.8504249748e-01
 216.5000000000    4.8500376586e-01
 217.0000000000    4.8496437048e-01
 217.5000000000    4.8492431573e-01
 218.0000000000    4.8488368303e-01
 218.5000000000    4.8484251398e-01
 219.0000000000    4.8480076408e-01
 219.5000000000    4.8475840901e-01
 220.0000000000    4.8471552558e-01
 220.5000000000    4.8467223505e-01
 221.0000000000    4.8462867258e-01
 221.5000000000    4.8457844044e-01
 222.0000000000    4.8452767100e-01
 222.5000000000    4.8447654030e-01
 223.0000000000    4.8442495900e-01
 223.5000000000    4.8437288751e-01
 224.0000000000    4.8432039217e-01
 224.5000000000    4.8426761109e-01
 225.0000000000    4.8421480102e-01
 225.5000000000    4.8416223782e-01
 226.0000000000    4.8410912166e-01
 226.5000000000    4.8404697753e-01
 227.0000000000    4.8398483841e-01
 227.5000000000    4.8392274143e-01
 228.0000000000    4.8386078974e-01
 228.5000000000    4.8379920548e-01
 229.0000000000    4.8373830934e-01
 229.5000000000    4.8367831102e-01
 230.0000000000    4.8360737345e-01
 230.5000000000    4.8353592255e-01
 231.0000000000    4.8346511405e-01
 231.5000000000    4.8339503286e-01
 232.0000000000    4.8332591080e-01
 232.5000000000    4.8325744440e-01
 233.0000000000    4.8317575661e-01
 233.5000000000    4.8309564272e-01
 234.0000000000    4.8301739703e-01
 234.5000000000    4.8294126599e-01
 235.0000000000    4.8286743962e-01
 235.5000000000    4.8277849955e-01
 236.0000000000    4.8269145322e-01
 236.5000000000    4.8260650871e-01
 237.0000000000    4.8252382010e-01
 237.5000000000    4.8243375486e-01
 238.0000000000    4.8233676246e-01
 238.5000000000    4.8224288515e-01
 239.0000000000    4.8215254667e-01
 239.5000000000    4.8205606540e-01
 240.0000000000    4.8195155268e-01
 240.5000000000    4.8185068732e-01
 241.0000000000    4.8175389398e-01
 241.5000000000    4.8164431246e-01
 242.0000000000    4.8153393367e-01
 242.5000000000    4.8142917835e-01
 243.0000000000    4.8132245132e-01
 243.5000000000    4.8120378054e-01
 244.0000000000    4.8109017612e-01
 244.5000000000    4.8097893429e-01
 245.0000000000    4.8084941214e-01
 245.5000000000    4.8072636560e-01
 246.0000000000    4.8060821989e-01
 246.5000000000    4.8047241593e-01
 247.0000000000    4.8034484854e-01
 247.5000000000    4.8021787787e-01
 248.0000000000    4.8007625849e-01
 248.5000000000    4.7994263296e-01
 249.0000000000    4.7979990191e-01
 249.5000000000    4.7965265399e-01
 250.0000000000    4.7951590322e-01
 250.5000000000    4.7935686490e-01
 251.0000000000    4.7920884493e-01
 251.5000000000    4.7905277391e-01
 252.0000000000    4.7889233083e-01
 252.5000000000    4.7873603370e-01
 253.0000000000    4.7856369110e-01
 253.5000000000    4.7840490328e-01
 254.0000000000    4.7822339828e-01
 254.5000000000    4.7805528078e-01
 255.0000000000    4.7786988867e-01
 255.5000000000    4.7769231331e-01
 256.0000000000    4.7750043920e-01
 256.5000000000    4.7731450783e-01
 257.0000000000    4.7711505738e-01
 257.5000000000    4.7692263301e-01
 258.0000000000    4.7671399557e-01
 258.5000000000    4.7651616163e-01
 259.0000000000    4.7629625918e-01
 259.5000000000    4.7608870208e-01
 260.0000000000    4.7586129095e-01
 260.5000000000    4.7563905697e-01
 261.0000000000    4.7540890073e-01
 261.5000000000    4.7517030058e-01
 262.0000000000    4.7493950574e-01
 262.5000000000    4.7468367936e-01
 263.0000000000    4.7443479691e-01
 263.5000000000    4.7418183737e-01
 264.0000000000    4.7391389652e-01
 264.5000000000    4.7365029145e-01
 265.0000000000    4.7337826692e-01
 265.5000000000    4.7309248962e-01
 266.0000000000    4.7280816809e-01
 266.5000000000    4.7252014997e-01
 267.0000000000    4.7221194911e-01
 267.5000000000    4.7190345228e-01
 268.0000000000    4.7159375720e-01
 268.5000000000    4.7127369450e-01
 269.0000000000    4.7093876680e-01
 269.5000000000    4.7060039079e-01
 270.0000000000    4.7025743619e-01
 270.5000000000    4.6990887644e-01
 271.0000000000    4.6954423031e-01
 271.5000000000    4.6916793790e-01
 272.0000000000    4.6878473905e-01
 272.5000000000    4.6839390759e-01
 273.0000000000    4.6799480062e-01
 273.5000000000    4.6758681367e-01
 274.0000000000    4.6716923675e-01
 274.5000000000    4.6674116902e-01
 275.0000000000    4.6630150327e-01
 275.5000000000    4.6584701030e-01
 276.0000000000    4.6537922835e-01
 276.5000000000    4.6489909218e-01
 277.0000000000    4.6440688758e-01
 277.5000000000    4.6390310676e-01
 278.0000000000    4.6338428392e-01
 278.5000000000    4.6285132350e-01
 279.0000000000    4.6230361466e-01
 279.5000000000    4.6174007314e-01
 280.0000000000    4.6116035372e-01
 280.5000000000    4.6056509414e-01
 281.0000000000    4.5995560492e-01
 281.5000000000    4.5933313902e-01
 282.0000000000    4.5868604641e-01
 282.5000000000    4.5801807965e-01
 283.0000000000    4.5733516053e-01
 283.5000000000    4.5663773650e-01
 284.0000000000    4.5590916672e-01
 284.5000000000    4.5515908969e-01
 285.0000000000    4.5439802830e-01
 285.5000000000    4.5360476931e-01
 286.0000000000    4.5279009090e-01
 286.5000000000    4.5195830535e-01
 287.0000000000    4.5108660798e-01
 287.5000000000    4.5020598337e-01
 288.0000000000    4.4927920237e-01
 288.5000000000    4.4834251336e-01
 289.0000000000    4.4736301610e-01
 289.5000000000    4.4636115438e-01
 290.0000000000    4.4533167903e-01
 290.5000000000    4.4425808113e-01
 291.0000000000    4.4316058855e-01
 291.5000000000    4.4203526540e-01
 292.0000000000    4.4086099336e-01
 292.5000000000    4.3965141523e-01
 293.0000000000    4.3840549515e-01
 293.5000000000    4.3711986424e-01
 294.0000000000    4.3579125238e-01
 294.5000000000    4.3441618743e-01
 295.0000000000    4.3299090583e-01
 295.5000000000    4.3151143092e-01
 296.0000000000    4.2997359271e-01
 296.5000000000    4.2837284693e-01
 297.0000000000    4.2668918529e-01
 297.5000000000    4.2491430807e-01
 298.0000000000    4.2305032476e-01
 298.5000000000    4.2104135350e-01
 299.0000000000    4.1889421026e-01
 299.5000000000    4.1656280536e-01
 300.0000000000    4.1399233825e-01
 300.5000000000    4.1111733038e-01
 301.0000000000    4.0785946406e-01
 301.5000000000    4.0409230697e-01
 302.0000000000    3.9963704233e-01
 302.5000000000    3.9417140130e-01
 303.0000000000    3.8708918749e-01
 303.5000000000    3.6772790298e-01
 304.0000000000    3.4622525423e-01
 304.5000000000    3.2437643859e-01
 305.0000000000    3.0229198320e-01
 305.5000000000    2.8009410398e-01
 306.0000000000    2.5791439229e-01
 306.5000000000    2.3589133472e-01
 307.0000000000    2.1416800833e-01
 307.5000000000    1.9289021372e-01
 308.0000000000    1.7220515114e-01
 308.5000000000    1.5226050651e-01
 309.0000000000    1.3320351797e-01
 309.5000000000    1.1517936869e-01
 310.0000000000    9.8328149035e-02
 310.5000000000    8.2779758761e-02
 311.0000000000    6.8646577002e-02
 311.5000000000    5.6014438492e-02
 312.0000000000    4.4933274001e-02
 312.5000000000    3.5409388747e-02
 313.0000000000    2.7401456269e-02
 313.5000000000    2.0821698322e-02
 314.0000000000    1.5542553519e-02
 314.5000000000    1.1407797446e-02
 315.0000000000    8.2460608033e-03
 315.5000000000    5.8843372440e-03
 316.0000000000    4.1594137594e-03
 316.5000000000    2.9259518303e-03
 317.0000000000    2.0608616611e-03
 317.5000000000    1.4643834387e-03
 318.0000000000    1.0587606660e-03
 318.5000000000    7.8550018581e-04
 319.0000000000    6.0204379270e-04
 319.5000000000    4.7840763613e-04
 320.0000000000    3.9411471931e-04
 320.5000000000    3.3558525555e-04
 321.0000000000    2.9404130071e-04
 321.5000000000    2.6391095427e-04
 322.0000000000    2.4167581473e-04
 322.5000000000    2.2508460740e-04
 323.0000000000    2.1264847566e-04
 323.5000000000    2.0333632303e-04
 324.0000000000    1.9640031209e-04
 324.5000000000    1.9127873146e-04
 325.0000000000    1.8754111037e-04
 325.5000000000    1.8485492783e-04
 326.0000000000    1.8296310078e-04
 326.5000000000    1.8166718058e-04
 327.0000000000    1.8081409454e-04
 327.5000000000    1.8028554095e-04
 328.0000000000    1.7998961417e-04
 328.5000000000    1.7985435285e-04
 329.0000000000    1.7982291773e-04
 329.5000000000    1.7985011004e-04
 330.0000000000    1.7989993519e-04
 330.5000000000    1.7994394086e-04
 331.0000000000    1.7996010882e-04
 331.5000000000    1.7993210104e-04
 332.0000000000    1.7984870848e-04
 332.5000000000    1.7970339288e-04
 333.0000000000    1.7949384310e-04
 333.5000000000    1.7922149470e-04
 334.0000000000    1.7889099046e-04
 334.5000000000    1.7850958615e-04
 335.0000000000    1.7808651124e-04
 335.5000000000    1.7763231406e-04
 336.0000000000    1.7715822166e-04
 336.5000000000    1.7667554833e-04
 337.0000000000    1.7619518324e-04
 337.5000000000    1.7572717810e-04
 338.0000000000    1.7528044631e-04
 338.5000000000    1.7486256937e-04
 339.0000000000    1.7447970777e-04
 339.5000000000    1.7413659557e-04
 340.0000000000    1.7383660086e-04
 340.5000000000    1.7358183477e-04
 341.0000000000    1.7337328931e-04
 341.5000000000    1.7321099241e-04
 342.0000000000    1.7309416548e-04
 342.5000000000    1.7302137329e-04
 343.0000000000    1.7299065687e-04
 343.5000000000    1.7299964564e-04
 344.0000000000    1.7304564589e-04
 344.5000000000    1.7312570807e-04
 345.0000000000    1.7323667497e-04
 345.5000000000    1.7337521373e-04
 346.0000000000    1.7353784132e-04
 346.5000000000    1.7372094604e-04
 347.0000000000    1.7392080960e-04
 347.5000000000    1.7413362959e-04
 348.0000000000    1.7435555144e-04
 348.5000000000    1.7458271457e-04
 349.0000000000    1.7481130468e-04
 349.5000000000    1.7503761362e-04
 350.0000000000    1.7525810258e-04
 350.5000000000    1.7546946752e-04
 351.0000000000    1.7566870397e-04
 351.5000000000    1.7585316144e-04
 352.0000000000    1.7602059087e-04
 352.5000000000    1.7616918742e-04
 353.0000000000    1.7629762819e-04
 353.5000000000    1.7640510370e-04
 354.0000000000    1.7649133372e-04
 354.5000000000    1.7655655713e-04
 355.0000000000    1.7660149568e-04
 355.5000000000    1.7662729439e-04
 356.0000000000    1.7663545384e-04
 356.5000000000    1.7662777495e-04
 357.0000000000    1.7660632225e-04
 357.5000000000    1.7657337363e-04
 358.0000000000    1.7653135263e-04
 358.5000000000    1.7648272897e-04
 359.0000000000    1.7642990784e-04
 359.5000000000    1.7637513732e-04
 360.0000000000    1.7632046043e-04
 360.5000000000    1.7626771449e-04
 361.0000000000    1.7621855230e-04
 361.5000000000    1.7617444739e-04
 362.0000000000    1.7613666708e-04
 362.5000000000    1.7610622741e-04
 363.0000000000    1.7608386195e-04
 363.5000000000    1.7607003131e-04
 364.0000000000    1.7606497387e-04
 364.5000000000    1.7606876040e-04
 365.0000000000    1.7608132639e-04
 365.5000000000    1.7610246512e-04
 366.0000000000    1.7613180965e-04
 366.5000000000    1.7616882821e-04
 367.0000000000    1.7621284759e-04
 367.5000000000    1.7626309629e-04
 368.0000000000    1.7631874738e-04
 368.5000000000    1.7637893913e-04
 369.0000000000    1.7644277887e-04
 369.5000000000    1.7650934130e-04
 370.0000000000    1.7657767764e-04
 370.5000000000    1.7664683669e-04
 371.0000000000    1.7671588814e-04
 371.5000000000    1.7678394036e-04
 372.0000000000    1.7685015208e-04
 372.5000000000    1.7691374103e-04
 373.0000000000    1.7697399886e-04
 373.5000000000    1.7703031481e-04
 374.0000000000    1.7708220274e-04
 374.5000000000    1.7712932825e-04
 375.0000000000    1.7717153121e-04
 375.5000000000    1.7720884259e-04
 376.0000000000    1.7724148132e-04
 376.5000000000    1.7726983358e-04
 377.0000000000    1.7729440873e-04
 377.5000000000    1.7731577718e-04
 378.0000000000    1.7733448919e-04
 378.5000000000    1.7735099542e-04
 379.0000000000    1.7736558321e-04
 379.5000000000    1.7737832968e-04
 380.0000000000    1.7738908455e-04
 380.5000000000    1.7739749832e-04
 381.0000000000    1.7740310254e-04
 381.5000000000    1.7740543193e-04
 382.0000000000    1.7740417284e-04
 382.5000000000    1.7739931129e-04
 383.0000000000    1.7739125319e-04
 383.5000000000    1.7738088689e-04
 384.0000000000    1.7736957537e-04
 384.5000000000    1.7735907476e-04
 385.0000000000    1.7735137462e-04
 385.5000000000    1.7734847648e-04
 386.0000000000    1.7735214662e-04
 386.5000000000    1.7736367723e-04
 387.0000000000    1.7738369970e-04
 387.5000000000    1.7741208949e-04
 388.0000000000    1.7744797893e-04
 388.5000000000    1.7748987491e-04
 389.0000000000    1.7753586705e-04
 389.5000000000    1.7758388918e-04
 390.0000000000    1.7763199329e-04
 390.5000000000    1.7767858998e-04
 391.0000000000    1.7772261788e-04
 391.5000000000    1.7776361449e-04
 392.0000000000    1.7780167641e-04
 392.5000000000    1.7783732830e-04
 393.0000000000    1.7787133039e-04
 393.5000000000    1.7790446530e-04
 394.0000000000    1.7793734923e-04
 394.5000000000    1.7797029922e-04
 395.0000000000    1.7800327959e-04
 395.5000000000    1.7803593028e-04
 396.0000000000    1.7806766311e-04
 396.5000000000    1.7809780267e-04
 397.0000000000    1.7812573423e-04
 397.5000000000    1.7815102585e-04
 398.0000000000    1.7817350582e-04
 398.5000000000    1.7819328218e-04
 399.0000000000    1.7821070526e-04
 399.5000000000    1.7822628985e-04
 400.0000000000    1.7824061718e-04
 400.5000000000    1.7825423802e-04
 401.0000000000    1.7826759981e-04
 401.5000000000    1.7828100813e-04
 402.0000000000    1.7829462592e-04
 402.5000000000    1.7830850291e-04
 403.0000000000    1.7832262315e-04
 403.5000000000    1.7833695436e-04
 404.0000000000    1.7835148813e-04
 404.5000000000    1.7836626482e-04
 405.0000000000    1.7838137711e-04
 405.5000000000    1.7839695764e-04
 406.0000000000    1.7841315587e-04
 406.5000000000    1.7843010910e-04
 407.0000000000    1.7844791620e-04
 407.5000000000    1.7846661905e-04
 408.0000000000    1.7848619409e-04
 408.5000000000    1.7850655335e-04
 409.0000000000    1.7852755141e-04
 409.5000000000    1.7854899514e-04
 410.0000000000    1.7857065593e-04
 410.5000000000    1.7859228501e-04
 411.0000000000    1.7861363400e-04
 411.5000000000    1.7863447600e-04
 412.0000000000    1.7865462914e-04
 412.5000000000    1.7867397903e-04
 413.0000000000    1.7869249327e-04
 413.5000000000    1.7871022354e-04
 414.0000000000    1.7872730071e-04
 414.5000000000    1.7874391669e-04
 415.0000000000    1.7876029508e-04
 415.5000000000    1.7877666100e-04
 416.0000000000    1.7879320992e-04
 416.5000000000    1.7881008042e-04
 417.0000000000    1.7882734113e-04
 417.5000000000    1.7884499195e-04
 418.0000000000    1.7886297561e-04
 418.5000000000    1.7888119969e-04
 419.0000000000    1.7889956269e-04
 419.5000000000    1.7891797563e-04
 420.0000000000    1.7893637679e-04
 420.5000000000    1.7895473890e-04
 421.0000000000    1.7897306571e-04
 421.5000000000    1.7899138009e-04
 422.0000000000    1.7900970833e-04
 422.5000000000    1.7902806465e-04
 423.0000000000    1.7904643933e-04
 423.5000000000    1.7906479339e-04
 424.0000000000    1.7908306219e-04
 424.5000000000    1.7910116632e-04
 425.0000000000    1.7911902618e-04
 425.5000000000    1.7913657805e-04
 426.0000000000    1.7915378862e-04
 426.5000000000    1.7917066250e-04
 427.0000000000    1.7918724416e-04
 427.5000000000    1.7920361282e-04
 428.0000000000    1.7921987106e-04
 428.5000000000    1.7923612800e-04
 429.0000000000    1.7925248140e-04
 429.5000000000    1.7926900112e-04
 430.0000000000    1.7928571874e-04
 430.5000000000    1.7930262288e-04
 431.0000000000    1.7931966232e-04
 431.5000000000    1.7933675669e-04
 432.0000000000    1.7935381015e-04
 432.5000000000    1.7937072855e-04
 433.0000000000    1.7938743651e-04
 433.5000000000    1.7940388809e-04
 434.0000000000    1.7942007395e-04
 434.5000000000    1.7943601974e-04
 435.0000000000    1.7945177676e-04
 435.5000000000    1.7946741025e-04
 436.0000000000    1.7948298625e-04
 436.5000000000    1.7949855775e-04
 437.0000000000    1.7951415663e-04
 437.5000000000    1.7952978715e-04
 438.0000000000    1.7954542472e-04
 438.5000000000    1.7956102071e-04
 439.0000000000    1.7957651027e-04
 439.5000000000    1.7959182514e-04
 440.0000000000    1.7960690668e-04
 440.5000000000    1.7962171624e-04
 441.0000000000    1.7963624443e-04
 441.5000000000    1.7965051514e-04
 442.0000000000    1.7966458326e-04
 442.5000000000    1.7967852836e-04
 443.0000000000    1.7969244710e-04
 443.5000000000    1.7970643889e-04
 444.0000000000    1.7972059406e-04
 444.5000000000    1.7973498234e-04
 445.0000000000    1.7974964478e-04
 445.5000000000    1.7976459091e-04
 446.0000000000    1.7977979817e-04
 446.5000000000    1.7979521676e-04
 447.0000000000    1.7981077627e-04
 447.5000000000    1.7982639404e-04
 448.0000000000    1.7984198720e-04
 448.5000000000    1.7985748012e-04
 449.0000000000    1.7987281115e-04
 449.5000000000    1.7988794338e-04
 450.0000000000    1.7990286795e-04
 450.5000000000    1.7991759649e-04
 451.0000000000    1.7993215799e-04
 451.5000000000    1.7994659378e-04
 452.0000000000    1.7996095112e-04
 452.5000000000    1.7997526797e-04
 453.0000000000    1.7998956533e-04
 453.5000000000    1.8000385041e-04
 454.0000000000    1.8001811877e-04
 454.5000000000    1.8003235297e-04
 455.0000000000    1.8004653115e-04
 455.5000000000    1.8006063197e-04
 456.0000000000    1.8007463273e-04
 456.5000000000    1.8008851410e-04
 457.0000000000    1.8010226800e-04
 457.5000000000    1.8011589925e-04
 458.0000000000    1.8012942278e-04
 458.5000000000    1.8014286244e-04
 459.0000000000    1.8015624885e-04
 459.5000000000    1.8016960984e-04
 460.0000000000    1.8018296303e-04
 460.5000000000    1.8019631861e-04
 461.0000000000    1.8020968046e-04
 461.5000000000    1.8022304541e-04
 462.0000000000    1.8023640461e-04
 462.5000000000    1.8024974748e-04
 463.0000000000    1.8026306785e-04
 463.5000000000    1.8027636164e-04
 464.0000000000    1.8028962459e-04
 464.5000000000    1.8030285527e-04
 465.0000000000    1.8031605528e-04
 465.5000000000    1.8032922758e-04
 466.0000000000    1.8034237461e-04
 466.5000000000    1.8035549784e-04
 467.0000000000    1.8036859879e-04
 467.5000000000    1.8038167651e-04
 468.0000000000    1.8039472327e-04
 468.5000000000    1.8040773143e-04
 469.0000000000    1.8042069801e-04
 469.5000000000    1.8043362052e-04
 470.0000000000    1.8044649554e-04
 470.5000000000    1.8045931852e-04
 471.0000000000    1.8047208388e-04
 471.5000000000    1.8048478545e-04
 472.0000000000    1.8049741820e-04
 472.5000000000    1.8050998084e-04
 473.0000000000    1.8052247662e-04
 473.5000000000    1.8053491212e-04
 474.0000000000    1.8054729667e-04
 474.5000000000    1.8055964106e-04
 475.0000000000    1.8057195535e-04
 475.5000000000    1.8058424662e-04
 476.0000000000    1.8059651663e-04
 476.5000000000    1.8060876102e-04
 477.0000000000    1.8062097168e-04
 477.5000000000    1.8063314097e-04
 478.0000000000    1.8064526540e-04
 478.5000000000    1.8065734894e-04
 479.0000000000    1.8066940312e-04
 479.5000000000    1.8068144344e-04
 480.0000000000    1.8069348462e-04
 480.5000000000    1.8070553512e-04
 481.0000000000    1.8071759346e-04
 481.5000000000    1.8072964875e-04
 482.0000000000    1.8074168469e-04
 482.5000000000    1.8075368608e-04
 483.0000000000    1.8076564449e-04
 483.5000000000    1.8077756146e-04
 484.0000000000    1.8078944686e-04
 484.5000000000    1.8080131252e-04
 485.0000000000    1.8081316482e-04
 485.5000000000    1.8082500069e-04
 486.0000000000    1.8083680815e-04
 486.5000000000    1.8084857154e-04
 487.0000000000    1.8086027868e-04
 487.5000000000    1.8087192676e-04
 488.0000000000    1.8088352375e-04
 488.5000000000    1.8089508401e-04
 489.0000000000    1.8090662052e-04
 489.5000000000    1.8091813807e-04
 490.0000000000    1.8092963017e-04
 490.5000000000    1.8094108099e-04
 491.0000000000    1.8095247257e-04
 491.5000000000    1.8096379283e-04
 492.0000000000    1.8097504084e-04
 492.5000000000    1.8098622700e-04
 493.0000000000    1.8099736826e-04
 493.5000000000    1.8100848116e-04
 494.0000000000    1.8101957582e-04
 494.5000000000    1.8103065391e-04
 495.0000000000    1.8104171128e-04
 495.5000000000    1.8105274265e-04
 496.0000000000    1.8106374514e-04
 496.5000000000    1.8107471899e-04
 497.0000000000    1.8108566392e-04
 497.5000000000    1.8109657380e-04
 498.0000000000    1.8110743315e-04
 498.5000000000    1.8111821777e-04
 499.0000000000    1.8112889866e-04
 499.5000000000    1.8113944794e-04
 500.0000000000    1.8114984426e-04
 500.5000000000    1.8116007633e-04
 501.0000000000    1.8117014539e-04
 501.5000000000    1.8118006868e-04
 502.0000000000    1.8118988581e-04
 502.5000000000    1.8119966716e-04
 503.0000000000    1.8120952083e-04
 503.5000000000    1.8121959397e-04
 504.0000000000    1.8123006401e-04
 504.5000000000    1.8124111769e-04
 505.0000000000    1.8125291967e-04
 505.5000000000    1.8126557543e-04
 506.0000000000    1.8127909437e-04
 506.5000000000    1.8129335919e-04
 507.0000000000    1.8130810710e-04
 507.5000000000    1.8132292714e-04
 508.0000000000    1.8133727604e-04
 508.5000000000    1.8135051424e-04
 509.0000000000    1.8136196215e-04
 509.5000000000    1.8137097510e-04
 510.0000000000    1.8137703162e-04
 510.5000000000    1.8137982482e-04
 511.0000000000    1.8137934245e-04
 511.5000000000    1.8137591857e-04
 512.0000000000    1.8137024042e-04
 512.5000000000    1.8136330059e-04
 513.0000000000    1.8135629478e-04
 513.5000000000    1.8135047790e-04
 514.0000000000    1.8134700336e-04
 514.5000000000    1.8134677516e-04
 515.0000000000    1.8135034060e-04
 515.5000000000    1.8135784386e-04
 516.0000000000    1.8136904435e-04
 516.5000000000    1.8138339162e-04
 517.0000000000    1.8140013944e-04
 517.5000000000    1.8141847527e-04
 518.0000000000    1.8143764268e-04
 518.5000000000    1.8145703669e-04
 519.0000000000    1.8147625717e-04
 519.5000000000    1.8149511330e-04
 520.0000000000    1.8151358240e-04
 520.5000000000    1.8153173443e-04
 521.0000000000    1.8154964871e-04
 521.5000000000    1.8156734471e-04
 522.0000000000    1.8158474742e-04
 522.5000000000    1.8160169435e-04
 523.0000000000    1.8161797773e-04
 523.5000000000    1.8163340304e-04
 524.0000000000    1.8164784269e-04
 524.5000000000    1.8166126836e-04
 525.0000000000    1.8167375726e-04
 525.5000000000    1.8168546825e-04
 526.0000000000    1.8169660445e-04
 526.5000000000    1.8170736894e-04
 527.0000000000    1.8171792680e-04
 527.5000000000    1.8172837769e-04
 528.0000000000    1.8173875033e-04
 528.5000000000    1.8174901218e-04
 529.0000000000    1.8175909524e-04
 529.5000000000    1.8176892585e-04
 530.0000000000    1.8177845220e-04
 530.5000000000    1.8178766064e-04
 531.0000000000    1.8179657785e-04
 531.5000000000    1.8180526101e-04
 532.0000000000    1.8181378281e-04
 532.5000000000    1.8182222239e-04
 533.0000000000    1.8183065606e-04
 533.5000000000    1.8183914745e-04
 534.0000000000    1.8184774605e-04
 534.5000000000    1.8185648552e-04
 535.0000000000    1.8186538067e-04
 535.5000000000    1.8187442698e-04
 536.0000000000    1.8188360425e-04
 536.5000000000    1.8189288320e-04
 537.0000000000    1.8190223338e-04
 537.5000000000    1.8191163106e-04
 538.0000000000    1.8192106758e-04
 538.5000000000    1.8193055849e-04
 539.0000000000    1.8194015248e-04
 539.5000000000    1.8194993673e-04
 540.0000000000    1.8196003550e-04
 540.5000000000    1.8197059929e-04
 541.0000000000    1.8198177846e-04
 541.5000000000    1.8199368486e-04
 542.0000000000    1.8200635560e-04
 542.5000000000    1.8201971812e-04
 543.0000000000    1.8203355524e-04
 543.5000000000    1.8204749269e-04
 544.0000000000    1.8206101242e-04
 544.5000000000    1.8207348079e-04
 545.0000000000    1.8208420598e-04
 545.5000000000    1.8209253253e-04
 546.0000000000    1.8209794835e-04
 546.5000000000    1.8210019466e-04
 547.0000000000    1.8209936912e-04
 547.5000000000    1.8209599986e-04
 548.0000000000    1.8209107046e-04
 548.5000000000    1.8208598543e-04
 549.0000000000    1.8208247415e-04
 549.5000000000    1.8208243612e-04
 550.0000000000    1.8208773691e-04
 550.5000000000    1.8209997035e-04
 551.0000000000    1.8212022493e-04
 551.5000000000    1.8214888450e-04
 552.0000000000    1.8218550414e-04
 552.5000000000    1.8222878811e-04
 553.0000000000    1.8227669315e-04
 553.5000000000    1.8232663962e-04
 554.0000000000    1.8237580840e-04
 554.5000000000    1.8242146808e-04
 555.0000000000    1.8246129196e-04
 555.5000000000    1.8249361664e-04
 556.0000000000    1.8251759547e-04
 556.5000000000    1.8253323228e-04
 557.0000000000    1.8254128765e-04
 557.5000000000    1.8254307455e-04
 558.0000000000    1.8254018225e-04
 558.5000000000    1.8253418103e-04
 559.0000000000    1.8252637627e-04
 559.5000000000    1.8251766019e-04
 560.0000000000    1.8250848797e-04
 560.5000000000    1.8249897319e-04
 561.0000000000    1.8248905938e-04
 561.5000000000    1.8247871115e-04
 562.0000000000    1.8246806686e-04
 562.5000000000    1.8245751007e-04
 563.0000000000    1.8244764443e-04
 563.5000000000    1.8243918590e-04
 564.0000000000    1.8243280944e-04
 564.5000000000    1.8242899402e-04
 565.0000000000    1.8242791041e-04
 565.5000000000    1.8242938281e-04
 566.0000000000    1.8243293207e-04
 566.5000000000    1.8243789246e-04
 567.0000000000    1.8244357737e-04
 567.5000000000    1.8244944004e-04
 568.0000000000    1.8245518443e-04
 568.5000000000    1.8246080951e-04
 569.0000000000    1.8246657476e-04
 569.5000000000    1.8247290548e-04
 570.0000000000    1.8248026889e-04
 570.5000000000    1.8248904775e-04
 571.0000000000    1.8249945359e-04
 571.5000000000    1.8251148872e-04
 572.0000000000    1.8252494620e-04
 572.5000000000    1.8253944736e-04
 573.0000000000    1.8255450495e-04
 573.5000000000    1.8256959274e-04
 574.0000000000    1.8258421258e-04
 574.5000000000    1.8259795099e-04
 575.0000000000    1.8261051729e-04
 575.5000000000    1.8262176093e-04
 576.0000000000    1.8263167108e-04
 576.5000000000    1.8264035908e-04
 577.0000000000    1.8264803615e-04
 577.5000000000    1.8265497547e-04
 578.0000000000    1.8266147221e-04
 578.5000000000    1.8266780401e-04
 579.0000000000    1.8267419235e-04
 579.5000000000    1.8268077526e-04
 580.0000000000    1.8268759861e-04
 580.5000000000    1.8269462312e-04
 581.0000000000    1.8270175202e-04
 581.5000000000    1.8270886467e-04
 582.0000000000    1.8271585256e-04
 582.5000000000    1.8272264842e-04
 583.0000000000    1.8272923964e-04
 583.5000000000    1.8273566620e-04
 584.0000000000    1.8274200893e-04
 584.5000000000    1.8274836562e-04
 585.0000000000    1.8275483007e-04
 585.5000000000    1.8276147221e-04
 586.0000000000    1.8276833003e-04
 586.5000000000    1.8277540382e-04
 587.0000000000    1.8278266838e-04
 587.5000000000    1.8279007893e-04
 588.0000000000    1.8279758437e-04
 588.5000000000    1.8280513772e-04
 589.0000000000    1.8281270435e-04
 589.5000000000    1.8282026297e-04
 590.0000000000    1.8282780360e-04
 590.5000000000    1.8283532833e-04
 591.0000000000    1.8284284413e-04
 591.5000000000    1.8285035676e-04
 592.0000000000    1.8285787564e-04
 592.5000000000    1.8286541223e-04
 593.0000000000    1.8287297370e-04
 593.5000000000    1.8288056213e-04
 594.0000000000    1.8288817808e-04
 594.5000000000    1.8289582216e-04
 595.0000000000    1.8290349084e-04
 595.5000000000    1.8291117145e-04
 596.0000000000    1.8291884981e-04
 596.5000000000    1.8292651288e-04
 597.0000000000    1.8293414570e-04
 597.5000000000    1.8294173471e-04
 598.0000000000    1.8294926959e-04
 598.5000000000    1.8295674061e-04
 599.0000000000    1.8296413572e-04
 599.5000000000    1.8297144141e-04
 600.0000000000    1.8297863925e-04
 600.5000000000    1.8298570549e-04
 601.0000000000    1.8299260937e-04
 601.5000000000    1.8299931331e-04
 602.0000000000    1.8300577621e-04
 602.5000000000    1.8301195550e-04
 603.0000000000    1.8301781857e-04
 603.5000000000    1.8302334262e-04
 604.0000000000    1.8302851917e-04
 604.5000000000    1.8303335759e-04
 605.0000000000    1.8303788729e-04
 605.5000000000    1.8304215426e-04
 606.0000000000    1.8304622311e-04
 606.5000000000    1.8305017652e-04
 607.0000000000    1.8305410726e-04
 607.5000000000    1.8305812096e-04
 608.0000000000    1.8306232946e-04
 608.5000000000    1.8306684411e-04
 609.0000000000    1.8307177218e-04
 609.5000000000    1.8307720982e-04
 610.0000000000    1.8308323559e-04
 610.5000000000    1.8308990793e-04
 611.0000000000    1.8309726203e-04
 611.5000000000    1.8310530702e-04
 612.0000000000    1.8311402772e-04
 612.5000000000    1.8312338972e-04
 613.0000000000    1.8313334191e-04
 613.5000000000    1.8314382168e-04
 614.0000000000    1.8315476437e-04
 614.5000000000    1.8316610451e-04
 615.0000000000    1.8317778127e-04
 615.5000000000    1.8318973930e-04
 616.0000000000    1.8320192495e-04
 616.5000000000    1.8321428489e-04
 617.0000000000    1.8322676009e-04
 617.5000000000    1.8323928268e-04
 618.0000000000    1.8325177083e-04
 618.5000000000    1.8326412497e-04
 619.0000000000    1.8327622466e-04
 619.5000000000    1.8328793374e-04
 620.0000000000    1.8329909999e-04
 620.5000000000    1.8330956539e-04
 621.0000000000    1.8331917436e-04
 621.5000000000    1.8332778657e-04
 622.0000000000    1.8333528763e-04
 622.5000000000    1.8334160212e-04
 623.0000000000    1.8334670181e-04
 623.5000000000    1.8335061102e-04
 624.0000000000    1.8335341034e-04
 624.5000000000    1.8335523563e-04
 625.0000000000    1.8335627175e-04
 625.5000000000    1.8335674343e-04
 626.0000000000    1.8335690148e-04
 626.5000000000    1.8335700602e-04
 627.0000000000    1.8335730656e-04
 627.5000000000    1.8335802426e-04
 628.0000000000    1.8335934187e-04
 628.5000000000    1.8336138982e-04
 629.0000000000    1.8336424045e-04
 629.5000000000    1.8336791396e-04
 630.0000000000    1.8337238291e-04
 630.5000000000    1.8337758108e-04
 631.0000000000    1.8338342160e-04
 631.5000000000    1.8338981277e-04
 632.0000000000    1.8339667022e-04
 632.5000000000    1.8340393209e-04
 633.0000000000    1.8341156433e-04
 633.5000000000    1.8341956051e-04
 634.0000000000    1.8342793590e-04
 634.5000000000    1.8343671440e-04
 635.0000000000    1.8344591833e-04
 635.5000000000    1.8345555742e-04
 636.0000000000    1.8346561353e-04
 636.5000000000    1.8347603570e-04
 637.0000000000    1.8348673961e-04
 637.5000000000    1.8349760796e-04
 638.0000000000    1.8350849650e-04
 638.5000000000    1.8351924367e-04
 639.0000000000    1.8352968226e-04
 639.5000000000    1.8353965331e-04
 640.0000000000    1.8354902008e-04
 640.5000000000    1.8355767889e-04
 641.0000000000    1.8356556976e-04
 641.5000000000    1.8357268249e-04
 642.0000000000    1.8357905795e-04
 642.5000000000    1.8358478841e-04
 643.0000000000    1.8359001111e-04
 643.5000000000    1.8359489360e-04
 644.0000000000    1.8359962103e-04
 644.5000000000    1.8360437933e-04
 645.0000000000    1.8360933689e-04
 645.5000000000    1.8361463326e-04
 646.0000000000    1.8362037076e-04
 646.5000000000    1.8362661084e-04
 647.0000000000    1.8363337907e-04
 647.5000000000    1.8364067126e-04
 648.0000000000    1.8364846725e-04
 648.5000000000    1.8365673786e-04
 649.0000000000    1.8366545605e-04
 649.5000000000    1.8367459772e-04
 650.0000000000    1.8368414137e-04
 650.5000000000    1.8369406069e-04
 651.0000000000    1.8370431680e-04
 651.5000000000    1.8371484674e-04
 652.0000000000    1.8372555552e-04
 652.5000000000    1.8373631198e-04
 653.0000000000    1.8374694908e-04
 653.5000000000    1.8375726998e-04
 654.0000000000    1.8376705557e-04
 654.5000000000    1.8377608055e-04
 655.0000000000    1.8378412400e-04
 655.5000000000    1.8379098554e-04
 656.0000000000    1.8379649616e-04
 656.5000000000    1.8380052633e-04
 657.0000000000    1.8380299474e-04
 657.5000000000    1.8380386990e-04
 658.0000000000    1.8380317330e-04
 658.5000000000    1.8380097875e-04
 659.0000000000    1.8379740930e-04
 659.5000000000    1.8379263594e-04
 660.0000000000    1.8378687951e-04
 660.5000000000    1.8378040293e-04
 661.0000000000    1.8377350954e-04
 661.5000000000    1.8376653792e-04
 662.0000000000    1.8375984824e-04
 662.5000000000    1.8375381123e-04
 663.0000000000    1.8374879058e-04
 663.5000000000    1.8374512477e-04
 664.0000000000    1.8374310888e-04
 664.5000000000    1.8374297873e-04
 665.0000000000    1.8374489702e-04
 665.5000000000    1.8374894739e-04
 666.0000000000    1.8375513117e-04
 666.5000000000    1.8376337320e-04
 667.0000000000    1.8377353328e-04
 667.5000000000    1.8378542007e-04
 668.0000000000    1.8379880753e-04
 668.5000000000    1.8381345097e-04
 669.0000000000    1.8382910200e-04
 669.5000000000    1.8384551838e-04
 670.0000000000    1.8386246929e-04
 670.5000000000    1.8387973529e-04
 671.0000000000    1.8389710267e-04
 671.5000000000    1.8391435511e-04
 672.0000000000    1.8393126491e-04
 672.5000000000    1.8394758552e-04
 673.0000000000    1.8396304734e-04
 673.5000000000    1.8397735954e-04
 674.0000000000    1.8399022091e-04
 674.5000000000    1.8400133358e-04
 675.0000000000    1.8401042519e-04
 675.5000000000    1.8401727581e-04
 676.0000000000    1.8402174029e-04
 676.5000000000    1.8402377055e-04
 677.0000000000    1.8402343299e-04
 677.5000000000    1.8402091418e-04
 678.0000000000    1.8401651628e-04
 678.5000000000    1.8401064463e-04
 679.0000000000    1.8400378111e-04
 679.5000000000    1.8399645115e-04
 680.0000000000    1.8398918830e-04
 680.5000000000    1.8398249153e-04
 681.0000000000    1.8397678916e-04
 681.5000000000    1.8397240891e-04
 682.0000000000    1.8396955502e-04
 682.5000000000    1.8396829804e-04
 683.0000000000    1.8396857783e-04
 683.5000000000    1.8397021448e-04
 684.0000000000    1.8397293037e-04
 684.5000000000    1.8397637813e-04
 685.0000000000    1.8398017174e-04
 685.5000000000    1.8398391751e-04
 686.0000000000    1.8398724103e-04
 686.5000000000    1.8398980912e-04
 687.0000000000    1.8399134415e-04
 687.5000000000    1.8399163155e-04
 688.0000000000    1.8399051913e-04
 688.5000000000    1.8398791158e-04
 689.0000000000    1.8398376135e-04
 689.5000000000    1.8397805799e-04
 690.0000000000    1.8397081564e-04
 690.5000000000    1.8396206313e-04
 691.0000000000    1.8395183530e-04
 691.5000000000    1.8394016897e-04
 692.0000000000    1.8392710476e-04
 692.5000000000    1.8391269458e-04
 693.0000000000    1.8389701619e-04
 693.5000000000    1.8388019070e-04
 694.0000000000    1.8386240216e-04
 694.5000000000    1.8384391741e-04
 695.0000000000    1.8382510384e-04
 695.5000000000    1.8380644078e-04
 696.0000000000    1.8378852457e-04
 696.5000000000    1.8377206205e-04
 697.0000000000    1.8375785120e-04
 697.5000000000    1.8374674893e-04
 698.0000000000    1.8373962598e-04
 698.5000000000    1.8373731503e-04
 699.0000000000    1.8374055385e-04
 699.5000000000    1.8374993055e-04
 700.0000000000    1.8376583522e-04
