#          time             Min_Chi
   0.0000000000    4.3037166594e-01
   0.5000000000    4.3008642943e-01
   1.0000000000    4.2966633293e-01
   1.5000000000    4.2936200447e-01
   2.0000000000    4.2913816043e-01
   2.5000000000    4.2896988118e-01
   3.0000000000    4.2877161410e-01
   3.5000000000    4.2859647794e-01
   4.0000000000    4.2839923855e-01
   4.5000000000    4.2821007321e-01
   5.0000000000    4.2801334575e-01
   5.5000000000    4.2781128012e-01
   6.0000000000    4.2761551180e-01
   6.5000000000    4.2740183656e-01
   7.0000000000    4.2720785521e-01
   7.5000000000    4.2698467124e-01
   8.0000000000    4.2679326432e-01
   8.5000000000    4.2656346991e-01
   9.0000000000    4.2636647245e-01
   9.5000000000    4.2614179717e-01
  10.0000000000    4.2594106322e-01
  10.5000000000    4.2572299586e-01
  11.0000000000    4.2552099744e-01
  11.5000000000    4.2530953194e-01
  12.0000000000    4.2510746288e-01
  12.5000000000    4.2490339485e-01
  13.0000000000    4.2470240951e-01
  13.5000000000    4.2450627863e-01
  14.0000000000    4.2430741428e-01
  14.5000000000    4.2411918599e-01
  15.0000000000    4.2392316689e-01
  15.5000000000    4.2374296534e-01
  16.0000000000    4.2355036620e-01
  16.5000000000    4.2337760585e-01
  17.0000000000    4.2318950321e-01
  17.5000000000    4.2302531683e-01
  18.0000000000    4.2284081695e-01
  18.5000000000    4.2268459146e-01
  19.0000000000    4.2250453771e-01
  19.5000000000    4.2235602466e-01
  20.0000000000    4.2218053538e-01
  20.5000000000    4.2203976199e-01
  21.0000000000    4.2186888942e-01
  21.5000000000    4.2173536593e-01
  22.0000000000    4.2156926450e-01
  22.5000000000    4.2144233514e-01
  23.0000000000    4.2128237050e-01
  23.5000000000    4.2116174899e-01
  24.0000000000    4.2100597704e-01
  24.5000000000    4.2089066607e-01
  25.0000000000    4.2074147422e-01
  25.5000000000    4.2063081272e-01
  26.0000000000    4.2048833644e-01
  26.5000000000    4.2038179467e-01
  27.0000000000    4.2024538718e-01
  27.5000000000    4.2014329449e-01
  28.0000000000    4.2001298068e-01
  28.5000000000    4.1991495214e-01
  29.0000000000    4.1979064525e-01
  29.5000000000    4.1969651877e-01
  30.0000000000    4.1957801754e-01
  30.5000000000    4.1948728773e-01
  31.0000000000    4.1937369282e-01
  31.5000000000    4.1928655158e-01
  32.0000000000    4.1917998879e-01
  32.5000000000    4.1909627100e-01
  33.0000000000    4.1899345782e-01
  33.5000000000    4.1891269902e-01
  34.0000000000    4.1881584476e-01
  34.5000000000    4.1873746050e-01
  35.0000000000    4.1864560503e-01
  35.5000000000    4.1856959000e-01
  36.0000000000    4.1848280661e-01
  36.5000000000    4.1840911669e-01
  37.0000000000    4.1832716089e-01
  37.5000000000    4.1825547697e-01
  38.0000000000    4.1817835198e-01
  38.5000000000    4.1810828163e-01
  39.0000000000    4.1803594321e-01
  39.5000000000    4.1796735183e-01
  40.0000000000    4.1789979927e-01
  40.5000000000    4.1783236636e-01
  41.0000000000    4.1776958143e-01
  41.5000000000    4.1770307124e-01
  42.0000000000    4.1764490734e-01
  42.5000000000    4.1757899483e-01
  43.0000000000    4.1752557716e-01
  43.5000000000    4.1746003646e-01
  44.0000000000    4.1741111488e-01
  44.5000000000    4.1734589307e-01
  45.0000000000    4.1730249265e-01
  45.5000000000    4.1723703395e-01
  46.0000000000    4.1719712044e-01
  46.5000000000    4.1713119096e-01
  47.0000000000    4.1709690604e-01
  47.5000000000    4.1703056921e-01
  48.0000000000    4.1700092240e-01
  48.5000000000    4.1693344496e-01
  49.0000000000    4.1690394136e-01
  49.5000000000    4.1683998790e-01
  50.0000000000    4.1680924222e-01
  50.5000000000    4.1675017762e-01
  51.0000000000    4.1671770391e-01
  51.5000000000    4.1666353671e-01
  52.0000000000    4.1662914923e-01
  52.5000000000    4.1658003263e-01
  53.0000000000    4.1654333243e-01
  53.5000000000    4.1649912728e-01
  54.0000000000    4.1645991964e-01
  54.5000000000    4.1642071926e-01
  55.0000000000    4.1637818633e-01
  55.5000000000    4.1634308427e-01
  56.0000000000    4.1629488976e-01
  56.5000000000    4.1625961570e-01
  57.0000000000    4.1619638200e-01
  57.5000000000    4.1614780355e-01
  58.0000000000    4.1605624957e-01
  58.5000000000    4.1599618082e-01
  59.0000000000    4.1591015323e-01
  59.5000000000    4.1588574221e-01
  60.0000000000    4.1584295228e-01
  60.5000000000    4.1583693429e-01
  61.0000000000    4.1579971853e-01
  61.5000000000    4.1578186579e-01
  62.0000000000    4.1574501845e-01
  62.5000000000    4.1572433176e-01
  63.0000000000    4.1569209242e-01
  63.5000000000    4.1565635172e-01
  64.0000000000    4.1561840421e-01
  64.5000000000    4.1558254876e-01
  65.0000000000    4.1556108542e-01
  65.5000000000    4.1551896713e-01
  66.0000000000    4.1549454109e-01
  66.5000000000    4.1544768232e-01
  67.0000000000    4.1543293340e-01
  67.5000000000    4.1537892689e-01
  68.0000000000    4.1535959405e-01
  68.5000000000    4.1530919659e-01
  69.0000000000    4.1528486918e-01
  69.5000000000    4.1523897997e-01
  70.0000000000    4.1520785717e-01
  70.5000000000    4.1516831002e-01
  71.0000000000    4.1513082128e-01
  71.5000000000    4.1509708733e-01
  72.0000000000    4.1505243489e-01
  72.5000000000    4.1502451774e-01
  73.0000000000    4.1497268823e-01
  73.5000000000    4.1495104694e-01
  74.0000000000    4.1489167006e-01
  74.5000000000    4.1486509032e-01
  75.0000000000    4.1480887665e-01
  75.5000000000    4.1477392869e-01
  76.0000000000    4.1472408909e-01
  76.5000000000    4.1468083209e-01
  77.0000000000    4.1463758136e-01
  77.5000000000    4.1458517052e-01
  78.0000000000    4.1454803091e-01
  78.5000000000    4.1448566259e-01
  79.0000000000    4.1445509360e-01
  79.5000000000    4.1438385864e-01
  80.0000000000    4.1434387032e-01
  80.5000000000    4.1427892391e-01
  81.0000000000    4.1422687385e-01
  81.5000000000    4.1416715632e-01
  82.0000000000    4.1410525049e-01
  82.5000000000    4.1405694330e-01
  83.0000000000    4.1398552507e-01
  83.5000000000    4.1393729766e-01
  84.0000000000    4.1384808090e-01
  84.5000000000    4.1379369781e-01
  85.0000000000    4.1371515924e-01
  85.5000000000    4.1364553417e-01
  86.0000000000    4.1357237800e-01
  86.5000000000    4.1348997650e-01
  87.0000000000    4.1342325701e-01
  87.5000000000    4.1332638718e-01
  88.0000000000    4.1325765684e-01
  88.5000000000    4.1315506131e-01
  89.0000000000    4.1307132908e-01
  89.5000000000    4.1297510529e-01
  90.0000000000    4.1287536811e-01
  90.5000000000    4.1278562322e-01
  91.0000000000    4.1266942469e-01
  91.5000000000    4.1257959346e-01
  92.0000000000    4.1245233339e-01
  92.5000000000    4.1234473915e-01
  93.0000000000    4.1222338114e-01
  93.5000000000    4.1209705577e-01
  94.0000000000    4.1198144073e-01
  94.5000000000    4.1183559557e-01
  95.0000000000    4.1171424009e-01
  95.5000000000    4.1155910533e-01
  96.0000000000    4.1141673882e-01
  96.5000000000    4.1126638771e-01
  97.0000000000    4.1110181009e-01
  97.5000000000    4.1095611926e-01
  98.0000000000    4.1076828782e-01
  98.5000000000    4.1060271459e-01
  99.0000000000    4.1041428295e-01
  99.5000000000    4.1022340209e-01
 100.0000000000    4.1003806601e-01
 100.5000000000    4.0982093198e-01
 101.0000000000    4.0962460935e-01
 101.5000000000    4.0939397911e-01
 102.0000000000    4.0916794847e-01
 102.5000000000    4.0893766057e-01
 103.0000000000    4.0868136643e-01
 103.5000000000    4.0844400631e-01
 104.0000000000    4.0816481635e-01
 104.5000000000    4.0789351617e-01
 105.0000000000    4.0761279634e-01
 105.5000000000    4.0730653151e-01
 106.0000000000    4.0701600060e-01
 106.5000000000    4.0668043691e-01
 107.0000000000    4.0635124496e-01
 107.5000000000    4.0601100514e-01
 108.0000000000    4.0564132120e-01
 108.5000000000    4.0528404506e-01
 109.0000000000    4.0488130423e-01
 109.5000000000    4.0447851772e-01
 110.0000000000    4.0406787746e-01
 110.5000000000    4.0361690365e-01
 111.0000000000    4.0317491994e-01
 111.5000000000    4.0269303701e-01
 112.0000000000    4.0219745741e-01
 112.5000000000    4.0170108981e-01
 113.0000000000    4.0114828588e-01
 113.5000000000    4.0059951319e-01
 114.0000000000    4.0002044284e-01
 114.5000000000    3.9940766580e-01
 115.0000000000    3.9879548350e-01
 115.5000000000    3.9812410702e-01
 116.0000000000    3.9744022112e-01
 116.5000000000    3.9673996217e-01
 117.0000000000    3.9597868865e-01
 117.5000000000    3.9521063860e-01
 118.0000000000    3.9439947612e-01
 118.5000000000    3.9354380299e-01
 119.0000000000    3.9267625857e-01
 119.5000000000    3.9173940725e-01
 120.0000000000    3.9077182149e-01
 120.5000000000    3.8978291399e-01
 121.0000000000    3.8870555535e-01
 121.5000000000    3.8760497357e-01
 122.0000000000    3.8645892424e-01
 122.5000000000    3.8523203039e-01
 123.0000000000    3.8397324580e-01
 123.5000000000    3.8264448930e-01
 124.0000000000    3.8123844958e-01
 124.5000000000    3.7979045757e-01
 125.0000000000    3.7824808740e-01
 125.5000000000    3.7662673725e-01
 126.0000000000    3.7494989035e-01
 126.5000000000    3.7315418758e-01
 127.0000000000    3.7127352375e-01
 127.5000000000    3.6931890262e-01
 128.0000000000    3.6721709184e-01
 128.5000000000    3.6501838755e-01
 129.0000000000    3.6272492531e-01
 129.5000000000    3.6025248749e-01
 130.0000000000    3.5765982426e-01
 130.5000000000    3.5494482229e-01
 131.0000000000    3.5201555083e-01
 131.5000000000    3.4893009580e-01
 132.0000000000    3.4568453035e-01
 132.5000000000    3.4218290709e-01
 133.0000000000    3.3847209490e-01
 133.5000000000    3.3454773570e-01
 134.0000000000    3.3031407926e-01
 134.5000000000    3.2579493209e-01
 135.0000000000    3.2098788611e-01
 135.5000000000    3.1579994377e-01
 136.0000000000    3.1021313490e-01
 136.5000000000    3.0423322334e-01
 137.0000000000    2.9777522565e-01
 137.5000000000    2.9074751040e-01
 138.0000000000    2.8317316521e-01
 138.5000000000    2.7498897842e-01
 139.0000000000    2.6597684933e-01
 139.5000000000    2.5619347526e-01
 140.0000000000    2.4555305073e-01
 140.5000000000    2.3385651454e-01
 141.0000000000    2.2100364557e-01
 141.5000000000    2.0697372752e-01
 142.0000000000    1.9168236014e-01
 142.5000000000    1.7482176360e-01
 143.0000000000    1.5656701845e-01
 143.5000000000    1.3705604240e-01
 144.0000000000    1.1658356253e-01
 144.5000000000    9.5284831132e-02
 145.0000000000    7.4230413046e-02
 145.5000000000    5.4580782724e-02
 146.0000000000    3.7557480037e-02
 146.5000000000    2.4019017774e-02
 147.0000000000    1.3870757784e-02
 147.5000000000    7.4376194851e-03
 148.0000000000    3.9537486128e-03
 148.5000000000    2.4555718990e-03
 149.0000000000    1.5519518536e-03
 149.5000000000    9.5116626406e-04
 150.0000000000    7.6840225372e-04
 150.5000000000    8.7627279373e-04
 151.0000000000    9.0458530057e-04
 151.5000000000    6.1417194637e-04
 152.0000000000    5.4895243618e-04
 152.5000000000    7.0093865261e-04
 153.0000000000    7.7086023582e-04
 153.5000000000    5.1739198487e-04
 154.0000000000    4.8593878373e-04
 154.5000000000    6.7162725586e-04
 155.0000000000    6.5027654555e-04
 155.5000000000    4.5123822908e-04
 156.0000000000    4.6569424969e-04
 156.5000000000    6.8664144208e-04
 157.0000000000    5.7042365600e-04
 157.5000000000    4.1637100575e-04
 158.0000000000    4.6093392967e-04
 158.5000000000    6.9794480689e-04
 159.0000000000    5.3881177495e-04
 159.5000000000    4.0404007423e-04
 160.0000000000    4.5334633449e-04
 160.5000000000    6.8139140501e-04
 161.0000000000    5.4636192853e-04
 161.5000000000    4.0450862794e-04
 162.0000000000    4.3406557124e-04
 162.5000000000    6.3053309034e-04
 163.0000000000    5.8864242848e-04
 163.5000000000    4.1824086771e-04
 164.0000000000    4.0868692482e-04
 164.5000000000    5.5615088165e-04
 165.0000000000    6.7090034951e-04
 165.5000000000    4.5555499466e-04
 166.0000000000    3.9152258366e-04
 166.5000000000    4.7546141287e-04
 167.0000000000    7.0357786130e-04
 167.5000000000    5.3517699829e-04
 168.0000000000    4.0321116597e-04
 168.5000000000    4.1016232990e-04
 169.0000000000    5.5237810581e-04
 169.5000000000    6.8417791401e-04
 170.0000000000    4.7195137247e-04
 170.5000000000    3.8959019445e-04
 171.0000000000    4.3404038106e-04
 171.5000000000    6.0180713405e-04
 172.0000000000    6.3342347133e-04
 172.5000000000    4.5135054103e-04
 173.0000000000    3.8783327293e-04
 173.5000000000    4.3990774008e-04
 174.0000000000    6.0436262096e-04
 174.5000000000    6.3954973271e-04
 175.0000000000    4.6012965916e-04
 175.5000000000    3.8893698677e-04
 176.0000000000    4.2339095308e-04
 176.5000000000    5.6069368289e-04
 177.0000000000    7.0093088006e-04
 177.5000000000    5.0124336381e-04
 178.0000000000    4.0080517261e-04
 178.5000000000    3.9775338513e-04
 179.0000000000    4.8993679293e-04
 179.5000000000    6.7538597729e-04
 180.0000000000    5.8820757209e-04
 180.5000000000    4.4225659636e-04
 181.0000000000    3.8753087550e-04
 181.5000000000    4.2269269798e-04
 182.0000000000    5.4616211752e-04
 182.5000000000    7.3686300606e-04
 183.0000000000    5.3548210124e-04
 183.5000000000    4.1984829795e-04
 184.0000000000    3.8739177590e-04
 184.5000000000    4.3379941101e-04
 185.0000000000    5.5341346036e-04
 185.5000000000    7.3971479890e-04
 186.0000000000    5.6726047362e-04
 186.5000000000    4.4984311499e-04
 187.0000000000    3.9397093232e-04
 187.5000000000    3.9452488966e-04
 188.0000000000    4.4735968089e-04
 188.5000000000    5.4938111752e-04
 189.0000000000    6.9826060365e-04
 189.5000000000    6.2392468903e-04
 190.0000000000    5.0013917228e-04
 190.5000000000    4.2249707365e-04
 191.0000000000    3.8926634727e-04
 191.5000000000    3.9840571253e-04
 192.0000000000    4.4762915650e-04
 192.5000000000    5.3450388392e-04
 193.0000000000    6.5650792167e-04
 193.5000000000    6.8173218263e-04
 194.0000000000    5.5848000514e-04
 194.5000000000    4.7016741324e-04
 195.0000000000    4.1456871882e-04
 195.5000000000    3.8939680344e-04
 196.0000000000    3.9233314424e-04
 196.5000000000    4.2106911723e-04
 197.0000000000    4.7333940389e-04
 197.5000000000    5.4693060170e-04
 198.0000000000    6.3968380153e-04
 198.5000000000    7.3591813986e-04
 199.0000000000    6.3201190367e-04
 199.5000000000    5.4904436603e-04
 200.0000000000    4.8526273552e-04
 200.5000000000    4.3895339433e-04
 201.0000000000    4.0843983448e-04
 201.5000000000    3.9208411096e-04
 202.0000000000    3.8828827905e-04
 202.5000000000    3.9549884027e-04
 203.0000000000    4.1221130329e-04
 203.5000000000    4.3697448587e-04
 204.0000000000    4.6839622999e-04
 204.5000000000    5.0514161813e-04
 205.0000000000    5.4593718822e-04
 205.5000000000    5.8957698617e-04
 206.0000000000    6.3492079271e-04
 206.5000000000    6.8090310517e-04
 207.0000000000    7.2652809354e-04
 207.5000000000    7.1201601243e-04
 208.0000000000    6.7528270745e-04
 208.5000000000    6.4450022399e-04
 209.0000000000    6.1904243132e-04
 209.5000000000    5.9836076567e-04
 210.0000000000    5.8197948542e-04
 210.5000000000    5.6950603426e-04
 211.0000000000    5.6063304285e-04
 211.5000000000    5.5513393503e-04
 212.0000000000    5.5287320223e-04
 212.5000000000    5.5380725539e-04
 213.0000000000    5.5798022192e-04
 213.5000000000    5.6553572093e-04
 214.0000000000    5.7671593613e-04
 214.5000000000    5.9185797239e-04
 215.0000000000    6.1140166884e-04
 215.5000000000    6.3589342149e-04
 216.0000000000    6.6598454430e-04
 216.5000000000    7.0243567206e-04
 217.0000000000    7.3126643732e-04
 217.5000000000    6.8344052586e-04
 218.0000000000    6.3490831704e-04
 218.5000000000    5.8684117131e-04
 219.0000000000    5.4054892019e-04
 219.5000000000    4.9749024479e-04
 220.0000000000    4.5927319635e-04
 220.5000000000    4.2764423855e-04
 221.0000000000    4.0447061909e-04
 221.5000000000    3.9172638365e-04
 222.0000000000    3.9149405729e-04
 222.5000000000    4.0597799002e-04
 223.0000000000    4.3752119899e-04
 223.5000000000    4.8861322683e-04
 224.0000000000    5.6188557438e-04
 224.5000000000    6.6010337272e-04
 225.0000000000    6.9032477192e-04
 225.5000000000    5.7721716170e-04
 226.0000000000    4.8768952965e-04
 226.5000000000    4.2527365202e-04
 227.0000000000    3.9367746223e-04
 227.5000000000    3.9677499375e-04
 228.0000000000    4.3859312748e-04
 228.5000000000    5.2326702573e-04
 229.0000000000    6.5497411556e-04
 229.5000000000    6.4598801643e-04
 230.0000000000    5.0929251270e-04
 230.5000000000    4.2258989565e-04
 231.0000000000    3.9106289644e-04
 231.5000000000    4.2010238410e-04
 232.0000000000    5.1525650953e-04
 232.5000000000    6.8203126590e-04
 233.0000000000    5.8466951566e-04
 233.5000000000    4.4932618064e-04
 234.0000000000    3.9274406669e-04
 234.5000000000    4.2166529450e-04
 235.0000000000    5.4296496755e-04
 235.5000000000    7.0559538407e-04
 236.0000000000    5.0239647297e-04
 236.5000000000    4.0164970787e-04
 237.0000000000    4.1138416676e-04
 237.5000000000    5.3980478344e-04
 238.0000000000    6.7637406189e-04
 238.5000000000    4.6800999289e-04
 239.0000000000    3.9230258957e-04
 239.5000000000    4.5873890088e-04
 240.0000000000    6.7658196881e-04
 240.5000000000    5.1555130610e-04
 241.0000000000    3.9631729108e-04
 241.5000000000    4.4693212207e-04
 242.0000000000    6.7792359198e-04
 242.5000000000    4.9657010672e-04
 243.0000000000    3.9285440745e-04
 243.5000000000    4.9209455142e-04
 244.0000000000    6.6378931636e-04
 244.5000000000    4.2699283584e-04
 245.0000000000    4.1829518123e-04
 245.5000000000    6.5081272263e-04
 246.0000000000    4.8186325884e-04
 246.5000000000    3.9787619064e-04
 247.0000000000    5.8492200274e-04
 247.5000000000    5.1229539623e-04
 248.0000000000    3.9547148591e-04
 248.5000000000    5.8323761249e-04
 249.0000000000    4.9803483021e-04
 249.5000000000    4.0149259582e-04
 250.0000000000    6.4672880595e-04
 250.5000000000    4.4721042425e-04
 251.0000000000    4.3532164004e-04
 251.5000000000    6.5864806039e-04
 252.0000000000    3.9867417530e-04
 252.5000000000    5.4853193287e-04
 253.0000000000    4.8321462984e-04
 253.5000000000    4.2607475942e-04
 254.0000000000    6.4033503028e-04
 254.5000000000    3.9506522713e-04
 255.0000000000    6.4101701744e-04
 255.5000000000    4.1703093316e-04
 256.0000000000    5.3250219356e-04
 256.5000000000    4.6012529914e-04
 257.0000000000    4.7529114186e-04
 257.5000000000    4.9985585694e-04
 258.0000000000    4.5007414501e-04
 258.5000000000    5.1981924549e-04
 259.0000000000    4.4584300851e-04
 259.5000000000    5.1249567719e-04
 260.0000000000    4.6073532265e-04
 260.5000000000    4.7994954140e-04
 261.0000000000    5.0290511794e-04
 261.5000000000    4.3458131430e-04
 262.0000000000    5.9144416097e-04
 262.5000000000    4.0024416364e-04
 263.0000000000    6.9188089540e-04
 263.5000000000    4.1335760134e-04
 264.0000000000    5.1061339918e-04
 264.5000000000    5.2350824241e-04
 265.0000000000    4.0478085632e-04
 265.5000000000    6.5789433858e-04
 266.0000000000    4.4514480030e-04
 266.5000000000    4.3206074982e-04
 267.0000000000    7.1832397779e-04
 267.5000000000    4.3548908940e-04
 268.0000000000    4.2731379025e-04
 268.5000000000    6.6567036695e-04
 269.0000000000    4.8067285057e-04
 269.5000000000    4.0044976420e-04
 270.0000000000    5.1448511966e-04
 270.5000000000    6.5182740160e-04
 271.0000000000    4.5126897848e-04
 271.5000000000    4.0121083198e-04
 272.0000000000    4.7846410239e-04
 272.5000000000    6.6027205660e-04
 273.0000000000    5.6419303960e-04
 273.5000000000    4.4348283328e-04
 274.0000000000    4.0168050987e-04
 274.5000000000    4.2093728297e-04
 275.0000000000    4.8447961565e-04
 275.5000000000    5.7685274646e-04
 276.0000000000    6.8408618380e-04
 276.5000000000    6.4724679682e-04
 277.0000000000    5.7727272372e-04
 277.5000000000    5.3210174762e-04
 278.0000000000    5.0555500997e-04
 278.5000000000    4.9343360205e-04
 279.0000000000    4.9367411262e-04
 279.5000000000    5.0650775073e-04
 280.0000000000    5.3461415567e-04
 280.5000000000    5.8327068828e-04
 281.0000000000    6.6051175156e-04
 281.5000000000    6.5283273678e-04
 282.0000000000    5.4137748440e-04
 282.5000000000    4.5270800519e-04
 283.0000000000    4.0757308110e-04
 283.5000000000    4.3045977355e-04
 284.0000000000    5.4964826175e-04
 284.5000000000    6.3248729139e-04
 285.0000000000    4.4716908791e-04
 285.5000000000    4.1756613730e-04
 286.0000000000    5.8982120344e-04
 286.5000000000    5.0670843746e-04
 287.0000000000    4.1352439378e-04
 287.5000000000    6.3999834136e-04
 288.0000000000    4.3749498455e-04
 288.5000000000    5.0263913008e-04
 289.0000000000    4.8804571804e-04
 289.5000000000    4.7687598350e-04
 290.0000000000    4.7757731680e-04
 290.5000000000    5.3054564772e-04
 291.0000000000    4.2169866488e-04
 291.5000000000    6.6448659014e-04
 292.0000000000    4.5695280262e-04
 292.5000000000    4.2754101014e-04
 293.0000000000    5.7574416645e-04
 293.5000000000    5.9455904027e-04
 294.0000000000    4.6600303508e-04
 294.5000000000    4.2115486890e-04
 295.0000000000    4.1863709495e-04
 295.5000000000    4.2818246638e-04
 296.0000000000    4.3193430389e-04
 296.5000000000    4.2568828419e-04
 297.0000000000    4.2005499515e-04
 297.5000000000    4.4145689159e-04
 298.0000000000    5.3290064740e-04
 298.5000000000    6.3534437751e-04
 299.0000000000    4.4863541531e-04
 299.5000000000    4.6387786062e-04
 300.0000000000    5.9993346947e-04
 300.5000000000    4.2960029136e-04
 301.0000000000    6.2026442642e-04
 301.5000000000    4.5070501260e-04
 302.0000000000    4.8066721587e-04
 302.5000000000    6.5004630540e-04
 303.0000000000    4.7530604449e-04
 303.5000000000    4.3358054490e-04
 304.0000000000    4.6353577947e-04
 304.5000000000    5.2608722563e-04
 305.0000000000    6.0258271519e-04
 305.5000000000    6.7029192818e-04
 306.0000000000    5.7750873448e-04
 306.5000000000    4.9137165816e-04
 307.0000000000    4.4102048981e-04
 307.5000000000    5.3378930453e-04
 308.0000000000    4.8702511147e-04
 308.5000000000    6.4342922214e-04
 309.0000000000    5.7855441106e-04
 309.5000000000    6.0928708069e-04
 310.0000000000    4.5794279874e-04
 310.5000000000    4.4239307086e-04
 311.0000000000    5.4087082997e-04
 311.5000000000    4.5040126831e-04
 312.0000000000    4.5954354671e-04
 312.5000000000    5.1238394858e-04
 313.0000000000    5.1819240637e-04
 313.5000000000    6.3437805399e-04
 314.0000000000    6.2005064089e-04
 314.5000000000    5.4438182804e-04
 315.0000000000    6.1262138467e-04
 315.5000000000    6.2790697348e-04
 316.0000000000    6.4460904040e-04
 316.5000000000    5.6793107614e-04
 317.0000000000    3.9595445863e-04
 317.5000000000    2.6680904871e-04
 318.0000000000    2.0604616079e-04
 318.5000000000    1.8105442090e-04
 319.0000000000    1.7317600193e-04
 319.5000000000    1.7254079405e-04
 320.0000000000    1.7434115498e-04
 320.5000000000    1.7647424069e-04
 321.0000000000    1.7817844962e-04
 321.5000000000    1.7929844289e-04
 322.0000000000    1.7991437264e-04
 322.5000000000    1.8016901433e-04
 323.0000000000    1.8019648553e-04
 323.5000000000    1.8009983958e-04
 324.0000000000    1.7994995506e-04
 324.5000000000    1.7979208944e-04
 325.0000000000    1.7965385232e-04
 325.5000000000    1.7955199397e-04
 326.0000000000    1.7949719684e-04
 326.5000000000    1.7949693927e-04
 327.0000000000    1.7955686110e-04
 327.5000000000    1.7968109257e-04
 328.0000000000    1.7987196560e-04
 328.5000000000    1.8012947020e-04
 329.0000000000    1.8045075273e-04
 329.5000000000    1.8082980353e-04
 330.0000000000    1.8125742021e-04
 330.5000000000    1.8172149798e-04
 331.0000000000    1.8220762648e-04
 331.5000000000    1.8269990416e-04
 332.0000000000    1.8318189588e-04
 332.5000000000    1.8363764025e-04
 333.0000000000    1.8405260108e-04
 333.5000000000    1.8441446805e-04
 334.0000000000    1.8471376369e-04
 334.5000000000    1.8494422802e-04
 335.0000000000    1.8510294077e-04
 335.5000000000    1.8519020273e-04
 336.0000000000    1.8520922919e-04
 336.5000000000    1.8516569145e-04
 337.0000000000    1.8506715479e-04
 337.5000000000    1.8492248366e-04
 338.0000000000    1.8474126763e-04
 338.5000000000    1.8453329198e-04
 339.0000000000    1.8430808959e-04
 339.5000000000    1.8407458798e-04
 340.0000000000    1.8384085695e-04
 340.5000000000    1.8361395556e-04
 341.0000000000    1.8339986495e-04
 341.5000000000    1.8320348699e-04
 342.0000000000    1.8302869134e-04
 342.5000000000    1.8287839372e-04
 343.0000000000    1.8275465722e-04
 343.5000000000    1.8265879430e-04
 344.0000000000    1.8259146234e-04
 344.5000000000    1.8255275726e-04
 345.0000000000    1.8254228619e-04
 345.5000000000    1.8255922116e-04
 346.0000000000    1.8260234802e-04
 346.5000000000    1.8267009841e-04
 347.0000000000    1.8276056833e-04
 347.5000000000    1.8287154178e-04
 348.0000000000    1.8300051397e-04
 348.5000000000    1.8314471795e-04
 349.0000000000    1.8330116507e-04
 349.5000000000    1.8346669956e-04
 350.0000000000    1.8363806330e-04
 350.5000000000    1.8381196093e-04
 351.0000000000    1.8398512368e-04
 351.5000000000    1.8415439126e-04
 352.0000000000    1.8431678931e-04
 352.5000000000    1.8446959709e-04
 353.0000000000    1.8461041521e-04
 353.5000000000    1.8473725978e-04
 354.0000000000    1.8484863474e-04
 354.5000000000    1.8494355228e-04
 355.0000000000    1.8502152438e-04
 355.5000000000    1.8508251965e-04
 356.0000000000    1.8512689989e-04
 356.5000000000    1.8515540555e-04
 357.0000000000    1.8516918136e-04
 357.5000000000    1.8516976196e-04
 358.0000000000    1.8515900050e-04
 358.5000000000    1.8513894057e-04
 359.0000000000    1.8511164942e-04
 359.5000000000    1.8507909030e-04
 360.0000000000    1.8504309781e-04
 360.5000000000    1.8500542602e-04
 361.0000000000    1.8496780521e-04
 361.5000000000    1.8493193133e-04
 362.0000000000    1.8489936854e-04
 362.5000000000    1.8487141969e-04
 363.0000000000    1.8484906115e-04
 363.5000000000    1.8483298150e-04
 364.0000000000    1.8482368512e-04
 364.5000000000    1.8482158079e-04
 365.0000000000    1.8482698537e-04
 365.5000000000    1.8484004799e-04
 366.0000000000    1.8486067130e-04
 366.5000000000    1.8488851896e-04
 367.0000000000    1.8492309228e-04
 367.5000000000    1.8496381216e-04
 368.0000000000    1.8501006620e-04
 368.5000000000    1.8506120467e-04
 369.0000000000    1.8511650497e-04
 369.5000000000    1.8517515568e-04
 370.0000000000    1.8523629298e-04
 370.5000000000    1.8529904394e-04
 371.0000000000    1.8536255130e-04
 371.5000000000    1.8542597640e-04
 372.0000000000    1.8548850134e-04
 372.5000000000    1.8554933133e-04
 373.0000000000    1.8560770779e-04
 373.5000000000    1.8566293922e-04
 374.0000000000    1.8571444631e-04
 374.5000000000    1.8576180586e-04
 375.0000000000    1.8580478066e-04
 375.5000000000    1.8584333862e-04
 376.0000000000    1.8587765493e-04
 376.5000000000    1.8590808421e-04
 377.0000000000    1.8593510300e-04
 377.5000000000    1.8595923197e-04
 378.0000000000    1.8598095345e-04
 378.5000000000    1.8600062635e-04
 379.0000000000    1.8601840266e-04
 379.5000000000    1.8603417443e-04
 380.0000000000    1.8604757135e-04
 380.5000000000    1.8605801104e-04
 381.0000000000    1.8606480617e-04
 381.5000000000    1.8606733300e-04
 382.0000000000    1.8606522811e-04
 382.5000000000    1.8605856102e-04
 383.0000000000    1.8604795608e-04
 383.5000000000    1.8603465458e-04
 384.0000000000    1.8602048934e-04
 384.5000000000    1.8600774156e-04
 385.0000000000    1.8599890817e-04
 385.5000000000    1.8599642174e-04
 386.0000000000    1.8600232563e-04
 386.5000000000    1.8601795470e-04
 387.0000000000    1.8604371073e-04
 387.5000000000    1.8607897494e-04
 388.0000000000    1.8612216316e-04
 388.5000000000    1.8617093197e-04
 389.0000000000    1.8622251933e-04
 389.5000000000    1.8627415759e-04
 390.0000000000    1.8632348129e-04
 390.5000000000    1.8636885772e-04
 391.0000000000    1.8640957657e-04
 391.5000000000    1.8644585303e-04
 392.0000000000    1.8647864785e-04
 392.5000000000    1.8650935791e-04
 393.0000000000    1.8653945137e-04
 393.5000000000    1.8657012620e-04
 394.0000000000    1.8660205896e-04
 394.5000000000    1.8663529602e-04
 395.0000000000    1.8666930102e-04
 395.5000000000    1.8670312723e-04
 396.0000000000    1.8673565854e-04
 396.5000000000    1.8676585191e-04
 397.0000000000    1.8679293636e-04
 397.5000000000    1.8681653391e-04
 398.0000000000    1.8683668991e-04
 398.5000000000    1.8685382683e-04
 399.0000000000    1.8686864218e-04
 399.5000000000    1.8688197169e-04
 400.0000000000    1.8689464614e-04
 400.5000000000    1.8690736354e-04
 401.0000000000    1.8692059715e-04
 401.5000000000    1.8693456082e-04
 402.0000000000    1.8694923444e-04
 402.5000000000    1.8696443437e-04
 403.0000000000    1.8697991451e-04
 403.5000000000    1.8699546528e-04
 404.0000000000    1.8701098266e-04
 404.5000000000    1.8702650143e-04
 405.0000000000    1.8704218351e-04
 405.5000000000    1.8705826687e-04
 406.0000000000    1.8707500347e-04
 406.5000000000    1.8709260623e-04
 407.0000000000    1.8711120878e-04
 407.5000000000    1.8713084507e-04
 408.0000000000    1.8715145170e-04
 408.5000000000    1.8717288044e-04
 409.0000000000    1.8719490906e-04
 409.5000000000    1.8721725672e-04
 410.0000000000    1.8723960350e-04
 410.5000000000    1.8726161487e-04
 411.0000000000    1.8728297826e-04
 411.5000000000    1.8730344618e-04
 412.0000000000    1.8732286878e-04
 412.5000000000    1.8734121112e-04
 413.0000000000    1.8735855700e-04
 413.5000000000    1.8737509567e-04
 414.0000000000    1.8739109178e-04
 414.5000000000    1.8740684819e-04
 415.0000000000    1.8742266792e-04
 415.5000000000    1.8743881503e-04
 416.0000000000    1.8745547912e-04
 416.5000000000    1.8747275399e-04
 417.0000000000    1.8749063476e-04
 417.5000000000    1.8750902954e-04
 418.0000000000    1.8752778562e-04
 418.5000000000    1.8754672915e-04
 419.0000000000    1.8756570288e-04
 419.5000000000    1.8758459333e-04
 420.0000000000    1.8760334848e-04
 420.5000000000    1.8762197746e-04
 421.0000000000    1.8764052889e-04
 421.5000000000    1.8765906471e-04
 422.0000000000    1.8767763749e-04
 422.5000000000    1.8769626702e-04
 423.0000000000    1.8771492346e-04
 423.5000000000    1.8773353069e-04
 424.0000000000    1.8775198772e-04
 424.5000000000    1.8777019204e-04
 425.0000000000    1.8778805897e-04
 425.5000000000    1.8780553936e-04
 426.0000000000    1.8782263483e-04
 426.5000000000    1.8783939944e-04
 427.0000000000    1.8785592591e-04
 427.5000000000    1.8787232755e-04
 428.0000000000    1.8788872452e-04
 428.5000000000    1.8790522671e-04
 429.0000000000    1.8792191226e-04
 429.5000000000    1.8793881604e-04
 430.0000000000    1.8795592883e-04
 430.5000000000    1.8797319752e-04
 431.0000000000    1.8799053109e-04
 431.5000000000    1.8800781959e-04
 432.0000000000    1.8802495490e-04
 432.5000000000    1.8804184518e-04
 433.0000000000    1.8805843134e-04
 433.5000000000    1.8807470169e-04
 434.0000000000    1.8809069336e-04
 434.5000000000    1.8810647850e-04
 435.0000000000    1.8812214985e-04
 435.5000000000    1.8813780198e-04
 436.0000000000    1.8815350962e-04
 436.5000000000    1.8816931224e-04
 437.0000000000    1.8818520621e-04
 437.5000000000    1.8820114360e-04
 438.0000000000    1.8821704275e-04
 438.5000000000    1.8823280751e-04
 439.0000000000    1.8824834692e-04
 439.5000000000    1.8826359105e-04
 440.0000000000    1.8827850228e-04
 440.5000000000    1.8829307986e-04
 441.0000000000    1.8830736037e-04
 441.5000000000    1.8832141521e-04
 442.0000000000    1.8833534431e-04
 442.5000000000    1.8834926593e-04
 443.0000000000    1.8836330568e-04
 443.5000000000    1.8837758083e-04
 444.0000000000    1.8839218282e-04
 444.5000000000    1.8840716492e-04
 445.0000000000    1.8842253538e-04
 445.5000000000    1.8843825511e-04
 446.0000000000    1.8845424526e-04
 446.5000000000    1.8847039879e-04
 447.0000000000    1.8848659516e-04
 447.5000000000    1.8850271870e-04
 448.0000000000    1.8851867063e-04
 448.5000000000    1.8853437525e-04
 449.0000000000    1.8854978729e-04
 449.5000000000    1.8856489750e-04
 450.0000000000    1.8857973480e-04
 450.5000000000    1.8859435952e-04
 451.0000000000    1.8860884802e-04
 451.5000000000    1.8862327598e-04
 452.0000000000    1.8863770363e-04
 452.5000000000    1.8865216387e-04
 453.0000000000    1.8866665893e-04
 453.5000000000    1.8868116722e-04
 454.0000000000    1.8869565403e-04
 454.5000000000    1.8871008028e-04
 455.0000000000    1.8872440857e-04
 455.5000000000    1.8873860743e-04
 456.0000000000    1.8875265527e-04
 456.5000000000    1.8876654338e-04
 457.0000000000    1.8878027927e-04
 457.5000000000    1.8879388894e-04
 458.0000000000    1.8880741423e-04
 458.5000000000    1.8882090383e-04
 459.0000000000    1.8883440228e-04
 459.5000000000    1.8884794098e-04
 460.0000000000    1.8886153146e-04
 460.5000000000    1.8887516450e-04
 461.0000000000    1.8888881777e-04
 461.5000000000    1.8890246562e-04
 462.0000000000    1.8891608596e-04
 462.5000000000    1.8892966458e-04
 463.0000000000    1.8894319637e-04
 463.5000000000    1.8895668278e-04
 464.0000000000    1.8897012926e-04
 464.5000000000    1.8898354471e-04
 465.0000000000    1.8899693951e-04
 465.5000000000    1.8901032167e-04
 466.0000000000    1.8902369466e-04
 466.5000000000    1.8903705738e-04
 467.0000000000    1.8905040397e-04
 467.5000000000    1.8906372415e-04
 468.0000000000    1.8907700612e-04
 468.5000000000    1.8909024004e-04
 469.0000000000    1.8910341944e-04
 469.5000000000    1.8911653999e-04
 470.0000000000    1.8912959801e-04
 470.5000000000    1.8914259024e-04
 471.0000000000    1.8915551334e-04
 471.5000000000    1.8916836324e-04
 472.0000000000    1.8918113657e-04
 472.5000000000    1.8919383319e-04
 473.0000000000    1.8920645782e-04
 473.5000000000    1.8921902107e-04
 474.0000000000    1.8923153939e-04
 474.5000000000    1.8924403187e-04
 475.0000000000    1.8925651432e-04
 475.5000000000    1.8926899274e-04
 476.0000000000    1.8928146078e-04
 476.5000000000    1.8929390178e-04
 477.0000000000    1.8930629519e-04
 477.5000000000    1.8931862603e-04
 478.0000000000    1.8933089314e-04
 478.5000000000    1.8934311075e-04
 479.0000000000    1.8935530406e-04
 479.5000000000    1.8936750116e-04
 480.0000000000    1.8937972311e-04
 480.5000000000    1.8939197417e-04
 481.0000000000    1.8940423919e-04
 481.5000000000    1.8941649026e-04
 482.0000000000    1.8942869829e-04
 482.5000000000    1.8944084426e-04
 483.0000000000    1.8945292774e-04
 483.5000000000    1.8946496686e-04
 484.0000000000    1.8947698685e-04
 484.5000000000    1.8948900510e-04
 485.0000000000    1.8950102216e-04
 485.5000000000    1.8951302028e-04
 486.0000000000    1.8952496956e-04
 486.5000000000    1.8953684225e-04
 487.0000000000    1.8954862738e-04
 487.5000000000    1.8956033554e-04
 488.0000000000    1.8957199272e-04
 488.5000000000    1.8958362773e-04
 489.0000000000    1.8959525669e-04
 489.5000000000    1.8960687255e-04
 490.0000000000    1.8961844683e-04
 490.5000000000    1.8962994277e-04
 491.0000000000    1.8964133171e-04
 491.5000000000    1.8965260586e-04
 492.0000000000    1.8966378149e-04
 492.5000000000    1.8967489101e-04
 493.0000000000    1.8968596690e-04
 493.5000000000    1.8969702547e-04
 494.0000000000    1.8970806139e-04
 494.5000000000    1.8971905563e-04
 495.0000000000    1.8972998894e-04
 495.5000000000    1.8974085313e-04
 496.0000000000    1.8975165560e-04
 496.5000000000    1.8976241335e-04
 497.0000000000    1.8977313856e-04
 497.5000000000    1.8978382618e-04
 498.0000000000    1.8979445272e-04
 498.5000000000    1.8980498445e-04
 499.0000000000    1.8981538893e-04
 499.5000000000    1.8982564776e-04
 500.0000000000    1.8983576413e-04
 500.5000000000    1.8984575932e-04
 501.0000000000    1.8985566541e-04
 501.5000000000    1.8986552487e-04
 502.0000000000    1.8987539856e-04
 502.5000000000    1.8988537842e-04
 503.0000000000    1.8989559898e-04
 503.5000000000    1.8990623806e-04
 504.0000000000    1.8991749826e-04
 504.5000000000    1.8992956918e-04
 505.0000000000    1.8994257836e-04
 505.5000000000    1.8995654381e-04
 506.0000000000    1.8997133595e-04
 506.5000000000    1.8998665613e-04
 507.0000000000    1.9000203755e-04
 507.5000000000    1.9001686540e-04
 508.0000000000    1.9003041668e-04
 508.5000000000    1.9004192161e-04
 509.0000000000    1.9005064729e-04
 509.5000000000    1.9005600077e-04
 510.0000000000    1.9005764177e-04
 510.5000000000    1.9005558740e-04
 511.0000000000    1.9005028492e-04
 511.5000000000    1.9004262898e-04
 512.0000000000    1.9003390510e-04
 512.5000000000    1.9002565711e-04
 513.0000000000    1.9001949472e-04
 513.5000000000    1.9001687440e-04
 514.0000000000    1.9001889455e-04
 514.5000000000    1.9002614208e-04
 515.0000000000    1.9003861803e-04
 515.5000000000    1.9005575266e-04
 516.0000000000    1.9007649957e-04
 516.5000000000    1.9009948778e-04
 517.0000000000    1.9012320660e-04
 517.5000000000    1.9014619484e-04
 518.0000000000    1.9016720526e-04
 518.5000000000    1.9018532171e-04
 519.0000000000    1.9020001134e-04
 519.5000000000    1.9021110455e-04
 520.0000000000    1.9021871103e-04
 520.5000000000    1.9022309722e-04
 521.0000000000    1.9022455763e-04
 521.5000000000    1.9022331130e-04
 522.0000000000    1.9021944514e-04
 522.5000000000    1.9021290534e-04
 523.0000000000    1.9020352243e-04
 523.5000000000    1.9019105399e-04
 524.0000000000    1.9017523240e-04
 524.5000000000    1.9015582062e-04
 525.0000000000    1.9013268207e-04
 525.5000000000    1.9010588375e-04
 526.0000000000    1.9007583505e-04
 526.5000000000    1.9004344865e-04
 527.0000000000    1.9001029463e-04
 527.5000000000    1.8997871076e-04
 528.0000000000    1.8995181924e-04
 528.5000000000    1.8993341210e-04
 529.0000000000    1.8992768613e-04
 529.5000000000    1.8993884208e-04
 530.0000000000    1.8997057235e-04
 530.5000000000    1.9002551520e-04
 531.0000000000    1.9010476624e-04
 531.5000000000    1.9020752806e-04
 532.0000000000    1.9033095827e-04
 532.5000000000    1.9047025529e-04
 533.0000000000    1.9061897665e-04
 533.5000000000    1.9076956038e-04
 534.0000000000    1.9091398841e-04
 534.5000000000    1.9104452418e-04
 535.0000000000    1.9115444493e-04
 535.5000000000    1.9123869134e-04
 536.0000000000    1.9129431052e-04
 536.5000000000    1.9132067056e-04
 537.0000000000    1.9131942218e-04
 537.5000000000    1.9129419343e-04
 538.0000000000    1.9125005867e-04
 538.5000000000    1.9119288970e-04
 539.0000000000    1.9112868263e-04
 539.5000000000    1.9106293713e-04
 540.0000000000    1.9100016051e-04
 540.5000000000    1.9094357428e-04
 541.0000000000    1.9089501919e-04
 541.5000000000    1.9085503404e-04
 542.0000000000    1.9082309750e-04
 542.5000000000    1.9079795468e-04
 543.0000000000    1.9077798907e-04
 543.5000000000    1.9076154767e-04
 544.0000000000    1.9074715316e-04
 544.5000000000    1.9073365587e-04
 545.0000000000    1.9072031625e-04
 545.5000000000    1.9070679790e-04
 546.0000000000    1.9069313619e-04
 546.5000000000    1.9067971265e-04
 547.0000000000    1.9066722863e-04
 547.5000000000    1.9065668312e-04
 548.0000000000    1.9064934325e-04
 548.5000000000    1.9064669945e-04
 549.0000000000    1.9065038045e-04
 549.5000000000    1.9066201454e-04
 550.0000000000    1.9068303535e-04
 550.5000000000    1.9071444301e-04
 551.0000000000    1.9075655703e-04
 551.5000000000    1.9080881244e-04
 552.0000000000    1.9086966675e-04
 552.5000000000    1.9093665438e-04
 553.0000000000    1.9100659696e-04
 553.5000000000    1.9107592030e-04
 554.0000000000    1.9114106773e-04
 554.5000000000    1.9119889471e-04
 555.0000000000    1.9124702642e-04
 555.5000000000    1.9128408824e-04
 556.0000000000    1.9130978941e-04
 556.5000000000    1.9132484621e-04
 557.0000000000    1.9133075747e-04
 557.5000000000    1.9132947484e-04
 558.0000000000    1.9132302695e-04
 558.5000000000    1.9131317881e-04
 559.0000000000    1.9130120243e-04
 559.5000000000    1.9128781419e-04
 560.0000000000    1.9127328092e-04
 560.5000000000    1.9125763569e-04
 561.0000000000    1.9124094267e-04
 561.5000000000    1.9122350977e-04
 562.0000000000    1.9120598419e-04
 562.5000000000    1.9118931255e-04
 563.0000000000    1.9117458065e-04
 563.5000000000    1.9116279550e-04
 564.0000000000    1.9115466285e-04
 564.5000000000    1.9115042700e-04
 565.0000000000    1.9114982057e-04
 565.5000000000    1.9115213524e-04
 566.0000000000    1.9115640369e-04
 566.5000000000    1.9116164915e-04
 567.0000000000    1.9116712742e-04
 567.5000000000    1.9117251318e-04
 568.0000000000    1.9117795375e-04
 568.5000000000    1.9118399968e-04
 569.0000000000    1.9119142188e-04
 569.5000000000    1.9120097889e-04
 570.0000000000    1.9121320285e-04
 570.5000000000    1.9122825482e-04
 571.0000000000    1.9124586230e-04
 571.5000000000    1.9126535760e-04
 572.0000000000    1.9128578362e-04
 572.5000000000    1.9130604341e-04
 573.0000000000    1.9132506030e-04
 573.5000000000    1.9134192472e-04
 574.0000000000    1.9135600519e-04
 574.5000000000    1.9136701166e-04
 575.0000000000    1.9137500478e-04
 575.5000000000    1.9138035914e-04
 576.0000000000    1.9138369058e-04
 576.5000000000    1.9138575474e-04
 577.0000000000    1.9138734710e-04
 577.5000000000    1.9138920027e-04
 578.0000000000    1.9139189677e-04
 578.5000000000    1.9139580845e-04
 579.0000000000    1.9140106044e-04
 579.5000000000    1.9140754039e-04
 580.0000000000    1.9141494858e-04
 580.5000000000    1.9142287405e-04
 581.0000000000    1.9143088945e-04
 581.5000000000    1.9143864090e-04
 582.0000000000    1.9144590950e-04
 582.5000000000    1.9145263793e-04
 583.0000000000    1.9145891504e-04
 583.5000000000    1.9146493931e-04
 584.0000000000    1.9147095453e-04
 584.5000000000    1.9147719675e-04
 585.0000000000    1.9148384254e-04
 585.5000000000    1.9149097691e-04
 586.0000000000    1.9149858964e-04
 586.5000000000    1.9150659167e-04
 587.0000000000    1.9151484437e-04
 587.5000000000    1.9152319446e-04
 588.0000000000    1.9153150154e-04
 588.5000000000    1.9153966021e-04
 589.0000000000    1.9154760963e-04
 589.5000000000    1.9155533002e-04
 590.0000000000    1.9156284138e-04
 590.5000000000    1.9157018618e-04
 591.0000000000    1.9157741829e-04
 591.5000000000    1.9158459113e-04
 592.0000000000    1.9159175101e-04
 592.5000000000    1.9159893536e-04
 593.0000000000    1.9160616999e-04
 593.5000000000    1.9161346733e-04
 594.0000000000    1.9162082940e-04
 594.5000000000    1.9162824741e-04
 595.0000000000    1.9163569604e-04
 595.5000000000    1.9164314260e-04
 596.0000000000    1.9165054556e-04
 596.5000000000    1.9165786705e-04
 597.0000000000    1.9166507620e-04
 597.5000000000    1.9167215504e-04
 598.0000000000    1.9167909815e-04
 598.5000000000    1.9168591003e-04
 599.0000000000    1.9169259811e-04
 599.5000000000    1.9169917204e-04
 600.0000000000    1.9170563791e-04
 600.5000000000    1.9171199041e-04
 601.0000000000    1.9171820931e-04
 601.5000000000    1.9172426703e-04
 602.0000000000    1.9173011828e-04
 602.5000000000    1.9173571844e-04
 603.0000000000    1.9174102524e-04
 603.5000000000    1.9174601034e-04
 604.0000000000    1.9175066475e-04
 604.5000000000    1.9175500541e-04
 605.0000000000    1.9175907232e-04
 605.5000000000    1.9176293275e-04
 606.0000000000    1.9176667766e-04
 606.5000000000    1.9177041394e-04
 607.0000000000    1.9177426743e-04
 607.5000000000    1.9177837454e-04
 608.0000000000    1.9178286826e-04
 608.5000000000    1.9178787666e-04
 609.0000000000    1.9179350605e-04
 609.5000000000    1.9179983655e-04
 610.0000000000    1.9180691557e-04
 610.5000000000    1.9181476094e-04
 611.0000000000    1.9182335691e-04
 611.5000000000    1.9183266139e-04
 612.0000000000    1.9184261011e-04
 612.5000000000    1.9185312423e-04
 613.0000000000    1.9186411827e-04
 613.5000000000    1.9187550354e-04
 614.0000000000    1.9188720162e-04
 614.5000000000    1.9189913797e-04
 615.0000000000    1.9191124591e-04
 615.5000000000    1.9192346838e-04
 616.0000000000    1.9193574708e-04
 616.5000000000    1.9194801904e-04
 617.0000000000    1.9196021767e-04
 617.5000000000    1.9197226022e-04
 618.0000000000    1.9198405002e-04
 618.5000000000    1.9199547829e-04
 619.0000000000    1.9200641870e-04
 619.5000000000    1.9201673093e-04
 620.0000000000    1.9202627168e-04
 620.5000000000    1.9203490252e-04
 621.0000000000    1.9204249736e-04
 621.5000000000    1.9204895920e-04
 622.0000000000    1.9205422747e-04
 622.5000000000    1.9205829463e-04
 623.0000000000    1.9206121091e-04
 623.5000000000    1.9206308967e-04
 624.0000000000    1.9206410694e-04
 624.5000000000    1.9206448948e-04
 625.0000000000    1.9206450704e-04
 625.5000000000    1.9206444897e-04
 626.0000000000    1.9206459582e-04
 626.5000000000    1.9206520771e-04
 627.0000000000    1.9206648855e-04
 627.5000000000    1.9206858370e-04
 628.0000000000    1.9207157425e-04
 628.5000000000    1.9207547435e-04
 629.0000000000    1.9208024259e-04
 629.5000000000    1.9208578853e-04
 630.0000000000    1.9209199280e-04
 630.5000000000    1.9209872638e-04
 631.0000000000    1.9210586888e-04
 631.5000000000    1.9211332996e-04
 632.0000000000    1.9212105886e-04
 632.5000000000    1.9212904282e-04
 633.0000000000    1.9213730343e-04
 633.5000000000    1.9214588400e-04
 634.0000000000    1.9215483408e-04
 634.5000000000    1.9216418718e-04
 635.0000000000    1.9217394916e-04
 635.5000000000    1.9218409020e-04
 636.0000000000    1.9219453659e-04
 636.5000000000    1.9220517391e-04
 637.0000000000    1.9221585657e-04
 637.5000000000    1.9222641794e-04
 638.0000000000    1.9223668285e-04
 638.5000000000    1.9224648562e-04
 639.0000000000    1.9225567980e-04
 639.5000000000    1.9226415149e-04
 640.0000000000    1.9227183199e-04
 640.5000000000    1.9227870374e-04
 641.0000000000    1.9228480827e-04
 641.5000000000    1.9229024625e-04
 642.0000000000    1.9229517029e-04
 642.5000000000    1.9229977363e-04
 643.0000000000    1.9230427090e-04
 643.5000000000    1.9230887754e-04
 644.0000000000    1.9231378932e-04
 644.5000000000    1.9231916578e-04
 645.0000000000    1.9232512060e-04
 645.5000000000    1.9233171607e-04
 646.0000000000    1.9233896731e-04
 646.5000000000    1.9234685285e-04
 647.0000000000    1.9235533082e-04
 647.5000000000    1.9236435773e-04
 648.0000000000    1.9237390477e-04
 648.5000000000    1.9238396580e-04
 649.0000000000    1.9239455496e-04
 649.5000000000    1.9240569679e-04
 650.0000000000    1.9241741284e-04
 650.5000000000    1.9242970155e-04
 651.0000000000    1.9244252309e-04
 651.5000000000    1.9245578715e-04
 652.0000000000    1.9246934186e-04
 652.5000000000    1.9248297386e-04
 653.0000000000    1.9249641157e-04
 653.5000000000    1.9250933608e-04
 654.0000000000    1.9252139590e-04
 654.5000000000    1.9253222634e-04
 655.0000000000    1.9254146849e-04
 655.5000000000    1.9254879682e-04
 656.0000000000    1.9255394354e-04
 656.5000000000    1.9255672903e-04
 657.0000000000    1.9255709064e-04
 657.5000000000    1.9255511491e-04
 658.0000000000    1.9255106875e-04
 658.5000000000    1.9254542287e-04
 659.0000000000    1.9253886637e-04
 659.5000000000    1.9253230281e-04
 660.0000000000    1.9252681973e-04
 660.5000000000    1.9252362970e-04
 661.0000000000    1.9252398174e-04
 661.5000000000    1.9252904558e-04
 662.0000000000    1.9253977740e-04
 662.5000000000    1.9255678013e-04
 663.0000000000    1.9258017707e-04
 663.5000000000    1.9260951150e-04
 664.0000000000    1.9264369509e-04
 664.5000000000    1.9268101773e-04
 665.0000000000    1.9271922784e-04
 665.5000000000    1.9275568256e-04
 666.0000000000    1.9278755225e-04
 666.5000000000    1.9281206908e-04
 667.0000000000    1.9282678574e-04
 667.5000000000    1.9282983539e-04
 668.0000000000    1.9282013980e-04
 668.5000000000    1.9279755180e-04
 669.0000000000    1.9276290834e-04
 669.5000000000    1.9271798737e-04
 670.0000000000    1.9266535893e-04
 670.5000000000    1.9260815631e-04
 671.0000000000    1.9254978708e-04
 671.5000000000    1.9249361994e-04
 672.0000000000    1.9244268867e-04
 672.5000000000    1.9239945574e-04
 673.0000000000    1.9236565172e-04
 673.5000000000    1.9234221411e-04
 674.0000000000    1.9232932037e-04
 674.5000000000    1.9232649398e-04
 675.0000000000    1.9233275849e-04
 675.5000000000    1.9234681224e-04
 676.0000000000    1.9236719564e-04
 676.5000000000    1.9239243059e-04
 677.0000000000    1.9242112281e-04
 677.5000000000    1.9245201787e-04
 678.0000000000    1.9248403180e-04
 678.5000000000    1.9251624483e-04
 679.0000000000    1.9254788652e-04
 679.5000000000    1.9257831417e-04
 680.0000000000    1.9260698927e-04
 680.5000000000    1.9263346255e-04
 681.0000000000    1.9265736772e-04
 681.5000000000    1.9267842692e-04
 682.0000000000    1.9269647321e-04
 682.5000000000    1.9271148040e-04
 683.0000000000    1.9272360323e-04
 683.5000000000    1.9273322032e-04
 684.0000000000    1.9274096953e-04
 684.5000000000    1.9274776581e-04
 685.0000000000    1.9275478760e-04
 685.5000000000    1.9276342488e-04
 686.0000000000    1.9277517561e-04
 686.5000000000    1.9279150018e-04
 687.0000000000    1.9281363390e-04
 687.5000000000    1.9284238320e-04
 688.0000000000    1.9287792788e-04
 688.5000000000    1.9291965923e-04
 689.0000000000    1.9296609123e-04
 689.5000000000    1.9301486022e-04
 690.0000000000    1.9306283027e-04
 690.5000000000    1.9310630735e-04
 691.0000000000    1.9314133808e-04
 691.5000000000    1.9316406924e-04
 692.0000000000    1.9317114622e-04
 692.5000000000    1.9316007434e-04
 693.0000000000    1.9312953033e-04
 693.5000000000    1.9307955693e-04
 694.0000000000    1.9301163492e-04
 694.5000000000    1.9292861295e-04
 695.0000000000    1.9283448610e-04
 695.5000000000    1.9273404986e-04
 696.0000000000    1.9263247594e-04
 696.5000000000    1.9253485740e-04
 697.0000000000    1.9244578897e-04
 697.5000000000    1.9236903209e-04
 698.0000000000    1.9230730422e-04
 698.5000000000    1.9226221518e-04
 699.0000000000    1.9223432556e-04
 699.5000000000    1.9222329238e-04
 700.0000000000    1.9222806073e-04
