#          time               M_ADM
   0.0000000000    9.5501971310e-02
   0.5000000000    9.5489518118e-02
   1.0000000000    9.5458902543e-02
   1.5000000000    9.5417837955e-02
   2.0000000000    9.5373304116e-02
   2.5000000000    9.5329327069e-02
   3.0000000000    9.5287245154e-02
   3.5000000000    9.5246853447e-02
   4.0000000000    9.5207380496e-02
   4.5000000000    9.5168039312e-02
   5.0000000000    9.5128245970e-02
   5.5000000000    9.5087652243e-02
   6.0000000000    9.5046098122e-02
   6.5000000000    9.5003544650e-02
   7.0000000000    9.4960017204e-02
   7.5000000000    9.4915570692e-02
   8.0000000000    9.4870275057e-02
   8.5000000000    9.4824211407e-02
   9.0000000000    9.4777468202e-02
   9.5000000000    9.4730132872e-02
  10.0000000000    9.4682282316e-02
  10.5000000000    9.4633979213e-02
  11.0000000000    9.4585277274e-02
  11.5000000000    9.4536231671e-02
  12.0000000000    9.4486903726e-02
  12.5000000000    9.4437360169e-02
  13.0000000000    9.4387664301e-02
  13.5000000000    9.4337862062e-02
  14.0000000000    9.4287986274e-02
  14.5000000000    9.4238066185e-02
  15.0000000000    9.4188137237e-02
  15.5000000000    9.4138245089e-02
  16.0000000000    9.4088439731e-02
  16.5000000000    9.4038765346e-02
  17.0000000000    9.3989250808e-02
  17.5000000000    9.3939905395e-02
  18.0000000000    9.3890745560e-02
  18.5000000000    9.3841791186e-02
  19.0000000000    9.3793079824e-02
  19.5000000000    9.3744648697e-02
  20.0000000000    9.3696525300e-02
  20.5000000000    9.3648714615e-02
  21.0000000000    9.3601241810e-02
  21.5000000000    9.3554098985e-02
  22.0000000000    9.3507305605e-02
  22.5000000000    9.3460897392e-02
  23.0000000000    9.3414905760e-02
  23.5000000000    9.3369340019e-02
  24.0000000000    9.3324207347e-02
  24.5000000000    9.3279505090e-02
  25.0000000000    9.3235234096e-02
  25.5000000000    9.3191404417e-02
  26.0000000000    9.3148035290e-02
  26.5000000000    9.3105154379e-02
  27.0000000000    9.3062776034e-02
  27.5000000000    9.3020900150e-02
  28.0000000000    9.2979519534e-02
  28.5000000000    9.2938629382e-02
  29.0000000000    9.2898236055e-02
  29.5000000000    9.2858356377e-02
  30.0000000000    9.2819008950e-02
  30.5000000000    9.2780203871e-02
  31.0000000000    9.2741942804e-02
  31.5000000000    9.2704221997e-02
  32.0000000000    9.2667031908e-02
  32.5000000000    9.2630363252e-02
  33.0000000000    9.2594227747e-02
  33.5000000000    9.2558645796e-02
  34.0000000000    9.2523623676e-02
  34.5000000000    9.2489147325e-02
  35.0000000000    9.2455209201e-02
  35.5000000000    9.2421802528e-02
  36.0000000000    9.2388923239e-02
  36.5000000000    9.2356585629e-02
  37.0000000000    9.2324800852e-02
  37.5000000000    9.2293572417e-02
  38.0000000000    9.2262891657e-02
  38.5000000000    9.2232742820e-02
  39.0000000000    9.2203113755e-02
  39.5000000000    9.2174002938e-02
  40.0000000000    9.2145418441e-02
  40.5000000000    9.2117370218e-02
  41.0000000000    9.2089860370e-02
  41.5000000000    9.2062878789e-02
  42.0000000000    9.2036409112e-02
  42.5000000000    9.2010438612e-02
  43.0000000000    9.1984963373e-02
  43.5000000000    9.1959989545e-02
  44.0000000000    9.1935527007e-02
  44.5000000000    9.1911576379e-02
  45.0000000000    9.1888124859e-02
  45.5000000000    9.1865153648e-02
  46.0000000000    9.1842649517e-02
  46.5000000000    9.1820609733e-02
  47.0000000000    9.1799037181e-02
  47.5000000000    9.1777935391e-02
  48.0000000000    9.1757305658e-02
  48.5000000000    9.1737141610e-02
  49.0000000000    9.1717427275e-02
  49.5000000000    9.1698143376e-02
  50.0000000000    9.1679278750e-02
  50.5000000000    9.1660832923e-02
  51.0000000000    9.1642806988e-02
  51.5000000000    9.1625194511e-02
  52.0000000000    9.1607966283e-02
  52.5000000000    9.1591081090e-02
  53.0000000000    9.1574477091e-02
  53.5000000000    9.1558077947e-02
  54.0000000000    9.1541783629e-02
  54.5000000000    9.1525457805e-02
  55.0000000000    9.1508920353e-02
  55.5000000000    9.1491959130e-02
  56.0000000000    9.1474373917e-02
  56.5000000000    9.1456054111e-02
  57.0000000000    9.1437069406e-02
  57.5000000000    9.1417732024e-02
  58.0000000000    9.1398582440e-02
  58.5000000000    9.1380270741e-02
  59.0000000000    9.1363368967e-02
  59.5000000000    9.1348206869e-02
  60.0000000000    9.1334812210e-02
  60.5000000000    9.1322969061e-02
  61.0000000000    9.1312335088e-02
  61.5000000000    9.1302548719e-02
  62.0000000000    9.1293291970e-02
  62.5000000000    9.1284316725e-02
  63.0000000000    9.1275462513e-02
  63.5000000000    9.1266668006e-02
  64.0000000000    9.1257950643e-02
  64.5000000000    9.1249355875e-02
  65.0000000000    9.1240917706e-02
  65.5000000000    9.1232659156e-02
  66.0000000000    9.1224599989e-02
  66.5000000000    9.1216750733e-02
  67.0000000000    9.1209109508e-02
  67.5000000000    9.1201673470e-02
  68.0000000000    9.1194449398e-02
  68.5000000000    9.1187447030e-02
  69.0000000000    9.1180674273e-02
  69.5000000000    9.1174132410e-02
  70.0000000000    9.1167814499e-02
  70.5000000000    9.1161710504e-02
  71.0000000000    9.1155807536e-02
  71.5000000000    9.1150102733e-02
  72.0000000000    9.1144601907e-02
  72.5000000000    9.1139311801e-02
  73.0000000000    9.1134234197e-02
  73.5000000000    9.1129362525e-02
  74.0000000000    9.1124685055e-02
  74.5000000000    9.1120191250e-02
  75.0000000000    9.1115878162e-02
  75.5000000000    9.1111748683e-02
  76.0000000000    9.1107806350e-02
  76.5000000000    9.1104050379e-02
  77.0000000000    9.1100474904e-02
  77.5000000000    9.1097073535e-02
  78.0000000000    9.1093842209e-02
  78.5000000000    9.1090778044e-02
  79.0000000000    9.1087878198e-02
  79.5000000000    9.1085140300e-02
  80.0000000000    9.1082566056e-02
  80.5000000000    9.1080159660e-02
  81.0000000000    9.1077923155e-02
  81.5000000000    9.1075852825e-02
  82.0000000000    9.1073936521e-02
  82.5000000000    9.1072156469e-02
  83.0000000000    9.1070502812e-02
  83.5000000000    9.1068983514e-02
  84.0000000000    9.1067615209e-02
  84.5000000000    9.1066404337e-02
  85.0000000000    9.1065342500e-02
  85.5000000000    9.1064417736e-02
  86.0000000000    9.1063625581e-02
  86.5000000000    9.1062969093e-02
  87.0000000000    9.1062451733e-02
  87.5000000000    9.1062072826e-02
  88.0000000000    9.1061825928e-02
  88.5000000000    9.1061702130e-02
  89.0000000000    9.1061694771e-02
  89.5000000000    9.1061804962e-02
  90.0000000000    9.1062038926e-02
  90.5000000000    9.1062402606e-02
  91.0000000000    9.1062896435e-02
  91.5000000000    9.1063513935e-02
  92.0000000000    9.1064245794e-02
  92.5000000000    9.1065085732e-02
  93.0000000000    9.1066033171e-02
  93.5000000000    9.1067093081e-02
  94.0000000000    9.1068272388e-02
  94.5000000000    9.1069572794e-02
  95.0000000000    9.1070989092e-02
  95.5000000000    9.1072512419e-02
  96.0000000000    9.1074135179e-02
  96.5000000000    9.1075855474e-02
  97.0000000000    9.1077678534e-02
  97.5000000000    9.1079611189e-02
  98.0000000000    9.1081655532e-02
  98.5000000000    9.1083808289e-02
  99.0000000000    9.1086062005e-02
  99.5000000000    9.1088409366e-02
 100.0000000000    9.1090848689e-02
 100.5000000000    9.1093383791e-02
 101.0000000000    9.1096018543e-02
 101.5000000000    9.1098752326e-02
 102.0000000000    9.1101581424e-02
 102.5000000000    9.1104502342e-02
 103.0000000000    9.1107511932e-02
 103.5000000000    9.1110607342e-02
 104.0000000000    9.1113789016e-02
 104.5000000000    9.1117062195e-02
 105.0000000000    9.1120431821e-02
 105.5000000000    9.1123897064e-02
 106.0000000000    9.1127450167e-02
 106.5000000000    9.1131082214e-02
 107.0000000000    9.1134788501e-02
 107.5000000000    9.1138571501e-02
 108.0000000000    9.1142438577e-02
 108.5000000000    9.1146395629e-02
 109.0000000000    9.1150442406e-02
 109.5000000000    9.1154573411e-02
 110.0000000000    9.1158781767e-02
 110.5000000000    9.1163063612e-02
 111.0000000000    9.1167420568e-02
 111.5000000000    9.1171858675e-02
 112.0000000000    9.1176383667e-02
 112.5000000000    9.1180996219e-02
 113.0000000000    9.1185690796e-02
 113.5000000000    9.1190458929e-02
 114.0000000000    9.1195294155e-02
 114.5000000000    9.1200195535e-02
 115.0000000000    9.1205166932e-02
 115.5000000000    9.1210213525e-02
 116.0000000000    9.1215336743e-02
 116.5000000000    9.1220532295e-02
 117.0000000000    9.1225792795e-02
 117.5000000000    9.1231113316e-02
 118.0000000000    9.1236495020e-02
 118.5000000000    9.1241944391e-02
 119.0000000000    9.1247468575e-02
 119.5000000000    9.1253069430e-02
 120.0000000000    9.1258740879e-02
 120.5000000000    9.1264471960e-02
 121.0000000000    9.1270253961e-02
 121.5000000000    9.1276085245e-02
 122.0000000000    9.1281971464e-02
 122.5000000000    9.1287920929e-02
 123.0000000000    9.1293938901e-02
 123.5000000000    9.1300024646e-02
 124.0000000000    9.1306171994e-02
 124.5000000000    9.1312372751e-02
 125.0000000000    9.1318622463e-02
 125.5000000000    9.1324924159e-02
 126.0000000000    9.1331285012e-02
 126.5000000000    9.1337708904e-02
 127.0000000000    9.1344194106e-02
 127.5000000000    9.1350736373e-02
 128.0000000000    9.1357331498e-02
 128.5000000000    9.1363975959e-02
 129.0000000000    9.1370669861e-02
 129.5000000000    9.1377419013e-02
 130.0000000000    9.1384229856e-02
 130.5000000000    9.1391102750e-02
 131.0000000000    9.1398032903e-02
 131.5000000000    9.1405014797e-02
 132.0000000000    9.1412043994e-02
 132.5000000000    9.1419119809e-02
 133.0000000000    9.1426248071e-02
 133.5000000000    9.1433436797e-02
 134.0000000000    9.1440687679e-02
 134.5000000000    9.1447994753e-02
 135.0000000000    9.1455350546e-02
 135.5000000000    9.1462751053e-02
 136.0000000000    9.1470195887e-02
 136.5000000000    9.1477688709e-02
 137.0000000000    9.1485234859e-02
 137.5000000000    9.1492836521e-02
 138.0000000000    9.1500490255e-02
 138.5000000000    9.1508190138e-02
 139.0000000000    9.1515933152e-02
 139.5000000000    9.1523719865e-02
 140.0000000000    9.1531554649e-02
 140.5000000000    9.1539442613e-02
 141.0000000000    9.1547386065e-02
 141.5000000000    9.1555383646e-02
 142.0000000000    9.1563432649e-02
 142.5000000000    9.1571530898e-02
 143.0000000000    9.1579677555e-02
 143.5000000000    9.1587874657e-02
 144.0000000000    9.1596126465e-02
 144.5000000000    9.1604436781e-02
 145.0000000000    9.1612806719e-02
 145.5000000000    9.1621234221e-02
 146.0000000000    9.1629715637e-02
 146.5000000000    9.1638248680e-02
 147.0000000000    9.1646834221e-02
 147.5000000000    9.1655475721e-02
 148.0000000000    9.1664177570e-02
 148.5000000000    9.1672942137e-02
 149.0000000000    9.1681766847e-02
 149.5000000000    9.1690645690e-02
 150.0000000000    9.1699574169e-02
 150.5000000000    9.1708552463e-02
 151.0000000000    9.1717584255e-02
 151.5000000000    9.1726674410e-02
 152.0000000000    9.1735825635e-02
 152.5000000000    9.1745035541e-02
 153.0000000000    9.1754297701e-02
 153.5000000000    9.1763606886e-02
 154.0000000000    9.1772962912e-02
 154.5000000000    9.1782370356e-02
 155.0000000000    9.1791834882e-02
 155.5000000000    9.1801359075e-02
 156.0000000000    9.1810940458e-02
 156.5000000000    9.1820572854e-02
 157.0000000000    9.1830251508e-02
 157.5000000000    9.1839978075e-02
 158.0000000000    9.1849760539e-02
 158.5000000000    9.1859607839e-02
 159.0000000000    9.1869523892e-02
 159.5000000000    9.1879504036e-02
 160.0000000000    9.1889537450e-02
 160.5000000000    9.1899615780e-02
 161.0000000000    9.1909740555e-02
 161.5000000000    9.1919922103e-02
 162.0000000000    9.1930171777e-02
 162.5000000000    9.1940494787e-02
 163.0000000000    9.1950888114e-02
 163.5000000000    9.1961344499e-02
 164.0000000000    9.1971858565e-02
 164.5000000000    9.1982430076e-02
 165.0000000000    9.1993062971e-02
 165.5000000000    9.2003762252e-02
 166.0000000000    9.2014531119e-02
 166.5000000000    9.2025369860e-02
 167.0000000000    9.2036276550e-02
 167.5000000000    9.2047248945e-02
 168.0000000000    9.2058286170e-02
 168.5000000000    9.2069388870e-02
 169.0000000000    9.2080557984e-02
 169.5000000000    9.2091794060e-02
 170.0000000000    9.2103096863e-02
 170.5000000000    9.2114465367e-02
 171.0000000000    9.2125897984e-02
 171.5000000000    9.2137392937e-02
 172.0000000000    9.2148948731e-02
 172.5000000000    9.2160564653e-02
 173.0000000000    9.2172241130e-02
 173.5000000000    9.2183979299e-02
 174.0000000000    9.2195779628e-02
 174.5000000000    9.2207641202e-02
 175.0000000000    9.2219561906e-02
 175.5000000000    9.2231539426e-02
 176.0000000000    9.2243573126e-02
 176.5000000000    9.2255665247e-02
 177.0000000000    9.2267819770e-02
 177.5000000000    9.2280039758e-02
 178.0000000000    9.2292325349e-02
 178.5000000000    9.2304673941e-02
 179.0000000000    9.2317082361e-02
 179.5000000000    9.2329549774e-02
 180.0000000000    9.2342078969e-02
 180.5000000000    9.2354674930e-02
 181.0000000000    9.2367341119e-02
 181.5000000000    9.2380076514e-02
 182.0000000000    9.2392875956e-02
 182.5000000000    9.2405733524e-02
 183.0000000000    9.2418646602e-02
 183.5000000000    9.2431617523e-02
 184.0000000000    9.2444651517e-02
 184.5000000000    9.2457752557e-02
 185.0000000000    9.2470920696e-02
 185.5000000000    9.2484153019e-02
 186.0000000000    9.2497447769e-02
 186.5000000000    9.2510808740e-02
 187.0000000000    9.2524246080e-02
 187.5000000000    9.2537772241e-02
 188.0000000000    9.2551396274e-02
 188.5000000000    9.2565120797e-02
 189.0000000000    9.2578942956e-02
 189.5000000000    9.2592858200e-02
 190.0000000000    9.2606864268e-02
 190.5000000000    9.2620962422e-02
 191.0000000000    9.2635155138e-02
 191.5000000000    9.2649442465e-02
 192.0000000000    9.2663820236e-02
 192.5000000000    9.2678281749e-02
 193.0000000000    9.2692822099e-02
 193.5000000000    9.2707441873e-02
 194.0000000000    9.2722146560e-02
 194.5000000000    9.2736942429e-02
 195.0000000000    9.2751832807e-02
 195.5000000000    9.2766816882e-02
 196.0000000000    9.2781890981e-02
 196.5000000000    9.2797051996e-02
 197.0000000000    9.2812300891e-02
 197.5000000000    9.2827642749e-02
 198.0000000000    9.2843083043e-02
 198.5000000000    9.2858624085e-02
 199.0000000000    9.2874264906e-02
 199.5000000000    9.2890003144e-02
 200.0000000000    9.2905837294e-02
 200.5000000000    9.2921768745e-02
 201.0000000000    9.2937801843e-02
 201.5000000000    9.2953941294e-02
 202.0000000000    9.2970189158e-02
 202.5000000000    9.2986544435e-02
 203.0000000000    9.3003004805e-02
 203.5000000000    9.3019568361e-02
 204.0000000000    9.3036234842e-02
 204.5000000000    9.3053005700e-02
 205.0000000000    9.3069882995e-02
 205.5000000000    9.3086868393e-02
 206.0000000000    9.3103963324e-02
 206.5000000000    9.3121170096e-02
 207.0000000000    9.3138492254e-02
 207.5000000000    9.3155933846e-02
 208.0000000000    9.3173498435e-02
 208.5000000000    9.3191188102e-02
 209.0000000000    9.3209003315e-02
 209.5000000000    9.3226944176e-02
 210.0000000000    9.3245012058e-02
 210.5000000000    9.3263209879e-02
 211.0000000000    9.3281540604e-02
 211.5000000000    9.3300005861e-02
 212.0000000000    9.3318605846e-02
 212.5000000000    9.3337340594e-02
 213.0000000000    9.3356211518e-02
 213.5000000000    9.3375222134e-02
 214.0000000000    9.3394377183e-02
 214.5000000000    9.3413680490e-02
 215.0000000000    9.3433133149e-02
 215.5000000000    9.3452733853e-02
 216.0000000000    9.3472481598e-02
 216.5000000000    9.3492377779e-02
 217.0000000000    9.3512426014e-02
 217.5000000000    9.3532630178e-02
 218.0000000000    9.3552991924e-02
 218.5000000000    9.3573509402e-02
 219.0000000000    9.3594179343e-02
 219.5000000000    9.3615001309e-02
 220.0000000000    9.3635980574e-02
 220.5000000000    9.3657127141e-02
 221.0000000000    9.3678451264e-02
 221.5000000000    9.3699958031e-02
 222.0000000000    9.3721644402e-02
 222.5000000000    9.3743501124e-02
 223.0000000000    9.3765518926e-02
 223.5000000000    9.3787694838e-02
 224.0000000000    9.3810034304e-02
 224.5000000000    9.3832548208e-02
 225.0000000000    9.3855247026e-02
 225.5000000000    9.3878135692e-02
 226.0000000000    9.3901212455e-02
 226.5000000000    9.3924472766e-02
 227.0000000000    9.3947914877e-02
 227.5000000000    9.3971542596e-02
 228.0000000000    9.3995363549e-02
 228.5000000000    9.4019384757e-02
 229.0000000000    9.4043608486e-02
 229.5000000000    9.4068031546e-02
 230.0000000000    9.4092648794e-02
 230.5000000000    9.4117458162e-02
 231.0000000000    9.4142463260e-02
 231.5000000000    9.4167672144e-02
 232.0000000000    9.4193093831e-02
 232.5000000000    9.4218735429e-02
 233.0000000000    9.4244602126e-02
 233.5000000000    9.4270699598e-02
 234.0000000000    9.4297035990e-02
 234.5000000000    9.4323620755e-02
 235.0000000000    9.4350460340e-02
 235.5000000000    9.4377553968e-02
 236.0000000000    9.4404893216e-02
 236.5000000000    9.4432466641e-02
 237.0000000000    9.4460266893e-02
 237.5000000000    9.4488295673e-02
 238.0000000000    9.4516563190e-02
 238.5000000000    9.4545082574e-02
 239.0000000000    9.4573863651e-02
 239.5000000000    9.4602910868e-02
 240.0000000000    9.4632227043e-02
 240.5000000000    9.4661819895e-02
 241.0000000000    9.4691705684e-02
 241.5000000000    9.4721905773e-02
 242.0000000000    9.4752437318e-02
 242.5000000000    9.4783303355e-02
 243.0000000000    9.4814489849e-02
 243.5000000000    9.4845973121e-02
 244.0000000000    9.4877734200e-02
 244.5000000000    9.4909771886e-02
 245.0000000000    9.4942106360e-02
 245.5000000000    9.4974770671e-02
 246.0000000000    9.5007794908e-02
 246.5000000000    9.5041192605e-02
 247.0000000000    9.5074957447e-02
 247.5000000000    9.5109071985e-02
 248.0000000000    9.5143522379e-02
 248.5000000000    9.5178309702e-02
 249.0000000000    9.5213451038e-02
 249.5000000000    9.5248970332e-02
 250.0000000000    9.5284885761e-02
 250.5000000000    9.5321202366e-02
 251.0000000000    9.5357914361e-02
 251.5000000000    9.5395014432e-02
 252.0000000000    9.5432502995e-02
 252.5000000000    9.5470391064e-02
 253.0000000000    9.5508695407e-02
 253.5000000000    9.5547430208e-02
 254.0000000000    9.5586601826e-02
 254.5000000000    9.5626210150e-02
 255.0000000000    9.5666254781e-02
 255.5000000000    9.5706741339e-02
 256.0000000000    9.5747683388e-02
 256.5000000000    9.5789098805e-02
 257.0000000000    9.5831003476e-02
 257.5000000000    9.5873407208e-02
 258.0000000000    9.5916313965e-02
 258.5000000000    9.5959725013e-02
 259.0000000000    9.6003642361e-02
 259.5000000000    9.6048070574e-02
 260.0000000000    9.6093016654e-02
 260.5000000000    9.6138488959e-02
 261.0000000000    9.6184496952e-02
 261.5000000000    9.6231052442e-02
 262.0000000000    9.6278170954e-02
 262.5000000000    9.6325871357e-02
 263.0000000000    9.6374173185e-02
 263.5000000000    9.6423092841e-02
 264.0000000000    9.6472640548e-02
 264.5000000000    9.6522819895e-02
 265.0000000000    9.6573630904e-02
 265.5000000000    9.6625075314e-02
 266.0000000000    9.6677160942e-02
 266.5000000000    9.6729902742e-02
 267.0000000000    9.6783320737e-02
 267.5000000000    9.6837436318e-02
 268.0000000000    9.6892268609e-02
 268.5000000000    9.6947832219e-02
 269.0000000000    9.7004136920e-02
 269.5000000000    9.7061188856e-02
 270.0000000000    9.7118992759e-02
 270.5000000000    9.7177555110e-02
 271.0000000000    9.7236887647e-02
 271.5000000000    9.7297009695e-02
 272.0000000000    9.7357947342e-02
 272.5000000000    9.7419728592e-02
 273.0000000000    9.7482375525e-02
 273.5000000000    9.7545896598e-02
 274.0000000000    9.7610283322e-02
 274.5000000000    9.7675514374e-02
 275.0000000000    9.7741566910e-02
 275.5000000000    9.7808430685e-02
 276.0000000000    9.7876117808e-02
 276.5000000000    9.7944661551e-02
 277.0000000000    9.8014102542e-02
 277.5000000000    9.8084467687e-02
 278.0000000000    9.8155752450e-02
 278.5000000000    9.8227917311e-02
 279.0000000000    9.8300902110e-02
 279.5000000000    9.8374650443e-02
 280.0000000000    9.8449128552e-02
 280.5000000000    9.8524325618e-02
 281.0000000000    9.8600234516e-02
 281.5000000000    9.8676825599e-02
 282.0000000000    9.8754031135e-02
 282.5000000000    9.8831749985e-02
 283.0000000000    9.8909866360e-02
 283.5000000000    9.8988265702e-02
 284.0000000000    9.9066833725e-02
 284.5000000000    9.9145438662e-02
 285.0000000000    9.9223910021e-02
 285.5000000000    9.9302028267e-02
 286.0000000000    9.9379529088e-02
 286.5000000000    9.9456112934e-02
 287.0000000000    9.9531446383e-02
 287.5000000000    9.9605149588e-02
 288.0000000000    9.9676775631e-02
 288.5000000000    9.9745792294e-02
 289.0000000000    9.9811571733e-02
 289.5000000000    9.9873384889e-02
 290.0000000000    9.9930393050e-02
 290.5000000000    9.9981631389e-02
 291.0000000000    1.0002598510e-01
 291.5000000000    1.0006216222e-01
 292.0000000000    1.0008866580e-01
 292.5000000000    1.0010376511e-01
 293.0000000000    1.0010546446e-01
 293.5000000000    1.0009146919e-01
 294.0000000000    1.0005914869e-01
 294.5000000000    1.0000549600e-01
 295.0000000000    9.9927083457e-02
 295.5000000000    9.9820015098e-02
 296.0000000000    9.9679878499e-02
 296.5000000000    9.9501700544e-02
 297.0000000000    9.9279911531e-02
 297.5000000000    9.9008320991e-02
 298.0000000000    9.8680108422e-02
 298.5000000000    9.8287834425e-02
 299.0000000000    9.7823479817e-02
 299.5000000000    9.7278521077e-02
 300.0000000000    9.6644050398e-02
 300.5000000000    9.5910948184e-02
 301.0000000000    9.5070113923e-02
 301.5000000000    9.4112756853e-02
 302.0000000000    9.3030739451e-02
 302.5000000000    9.1816955564e-02
 303.0000000000    9.0465713786e-02
 303.5000000000    8.8973088026e-02
 304.0000000000    8.7337191877e-02
 304.5000000000    8.5558332085e-02
 305.0000000000    8.3639000501e-02
 305.5000000000    8.1583675588e-02
 306.0000000000    7.9398425206e-02
 306.5000000000    7.7090331288e-02
 307.0000000000    7.4666791729e-02
 307.5000000000    7.2134791106e-02
 308.0000000000    6.9500263697e-02
 308.5000000000    6.6767693471e-02
 309.0000000000    6.3940100677e-02
 309.5000000000    6.1019546039e-02
 310.0000000000    5.8008231012e-02
 310.5000000000    5.4910174331e-02
 311.0000000000    5.1733295686e-02
 311.5000000000    4.8491549798e-02
 312.0000000000    4.5206580118e-02
 312.5000000000    4.1908286406e-02
 313.0000000000    3.8633817714e-02
 313.5000000000    3.5424846569e-02
 314.0000000000    3.2323481092e-02
 314.5000000000    2.9367648250e-02
 315.0000000000    2.6587025337e-02
 315.5000000000    2.4000484137e-02
 316.0000000000    2.1615579990e-02
 316.5000000000    1.9430027303e-02
 317.0000000000    1.7434549727e-02
 317.5000000000    1.5616155014e-02
 318.0000000000    1.3960913764e-02
 318.5000000000    1.2455717406e-02
 319.0000000000    1.1089001675e-02
 319.5000000000    9.8507460475e-03
 320.0000000000    8.7321165082e-03
 320.5000000000    7.7250249569e-03
 321.0000000000    6.8217612081e-03
 321.5000000000    6.0147633326e-03
 322.0000000000    5.2965288791e-03
 322.5000000000    4.6596287946e-03
 323.0000000000    4.0967720252e-03
 323.5000000000    3.6008804342e-03
 324.0000000000    3.1651561633e-03
 324.5000000000    2.7831401404e-03
 325.0000000000    2.4487648754e-03
 325.5000000000    2.1564012328e-03
 326.0000000000    1.9008948381e-03
 326.5000000000    1.6775870733e-03
 327.0000000000    1.4823180182e-03
 327.5000000000    1.3114120284e-03
 328.0000000000    1.1616493379e-03
 328.5000000000    1.0302284268e-03
 329.0000000000    9.1472386332e-04
 329.5000000000    8.1304332219e-04
 330.0000000000    7.2338613214e-04
 330.5000000000    6.4420456701e-04
 331.0000000000    5.7416845915e-04
 331.5000000000    5.1213348878e-04
 332.0000000000    4.5711343911e-04
 332.5000000000    4.0825651537e-04
 333.0000000000    3.6482545145e-04
 333.5000000000    3.2618079877e-04
 334.0000000000    2.9176669260e-04
 334.5000000000    2.6109857132e-04
 335.0000000000    2.3375262291e-04
 335.5000000000    2.0935690930e-04
 336.0000000000    1.8758410352e-04
 336.5000000000    1.6814558690e-04
 337.0000000000    1.5078651923e-04
 337.5000000000    1.3528153101e-04
 338.0000000000    1.2143086496e-04
 338.5000000000    1.0905699505e-04
 339.0000000000    9.8001814820e-05
 339.5000000000    8.8124397181e-05
 340.0000000000    7.9299183041e-05
 340.5000000000    7.1414384204e-05
 341.0000000000    6.4370451252e-05
 341.5000000000    5.8078596723e-05
 342.0000000000    5.2459476767e-05
 342.5000000000    4.7442131554e-05
 343.0000000000    4.2963173474e-05
 343.5000000000    3.8966111772e-05
 344.0000000000    3.5400674655e-05
 344.5000000000    3.2222071673e-05
 345.0000000000    2.9390254915e-05
 345.5000000000    2.6869289572e-05
 346.0000000000    2.4626902317e-05
 346.5000000000    2.2634169198e-05
 347.0000000000    2.0865232829e-05
 347.5000000000    1.9296956471e-05
 348.0000000000    1.7908515141e-05
 348.5000000000    1.6681011653e-05
 349.0000000000    1.5597217616e-05
 349.5000000000    1.4641462261e-05
 350.0000000000    1.3799592718e-05
 350.5000000000    1.3058891649e-05
 351.0000000000    1.2407904474e-05
 351.5000000000    1.1836206343e-05
 352.0000000000    1.1334239406e-05
 352.5000000000    1.0893271268e-05
 353.0000000000    1.0505448438e-05
 353.5000000000    1.0163834937e-05
 354.0000000000    9.8623454472e-06
 354.5000000000    9.5955811973e-06
 355.0000000000    9.3586638186e-06
 355.5000000000    9.1471670643e-06
 356.0000000000    8.9571630197e-06
 356.5000000000    8.7852948512e-06
 357.0000000000    8.6287709761e-06
 357.5000000000    8.4852456118e-06
 358.0000000000    8.3526535392e-06
 358.5000000000    8.2291082441e-06
 359.0000000000    8.1129175002e-06
 359.5000000000    8.0026694483e-06
 360.0000000000    7.8972839711e-06
 360.5000000000    7.7959585944e-06
 361.0000000000    7.6980340797e-06
 361.5000000000    7.6028768209e-06
 362.0000000000    7.5098606986e-06
 362.5000000000    7.4184457935e-06
 363.0000000000    7.3282694726e-06
 363.5000000000    7.2391587035e-06
 364.0000000000    7.1510437229e-06
 364.5000000000    7.0638400080e-06
 365.0000000000    6.9773924783e-06
 365.5000000000    6.8915212771e-06
 366.0000000000    6.8061213277e-06
 366.5000000000    6.7212236663e-06
 367.0000000000    6.6369618327e-06
 367.5000000000    6.5534693545e-06
 368.0000000000    6.4707928831e-06
 368.5000000000    6.3888905348e-06
 369.0000000000    6.3077107363e-06
 369.5000000000    6.2272791383e-06
 370.0000000000    6.1477164480e-06
 370.5000000000    6.0691711144e-06
 371.0000000000    5.9917236923e-06
 371.5000000000    5.9153432635e-06
 372.0000000000    5.8399295857e-06
 372.5000000000    5.7654085844e-06
 373.0000000000    5.6917881934e-06
 373.5000000000    5.6191449181e-06
 374.0000000000    5.5475436564e-06
 374.5000000000    5.4769667493e-06
 375.0000000000    5.4073124685e-06
 375.5000000000    5.3384646825e-06
 376.0000000000    5.2703751050e-06
 376.5000000000    5.2030895318e-06
 377.0000000000    5.1366973916e-06
 377.5000000000    5.0712481825e-06
 378.0000000000    5.0067051885e-06
 378.5000000000    4.9429744943e-06
 379.0000000000    4.8799830590e-06
 379.5000000000    4.8177381675e-06
 380.0000000000    4.7563179046e-06
 380.5000000000    4.6958012051e-06
 381.0000000000    4.6361961306e-06
 381.5000000000    4.5774359310e-06
 382.0000000000    4.5194274866e-06
 382.5000000000    4.4621345541e-06
 383.0000000000    4.4056063753e-06
 383.5000000000    4.3499367207e-06
 384.0000000000    4.2951876029e-06
 384.5000000000    4.2413426006e-06
 385.0000000000    4.1883284976e-06
 385.5000000000    4.1360851660e-06
 386.0000000000    4.0846225544e-06
 386.5000000000    4.0340158451e-06
 387.0000000000    3.9843436831e-06
 387.5000000000    3.9356226955e-06
 388.0000000000    3.8877941861e-06
 388.5000000000    3.8407738533e-06
 389.0000000000    3.7945214795e-06
 389.5000000000    3.7490710824e-06
 390.0000000000    3.7044970616e-06
 390.5000000000    3.6608467759e-06
 391.0000000000    3.6180975680e-06
 391.5000000000    3.5761743201e-06
 392.0000000000    3.5350112026e-06
 392.5000000000    3.4946038303e-06
 393.0000000000    3.4550074948e-06
 393.5000000000    3.4162841922e-06
 394.0000000000    3.3784445082e-06
 394.5000000000    3.3414340528e-06
 395.0000000000    3.3051746882e-06
 395.5000000000    3.2696244691e-06
 396.0000000000    3.2348049799e-06
 396.5000000000    3.2007736993e-06
 397.0000000000    3.1675662059e-06
 397.5000000000    3.1351578832e-06
 398.0000000000    3.1034769207e-06
 398.5000000000    3.0724562402e-06
 399.0000000000    3.0420793394e-06
 399.5000000000    3.0123816033e-06
 400.0000000000    2.9834071660e-06
 400.5000000000    2.9551590279e-06
 401.0000000000    2.9275848730e-06
 401.5000000000    2.9006097525e-06
 402.0000000000    2.8741868794e-06
 402.5000000000    2.8483233540e-06
 403.0000000000    2.8230598395e-06
 403.5000000000    2.7984222628e-06
 404.0000000000    2.7743871389e-06
 404.5000000000    2.7508893889e-06
 405.0000000000    2.7278650100e-06
 405.5000000000    2.7052918456e-06
 406.0000000000    2.6831941545e-06
 406.5000000000    2.6616080089e-06
 407.0000000000    2.6405376399e-06
 407.5000000000    2.6199398723e-06
 408.0000000000    2.5997493024e-06
 408.5000000000    2.5799219166e-06
 409.0000000000    2.5604599665e-06
 409.5000000000    2.5413974448e-06
 410.0000000000    2.5227593920e-06
 410.5000000000    2.5045298965e-06
 411.0000000000    2.4866556753e-06
 411.5000000000    2.4690814814e-06
 412.0000000000    2.4517866710e-06
 412.5000000000    2.4347919953e-06
 413.0000000000    2.4181315858e-06
 413.5000000000    2.4018145584e-06
 414.0000000000    2.3858089686e-06
 414.5000000000    2.3700612573e-06
 415.0000000000    2.3545339689e-06
 415.5000000000    2.3392293577e-06
 416.0000000000    2.3241791962e-06
 416.5000000000    2.3094102032e-06
 417.0000000000    2.2949148851e-06
 417.5000000000    2.2806523422e-06
 418.0000000000    2.2665777076e-06
 418.5000000000    2.2526746179e-06
 419.0000000000    2.2389630814e-06
 419.5000000000    2.2254766811e-06
 420.0000000000    2.2122292152e-06
 420.5000000000    2.1991992038e-06
 421.0000000000    2.1863449091e-06
 421.5000000000    2.1736364277e-06
 422.0000000000    2.1610789818e-06
 422.5000000000    2.1486860066e-06
 423.0000000000    2.1365258719e-06
 423.5000000000    2.1245585773e-06
 424.0000000000    2.1127668636e-06
 424.5000000000    2.1011149473e-06
 425.0000000000    2.0895896163e-06
 425.5000000000    2.0782085958e-06
 426.0000000000    2.0670026388e-06
 426.5000000000    2.0559871436e-06
 427.0000000000    2.0451475117e-06
 427.5000000000    2.0344501955e-06
 428.0000000000    2.0238694237e-06
 428.5000000000    2.0134066615e-06
 429.0000000000    2.0030865677e-06
 429.5000000000    1.9929335021e-06
 430.0000000000    1.9829489007e-06
 430.5000000000    1.9731085651e-06
 431.0000000000    1.9633816140e-06
 431.5000000000    1.9537545669e-06
 432.0000000000    1.9442271171e-06
 432.5000000000    1.9348506518e-06
 433.0000000000    1.9256266900e-06
 433.5000000000    1.9165447756e-06
 434.0000000000    1.9075771193e-06
 434.5000000000    1.8987005321e-06
 435.0000000000    1.8899139194e-06
 435.5000000000    1.8812367370e-06
 436.0000000000    1.8726902163e-06
 436.5000000000    1.8642776038e-06
 437.0000000000    1.8559800588e-06
 437.5000000000    1.8477712330e-06
 438.0000000000    1.8396377779e-06
 438.5000000000    1.8315883423e-06
 439.0000000000    1.8236438603e-06
 439.5000000000    1.8158178005e-06
 440.0000000000    1.8081032327e-06
 440.5000000000    1.8004774438e-06
 441.0000000000    1.7929197274e-06
 441.5000000000    1.7854270353e-06
 442.0000000000    1.7780144007e-06
 442.5000000000    1.7707001994e-06
 443.0000000000    1.7634890397e-06
 443.5000000000    1.7563667592e-06
 444.0000000000    1.7493113955e-06
 444.5000000000    1.7423104482e-06
 445.0000000000    1.7353697499e-06
 445.5000000000    1.7285059354e-06
 446.0000000000    1.7217334695e-06
 446.5000000000    1.7150479780e-06
 447.0000000000    1.7084318938e-06
 447.5000000000    1.7018678400e-06
 448.0000000000    1.6953523411e-06
 448.5000000000    1.6888975005e-06
 449.0000000000    1.6825196297e-06
 449.5000000000    1.6762249226e-06
 450.0000000000    1.6700039455e-06
 450.5000000000    1.6638395586e-06
 451.0000000000    1.6577210916e-06
 451.5000000000    1.6516526078e-06
 452.0000000000    1.6456485827e-06
 452.5000000000    1.6397210653e-06
 453.0000000000    1.6338691433e-06
 453.5000000000    1.6280796731e-06
 454.0000000000    1.6223381522e-06
 454.5000000000    1.6166403550e-06
 455.0000000000    1.6109949678e-06
 455.5000000000    1.6054152346e-06
 456.0000000000    1.5999072063e-06
 456.5000000000    1.5944643844e-06
 457.0000000000    1.5890729117e-06
 457.5000000000    1.5837228657e-06
 458.0000000000    1.5784157679e-06
 458.5000000000    1.5731624099e-06
 459.0000000000    1.5679730684e-06
 459.5000000000    1.5628484558e-06
 460.0000000000    1.5577790175e-06
 460.5000000000    1.5527527555e-06
 461.0000000000    1.5477648500e-06
 461.5000000000    1.5428209984e-06
 462.0000000000    1.5379318423e-06
 462.5000000000    1.5331034583e-06
 463.0000000000    1.5283320454e-06
 463.5000000000    1.5236070544e-06
 464.0000000000    1.5189198161e-06
 464.5000000000    1.5142704479e-06
 465.0000000000    1.5096665926e-06
 465.5000000000    1.5051170943e-06
 466.0000000000    1.5006238135e-06
 466.5000000000    1.4961801993e-06
 467.0000000000    1.4917767284e-06
 467.5000000000    1.4874085427e-06
 468.0000000000    1.4830788782e-06
 468.5000000000    1.4787956294e-06
 469.0000000000    1.4745770156e-06
 469.5000000000    1.4703952913e-06
 470.0000000000    1.4662429984e-06
 470.5000000000    1.4621377779e-06
 471.0000000000    1.4580652270e-06
 471.5000000000    1.4540301521e-06
 472.0000000000    1.4500390289e-06
 472.5000000000    1.4460940275e-06
 473.0000000000    1.4421909858e-06
 473.5000000000    1.4383221761e-06
 474.0000000000    1.4344827941e-06
 474.5000000000    1.4306739088e-06
 475.0000000000    1.4269011091e-06
 475.5000000000    1.4231692032e-06
 476.0000000000    1.4194780006e-06
 476.5000000000    1.4158224705e-06
 477.0000000000    1.4121967993e-06
 477.5000000000    1.4085989119e-06
 478.0000000000    1.4050317750e-06
 478.5000000000    1.4015005796e-06
 479.0000000000    1.3980081414e-06
 479.5000000000    1.3945524962e-06
 480.0000000000    1.3911289477e-06
 480.5000000000    1.3877333637e-06
 481.0000000000    1.3843655897e-06
 481.5000000000    1.3810291801e-06
 482.0000000000    1.3777278711e-06
 482.5000000000    1.3744627854e-06
 483.0000000000    1.3712312489e-06
 483.5000000000    1.3680290182e-06
 484.0000000000    1.3648534968e-06
 484.5000000000    1.3617055477e-06
 485.0000000000    1.3585883821e-06
 485.5000000000    1.3555046866e-06
 486.0000000000    1.3524543150e-06
 486.5000000000    1.3494343147e-06
 487.0000000000    1.3464411631e-06
 487.5000000000    1.3434733437e-06
 488.0000000000    1.3405322088e-06
 488.5000000000    1.3376205209e-06
 489.0000000000    1.3347399456e-06
 489.5000000000    1.3318895784e-06
 490.0000000000    1.3290665625e-06
 490.5000000000    1.3262681747e-06
 491.0000000000    1.3234936854e-06
 491.5000000000    1.3207445669e-06
 492.0000000000    1.3180229916e-06
 492.5000000000    1.3153298953e-06
 493.0000000000    1.3126640824e-06
 493.5000000000    1.3100229584e-06
 494.0000000000    1.3074042703e-06
 494.5000000000    1.3048075440e-06
 495.0000000000    1.3022341412e-06
 495.5000000000    1.2996859814e-06
 496.0000000000    1.2971639056e-06
 496.5000000000    1.2946667916e-06
 497.0000000000    1.2921921817e-06
 497.5000000000    1.2897380641e-06
 498.0000000000    1.2873043549e-06
 498.5000000000    1.2848928825e-06
 499.0000000000    1.2825058436e-06
 499.5000000000    1.2801439489e-06
 500.0000000000    1.2778057132e-06
 500.5000000000    1.2754884384e-06
 501.0000000000    1.2731902501e-06
 501.5000000000    1.2709115273e-06
 502.0000000000    1.2686545389e-06
 502.5000000000    1.2664215023e-06
 503.0000000000    1.2642126473e-06
 503.5000000000    1.2620358435e-06
 504.0000000000    1.2598681853e-06
 504.5000000000    1.2577181261e-06
 505.0000000000    1.2555868258e-06
 505.5000000000    1.2534763089e-06
 506.0000000000    1.2513884481e-06
 506.5000000000    1.2493123681e-06
 507.0000000000    1.2472649359e-06
 507.5000000000    1.2452327681e-06
 508.0000000000    1.2432145968e-06
 508.5000000000    1.2412121271e-06
 509.0000000000    1.2392277252e-06
 509.5000000000    1.2372631371e-06
 510.0000000000    1.2353171643e-06
 510.5000000000    1.2333866591e-06
 511.0000000000    1.2314690727e-06
 511.5000000000    1.2295646772e-06
 512.0000000000    1.2276765500e-06
 512.5000000000    1.2258081851e-06
 513.0000000000    1.2239606166e-06
 513.5000000000    1.2221314094e-06
 514.0000000000    1.2203164874e-06
 514.5000000000    1.2185135927e-06
 515.0000000000    1.2167238680e-06
 515.5000000000    1.2149509780e-06
 516.0000000000    1.2131978489e-06
 516.5000000000    1.2114640103e-06
 517.0000000000    1.2097456452e-06
 517.5000000000    1.2080388208e-06
 518.0000000000    1.2063426752e-06
 518.5000000000    1.2046601452e-06
 519.0000000000    1.2029955429e-06
 519.5000000000    1.2013509011e-06
 520.0000000000    1.1997240810e-06
 520.5000000000    1.1981104992e-06
 521.0000000000    1.1965067906e-06
 521.5000000000    1.1949136890e-06
 522.0000000000    1.1933352751e-06
 522.5000000000    1.1917754896e-06
 523.0000000000    1.1902347075e-06
 523.5000000000    1.1887091962e-06
 524.0000000000    1.1871941454e-06
 524.5000000000    1.1856875520e-06
 525.0000000000    1.1841919108e-06
 525.5000000000    1.1827120600e-06
 526.0000000000    1.1812510304e-06
 526.5000000000    1.1798073589e-06
 527.0000000000    1.1783761426e-06
 527.5000000000    1.1769530447e-06
 528.0000000000    1.1755379052e-06
 528.5000000000    1.1741348840e-06
 529.0000000000    1.1727574957e-06
 529.5000000000    1.1713900525e-06
 530.0000000000    1.1700377018e-06
 530.5000000000    1.1686949619e-06
 531.0000000000    1.1673588684e-06
 531.5000000000    1.1660315220e-06
 532.0000000000    1.1647184165e-06
 532.5000000000    1.1634154906e-06
 533.0000000000    1.1621389835e-06
 533.5000000000    1.1608755789e-06
 534.0000000000    1.1596201844e-06
 534.5000000000    1.1583719904e-06
 535.0000000000    1.1571248216e-06
 535.5000000000    1.1559086691e-06
 536.0000000000    1.1547143632e-06
 536.5000000000    1.1535331119e-06
 537.0000000000    1.1523605148e-06
 537.5000000000    1.1511944003e-06
 538.0000000000    1.1500361093e-06
 538.5000000000    1.1488910237e-06
 539.0000000000    1.1477637849e-06
 539.5000000000    1.1466541034e-06
 540.0000000000    1.1455567567e-06
 540.5000000000    1.1444657893e-06
 541.0000000000    1.1433793561e-06
 541.5000000000    1.1423011198e-06
 542.0000000000    1.1412369989e-06
 542.5000000000    1.1401899773e-06
 543.0000000000    1.1391573333e-06
 543.5000000000    1.1381326232e-06
 544.0000000000    1.1371108059e-06
 544.5000000000    1.1360921927e-06
 545.0000000000    1.1350818989e-06
 545.5000000000    1.1340852639e-06
 546.0000000000    1.1331031066e-06
 546.5000000000    1.1321308991e-06
 547.0000000000    1.1311626491e-06
 547.5000000000    1.1301962636e-06
 548.0000000000    1.1292358383e-06
 548.5000000000    1.1282888098e-06
 549.0000000000    1.1273602574e-06
 549.5000000000    1.1264491242e-06
 550.0000000000    1.1255495678e-06
 550.5000000000    1.1246562737e-06
 551.0000000000    1.1237691621e-06
 551.5000000000    1.1228934306e-06
 552.0000000000    1.1220348860e-06
 552.5000000000    1.1211945363e-06
 553.0000000000    1.1203672157e-06
 553.5000000000    1.1195455245e-06
 554.0000000000    1.1187331373e-06
 554.5000000000    1.1179180195e-06
 555.0000000000    1.1171143017e-06
 555.5000000000    1.1163268785e-06
 556.0000000000    1.1155545567e-06
 556.5000000000    1.1147911027e-06
 557.0000000000    1.1140233123e-06
 557.5000000000    1.1132651039e-06
 558.0000000000    1.1125144010e-06
 558.5000000000    1.1117776463e-06
 559.0000000000    1.1110551876e-06
 559.5000000000    1.1103389771e-06
 560.0000000000    1.1096345653e-06
 560.5000000000    1.1089394616e-06
 561.0000000000    1.1082382352e-06
 561.5000000000    1.1075462824e-06
 562.0000000000    1.1068688787e-06
 562.5000000000    1.1062054656e-06
 563.0000000000    1.1055501129e-06
 563.5000000000    1.1048964951e-06
 564.0000000000    1.1042432491e-06
 564.5000000000    1.1035951230e-06
 565.0000000000    1.1029589627e-06
 565.5000000000    1.1023379290e-06
 566.0000000000    1.1017288055e-06
 566.5000000000    1.1011247513e-06
 567.0000000000    1.1005153213e-06
 567.5000000000    1.0999136521e-06
 568.0000000000    1.0993261475e-06
 568.5000000000    1.0987471648e-06
 569.0000000000    1.0981828938e-06
 569.5000000000    1.0976278615e-06
 570.0000000000    1.0970752996e-06
 570.5000000000    1.0965229537e-06
 571.0000000000    1.0959748706e-06
 571.5000000000    1.0954379481e-06
 572.0000000000    1.0949160215e-06
 572.5000000000    1.0944064701e-06
 573.0000000000    1.0939023539e-06
 573.5000000000    1.0933981814e-06
 574.0000000000    1.0928945428e-06
 574.5000000000    1.0923975157e-06
 575.0000000000    1.0919134290e-06
 575.5000000000    1.0914434652e-06
 576.0000000000    1.0909825922e-06
 576.5000000000    1.0905238081e-06
 577.0000000000    1.0900641054e-06
 577.5000000000    1.0896070204e-06
 578.0000000000    1.0891596376e-06
 578.5000000000    1.0887265620e-06
 579.0000000000    1.0883059855e-06
 579.5000000000    1.0878912263e-06
 580.0000000000    1.0874764578e-06
 580.5000000000    1.0870617156e-06
 581.0000000000    1.0866528228e-06
 581.5000000000    1.0862564537e-06
 582.0000000000    1.0858744392e-06
 582.5000000000    1.0855022738e-06
 583.0000000000    1.0851329841e-06
 583.5000000000    1.0847630218e-06
 584.0000000000    1.0843952344e-06
 584.5000000000    1.0840364178e-06
 585.0000000000    1.0836914901e-06
 585.5000000000    1.0833593017e-06
 586.0000000000    1.0830336268e-06
 586.5000000000    1.0827083944e-06
 587.0000000000    1.0823827900e-06
 587.5000000000    1.0820618626e-06
 588.0000000000    1.0817521375e-06
 588.5000000000    1.0814560492e-06
 589.0000000000    1.0811698554e-06
 589.5000000000    1.0808867648e-06
 590.0000000000    1.0806026488e-06
 590.5000000000    1.0803194511e-06
 591.0000000000    1.0800435225e-06
 591.5000000000    1.0797801957e-06
 592.0000000000    1.0795292632e-06
 592.5000000000    1.0792851496e-06
 593.0000000000    1.0790416336e-06
 593.5000000000    1.0787971154e-06
 594.0000000000    1.0785559374e-06
 594.5000000000    1.0783246993e-06
 595.0000000000    1.0781066547e-06
 595.5000000000    1.0778989851e-06
 596.0000000000    1.0776951742e-06
 596.5000000000    1.0774905229e-06
 597.0000000000    1.0772861883e-06
 597.5000000000    1.0770881500e-06
 598.0000000000    1.0769021133e-06
 598.5000000000    1.0767286608e-06
 599.0000000000    1.0765627645e-06
 599.5000000000    1.0763980542e-06
 600.0000000000    1.0762321636e-06
 600.5000000000    1.0760687198e-06
 601.0000000000    1.0759142081e-06
 601.5000000000    1.0757723805e-06
 602.0000000000    1.0756410335e-06
 602.5000000000    1.0755138862e-06
 603.0000000000    1.0753858972e-06
 603.5000000000    1.0752574989e-06
 604.0000000000    1.0751341667e-06
 604.5000000000    1.0750217356e-06
 605.0000000000    1.0749214262e-06
 605.5000000000    1.0748288726e-06
 606.0000000000    1.0747378835e-06
 606.5000000000    1.0746457194e-06
 607.0000000000    1.0745553721e-06
 607.5000000000    1.0744657494e-06
 608.0000000000    1.0744028521e-06
 608.5000000000    1.0743361346e-06
 609.0000000000    1.0742817247e-06
 609.5000000000    1.0742343960e-06
 610.0000000000    1.0741720835e-06
 610.5000000000    1.0741212257e-06
 611.0000000000    1.0740801703e-06
 611.5000000000    1.0740506037e-06
 612.0000000000    1.0740288001e-06
 612.5000000000    1.0740086925e-06
 613.0000000000    1.0739868892e-06
 613.5000000000    1.0739654129e-06
 614.0000000000    1.0739498498e-06
 614.5000000000    1.0739445381e-06
 615.0000000000    1.0739488723e-06
 615.5000000000    1.0739578199e-06
 616.0000000000    1.0739662095e-06
 616.5000000000    1.0739731046e-06
 617.0000000000    1.0739826017e-06
 617.5000000000    1.0740003770e-06
 618.0000000000    1.0740289204e-06
 618.5000000000    1.0740654826e-06
 619.0000000000    1.0741044703e-06
 619.5000000000    1.0741422105e-06
 620.0000000000    1.0741800402e-06
 620.5000000000    1.0742231308e-06
 621.0000000000    1.0742760356e-06
 621.5000000000    1.0743388138e-06
 622.0000000000    1.0744069963e-06
 622.5000000000    1.0744753862e-06
 623.0000000000    1.0745424536e-06
 623.5000000000    1.0746116051e-06
 624.0000000000    1.0746882684e-06
 624.5000000000    1.0747753264e-06
 625.0000000000    1.0748707807e-06
 625.5000000000    1.0749695692e-06
 626.0000000000    1.0750679527e-06
 626.5000000000    1.0751667280e-06
 627.0000000000    1.0752705248e-06
 627.5000000000    1.0753838818e-06
 628.0000000000    1.0755074151e-06
 628.5000000000    1.0756373331e-06
 629.0000000000    1.0757686297e-06
 629.5000000000    1.0758992272e-06
 630.0000000000    1.0760315562e-06
 630.5000000000    1.0761703265e-06
 631.0000000000    1.0763184082e-06
 631.5000000000    1.0764743115e-06
 632.0000000000    1.0766333848e-06
 632.5000000000    1.0767916425e-06
 633.0000000000    1.0769489872e-06
 633.5000000000    1.0771091447e-06
 634.0000000000    1.0772764008e-06
 634.5000000000    1.0774519344e-06
 635.0000000000    1.0776328244e-06
 635.5000000000    1.0778145145e-06
 636.0000000000    1.0779946250e-06
 636.5000000000    1.0781749101e-06
 637.0000000000    1.0783597200e-06
 637.5000000000    1.0785523036e-06
 638.0000000000    1.0787520604e-06
 638.5000000000    1.0789551137e-06
 639.0000000000    1.0791575674e-06
 639.5000000000    1.0793587857e-06
 640.0000000000    1.0795618715e-06
 640.5000000000    1.0797709699e-06
 641.0000000000    1.0799877560e-06
 641.5000000000    1.0802100490e-06
 642.0000000000    1.0804337111e-06
 642.5000000000    1.0806561913e-06
 643.0000000000    1.0808786297e-06
 643.5000000000    1.0811049525e-06
 644.0000000000    1.0813385004e-06
 644.5000000000    1.0815793345e-06
 645.0000000000    1.0818243433e-06
 645.5000000000    1.0820699559e-06
 646.0000000000    1.0823152704e-06
 646.5000000000    1.0825627745e-06
 647.0000000000    1.0828162281e-06
 647.5000000000    1.0830775206e-06
 648.0000000000    1.0833451252e-06
 648.5000000000    1.0836154190e-06
 649.0000000000    1.0838857013e-06
 649.5000000000    1.0841563095e-06
 650.0000000000    1.0844301195e-06
 650.5000000000    1.0847099341e-06
 651.0000000000    1.0849959973e-06
 651.5000000000    1.0852856766e-06
 652.0000000000    1.0855755447e-06
 652.5000000000    1.0858640690e-06
 653.0000000000    1.0861526642e-06
 653.5000000000    1.0864443303e-06
 654.0000000000    1.0867410423e-06
 654.5000000000    1.0870420953e-06
 655.0000000000    1.0873447401e-06
 655.5000000000    1.0876465275e-06
 656.0000000000    1.0879473903e-06
 656.5000000000    1.0882497371e-06
 657.0000000000    1.0885565384e-06
 657.5000000000    1.0888689976e-06
 658.0000000000    1.0891857454e-06
 658.5000000000    1.0895041940e-06
 659.0000000000    1.0898228751e-06
 659.5000000000    1.0901427842e-06
 660.0000000000    1.0904666535e-06
 660.5000000000    1.0907967998e-06
 661.0000000000    1.0911333347e-06
 661.5000000000    1.0914742321e-06
 662.0000000000    1.0918171526e-06
 662.5000000000    1.0921614387e-06
 663.0000000000    1.0925086322e-06
 663.5000000000    1.0928610984e-06
 664.0000000000    1.0932199901e-06
 664.5000000000    1.0935842014e-06
 665.0000000000    1.0939511757e-06
 665.5000000000    1.0943188468e-06
 666.0000000000    1.0946870528e-06
 666.5000000000    1.0950573101e-06
 667.0000000000    1.0954312115e-06
 667.5000000000    1.0958088315e-06
 668.0000000000    1.0961884618e-06
 668.5000000000    1.0965678612e-06
 669.0000000000    1.0969459324e-06
 669.5000000000    1.0973234554e-06
 670.0000000000    1.0977023404e-06
 670.5000000000    1.0980840813e-06
 671.0000000000    1.0984686855e-06
 671.5000000000    1.0988548919e-06
 672.0000000000    1.0992414146e-06
 672.5000000000    1.0996281394e-06
 673.0000000000    1.1000163172e-06
 673.5000000000    1.1004076544e-06
 674.0000000000    1.1008030575e-06
 674.5000000000    1.1012020167e-06
 675.0000000000    1.1016030606e-06
 675.5000000000    1.1020048771e-06
 676.0000000000    1.1024072136e-06
 676.5000000000    1.1028108857e-06
 677.0000000000    1.1032169516e-06
 677.5000000000    1.1036257233e-06
 678.0000000000    1.1040363751e-06
 678.5000000000    1.1044474292e-06
 679.0000000000    1.1048577246e-06
 679.5000000000    1.1052671321e-06
 680.0000000000    1.1056764830e-06
 680.5000000000    1.1060867690e-06
 681.0000000000    1.1064982022e-06
 681.5000000000    1.1069098470e-06
 682.0000000000    1.1073200829e-06
 682.5000000000    1.1077275726e-06
 683.0000000000    1.1081320081e-06
 683.5000000000    1.1085340421e-06
 684.0000000000    1.1089351731e-06
 684.5000000000    1.1093338001e-06
 685.0000000000    1.1097293150e-06
 685.5000000000    1.1101197912e-06
 686.0000000000    1.1105039213e-06
 686.5000000000    1.1108818276e-06
 687.0000000000    1.1112548363e-06
 687.5000000000    1.1116243395e-06
 688.0000000000    1.1119906379e-06
 688.5000000000    1.1123527504e-06
 689.0000000000    1.1127093846e-06
 689.5000000000    1.1130603252e-06
 690.0000000000    1.1134063615e-06
 690.5000000000    1.1137514029e-06
 691.0000000000    1.1140967741e-06
 691.5000000000    1.1144428479e-06
 692.0000000000    1.1147885303e-06
 692.5000000000    1.1151326561e-06
 693.0000000000    1.1154754666e-06
 693.5000000000    1.1158189100e-06
 694.0000000000    1.1161654695e-06
 694.5000000000    1.1165164404e-06
 695.0000000000    1.1168710725e-06
 695.5000000000    1.1172273335e-06
 696.0000000000    1.1175837372e-06
 696.5000000000    1.1179407493e-06
 697.0000000000    1.1183005812e-06
 697.5000000000    1.1186654868e-06
 698.0000000000    1.1190359294e-06
 698.5000000000    1.1194101649e-06
 699.0000000000    1.1197856421e-06
 699.5000000000    1.1201611267e-06
 700.0000000000    1.1205377702e-06
