#          time         max mod phi
   0.0000000000    8.9287085806e-02
   0.5000000000    8.9294821932e-02
   1.0000000000    8.9291569706e-02
   1.5000000000    8.9294575697e-02
   2.0000000000    8.9293527477e-02
   2.5000000000    8.9293635184e-02
   3.0000000000    8.9294667961e-02
   3.5000000000    8.9291793835e-02
   4.0000000000    8.9295105042e-02
   4.5000000000    8.9290380789e-02
   5.0000000000    8.9295242712e-02
   5.5000000000    8.9292575815e-02
   6.0000000000    8.9294659991e-02
   6.5000000000    8.9293888624e-02
   7.0000000000    8.9293486306e-02
   7.5000000000    8.9294911387e-02
   8.0000000000    8.9292269469e-02
   8.5000000000    8.9295706194e-02
   9.0000000000    8.9290609269e-02
   9.5000000000    8.9295714080e-02
  10.0000000000    8.9292091443e-02
  10.5000000000    8.9295346049e-02
  11.0000000000    8.9293706881e-02
  11.5000000000    8.9295066549e-02
  12.0000000000    8.9295104318e-02
  12.5000000000    8.9294300098e-02
  13.0000000000    8.9295727173e-02
  13.5000000000    8.9292984534e-02
  14.0000000000    8.9296124425e-02
  14.5000000000    8.9291841652e-02
  15.0000000000    8.9296686255e-02
  15.5000000000    8.9292166864e-02
  16.0000000000    8.9296749567e-02
  16.5000000000    8.9293367594e-02
  17.0000000000    8.9296306901e-02
  17.5000000000    8.9294414547e-02
  18.0000000000    8.9296112874e-02
  18.5000000000    8.9295707321e-02
  19.0000000000    8.9295893064e-02
  19.5000000000    8.9296483897e-02
  20.0000000000    8.9295109846e-02
  20.5000000000    8.9296790871e-02
  21.0000000000    8.9294186421e-02
  21.5000000000    8.9297343450e-02
  22.0000000000    8.9293661661e-02
  22.5000000000    8.9297931153e-02
  23.0000000000    8.9292806016e-02
  23.5000000000    8.9297908521e-02
  24.0000000000    8.9293080510e-02
  24.5000000000    8.9297818490e-02
  25.0000000000    8.9294267363e-02
  25.5000000000    8.9298123360e-02
  26.0000000000    8.9295504358e-02
  26.5000000000    8.9298080759e-02
  27.0000000000    8.9296202748e-02
  27.5000000000    8.9297595380e-02
  28.0000000000    8.9296765427e-02
  28.5000000000    8.9297387587e-02
  29.0000000000    8.9297694400e-02
  29.5000000000    8.9297353768e-02
  30.0000000000    8.9298395206e-02
  30.5000000000    8.9296839896e-02
  31.0000000000    8.9298625596e-02
  31.5000000000    8.9296170494e-02
  32.0000000000    8.9299065726e-02
  32.5000000000    8.9295880490e-02
  33.0000000000    8.9299718315e-02
  33.5000000000    8.9295463319e-02
  34.0000000000    8.9299936544e-02
  34.5000000000    8.9294616841e-02
  35.0000000000    8.9299922826e-02
  35.5000000000    8.9295072193e-02
  36.0000000000    8.9300299446e-02
  36.5000000000    8.9296374384e-02
  37.0000000000    8.9300577120e-02
  37.5000000000    8.9297305018e-02
  38.0000000000    8.9300398042e-02
  38.5000000000    8.9297987667e-02
  39.0000000000    8.9300299189e-02
  39.5000000000    8.9298992861e-02
  40.0000000000    8.9300461213e-02
  40.5000000000    8.9299988468e-02
  41.0000000000    8.9300292644e-02
  41.5000000000    8.9300546208e-02
  42.0000000000    8.9299817993e-02
  42.5000000000    8.9301124530e-02
  43.0000000000    8.9299591975e-02
  43.5000000000    8.9301985360e-02
  44.0000000000    8.9299369612e-02
  44.5000000000    8.9302564097e-02
  45.0000000000    8.9298709257e-02
  45.5000000000    8.9302827613e-02
  46.0000000000    8.9297961158e-02
  46.5000000000    8.9303280471e-02
  47.0000000000    8.9298362028e-02
  47.5000000000    8.9303820488e-02
  48.0000000000    8.9299795042e-02
  48.5000000000    8.9303877782e-02
  49.0000000000    8.9300862453e-02
  49.5000000000    8.9303849994e-02
  50.0000000000    8.9302152961e-02
  50.5000000000    8.9304023996e-02
  51.0000000000    8.9303489177e-02
  51.5000000000    8.9303951094e-02
  52.0000000000    8.9304442282e-02
  52.5000000000    8.9303466328e-02
  53.0000000000    8.9305225541e-02
  53.5000000000    8.9303028352e-02
  54.0000000000    8.9306207135e-02
  54.5000000000    8.9302612005e-02
  55.0000000000    8.9306992212e-02
  55.5000000000    8.9301747280e-02
  56.0000000000    8.9307334290e-02
  56.5000000000    8.9302937016e-02
  57.0000000000    8.9307661458e-02
  57.5000000000    8.9304801208e-02
  58.0000000000    8.9308114781e-02
  58.5000000000    8.9306446585e-02
  59.0000000000    8.9308167225e-02
  59.5000000000    8.9307597321e-02
  60.0000000000    8.9307957833e-02
  60.5000000000    8.9308792766e-02
  61.0000000000    8.9307880998e-02
  61.5000000000    8.9310131914e-02
  62.0000000000    8.9307627904e-02
  62.5000000000    8.9311097958e-02
  63.0000000000    8.9306850567e-02
  63.5000000000    8.9311717429e-02
  64.0000000000    8.9306737441e-02
  64.5000000000    8.9312443748e-02
  65.0000000000    8.9309089420e-02
  65.5000000000    8.9313042010e-02
  66.0000000000    8.9311077610e-02
  66.5000000000    8.9313084911e-02
  67.0000000000    8.9312652021e-02
  67.5000000000    8.9312911836e-02
  68.0000000000    8.9314293284e-02
  68.5000000000    8.9312778920e-02
  69.0000000000    8.9315835315e-02
  69.5000000000    8.9312208283e-02
  70.0000000000    8.9316797829e-02
  70.5000000000    8.9311748458e-02
  71.0000000000    8.9317452267e-02
  71.5000000000    8.9314389762e-02
  72.0000000000    8.9318124113e-02
  72.5000000000    8.9316948533e-02
  73.0000000000    8.9318377632e-02
  73.5000000000    8.9318909697e-02
  74.0000000000    8.9317944824e-02
  74.5000000000    8.9320441110e-02
  75.0000000000    8.9317282833e-02
  75.5000000000    8.9321955339e-02
  76.0000000000    8.9317305887e-02
  76.5000000000    8.9323107805e-02
  77.0000000000    8.9320344359e-02
  77.5000000000    8.9323416906e-02
  78.0000000000    8.9322703516e-02
  78.5000000000    8.9323323544e-02
  79.0000000000    8.9325069933e-02
  79.5000000000    8.9323198399e-02
  80.0000000000    8.9327113476e-02
  80.5000000000    8.9322218990e-02
  81.0000000000    8.9328177692e-02
  81.5000000000    8.9325150079e-02
  82.0000000000    8.9328773981e-02
  82.5000000000    8.9328314568e-02
  83.0000000000    8.9329108322e-02
  83.5000000000    8.9331069997e-02
  84.0000000000    8.9328655095e-02
  84.5000000000    8.9332887501e-02
  85.0000000000    8.9328320489e-02
  85.5000000000    8.9334031085e-02
  86.0000000000    8.9332233924e-02
  86.5000000000    8.9334829060e-02
  87.0000000000    8.9335651692e-02
  87.5000000000    8.9334742834e-02
  88.0000000000    8.9338066602e-02
  88.5000000000    8.9333569417e-02
  89.0000000000    8.9339628516e-02
  89.5000000000    8.9337290090e-02
  90.0000000000    8.9340675348e-02
  90.5000000000    8.9341226685e-02
  91.0000000000    8.9340815305e-02
  91.5000000000    8.9344060152e-02
  92.0000000000    8.9339682667e-02
  92.5000000000    8.9345827444e-02
  93.0000000000    8.9343814007e-02
  93.5000000000    8.9346904325e-02
  94.0000000000    8.9348008234e-02
  94.5000000000    8.9346971221e-02
  95.0000000000    8.9350987596e-02
  95.5000000000    8.9346882293e-02
  96.0000000000    8.9352685658e-02
  96.5000000000    8.9351852876e-02
  97.0000000000    8.9353474501e-02
  97.5000000000    8.9355980840e-02
  98.0000000000    8.9353111973e-02
  98.5000000000    8.9358736971e-02
  99.0000000000    8.9356475249e-02
  99.5000000000    8.9359957971e-02
 100.0000000000    8.9361189098e-02
 100.5000000000    8.9360131351e-02
 101.0000000000    8.9364905404e-02
 101.5000000000    8.9361951743e-02
 102.0000000000    8.9366871353e-02
 102.5000000000    8.9367327698e-02
 103.0000000000    8.9367222637e-02
 103.5000000000    8.9371338684e-02
 104.0000000000    8.9368078062e-02
 104.5000000000    8.9373934540e-02
 105.0000000000    8.9374392238e-02
 105.5000000000    8.9374801802e-02
 106.0000000000    8.9378825448e-02
 106.5000000000    8.9375591328e-02
 107.0000000000    8.9381393048e-02
 107.5000000000    8.9382105393e-02
 108.0000000000    8.9382341202e-02
 108.5000000000    8.9386964790e-02
 109.0000000000    8.9384490228e-02
 109.5000000000    8.9389632788e-02
 110.0000000000    8.9390998675e-02
 110.5000000000    8.9390091215e-02
 111.0000000000    8.9395573432e-02
 111.5000000000    8.9394296835e-02
 112.0000000000    8.9398204402e-02
 112.5000000000    8.9400978120e-02
 113.0000000000    8.9398329398e-02
 113.5000000000    8.9405105504e-02
 114.0000000000    8.9405270838e-02
 114.5000000000    8.9406899329e-02
 115.0000000000    8.9411452501e-02
 115.5000000000    8.9409521299e-02
 116.0000000000    8.9415166941e-02
 116.5000000000    8.9417423057e-02
 117.0000000000    8.9415913455e-02
 117.5000000000    8.9422470247e-02
 118.0000000000    8.9422786801e-02
 118.5000000000    8.9424938639e-02
 119.0000000000    8.9429824248e-02
 119.5000000000    8.9428498545e-02
 120.0000000000    8.9433800742e-02
 120.5000000000    8.9436853841e-02
 121.0000000000    8.9434424602e-02
 121.5000000000    8.9442101945e-02
 122.0000000000    8.9443893448e-02
 122.5000000000    8.9444415272e-02
 123.0000000000    8.9450910124e-02
 123.5000000000    8.9451478461e-02
 124.0000000000    8.9454257946e-02
 124.5000000000    8.9459451242e-02
 125.0000000000    8.9458980756e-02
 125.5000000000    8.9464037865e-02
 126.0000000000    8.9468577341e-02
 126.5000000000    8.9467529263e-02
 127.0000000000    8.9474429623e-02
 127.5000000000    8.9478107469e-02
 128.0000000000    8.9476276416e-02
 128.5000000000    8.9484593550e-02
 129.0000000000    8.9487879983e-02
 129.5000000000    8.9487260754e-02
 130.0000000000    8.9495645615e-02
 130.5000000000    8.9498695569e-02
 131.0000000000    8.9498845900e-02
 131.5000000000    8.9506799636e-02
 132.0000000000    8.9509629544e-02
 132.5000000000    8.9510395202e-02
 133.0000000000    8.9518549221e-02
 133.5000000000    8.9521734267e-02
 134.0000000000    8.9522817823e-02
 134.5000000000    8.9531082092e-02
 135.0000000000    8.9534393076e-02
 135.5000000000    8.9535164842e-02
 136.0000000000    8.9543818602e-02
 136.5000000000    8.9547821981e-02
 137.0000000000    8.9548310834e-02
 137.5000000000    8.9557712786e-02
 138.0000000000    8.9562421667e-02
 138.5000000000    8.9562492683e-02
 139.0000000000    8.9571826670e-02
 139.5000000000    8.9577366093e-02
 140.0000000000    8.9578574783e-02
 140.5000000000    8.9586758555e-02
 141.0000000000    8.9593597788e-02
 141.5000000000    8.9596075436e-02
 142.0000000000    8.9602314132e-02
 142.5000000000    8.9610190147e-02
 143.0000000000    8.9613912918e-02
 143.5000000000    8.9617968059e-02
 144.0000000000    8.9627487898e-02
 144.5000000000    8.9632989856e-02
 145.0000000000    8.9634462145e-02
 145.5000000000    8.9645441123e-02
 146.0000000000    8.9652441926e-02
 146.5000000000    8.9655580073e-02
 147.0000000000    8.9663308556e-02
 147.5000000000    8.9672372950e-02
 148.0000000000    8.9677754089e-02
 148.5000000000    8.9681865441e-02
 149.0000000000    8.9692894037e-02
 149.5000000000    8.9700223663e-02
 150.0000000000    8.9703995393e-02
 150.5000000000    8.9713083993e-02
 151.0000000000    8.9722886980e-02
 151.5000000000    8.9729329485e-02
 152.0000000000    8.9733693692e-02
 152.5000000000    8.9745917099e-02
 153.0000000000    8.9754760309e-02
 153.5000000000    8.9760349304e-02
 154.0000000000    8.9768290850e-02
 154.5000000000    8.9779976593e-02
 155.0000000000    8.9788617048e-02
 155.5000000000    8.9794210754e-02
 156.0000000000    8.9805153317e-02
 156.5000000000    8.9816609525e-02
 157.0000000000    8.9825106111e-02
 157.5000000000    8.9830778192e-02
 158.0000000000    8.9843788736e-02
 158.5000000000    8.9855662979e-02
 159.0000000000    8.9864799010e-02
 159.5000000000    8.9871204875e-02
 160.0000000000    8.9885344769e-02
 160.5000000000    8.9897722246e-02
 161.0000000000    8.9907544350e-02
 161.5000000000    8.9914923071e-02
 162.0000000000    8.9929404020e-02
 162.5000000000    8.9942986343e-02
 163.0000000000    8.9954138396e-02
 163.5000000000    8.9962890807e-02
 164.0000000000    8.9976488558e-02
 164.5000000000    8.9991296752e-02
 165.0000000000    9.0003925647e-02
 165.5000000000    9.0014461963e-02
 166.0000000000    9.0026437613e-02
 166.5000000000    9.0043119648e-02
 167.0000000000    9.0057680056e-02
 167.5000000000    9.0070176988e-02
 168.0000000000    9.0080715338e-02
 168.5000000000    9.0097705234e-02
 169.0000000000    9.0114491985e-02
 169.5000000000    9.0129511735e-02
 170.0000000000    9.0142772267e-02
 170.5000000000    9.0155638348e-02
 171.0000000000    9.0174866798e-02
 171.5000000000    9.0192377163e-02
 172.0000000000    9.0208301587e-02
 172.5000000000    9.0222761808e-02
 173.0000000000    9.0237860483e-02
 173.5000000000    9.0258526645e-02
 174.0000000000    9.0277694149e-02
 174.5000000000    9.0295380647e-02
 175.0000000000    9.0311668972e-02
 175.5000000000    9.0327005984e-02
 176.0000000000    9.0349432122e-02
 176.5000000000    9.0370721664e-02
 177.0000000000    9.0390884125e-02
 177.5000000000    9.0409891834e-02
 178.0000000000    9.0427742705e-02
 178.5000000000    9.0448668798e-02
 179.0000000000    9.0472419221e-02
 179.5000000000    9.0495268357e-02
 180.0000000000    9.0517312232e-02
 180.5000000000    9.0538568705e-02
 181.0000000000    9.0559006177e-02
 181.5000000000    9.0582983373e-02
 182.0000000000    9.0609130947e-02
 182.5000000000    9.0634517081e-02
 183.0000000000    9.0659294978e-02
 183.5000000000    9.0683575937e-02
 184.0000000000    9.0707392427e-02
 184.5000000000    9.0731507390e-02
 185.0000000000    9.0761014529e-02
 185.5000000000    9.0789921492e-02
 186.0000000000    9.0818339885e-02
 186.5000000000    9.0846422604e-02
 187.0000000000    9.0874293945e-02
 187.5000000000    9.0902003029e-02
 188.0000000000    9.0929529711e-02
 188.5000000000    9.0962051513e-02
 189.0000000000    9.0994990239e-02
 189.5000000000    9.1027704287e-02
 190.0000000000    9.1060335067e-02
 190.5000000000    9.1093012825e-02
 191.0000000000    9.1125806097e-02
 191.5000000000    9.1158712859e-02
 192.0000000000    9.1191701100e-02
 192.5000000000    9.1226947964e-02
 193.0000000000    9.1265060833e-02
 193.5000000000    9.1303324427e-02
 194.0000000000    9.1341870531e-02
 194.5000000000    9.1380783304e-02
 195.0000000000    9.1420079943e-02
 195.5000000000    9.1459737367e-02
 196.0000000000    9.1499743454e-02
 196.5000000000    9.1540139443e-02
 197.0000000000    9.1581023462e-02
 197.5000000000    9.1622517899e-02
 198.0000000000    9.1667195162e-02
 198.5000000000    9.1713681705e-02
 199.0000000000    9.1760782829e-02
 199.5000000000    9.1808482362e-02
 200.0000000000    9.1856798504e-02
 200.5000000000    9.1905802688e-02
 201.0000000000    9.1955601862e-02
 201.5000000000    9.2006298965e-02
 202.0000000000    9.2057956623e-02
 202.5000000000    9.2110586865e-02
 203.0000000000    9.2164173897e-02
 203.5000000000    9.2218717018e-02
 204.0000000000    9.2274259758e-02
 204.5000000000    9.2330890350e-02
 205.0000000000    9.2388711837e-02
 205.5000000000    9.2447801922e-02
 206.0000000000    9.2508193552e-02
 206.5000000000    9.2569880980e-02
 207.0000000000    9.2632850901e-02
 207.5000000000    9.2697119100e-02
 208.0000000000    9.2762748983e-02
 208.5000000000    9.2829838777e-02
 209.0000000000    9.2898480301e-02
 209.5000000000    9.2968865977e-02
 210.0000000000    9.3040854726e-02
 210.5000000000    9.3114259641e-02
 211.0000000000    9.3189078448e-02
 211.5000000000    9.3265656429e-02
 212.0000000000    9.3343997030e-02
 212.5000000000    9.3424140327e-02
 213.0000000000    9.3506156177e-02
 213.5000000000    9.3590060397e-02
 214.0000000000    9.3675826728e-02
 214.5000000000    9.3763430923e-02
 215.0000000000    9.3852892552e-02
 215.5000000000    9.3944281452e-02
 216.0000000000    9.4037694504e-02
 216.5000000000    9.4133211206e-02
 217.0000000000    9.4230859148e-02
 217.5000000000    9.4330613382e-02
 218.0000000000    9.4432434179e-02
 218.5000000000    9.4536314713e-02
 219.0000000000    9.4642304871e-02
 219.5000000000    9.4750497248e-02
 220.0000000000    9.4860980898e-02
 220.5000000000    9.4973793497e-02
 221.0000000000    9.5088911775e-02
 221.5000000000    9.5206281226e-02
 222.0000000000    9.5326192530e-02
 222.5000000000    9.5452764935e-02
 223.0000000000    9.5581912840e-02
 223.5000000000    9.5713733541e-02
 224.0000000000    9.5848284307e-02
 224.5000000000    9.5985552082e-02
 225.0000000000    9.6125474054e-02
 225.5000000000    9.6267990955e-02
 226.0000000000    9.6413102043e-02
 226.5000000000    9.6560869036e-02
 227.0000000000    9.6716814181e-02
 227.5000000000    9.6877458296e-02
 228.0000000000    9.7041230804e-02
 228.5000000000    9.7208066807e-02
 229.0000000000    9.7377884020e-02
 229.5000000000    9.7550645372e-02
 230.0000000000    9.7726386092e-02
 230.5000000000    9.7912397382e-02
 231.0000000000    9.8103772770e-02
 231.5000000000    9.8298684525e-02
 232.0000000000    9.8497074390e-02
 232.5000000000    9.8698841706e-02
 233.0000000000    9.8904089793e-02
 233.5000000000    9.9123559926e-02
 234.0000000000    9.9346828251e-02
 234.5000000000    9.9573985539e-02
 235.0000000000    9.9805072693e-02
 235.5000000000    1.0004018415e-01
 236.0000000000    1.0029197309e-01
 236.5000000000    1.0054793766e-01
 237.0000000000    1.0080803008e-01
 237.5000000000    1.0107227939e-01
 238.0000000000    1.0134900179e-01
 238.5000000000    1.0163709862e-01
 239.0000000000    1.0193006069e-01
 239.5000000000    1.0222778790e-01
 240.0000000000    1.0253879098e-01
 240.5000000000    1.0286306720e-01
 241.0000000000    1.0319254764e-01
 241.5000000000    1.0352727687e-01
 242.0000000000    1.0388256767e-01
 242.5000000000    1.0424769198e-01
 243.0000000000    1.0461885513e-01
 243.5000000000    1.0500344650e-01
 244.0000000000    1.0540796340e-01
 244.5000000000    1.0581908982e-01
 245.0000000000    1.0624010531e-01
 245.5000000000    1.0668835133e-01
 246.0000000000    1.0714435016e-01
 246.5000000000    1.0761104024e-01
 247.0000000000    1.0810872527e-01
 247.5000000000    1.0861509301e-01
 248.0000000000    1.0913736822e-01
 248.5000000000    1.0969009212e-01
 249.0000000000    1.1025274473e-01
 249.5000000000    1.1084261801e-01
 250.0000000000    1.1145798706e-01
 250.5000000000    1.1208490591e-01
 251.0000000000    1.1275711964e-01
 251.5000000000    1.1344368882e-01
 252.0000000000    1.1416241209e-01
 252.5000000000    1.1491485850e-01
 253.0000000000    1.1568844944e-01
 253.5000000000    1.1651442871e-01
 254.0000000000    1.1735838698e-01
 254.5000000000    1.1826102248e-01
 255.0000000000    1.1919015322e-01
 255.5000000000    1.2017560304e-01
 256.0000000000    1.2120029696e-01
 256.5000000000    1.2228291450e-01
 257.0000000000    1.2341585811e-01
 257.5000000000    1.2461311261e-01
 258.0000000000    1.2586947662e-01
 258.5000000000    1.2720219216e-01
 259.0000000000    1.2859969922e-01
 259.5000000000    1.3009286494e-01
 260.0000000000    1.3165270612e-01
 260.5000000000    1.3333717546e-01
 261.0000000000    1.3509666903e-01
 261.5000000000    1.3699947553e-01
 262.0000000000    1.3901025476e-01
 262.5000000000    1.4115880783e-01
 263.0000000000    1.4347465183e-01
 263.5000000000    1.4592728665e-01
 264.0000000000    1.4860075307e-01
 264.5000000000    1.5146618362e-01
 265.0000000000    1.5452747375e-01
 265.5000000000    1.5790211261e-01
 266.0000000000    1.6153336757e-01
 266.5000000000    1.6544776403e-01
 267.0000000000    1.6976657339e-01
 267.5000000000    1.7447628971e-01
 268.0000000000    1.7959422595e-01
 268.5000000000    1.8516180333e-01
 269.0000000000    1.9135312782e-01
 269.5000000000    1.9811753845e-01
 270.0000000000    2.0547552023e-01
 270.5000000000    2.1344065226e-01
 271.0000000000    2.2199195798e-01
 271.5000000000    2.3105448095e-01
 272.0000000000    2.4047717922e-01
 272.5000000000    2.5004991200e-01
 273.0000000000    2.5938260808e-01
 273.5000000000    2.6795277324e-01
 274.0000000000    2.7541394662e-01
 274.5000000000    2.8104651138e-01
 275.0000000000    2.8367372357e-01
 275.5000000000    2.8096134474e-01
 276.0000000000    2.6960082380e-01
 276.5000000000    2.4754438624e-01
 277.0000000000    2.1647266185e-01
 277.5000000000    1.8122178100e-01
 278.0000000000    1.4689891475e-01
 278.5000000000    1.1968278221e-01
 279.0000000000    9.9970846483e-02
 279.5000000000    8.3583348400e-02
 280.0000000000    7.0268095377e-02
 280.5000000000    5.9620488920e-02
 281.0000000000    5.1158809259e-02
 281.5000000000    4.6037772396e-02
 282.0000000000    4.2211705011e-02
 282.5000000000    3.8517134045e-02
 283.0000000000    3.4771457752e-02
 283.5000000000    3.1349057730e-02
 284.0000000000    2.9327385417e-02
 284.5000000000    2.6906826242e-02
 285.0000000000    2.4144292679e-02
 285.5000000000    2.2434901582e-02
 286.0000000000    2.0938948452e-02
 286.5000000000    1.9001045257e-02
 287.0000000000    1.8021730901e-02
 287.5000000000    1.6791874638e-02
 288.0000000000    1.5601875284e-02
 288.5000000000    1.4695343071e-02
 289.0000000000    1.3665112579e-02
 289.5000000000    1.2745920598e-02
 290.0000000000    1.2102101459e-02
 290.5000000000    1.1175645543e-02
 291.0000000000    1.0630347871e-02
 291.5000000000    1.0176748473e-02
 292.0000000000    9.6058443792e-03
 292.5000000000    8.9816164132e-03
 293.0000000000    8.4594706700e-03
 293.5000000000    8.1071548080e-03
 294.0000000000    7.7316699677e-03
 294.5000000000    7.3577043663e-03
 295.0000000000    7.0005884718e-03
 295.5000000000    6.6617752570e-03
 296.0000000000    6.3293149546e-03
 296.5000000000    5.9822522455e-03
 297.0000000000    5.7818012565e-03
 297.5000000000    5.5895028588e-03
 298.0000000000    5.3423572882e-03
 298.5000000000    5.1285773903e-03
 299.0000000000    4.9989588279e-03
 299.5000000000    4.7540874226e-03
 300.0000000000    4.6651822882e-03
 300.5000000000    4.4783881611e-03
 301.0000000000    4.3281498856e-03
 301.5000000000    4.2355342627e-03
 302.0000000000    4.1057002767e-03
 302.5000000000    3.9685174677e-03
 303.0000000000    3.8501556802e-03
 303.5000000000    3.7993815355e-03
 304.0000000000    3.7420691043e-03
 304.5000000000    3.6798208689e-03
 305.0000000000    3.6104108258e-03
 305.5000000000    3.5265377864e-03
 306.0000000000    3.4361676664e-03
 306.5000000000    3.4247107873e-03
 307.0000000000    3.3151873028e-03
 307.5000000000    3.3043050123e-03
 308.0000000000    3.2578256715e-03
 308.5000000000    3.2082452519e-03
 309.0000000000    3.1816714047e-03
 309.5000000000    3.1420132511e-03
 310.0000000000    3.1121789858e-03
 310.5000000000    3.0460831889e-03
 311.0000000000    3.0108916415e-03
 311.5000000000    3.0096488644e-03
 312.0000000000    2.9416369530e-03
 312.5000000000    2.8904432689e-03
 313.0000000000    2.8554734409e-03
 313.5000000000    2.9059041583e-03
 314.0000000000    2.8654041243e-03
 314.5000000000    2.7572154778e-03
 315.0000000000    2.6516507375e-03
 315.5000000000    2.5358196317e-03
 316.0000000000    2.3707022272e-03
 316.5000000000    2.1453034918e-03
 317.0000000000    1.8768497580e-03
 317.5000000000    1.5933106632e-03
 318.0000000000    1.3208840156e-03
 318.5000000000    1.2049331536e-03
 319.0000000000    1.1271519976e-03
 319.5000000000    1.0686223677e-03
 320.0000000000    1.0149918764e-03
 320.5000000000    9.6398576809e-04
 321.0000000000    9.1531599643e-04
 321.5000000000    8.7020500752e-04
 322.0000000000    8.2982224816e-04
 322.5000000000    7.9603957399e-04
 323.0000000000    7.6276797731e-04
 323.5000000000    7.2842470121e-04
 324.0000000000    6.9401728605e-04
 324.5000000000    6.6147320492e-04
 325.0000000000    6.3216673569e-04
 325.5000000000    6.0592164326e-04
 326.0000000000    5.8121477412e-04
 326.5000000000    5.5634747241e-04
 327.0000000000    5.3063839180e-04
 327.5000000000    5.0481274851e-04
 328.0000000000    4.8040609785e-04
 328.5000000000    4.5863237086e-04
 329.0000000000    4.3951486403e-04
 329.5000000000    4.2191390434e-04
 330.0000000000    4.0439220689e-04
 330.5000000000    3.8622089587e-04
 331.0000000000    3.6781764043e-04
 331.5000000000    3.5037693829e-04
 332.0000000000    3.3497331176e-04
 332.5000000000    3.2176537187e-04
 333.0000000000    3.0989274260e-04
 333.5000000000    2.9852987527e-04
 334.0000000000    2.9106417494e-04
 334.5000000000    2.8353632487e-04
 335.0000000000    2.7668468435e-04
 335.5000000000    2.7059120676e-04
 336.0000000000    2.6470432266e-04
 336.5000000000    2.5827957651e-04
 337.0000000000    2.5090454048e-04
 337.5000000000    2.4276728017e-04
 338.0000000000    2.3452497484e-04
 338.5000000000    2.2686672069e-04
 339.0000000000    2.2005401256e-04
 339.5000000000    2.1376246371e-04
 340.0000000000    2.0734215810e-04
 340.5000000000    2.0029347548e-04
 341.0000000000    1.9261442472e-04
 341.5000000000    1.8479796545e-04
 342.0000000000    1.7749154425e-04
 342.5000000000    1.7104479685e-04
 343.0000000000    1.6526949887e-04
 343.5000000000    1.5959669137e-04
 344.0000000000    1.5350105691e-04
 344.5000000000    1.4686886341e-04
 345.0000000000    1.4006484253e-04
 345.5000000000    1.3367030160e-04
 346.0000000000    1.2807075268e-04
 346.5000000000    1.2318448789e-04
 347.0000000000    1.1853698186e-04
 347.5000000000    1.1361421871e-04
 348.0000000000    1.0822340083e-04
 348.5000000000    1.0373451873e-04
 349.0000000000    9.9579134790e-05
 349.5000000000    9.6002556005e-05
 350.0000000000    9.3367970481e-05
 350.5000000000    9.1194449845e-05
 351.0000000000    8.8951417470e-05
 351.5000000000    8.6205025806e-05
 352.0000000000    8.2911280505e-05
 352.5000000000    7.9528593061e-05
 353.0000000000    7.6653687659e-05
 353.5000000000    7.5009245704e-05
 354.0000000000    7.3305993315e-05
 354.5000000000    7.1159081741e-05
 355.0000000000    6.8980826658e-05
 355.5000000000    6.6310879575e-05
 356.0000000000    6.3548304773e-05
 356.5000000000    6.1486715832e-05
 357.0000000000    6.0213078038e-05
 357.5000000000    5.8877944830e-05
 358.0000000000    5.7094057326e-05
 358.5000000000    5.5211282370e-05
 359.0000000000    5.3021792302e-05
 359.5000000000    5.0740106689e-05
 360.0000000000    4.9202708593e-05
 360.5000000000    4.8217474957e-05
 361.0000000000    4.7168700468e-05
 361.5000000000    4.5713124179e-05
 362.0000000000    4.4082663746e-05
 362.5000000000    4.2257859780e-05
 363.0000000000    4.0346570206e-05
 363.5000000000    3.9744705778e-05
 364.0000000000    3.9399774139e-05
 364.5000000000    4.0192682845e-05
 365.0000000000    4.1290472234e-05
 365.5000000000    4.1934972334e-05
 366.0000000000    4.2299883547e-05
 366.5000000000    4.2161791454e-05
 367.0000000000    4.1736701991e-05
 367.5000000000    4.2103869215e-05
 368.0000000000    4.2901302470e-05
 368.5000000000    4.3863951451e-05
 369.0000000000    4.4382524499e-05
 369.5000000000    4.4241908351e-05
 370.0000000000    4.3941828420e-05
 370.5000000000    4.3428428346e-05
 371.0000000000    4.4010502336e-05
 371.5000000000    4.4608581056e-05
 372.0000000000    4.5361086430e-05
 372.5000000000    4.5637988053e-05
 373.0000000000    4.5253010568e-05
 373.5000000000    4.4642629109e-05
 374.0000000000    4.4115646808e-05
 374.5000000000    4.4414308805e-05
 375.0000000000    4.4934782265e-05
 375.5000000000    4.5502668259e-05
 376.0000000000    4.5534268452e-05
 376.5000000000    4.4964200521e-05
 377.0000000000    4.4218666619e-05
 377.5000000000    4.3688633235e-05
 378.0000000000    4.3909720302e-05
 378.5000000000    4.4376831260e-05
 379.0000000000    4.4817942892e-05
 379.5000000000    4.4722244634e-05
 380.0000000000    4.4066539371e-05
 380.5000000000    4.3246775977e-05
 381.0000000000    4.2793458648e-05
 381.5000000000    4.3076515914e-05
 382.0000000000    4.3456284874e-05
 382.5000000000    4.3781778770e-05
 383.0000000000    4.3540537378e-05
 383.5000000000    4.2777682359e-05
 384.0000000000    4.1936033343e-05
 384.5000000000    4.1637310750e-05
 385.0000000000    4.1782978327e-05
 385.5000000000    4.2135772568e-05
 386.0000000000    4.2287500325e-05
 386.5000000000    4.1852485160e-05
 387.0000000000    4.0972038081e-05
 387.5000000000    4.0131677946e-05
 388.0000000000    3.9939857025e-05
 388.5000000000    3.9996730704e-05
 389.0000000000    4.0297929783e-05
 389.5000000000    4.0245680564e-05
 390.0000000000    3.9620773177e-05
 390.5000000000    3.8661916869e-05
 391.0000000000    3.7869019747e-05
 391.5000000000    3.7729359266e-05
 392.0000000000    3.7796174882e-05
 392.5000000000    3.7984749996e-05
 393.0000000000    3.7739423843e-05
 393.5000000000    3.6972114333e-05
 394.0000000000    3.5998057795e-05
 394.5000000000    3.5299484463e-05
 395.0000000000    3.5240280732e-05
 395.5000000000    3.5310603506e-05
 396.0000000000    3.5365312893e-05
 396.5000000000    3.4949138756e-05
 397.0000000000    3.4085808717e-05
 397.5000000000    3.3147020496e-05
 398.0000000000    3.2648053805e-05
 398.5000000000    3.2500702256e-05
 399.0000000000    3.2614236551e-05
 399.5000000000    3.2525802190e-05
 400.0000000000    3.1971237214e-05
 400.5000000000    3.1070966125e-05
 401.0000000000    3.0217148086e-05
 401.5000000000    2.9911879115e-05
 402.0000000000    2.9752096646e-05
 402.5000000000    2.9839149575e-05
 403.0000000000    2.9641217280e-05
 403.5000000000    2.9009035902e-05
 404.0000000000    2.8133871102e-05
 404.5000000000    2.7426569760e-05
 405.0000000000    2.7292063234e-05
 405.5000000000    2.7141108036e-05
 406.0000000000    2.7186412691e-05
 406.5000000000    2.6902736000e-05
 407.0000000000    2.6229617409e-05
 407.5000000000    2.5412498565e-05
 408.0000000000    2.5033720457e-05
 408.5000000000    2.4841985492e-05
 409.0000000000    2.4719966364e-05
 409.5000000000    2.4708972522e-05
 410.0000000000    2.4344783468e-05
 410.5000000000    2.3649735153e-05
 411.0000000000    2.2947393740e-05
 411.5000000000    2.2779349186e-05
 412.0000000000    2.2545452867e-05
 412.5000000000    2.2454139626e-05
 413.0000000000    2.2370252248e-05
 413.5000000000    2.1931585262e-05
 414.0000000000    2.1234262022e-05
 414.5000000000    2.0832715300e-05
 415.0000000000    2.0624138690e-05
 415.5000000000    2.0365657690e-05
 416.0000000000    2.0307896573e-05
 416.5000000000    2.0143224760e-05
 417.0000000000    1.9644047151e-05
 417.5000000000    1.9073775240e-05
 418.0000000000    1.8832005529e-05
 418.5000000000    1.8595563440e-05
 419.0000000000    1.8433014044e-05
 419.5000000000    1.8280927472e-05
 420.0000000000    1.8040809487e-05
 420.5000000000    1.7503604822e-05
 421.0000000000    1.7273501809e-05
 421.5000000000    1.7316957099e-05
 422.0000000000    1.7204713767e-05
 422.5000000000    1.6932800819e-05
 423.0000000000    1.6550849736e-05
 423.5000000000    1.6132150573e-05
 424.0000000000    1.6049405121e-05
 424.5000000000    1.6126935365e-05
 425.0000000000    1.6079958008e-05
 425.5000000000    1.5858802341e-05
 426.0000000000    1.5489158265e-05
 426.5000000000    1.5037212425e-05
 427.0000000000    1.4949121634e-05
 427.5000000000    1.5039174779e-05
 428.0000000000    1.5067177742e-05
 428.5000000000    1.4929893079e-05
 429.0000000000    1.4622380383e-05
 429.5000000000    1.4219135544e-05
 430.0000000000    1.4014766196e-05
 430.5000000000    1.4067909001e-05
 431.0000000000    1.4150931799e-05
 431.5000000000    1.4109411312e-05
 432.0000000000    1.3891162977e-05
 432.5000000000    1.3539817063e-05
 433.0000000000    1.3247304645e-05
 433.5000000000    1.3212434181e-05
 434.0000000000    1.3307177798e-05
 434.5000000000    1.3349552831e-05
 435.0000000000    1.3233850569e-05
 435.5000000000    1.2955534244e-05
 436.0000000000    1.2630250394e-05
 436.5000000000    1.2486676103e-05
 437.0000000000    1.2548741139e-05
 437.5000000000    1.2652314871e-05
 438.0000000000    1.2646432620e-05
 438.5000000000    1.2469318570e-05
 439.0000000000    1.2173962965e-05
 439.5000000000    1.1941271651e-05
 440.0000000000    1.1915531077e-05
 440.5000000000    1.2021243576e-05
 441.0000000000    1.2098526829e-05
 441.5000000000    1.2030926023e-05
 442.0000000000    1.1805147288e-05
 442.5000000000    1.1535798905e-05
 443.0000000000    1.1409044700e-05
 443.5000000000    1.1467570762e-05
 444.0000000000    1.1590549126e-05
 444.5000000000    1.1629162820e-05
 445.0000000000    1.1505048644e-05
 445.5000000000    1.1258526384e-05
 446.0000000000    1.1047225408e-05
 446.5000000000    1.1009804478e-05
 447.0000000000    1.1115473814e-05
 447.5000000000    1.1225222358e-05
 448.0000000000    1.1210746119e-05
 448.5000000000    1.1036877698e-05
 449.0000000000    1.0795879648e-05
 449.5000000000    1.0656468630e-05
 450.0000000000    1.0693801288e-05
 450.5000000000    1.0826607245e-05
 451.0000000000    1.0909105969e-05
 451.5000000000    1.0841301242e-05
 452.0000000000    1.0637481747e-05
 452.5000000000    1.0431853093e-05
 453.0000000000    1.0371179276e-05
 453.5000000000    1.0467300264e-05
 454.0000000000    1.0604232169e-05
 454.5000000000    1.0643344364e-05
 455.0000000000    1.0522918073e-05
 455.5000000000    1.0307415452e-05
 456.0000000000    1.0152081621e-05
 456.5000000000    1.0160340953e-05
 457.0000000000    1.0289914087e-05
 457.5000000000    1.0406397789e-05
 458.0000000000    1.0391365459e-05
 458.5000000000    1.0227625383e-05
 459.0000000000    1.0022626745e-05
 459.5000000000    9.9289799661e-06
 460.0000000000    9.9989352830e-06
 460.5000000000    1.0146815287e-05
 461.0000000000    1.0231242492e-05
 461.5000000000    1.0162884603e-05
 462.0000000000    9.9720610404e-06
 462.5000000000    9.7978342583e-06
 463.0000000000    9.7691593233e-06
 463.5000000000    9.8854128800e-06
 464.0000000000    1.0029102898e-05
 464.5000000000    1.0066689645e-05
 465.0000000000    9.9476961539e-06
 465.5000000000    9.7484210532e-06
 466.0000000000    9.6218862870e-06
 466.5000000000    9.6580469201e-06
 467.0000000000    9.8062848283e-06
 467.5000000000    9.9294357010e-06
 468.0000000000    9.9135974930e-06
 468.5000000000    9.7533564159e-06
 469.0000000000    9.5655031448e-06
 469.5000000000    9.4973108725e-06
 470.0000000000    9.5888684579e-06
 470.5000000000    9.7466655624e-06
 471.0000000000    9.8289092629e-06
 471.5000000000    9.7547939141e-06
 472.0000000000    9.5670653401e-06
 472.5000000000    9.4099492214e-06
 473.0000000000    9.4042567779e-06
 473.5000000000    9.5373509777e-06
 474.0000000000    9.6854500233e-06
 474.5000000000    9.7173703328e-06
 475.0000000000    9.5929243399e-06
 475.5000000000    9.3997856037e-06
 476.0000000000    9.2920814397e-06
 476.5000000000    9.3493070776e-06
 477.0000000000    9.5096081088e-06
 477.5000000000    9.6319867795e-06
 478.0000000000    9.6083966949e-06
 478.5000000000    9.4447267898e-06
 479.0000000000    9.2671718096e-06
 479.5000000000    9.2200360492e-06
 480.0000000000    9.3316023981e-06
 480.5000000000    9.4980645081e-06
 481.0000000000    9.5762794615e-06
 481.5000000000    9.4938527733e-06
 482.0000000000    9.3063348741e-06
 482.5000000000    9.1646087914e-06
 483.0000000000    9.1820891519e-06
 483.5000000000    9.3324862056e-06
 484.0000000000    9.4833007802e-06
 484.5000000000    9.5061135544e-06
 485.0000000000    9.3725668090e-06
 485.5000000000    9.1836584798e-06
 486.0000000000    9.0952574176e-06
 486.5000000000    9.1745318143e-06
 487.0000000000    9.3446290164e-06
 487.5000000000    9.4601865251e-06
 488.0000000000    9.4212447373e-06
 488.5000000000    9.2492864698e-06
 489.0000000000    9.0807777032e-06
 489.5000000000    9.0546891907e-06
 490.0000000000    9.1836663563e-06
 490.5000000000    9.3523451275e-06
 491.0000000000    9.4186953809e-06
 491.5000000000    9.3220839122e-06
 492.0000000000    9.1328318882e-06
 492.5000000000    9.0074040657e-06
 493.0000000000    9.0479578781e-06
 493.5000000000    9.2111840680e-06
 494.0000000000    9.3564831309e-06
 494.5000000000    9.3618248968e-06
 495.0000000000    9.2144626401e-06
 495.5000000000    9.0290863863e-06
 496.0000000000    8.9605582604e-06
 496.5000000000    9.0594333306e-06
 497.0000000000    9.2341707490e-06
 497.5000000000    9.3372657595e-06
 498.0000000000    9.2798267152e-06
 498.5000000000    9.0998947776e-06
 499.0000000000    8.9434959162e-06
 499.5000000000    8.9407013768e-06
 500.0000000000    9.0849935198e-06
 500.5000000000    9.2498045429e-06
 501.0000000000    9.2974573702e-06
 501.5000000000    9.1827556067e-06
 502.0000000000    8.9920048796e-06
 502.5000000000    8.8834913560e-06
 503.0000000000    8.9443543469e-06
 503.5000000000    9.1148974104e-06
 504.0000000000    9.2500070264e-06
 504.5000000000    9.2367603924e-06
 505.0000000000    9.0782546922e-06
 505.5000000000    8.9004788677e-06
 506.0000000000    8.8526529965e-06
 506.5000000000    8.9680909971e-06
 507.0000000000    9.1434473157e-06
 507.5000000000    9.2325250114e-06
 508.0000000000    9.1585888077e-06
 508.5000000000    8.9744077546e-06
 509.0000000000    8.8323202401e-06
 509.5000000000    8.8513464294e-06
 510.0000000000    9.0074697302e-06
 510.5000000000    9.1653175644e-06
 511.0000000000    9.1939700869e-06
 511.5000000000    9.0641117820e-06
 512.0000000000    8.8757359934e-06
 512.5000000000    8.7866757216e-06
 513.0000000000    8.8676073752e-06
 513.5000000000    9.0430798237e-06
 514.0000000000    9.1646212579e-06
 514.5000000000    9.1305122718e-06
 515.0000000000    8.9612878263e-06
 515.5000000000    8.7941958098e-06
 516.0000000000    8.7695833700e-06
 516.5000000000    8.9007754637e-06
 517.0000000000    9.0711066249e-06
 517.5000000000    9.1382258961e-06
 518.0000000000    9.0425910160e-06
 518.5000000000    8.8550802844e-06
 519.0000000000    8.7312900429e-06
 519.5000000000    8.7739516136e-06
 520.0000000000    8.9400404713e-06
 520.5000000000    9.0874217045e-06
 521.0000000000    9.0937409524e-06
 521.5000000000    8.9484058082e-06
 522.0000000000    8.7674196460e-06
 522.5000000000    8.7035744396e-06
 523.0000000000    8.8051188028e-06
 523.5000000000    8.9787612166e-06
 524.0000000000    9.0774207249e-06
 524.5000000000    9.0164034868e-06
 525.0000000000    8.8376881982e-06
 525.5000000000    8.6859532595e-06
 526.0000000000    8.6864423843e-06
 526.5000000000    8.8306764852e-06
 527.0000000000    8.9921844327e-06
 527.5000000000    9.0354130470e-06
 528.0000000000    8.9194989767e-06
 528.5000000000    8.7338843410e-06
 529.0000000000    8.6338265157e-06
 529.5000000000    8.7005225401e-06
 530.0000000000    8.8698645748e-06
 530.5000000000    8.9966891156e-06
 531.0000000000    8.9741894669e-06
 531.5000000000    8.8138288564e-06
 532.0000000000    8.6439961974e-06
 532.5000000000    8.6063392091e-06
 533.0000000000    8.7263673308e-06
 533.5000000000    8.8962305246e-06
 534.0000000000    8.9720949970e-06
 534.5000000000    8.8875449135e-06
 535.0000000000    8.7052500719e-06
 535.5000000000    8.5747407189e-06
 536.0000000000    8.6031425419e-06
 536.5000000000    8.7591293960e-06
 537.0000000000    8.9073540851e-06
 537.5000000000    8.9234820097e-06
 538.0000000000    8.7891193979e-06
 538.5000000000    8.6107244246e-06
 539.0000000000    8.5377394175e-06
 539.5000000000    8.6282629891e-06
 540.0000000000    8.7994773037e-06
 540.5000000000    8.9051546806e-06
 541.0000000000    8.8554332886e-06
 541.5000000000    8.6852911640e-06
 542.0000000000    8.5328968287e-06
 542.5000000000    8.5242034180e-06
 543.0000000000    8.6596471201e-06
 543.5000000000    8.8185704857e-06
 544.0000000000    8.8655612467e-06
 544.5000000000    8.7567764646e-06
 545.0000000000    8.5755657398e-06
 545.5000000000    8.4710361295e-06
 546.0000000000    8.5281105554e-06
 546.5000000000    8.6920431900e-06
 547.0000000000    8.8209919758e-06
 547.5000000000    8.8052601796e-06
 548.0000000000    8.6527101167e-06
 548.5000000000    8.4863925312e-06
 549.0000000000    8.4449578022e-06
 549.5000000000    8.5588667052e-06
 550.0000000000    8.7256576419e-06
 550.5000000000    8.8025225473e-06
 551.0000000000    8.7227672320e-06
 551.5000000000    8.5472658459e-06
 552.0000000000    8.4199257258e-06
 552.5000000000    8.4460893200e-06
 553.0000000000    8.5988169537e-06
 553.5000000000    8.7449970496e-06
 554.0000000000    8.7612115956e-06
 554.5000000000    8.6309018387e-06
 555.0000000000    8.4582323551e-06
 555.5000000000    8.3858528829e-06
 556.0000000000    8.4724128892e-06
 556.5000000000    8.6398265395e-06
 557.0000000000    8.7445965165e-06
 557.5000000000    8.6981964030e-06
 558.0000000000    8.5353041060e-06
 558.5000000000    8.3879120062e-06
 559.0000000000    8.3779458982e-06
 559.5000000000    8.5105504435e-06
 560.0000000000    8.6689146498e-06
 560.5000000000    8.7186531288e-06
 561.0000000000    8.6166567016e-06
 561.5000000000    8.4430066994e-06
 562.0000000000    8.3390760962e-06
 562.5000000000    8.3915456266e-06
 563.0000000000    8.5528123199e-06
 563.5000000000    8.6838932733e-06
 564.0000000000    8.6756898517e-06
 564.5000000000    8.5528908522e-06
 565.0000000000    8.3724375475e-06
 565.5000000000    8.3258957856e-06
 566.0000000000    8.4347864516e-06
 566.5000000000    8.6041103989e-06
 567.0000000000    8.6917893743e-06
 567.5000000000    8.6886665963e-06
 568.0000000000    8.5319312018e-06
 568.5000000000    8.3575124746e-06
 569.0000000000    8.3482647366e-06
 569.5000000000    8.4979576611e-06
 570.0000000000    8.6726072777e-06
 570.5000000000    8.7752366327e-06
 571.0000000000    8.6994750308e-06
 571.5000000000    8.5131231020e-06
 572.0000000000    8.3817523259e-06
 572.5000000000    8.4292365364e-06
 573.0000000000    8.6211361292e-06
 573.5000000000    8.8033076746e-06
 574.0000000000    8.8341421346e-06
 574.5000000000    8.6952113323e-06
 575.0000000000    8.5084525420e-06
 575.5000000000    8.4431234712e-06
 576.0000000000    8.5656689939e-06
 576.5000000000    8.7781432610e-06
 577.0000000000    8.9112204535e-06
 577.5000000000    8.8642536781e-06
 578.0000000000    8.6825631560e-06
 578.5000000000    8.5263310905e-06
 579.0000000000    8.5408062344e-06
 579.5000000000    8.7223591409e-06
 580.0000000000    8.9238791406e-06
 580.5000000000    8.9870413950e-06
 581.0000000000    8.8682988561e-06
 581.5000000000    8.6723187881e-06
 582.0000000000    8.5744346074e-06
 582.5000000000    8.6700751728e-06
 583.0000000000    8.8846494392e-06
 583.5000000000    9.0451371661e-06
 584.0000000000    9.0285834510e-06
 584.5000000000    8.8559912999e-06
 585.0000000000    8.6785830711e-06
 585.5000000000    8.6590409869e-06
 586.0000000000    8.8245072472e-06
 586.5000000000    9.0409909378e-06
 587.0000000000    9.1369436100e-06
 587.5000000000    9.0431422666e-06
 588.0000000000    8.8441272008e-06
 588.5000000000    8.7169374129e-06
 589.0000000000    8.7833978965e-06
 589.5000000000    8.9955480975e-06
 590.0000000000    9.1819596150e-06
 590.5000000000    9.1988560498e-06
 591.0000000000    9.0414276538e-06
 591.5000000000    8.8482504007e-06
 592.0000000000    8.7953883789e-06
 592.5000000000    8.9407500291e-06
 593.0000000000    9.1681474476e-06
 593.5000000000    9.2964553190e-06
 594.0000000000    9.2309688029e-06
 594.5000000000    9.0338434831e-06
 595.0000000000    8.8797639905e-06
 595.5000000000    8.9141690771e-06
 596.0000000000    9.1182411504e-06
 596.5000000000    9.3267394480e-06
 597.0000000000    9.3772926886e-06
 597.5000000000    9.2386251806e-06
 598.0000000000    9.0335796328e-06
 598.5000000000    8.9473579479e-06
 599.0000000000    9.0676976975e-06
 599.5000000000    9.3002641943e-06
 600.0000000000    9.4584425526e-06
 600.5000000000    9.4232821576e-06
 601.0000000000    9.2327322255e-06
 601.5000000000    9.0549057318e-06
 602.0000000000    9.0553089342e-06
 602.5000000000    9.2457090495e-06
 603.0000000000    9.4720679179e-06
 603.5000000000    9.5565642299e-06
 604.0000000000    9.4411041830e-06
 604.5000000000    9.2294910655e-06
 605.0000000000    9.1115711162e-06
 605.5000000000    9.2034536125e-06
 606.0000000000    9.4365013691e-06
 606.5000000000    9.6231417663e-06
 607.0000000000    9.6214421133e-06
 607.5000000000    9.4432527530e-06
 608.0000000000    9.2462047032e-06
 608.5000000000    9.2123053221e-06
 609.0000000000    9.3849344834e-06
 609.5000000000    9.6258463238e-06
 610.0000000000    9.7446742686e-06
 610.5000000000    9.6563974362e-06
 611.0000000000    9.4433402017e-06
 611.5000000000    9.2960519186e-06
 612.0000000000    9.3568438574e-06
 612.5000000000    9.5853272372e-06
 613.0000000000    9.7971975660e-06
 613.5000000000    9.8294949508e-06
 614.0000000000    9.6672867119e-06
 614.5000000000    9.4546290684e-06
 615.0000000000    9.3860652732e-06
 615.5000000000    9.5358711774e-06
 616.0000000000    9.7852155194e-06
 616.5000000000    9.9353567592e-06
 617.0000000000    9.8756538338e-06
 617.5000000000    9.6651635472e-06
 618.0000000000    9.4908297601e-06
 618.5000000000    9.5176056292e-06
 619.0000000000    9.7352281345e-06
 619.5000000000    9.9674795285e-06
 620.0000000000    1.0033680900e-05
 620.5000000000    9.8917145810e-06
 621.0000000000    9.6683521197e-06
 621.5000000000    9.5658265292e-06
 622.0000000000    9.6884835440e-06
 622.5000000000    9.9414545033e-06
 623.0000000000    1.0121996736e-05
 623.5000000000    1.0094849114e-05
 624.0000000000    9.8931823937e-06
 624.5000000000    9.6958361825e-06
 625.0000000000    9.6874264135e-06
 625.5000000000    9.8897872942e-06
 626.0000000000    1.0139982616e-05
 626.5000000000    1.0241936661e-05
 627.0000000000    1.0125445886e-05
 627.5000000000    9.8967092348e-06
 628.0000000000    9.7618391469e-06
 628.5000000000    9.8540310513e-06
 629.0000000000    1.0106142521e-05
 629.5000000000    1.0315522116e-05
 630.0000000000    1.0323295960e-05
 630.5000000000    1.0135257970e-05
 631.0000000000    9.9183467662e-06
 631.5000000000    9.8733347272e-06
 632.0000000000    1.0055201925e-05
 632.5000000000    1.0318537850e-05
 633.0000000000    1.0455469895e-05
 633.5000000000    1.0367790673e-05
 634.0000000000    1.0138312623e-05
 634.5000000000    9.9722898228e-06
 635.0000000000    1.0029762414e-05
 635.5000000000    1.0274526612e-05
 636.0000000000    1.0509242086e-05
 636.5000000000    1.0553711204e-05
 637.0000000000    1.0384543053e-05
 637.5000000000    1.0152193193e-05
 638.0000000000    1.0068969271e-05
 638.5000000000    1.0223649932e-05
 639.0000000000    1.0494583857e-05
 639.5000000000    1.0666632762e-05
 640.0000000000    1.0613500628e-05
 640.5000000000    1.0390214467e-05
 641.0000000000    1.0195188442e-05
 641.5000000000    1.0212618231e-05
 642.0000000000    1.0442476204e-05
 642.5000000000    1.0700194925e-05
 643.0000000000    1.0786651023e-05
 643.5000000000    1.0645688097e-05
 644.0000000000    1.0404107941e-05
 644.5000000000    1.0279991550e-05
 645.0000000000    1.0398112645e-05
 645.5000000000    1.0670053009e-05
 646.0000000000    1.0879652576e-05
 646.5000000000    1.0870651734e-05
 647.0000000000    1.0663125161e-05
 647.5000000000    1.0441027003e-05
 648.0000000000    1.0411356760e-05
 648.5000000000    1.0617342061e-05
 649.0000000000    1.0894751082e-05
 649.5000000000    1.1026054989e-05
 650.0000000000    1.0918492331e-05
 650.5000000000    1.0672484411e-05
 651.0000000000    1.0511062158e-05
 651.5000000000    1.0594292517e-05
 652.0000000000    1.0864512057e-05
 652.5000000000    1.1102510008e-05
 653.0000000000    1.1125299676e-05
 653.5000000000    1.0927858935e-05
 654.0000000000    1.0688106631e-05
 654.5000000000    1.0630358615e-05
 655.0000000000    1.0822724865e-05
 655.5000000000    1.1109779772e-05
 656.0000000000    1.1262848790e-05
 656.5000000000    1.1171184587e-05
 657.0000000000    1.0922577850e-05
 657.5000000000    1.0740590214e-05
 658.0000000000    1.0800950053e-05
 658.5000000000    1.1065328534e-05
 659.0000000000    1.1319598755e-05
 659.5000000000    1.1367942316e-05
 660.0000000000    1.1184595903e-05
 660.5000000000    1.0933055898e-05
 661.0000000000    1.0844351424e-05
 661.5000000000    1.1013943637e-05
 662.0000000000    1.1307621749e-05
 662.5000000000    1.1491122608e-05
 663.0000000000    1.1428896280e-05
 663.5000000000    1.1184824507e-05
 664.0000000000    1.0978125406e-05
 664.5000000000    1.1007248870e-05
 665.0000000000    1.1263287384e-05
 665.5000000000    1.1538565356e-05
 666.0000000000    1.1618833988e-05
 666.5000000000    1.1453448400e-05
 667.0000000000    1.1192669131e-05
 667.5000000000    1.1076472245e-05
 668.0000000000    1.1225944071e-05
 668.5000000000    1.1525163325e-05
 669.0000000000    1.1734623493e-05
 669.5000000000    1.1698659713e-05
 670.0000000000    1.1460981888e-05
 670.5000000000    1.1234782729e-05
 671.0000000000    1.1234628601e-05
 671.5000000000    1.1478419402e-05
 672.0000000000    1.1769949976e-05
 672.5000000000    1.1881984770e-05
 673.0000000000    1.1738857407e-05
 673.5000000000    1.1471568003e-05
 674.0000000000    1.1323350958e-05
 674.5000000000    1.1443211122e-05
 675.0000000000    1.1741719178e-05
 675.5000000000    1.1978611922e-05
 676.0000000000    1.1974635818e-05
 676.5000000000    1.1747221937e-05
 677.0000000000    1.1499401974e-05
 677.5000000000    1.1463027204e-05
 678.0000000000    1.1687660181e-05
 678.5000000000    1.1991936911e-05
 679.0000000000    1.2135598150e-05
 679.5000000000    1.2016771441e-05
 680.0000000000    1.1745886982e-05
 680.5000000000    1.1567022517e-05
 681.0000000000    1.1654779165e-05
 681.5000000000    1.1947501190e-05
 682.0000000000    1.2208455024e-05
 682.5000000000    1.2237687868e-05
 683.0000000000    1.2025601340e-05
 683.5000000000    1.1760873504e-05
 684.0000000000    1.1687679531e-05
 684.5000000000    1.1887975682e-05
 685.0000000000    1.2201101633e-05
 685.5000000000    1.2377928745e-05
 686.0000000000    1.2289209241e-05
 686.5000000000    1.2020364860e-05
 687.0000000000    1.1811733870e-05
 687.5000000000    1.1862892058e-05
 688.0000000000    1.2144604335e-05
 688.5000000000    1.2428024800e-05
 689.0000000000    1.2493349328e-05
 689.5000000000    1.2301835724e-05
 690.0000000000    1.2024266775e-05
 690.5000000000    1.1914187603e-05
 691.0000000000    1.2086202550e-05
 691.5000000000    1.2404119580e-05
 692.0000000000    1.2613000692e-05
 692.5000000000    1.2557098744e-05
 693.0000000000    1.2295314350e-05
 693.5000000000    1.2060988134e-05
 694.0000000000    1.2075603010e-05
 694.5000000000    1.2342858867e-05
 695.0000000000    1.2645258899e-05
 695.5000000000    1.2745846073e-05
 696.0000000000    1.2577545873e-05
 696.5000000000    1.2291930805e-05
 697.0000000000    1.2148452964e-05
 697.5000000000    1.2291477261e-05
 698.0000000000    1.2610123627e-05
 698.5000000000    1.2847060208e-05
 699.0000000000    1.2822868853e-05
 699.5000000000    1.2570958834e-05
 700.0000000000    1.2315511758e-05
