#          time             L^2_Ham             L^2_Mom
   0.0000000000    3.6180448102e-06    3.5386394447e-06
   0.5000000000    1.1995468683e-06    3.5010821448e-06
   1.0000000000    1.0425792560e-06    3.4713179641e-06
   1.5000000000    9.0191721623e-07    3.4479609570e-06
   2.0000000000    7.7080478362e-07    3.4435789734e-06
   2.5000000000    6.6314292797e-07    3.4579362752e-06
   3.0000000000    5.9199281212e-07    3.4855174973e-06
   3.5000000000    5.5204879615e-07    3.5193436420e-06
   4.0000000000    5.2978722490e-07    3.5536302194e-06
   4.5000000000    5.1550899612e-07    3.5846460222e-06
   5.0000000000    4.9904291650e-07    3.6116824045e-06
   5.5000000000    4.7832565560e-07    3.6353197727e-06
   6.0000000000    4.5509090581e-07    3.6566979126e-06
   6.5000000000    4.3100052837e-07    3.6768952856e-06
   7.0000000000    4.0741679390e-07    3.6970725411e-06
   7.5000000000    3.8531412385e-07    3.7181128720e-06
   8.0000000000    3.6537666464e-07    3.7402333397e-06
   8.5000000000    3.4805245403e-07    3.7642273575e-06
   9.0000000000    3.3260268131e-07    3.7899101910e-06
   9.5000000000    3.1911996778e-07    3.8177524717e-06
  10.0000000000    3.0723536155e-07    3.8471586298e-06
  10.5000000000    2.9715255638e-07    3.8798558610e-06
  11.0000000000    2.8857635687e-07    3.9149002464e-06
  11.5000000000    2.8220025764e-07    3.9480929905e-06
  12.0000000000    2.7442131510e-07    3.9846199106e-06
  12.5000000000    2.6926012258e-07    4.0245150974e-06
  13.0000000000    2.6901582184e-07    4.0640511754e-06
  13.5000000000    2.6228893479e-07    4.1111255487e-06
  14.0000000000    2.5990376861e-07    4.1496606122e-06
  14.5000000000    2.6392116826e-07    4.1951614719e-06
  15.0000000000    2.6444858678e-07    4.2407219081e-06
  15.5000000000    2.6323040875e-07    4.2937107559e-06
  16.0000000000    2.6360780739e-07    4.3398095123e-06
  16.5000000000    2.7509109272e-07    4.3899686605e-06
  17.0000000000    2.9626802168e-07    4.4419449283e-06
  17.5000000000    2.9648737278e-07    4.4946667648e-06
  18.0000000000    2.9080473496e-07    4.5685514831e-06
  18.5000000000    2.8574961099e-07    4.6102187226e-06
  19.0000000000    2.8421205837e-07    4.6595303191e-06
  19.5000000000    2.8678189290e-07    4.7156797478e-06
  20.0000000000    2.8146071608e-07    4.7730699628e-06
  20.5000000000    2.7001111529e-07    4.8301589071e-06
  21.0000000000    2.7004576518e-07    4.8897973505e-06
  21.5000000000    2.7363037942e-07    4.9522145741e-06
  22.0000000000    2.8140996955e-07    5.0120151952e-06
  22.5000000000    2.8991302065e-07    5.0741418023e-06
  23.0000000000    2.9333082720e-07    5.1359860208e-06
  23.5000000000    2.9515086060e-07    5.1998587851e-06
  24.0000000000    2.9731951904e-07    5.2669580403e-06
  24.5000000000    3.0196658291e-07    5.3312219670e-06
  25.0000000000    3.0887429577e-07    5.3946268874e-06
  25.5000000000    3.1598211513e-07    5.4619667412e-06
  26.0000000000    3.0626263300e-07    5.5270545621e-06
  26.5000000000    3.0607952202e-07    5.5919899342e-06
  27.0000000000    3.0786964979e-07    5.6609903737e-06
  27.5000000000    3.1154439795e-07    5.7278221739e-06
  28.0000000000    3.1549201822e-07    5.7957195341e-06
  28.5000000000    3.1970761165e-07    5.8643114660e-06
  29.0000000000    3.2395053705e-07    5.9333451479e-06
  29.5000000000    3.2836345837e-07    6.0028331240e-06
  30.0000000000    3.3306221332e-07    6.0725731748e-06
  30.5000000000    3.3855689340e-07    6.1433501721e-06
  31.0000000000    3.4336171702e-07    6.2143668257e-06
  31.5000000000    3.4833766335e-07    6.2837775726e-06
  32.0000000000    3.5375610583e-07    6.3570295892e-06
  32.5000000000    3.5923202114e-07    6.4264964571e-06
  33.0000000000    3.6426754553e-07    6.4983336581e-06
  33.5000000000    3.6980374314e-07    6.5695699349e-06
  34.0000000000    3.7453035466e-07    6.6417927615e-06
  34.5000000000    3.7848103223e-07    6.7160370233e-06
  35.0000000000    3.8434127099e-07    6.7864665264e-06
  35.5000000000    3.8714043966e-07    6.8622777899e-06
  36.0000000000    3.9066630710e-07    6.9315741812e-06
  36.5000000000    3.9417573262e-07    7.0036062395e-06
  37.0000000000    3.9730386978e-07    7.0813996580e-06
  37.5000000000    4.0040422132e-07    7.1496986831e-06
  38.0000000000    4.0299423787e-07    7.2218706492e-06
  38.5000000000    4.0579699588e-07    7.2946941693e-06
  39.0000000000    4.0840080219e-07    7.3678159836e-06
  39.5000000000    4.1076084263e-07    7.4498703513e-06
  40.0000000000    4.1298922296e-07    7.5186110407e-06
  40.5000000000    4.1599703345e-07    7.5884865795e-06
  41.0000000000    4.1883605481e-07    7.6598798392e-06
  41.5000000000    4.2132787000e-07    7.7347987347e-06
  42.0000000000    4.2402005990e-07    7.8064455279e-06
  42.5000000000    4.2696988018e-07    7.8816402441e-06
  43.0000000000    4.3000182882e-07    7.9535774261e-06
  43.5000000000    4.3333016000e-07    8.0259261354e-06
  44.0000000000    4.3612068632e-07    8.0995830650e-06
  44.5000000000    4.3911744202e-07    8.1717571953e-06
  45.0000000000    4.4258963549e-07    8.2470113992e-06
  45.5000000000    4.4594216050e-07    8.3179066286e-06
  46.0000000000    4.4895353924e-07    8.3896691154e-06
  46.5000000000    4.5208336435e-07    8.4705937556e-06
  47.0000000000    4.5511427331e-07    8.5362891669e-06
  47.5000000000    4.5826033784e-07    8.6315039656e-06
  48.0000000000    4.6167475324e-07    8.6820046327e-06
  48.5000000000    4.6530805553e-07    8.7567090738e-06
  49.0000000000    4.6864830710e-07    8.8497561900e-06
  49.5000000000    4.7176982475e-07    8.9105187494e-06
  50.0000000000    4.7511423572e-07    8.9738523669e-06
  50.5000000000    4.7861757383e-07    9.0412998079e-06
  51.0000000000    4.8200227493e-07    9.1115289569e-06
  51.5000000000    4.8531363919e-07    9.1825726740e-06
  52.0000000000    4.8866630442e-07    9.2543083726e-06
  52.5000000000    4.9237179948e-07    9.3256870012e-06
  53.0000000000    4.9572356168e-07    9.4010505995e-06
  53.5000000000    4.9926213663e-07    9.4702697738e-06
  54.0000000000    5.0309303303e-07    9.5402943643e-06
  54.5000000000    5.0654989930e-07    9.6076674912e-06
  55.0000000000    5.1010189813e-07    9.6736241656e-06
  55.5000000000    5.1337961132e-07    9.7442234999e-06
  56.0000000000    5.1643845316e-07    9.8111130754e-06
  56.5000000000    5.2016656454e-07    9.8791308519e-06
  57.0000000000    5.2370443193e-07    9.9523863256e-06
  57.5000000000    5.2663032619e-07    1.0010862223e-05
  58.0000000000    5.2938472629e-07    1.0083800495e-05
  58.5000000000    5.3241933718e-07    1.0138612255e-05
  59.0000000000    5.3536003172e-07    1.0199760453e-05
  59.5000000000    5.3861218463e-07    1.0258958253e-05
  60.0000000000    5.4191711544e-07    1.0323890624e-05
  60.5000000000    5.4540848647e-07    1.0393304340e-05
  61.0000000000    5.4913400285e-07    1.0464137165e-05
  61.5000000000    5.5273219223e-07    1.0534544487e-05
  62.0000000000    5.5620598095e-07    1.0603997933e-05
  62.5000000000    5.5981923066e-07    1.0733566436e-05
  63.0000000000    5.6309184192e-07    1.0757680553e-05
  63.5000000000    5.6636574274e-07    1.0812315738e-05
  64.0000000000    5.6986523015e-07    1.0871807160e-05
  64.5000000000    5.7349307415e-07    1.0935259501e-05
  65.0000000000    5.7687724528e-07    1.1003692393e-05
  65.5000000000    5.8052219927e-07    1.1065679743e-05
  66.0000000000    5.8406241972e-07    1.1133462118e-05
  66.5000000000    5.8775855011e-07    1.1197058116e-05
  67.0000000000    5.9125439525e-07    1.1263819080e-05
  67.5000000000    5.9478696976e-07    1.1339418237e-05
  68.0000000000    5.9830638718e-07    1.1409498645e-05
  68.5000000000    6.0183126821e-07    1.1521512760e-05
  69.0000000000    6.0523013944e-07    1.1558719670e-05
  69.5000000000    6.0879058493e-07    1.1600417998e-05
  70.0000000000    6.1241245571e-07    1.1779825873e-05
  70.5000000000    6.1589430522e-07    1.1766979797e-05
  71.0000000000    6.1920097262e-07    1.1795364207e-05
  71.5000000000    6.2266853427e-07    1.1852249379e-05
  72.0000000000    6.2616596669e-07    1.1936076594e-05
  72.5000000000    6.2931723304e-07    1.1989273519e-05
  73.0000000000    6.3351853852e-07    1.2042453824e-05
  73.5000000000    6.3763878744e-07    1.2114580110e-05
  74.0000000000    6.4053344946e-07    1.2159740925e-05
  74.5000000000    6.4432586735e-07    1.2227392444e-05
  75.0000000000    6.4992119677e-07    1.2320795761e-05
  75.5000000000    6.5276897220e-07    1.2383580731e-05
  76.0000000000    6.5618820623e-07    1.2437189292e-05
  76.5000000000    6.5958551658e-07    1.2488865361e-05
  77.0000000000    6.6194875889e-07    1.2542815302e-05
  77.5000000000    6.6391688512e-07    1.2609086421e-05
  78.0000000000    6.6799323858e-07    1.2664926373e-05
  78.5000000000    6.7217571053e-07    1.2741395833e-05
  79.0000000000    6.7596224933e-07    1.2789210695e-05
  79.5000000000    6.7951789683e-07    1.2842524505e-05
  80.0000000000    6.8226228697e-07    1.2902496488e-05
  80.5000000000    6.8533167093e-07    1.2962617727e-05
  81.0000000000    6.8854448443e-07    1.3026192705e-05
  81.5000000000    6.9204477981e-07    1.3084263093e-05
  82.0000000000    6.9542461746e-07    1.3142120786e-05
  82.5000000000    6.9909180467e-07    1.3201793445e-05
  83.0000000000    7.0242450076e-07    1.3262149649e-05
  83.5000000000    7.0561865567e-07    1.3327158446e-05
  84.0000000000    7.0909836622e-07    1.3383126321e-05
  84.5000000000    7.1244058655e-07    1.3441125469e-05
  85.0000000000    7.1628106032e-07    1.3500032366e-05
  85.5000000000    7.2069096704e-07    1.3559074091e-05
  86.0000000000    7.2646399428e-07    1.3617856835e-05
  86.5000000000    7.3266081029e-07    1.3675993430e-05
  87.0000000000    7.3901577344e-07    1.3733912026e-05
  87.5000000000    7.4852799213e-07    1.3791969532e-05
  88.0000000000    7.5934665642e-07    1.3864996526e-05
  88.5000000000    7.6814359140e-07    1.3915587446e-05
  89.0000000000    7.7686750658e-07    1.3968165408e-05
  89.5000000000    7.8383894335e-07    1.4026632445e-05
  90.0000000000    7.8953667189e-07    1.4088495233e-05
  90.5000000000    8.0067525514e-07    1.4180591688e-05
  91.0000000000    8.0132143231e-07    1.4199365700e-05
  91.5000000000    8.0549277898e-07    1.4261848403e-05
  92.0000000000    8.0882323105e-07    1.4312620046e-05
  92.5000000000    8.1225579379e-07    1.4368969109e-05
  93.0000000000    8.1543639749e-07    1.4423826014e-05
  93.5000000000    8.1753321185e-07    1.4482796684e-05
  94.0000000000    8.1972314681e-07    1.4539705464e-05
  94.5000000000    8.2269386646e-07    1.4591843879e-05
  95.0000000000    8.2545633820e-07    1.4648710013e-05
  95.5000000000    8.2748544760e-07    1.4702925638e-05
  96.0000000000    8.2975679500e-07    1.4756950238e-05
  96.5000000000    8.3288553572e-07    1.4816878349e-05
  97.0000000000    8.3593720961e-07    1.4871434258e-05
  97.5000000000    8.3824291483e-07    1.4924302996e-05
  98.0000000000    8.4064735694e-07    1.4980010363e-05
  98.5000000000    8.4361438965e-07    1.5048664492e-05
  99.0000000000    8.4663811008e-07    1.5100860345e-05
  99.5000000000    8.4982148422e-07    1.5145918085e-05
 100.0000000000    8.5396634498e-07    1.5202980620e-05
 100.5000000000    8.5666189307e-07    1.5250678421e-05
 101.0000000000    8.5634857858e-07    1.5305640673e-05
 101.5000000000    8.5575632941e-07    1.5358260617e-05
 102.0000000000    8.5905659465e-07    1.5412040191e-05
 102.5000000000    8.6570694373e-07    1.5465528346e-05
 103.0000000000    8.7014240316e-07    1.5536906202e-05
 103.5000000000    8.6969739294e-07    1.5572730534e-05
 104.0000000000    8.6930217885e-07    1.5625194062e-05
 104.5000000000    8.7232259567e-07    1.5677939819e-05
 105.0000000000    8.7603024790e-07    1.5731038764e-05
 105.5000000000    8.7830081083e-07    1.5783077286e-05
 106.0000000000    8.8001148322e-07    1.5835297332e-05
 106.5000000000    8.8252071626e-07    1.5954282413e-05
 107.0000000000    8.8515029744e-07    1.5951924698e-05
 107.5000000000    8.8808794944e-07    1.6106528819e-05
 108.0000000000    8.9020475952e-07    1.6163142166e-05
 108.5000000000    8.9256795806e-07    1.6157659530e-05
 109.0000000000    8.9497877256e-07    1.6158259584e-05
 109.5000000000    8.9721614055e-07    1.6227679800e-05
 110.0000000000    8.9959484812e-07    1.6244665262e-05
 110.5000000000    9.0206904984e-07    1.6300076013e-05
 111.0000000000    9.0449009590e-07    1.6349273933e-05
 111.5000000000    9.0699840482e-07    1.6397258566e-05
 112.0000000000    9.0934654472e-07    1.6452208475e-05
 112.5000000000    9.1179123621e-07    1.6499028493e-05
 113.0000000000    9.1426694717e-07    1.6556864315e-05
 113.5000000000    9.1685599997e-07    1.6603050191e-05
 114.0000000000    9.1941911578e-07    1.6653385754e-05
 114.5000000000    9.2192690265e-07    1.6704010881e-05
 115.0000000000    9.2448326906e-07    1.6753679794e-05
 115.5000000000    9.2709761507e-07    1.6803803628e-05
 116.0000000000    9.2969591570e-07    1.6853390377e-05
 116.5000000000    9.3222113004e-07    1.6903163741e-05
 117.0000000000    9.3483992836e-07    1.6952745350e-05
 117.5000000000    9.3775440171e-07    1.7024696226e-05
 118.0000000000    9.4072758943e-07    1.7065022516e-05
 118.5000000000    9.4366897379e-07    1.7107969429e-05
 119.0000000000    9.4645996925e-07    1.7155423602e-05
 119.5000000000    9.4949315751e-07    1.7203682188e-05
 120.0000000000    9.5261445012e-07    1.7252065395e-05
 120.5000000000    9.5601810898e-07    1.7300549241e-05
 121.0000000000    9.5936604572e-07    1.7349080154e-05
 121.5000000000    9.6248968295e-07    1.7397641578e-05
 122.0000000000    9.6590931918e-07    1.7446134558e-05
 122.5000000000    9.6956981752e-07    1.7500228334e-05
 123.0000000000    9.7298535539e-07    1.7544926410e-05
 123.5000000000    9.7614237007e-07    1.7593289323e-05
 124.0000000000    9.7968051413e-07    1.7641588123e-05
 124.5000000000    9.8344304110e-07    1.7689676565e-05
 125.0000000000    9.8662897114e-07    1.7737601964e-05
 125.5000000000    9.8932499821e-07    1.7785392486e-05
 126.0000000000    9.9258135516e-07    1.7833107530e-05
 126.5000000000    9.9639229547e-07    1.7880754934e-05
 127.0000000000    9.9962400371e-07    1.7953040882e-05
 127.5000000000    1.0020177585e-06    1.8003378443e-05
 128.0000000000    1.0047894742e-06    1.8030251493e-05
 128.5000000000    1.0082311601e-06    1.8074748820e-05
 129.0000000000    1.0113455476e-06    1.8121565435e-05
 129.5000000000    1.0135360260e-06    1.8168584005e-05
 130.0000000000    1.0163484381e-06    1.8215612323e-05
 130.5000000000    1.0197371230e-06    1.8299672547e-05
 131.0000000000    1.0225098277e-06    1.8427462504e-05
 131.5000000000    1.0251996777e-06    1.8697831986e-05
 132.0000000000    1.0276074971e-06    1.8420133514e-05
 132.5000000000    1.0306742673e-06    1.8564172443e-05
 133.0000000000    1.0335354453e-06    1.8839719832e-05
 133.5000000000    1.0357376787e-06    1.8557239277e-05
 134.0000000000    1.0385128994e-06    1.8704936088e-05
 134.5000000000    1.0413588351e-06    1.9117275098e-05
 135.0000000000    1.0437690033e-06    1.8683270143e-05
 135.5000000000    1.0462540838e-06    1.8732867335e-05
 136.0000000000    1.0488178379e-06    1.8780615235e-05
 136.5000000000    1.0514735407e-06    1.8830278731e-05
 137.0000000000    1.0540879692e-06    1.8883202683e-05
 137.5000000000    1.0564226400e-06    1.8922011032e-05
 138.0000000000    1.0589891575e-06    1.8966302954e-05
 138.5000000000    1.0615916316e-06    1.9011565223e-05
 139.0000000000    1.0643100868e-06    1.9056969387e-05
 139.5000000000    1.0667250557e-06    1.9102537648e-05
 140.0000000000    1.0693641836e-06    1.9188817995e-05
 140.5000000000    1.0720496064e-06    1.9312490022e-05
 141.0000000000    1.0749650581e-06    1.9665307082e-05
 141.5000000000    1.0771953794e-06    1.9298187360e-05
 142.0000000000    1.0795727317e-06    1.9310140657e-05
 142.5000000000    1.0846297854e-06    1.9479852353e-05
 143.0000000000    1.0860045590e-06    1.9429996318e-05
 143.5000000000    1.0880560176e-06    1.9475724278e-05
 144.0000000000    1.0904114256e-06    1.9527231253e-05
 144.5000000000    1.0927507802e-06    1.9546266742e-05
 145.0000000000    1.0953476301e-06    1.9591872916e-05
 145.5000000000    1.0985779184e-06    1.9970940625e-05
 146.0000000000    1.1011505652e-06    1.9771424188e-05
 146.5000000000    1.1043811046e-06    1.9751377084e-05
 147.0000000000    1.1076343783e-06    1.9780045417e-05
 147.5000000000    1.1109430848e-06    1.9823244665e-05
 148.0000000000    1.1152845875e-06    1.9869973067e-05
 148.5000000000    1.1221338539e-06    1.9916241624e-05
 149.0000000000    1.1303167985e-06    1.9960127795e-05
 149.5000000000    1.1374454216e-06    2.0004405704e-05
 150.0000000000    1.1446932745e-06    2.0078104052e-05
 150.5000000000    1.1582619042e-06    2.0094293616e-05
 151.0000000000    1.1766914762e-06    2.0139607269e-05
 151.5000000000    1.1891181472e-06    2.0184727172e-05
 152.0000000000    1.1979854346e-06    2.0230104442e-05
 152.5000000000    1.2192408253e-06    2.0273803201e-05
 153.0000000000    1.2465123075e-06    2.0318243528e-05
 153.5000000000    1.2565575892e-06    2.0363224704e-05
 154.0000000000    1.2593509412e-06    2.0407705304e-05
 154.5000000000    1.2847040239e-06    2.0484919932e-05
 155.0000000000    1.3151976022e-06    2.0499365360e-05
 155.5000000000    1.3173483267e-06    2.0555412511e-05
 156.0000000000    1.3128018370e-06    2.0591909319e-05
 156.5000000000    1.3349063935e-06    2.0634936446e-05
 157.0000000000    1.3559155762e-06    2.1376246880e-05
 157.5000000000    1.3473412412e-06    2.2589301620e-05
 158.0000000000    1.3371353860e-06    2.0798918884e-05
 158.5000000000    1.3482316804e-06    2.0887263653e-05
 159.0000000000    1.3548240679e-06    2.1033054482e-05
 159.5000000000    1.3477155375e-06    2.1283481356e-05
 160.0000000000    1.3488125685e-06    2.1199607349e-05
 160.5000000000    1.3611970723e-06    2.1394188996e-05
 161.0000000000    1.3662912248e-06    2.1058068077e-05
 161.5000000000    1.3626013864e-06    2.1110552276e-05
 162.0000000000    1.3595035395e-06    2.1148347226e-05
 162.5000000000    1.3569762942e-06    2.1190508585e-05
 163.0000000000    1.3523930622e-06    2.1234969450e-05
 163.5000000000    1.3489391962e-06    2.1287345412e-05
 164.0000000000    1.3500745820e-06    2.1358206698e-05
 164.5000000000    1.3530643223e-06    2.1379362256e-05
 165.0000000000    1.3536644299e-06    2.1419523738e-05
 165.5000000000    1.3515016960e-06    2.1462217496e-05
 166.0000000000    1.3484917601e-06    2.1505581513e-05
 166.5000000000    1.3455707090e-06    2.1549530460e-05
 167.0000000000    1.3432168486e-06    2.1593655505e-05
 167.5000000000    1.3418861313e-06    2.1637837793e-05
 168.0000000000    1.3411303626e-06    2.1691263574e-05
 168.5000000000    1.3401127898e-06    2.1728361977e-05
 169.0000000000    1.3382396271e-06    2.1773567419e-05
 169.5000000000    1.3365926000e-06    2.1818336505e-05
 170.0000000000    1.3356077166e-06    2.1862755897e-05
 170.5000000000    1.3353323878e-06    2.1907191823e-05
 171.0000000000    1.3351904400e-06    2.1951613967e-05
 171.5000000000    1.3349340702e-06    2.1996093056e-05
 172.0000000000    1.3347539331e-06    2.2162523835e-05
 172.5000000000    1.3344825105e-06    2.2110316712e-05
 173.0000000000    1.3343642690e-06    2.2187479309e-05
 173.5000000000    1.3346465285e-06    2.2223340270e-05
 174.0000000000    1.3349702527e-06    2.2287326012e-05
 174.5000000000    1.3353877174e-06    2.2379027383e-05
 175.0000000000    1.3357741485e-06    2.2340496364e-05
 175.5000000000    1.3364776040e-06    2.2370992697e-05
 176.0000000000    1.3375831234e-06    2.2410585828e-05
 176.5000000000    1.3384067852e-06    2.2452592530e-05
 177.0000000000    1.3392789046e-06    2.2485312851e-05
 177.5000000000    1.3404270444e-06    2.2530856111e-05
 178.0000000000    1.3416398805e-06    2.2576777633e-05
 178.5000000000    1.3429674089e-06    2.2621854519e-05
 179.0000000000    1.3441461353e-06    2.2666495115e-05
 179.5000000000    1.3454813424e-06    2.2711036663e-05
 180.0000000000    1.3468905545e-06    2.2755704541e-05
 180.5000000000    1.3486363604e-06    2.2839780959e-05
 181.0000000000    1.3502544394e-06    2.2839864161e-05
 181.5000000000    1.3519915868e-06    2.2882466086e-05
 182.0000000000    1.3537829755e-06    2.2928795533e-05
 182.5000000000    1.3557001412e-06    2.2974665168e-05
 183.0000000000    1.3579053633e-06    2.3020026740e-05
 183.5000000000    1.3603100781e-06    2.3065125163e-05
 184.0000000000    1.3629999305e-06    2.3110148816e-05
 184.5000000000    1.3661355515e-06    2.3174715789e-05
 185.0000000000    1.3696929700e-06    2.3222666912e-05
 185.5000000000    1.3733945930e-06    2.3249728279e-05
 186.0000000000    1.3769415936e-06    2.3291215831e-05
 186.5000000000    1.3797509811e-06    2.3334473999e-05
 187.0000000000    1.3818914233e-06    2.3378814777e-05
 187.5000000000    1.3831869265e-06    2.3423856486e-05
 188.0000000000    1.3844357061e-06    2.3469161563e-05
 188.5000000000    1.3858068573e-06    2.3514622131e-05
 189.0000000000    1.3880734254e-06    2.3582826153e-05
 189.5000000000    1.3908196061e-06    2.3614475714e-05
 190.0000000000    1.3940238407e-06    2.3655935030e-05
 190.5000000000    1.3976225810e-06    2.3698692949e-05
 191.0000000000    1.4019452976e-06    2.3743110696e-05
 191.5000000000    1.4072128046e-06    2.3788501745e-05
 192.0000000000    1.4126204685e-06    2.3834308198e-05
 192.5000000000    1.4167419788e-06    2.3880272728e-05
 193.0000000000    1.4182794037e-06    2.3937443896e-05
 193.5000000000    1.4175024341e-06    2.3973993419e-05
 194.0000000000    1.4162907234e-06    2.4020030748e-05
 194.5000000000    1.4172303869e-06    2.4065629993e-05
 195.0000000000    1.4215154200e-06    2.4111867424e-05
 195.5000000000    1.4278272112e-06    2.4158511346e-05
 196.0000000000    1.4336924081e-06    2.4205204372e-05
 196.5000000000    1.4365585426e-06    2.4251955702e-05
 197.0000000000    1.4366294527e-06    2.4309719507e-05
 197.5000000000    1.4355392257e-06    2.4350202955e-05
 198.0000000000    1.4362731474e-06    2.4397046472e-05
 198.5000000000    1.4393633408e-06    2.4442431499e-05
 199.0000000000    1.4438439495e-06    2.4488701806e-05
 199.5000000000    1.4478980227e-06    2.4535626239e-05
 200.0000000000    1.4504228470e-06    2.4582847564e-05
 200.5000000000    1.4523190848e-06    2.4630237369e-05
 201.0000000000    1.4542580376e-06    2.4688541999e-05
 201.5000000000    1.4569168738e-06    2.4727562596e-05
 202.0000000000    1.4601441083e-06    2.4776249308e-05
 202.5000000000    1.4632014111e-06    2.4823419594e-05
 203.0000000000    1.4658871957e-06    2.4871170549e-05
 203.5000000000    1.4684740550e-06    2.4919316818e-05
 204.0000000000    1.4711838464e-06    2.4967633230e-05
 204.5000000000    1.4741220010e-06    2.5016003375e-05
 205.0000000000    1.4767317980e-06    2.5074787350e-05
 205.5000000000    1.4794638641e-06    2.5115470729e-05
 206.0000000000    1.4821594125e-06    2.5164858150e-05
 206.5000000000    1.4852103339e-06    2.5213055926e-05
 207.0000000000    1.4880474769e-06    2.5261948409e-05
 207.5000000000    1.4910984769e-06    2.5311112232e-05
 208.0000000000    1.4939994135e-06    2.5360378573e-05
 208.5000000000    1.4969619413e-06    2.5455736654e-05
 209.0000000000    1.4999206627e-06    2.5461001759e-05
 209.5000000000    1.5031358141e-06    2.5512201687e-05
 210.0000000000    1.5062214514e-06    2.5561656335e-05
 210.5000000000    1.5093732581e-06    2.5611175107e-05
 211.0000000000    1.5127147197e-06    2.5661180084e-05
 211.5000000000    1.5153551206e-06    2.5711475703e-05
 212.0000000000    1.5188707397e-06    2.5761909779e-05
 212.5000000000    1.5225717218e-06    2.5820824431e-05
 213.0000000000    1.5262954839e-06    2.5866114952e-05
 213.5000000000    1.5312504938e-06    2.5916730448e-05
 214.0000000000    1.5376798007e-06    2.5968639328e-05
 214.5000000000    1.5485404983e-06    2.6019313143e-05
 215.0000000000    1.5631230197e-06    2.6070325105e-05
 215.5000000000    1.5822256238e-06    2.6121736924e-05
 216.0000000000    1.6038368886e-06    2.6216193364e-05
 216.5000000000    1.6234709946e-06    2.6227096377e-05
 217.0000000000    1.6358008126e-06    2.6280609002e-05
 217.5000000000    1.6378067903e-06    2.6331882424e-05
 218.0000000000    1.6323063805e-06    2.6387219370e-05
 218.5000000000    1.6297504472e-06    2.6438864953e-05
 219.0000000000    1.6448469865e-06    2.6490828297e-05
 219.5000000000    1.6869515997e-06    2.6582764177e-05
 220.0000000000    1.7514194492e-06    2.6598447380e-05
 220.5000000000    1.8187949292e-06    2.6652798387e-05
 221.0000000000    1.8654087801e-06    2.6705522279e-05
 221.5000000000    1.8765156282e-06    2.6759625854e-05
 222.0000000000    1.8546206547e-06    2.6813203050e-05
 222.5000000000    1.8203245998e-06    2.6867342087e-05
 223.0000000000    1.8008502704e-06    2.6957187277e-05
 223.5000000000    1.8110848189e-06    2.6979354131e-05
 224.0000000000    1.8418016027e-06    2.7034925807e-05
 224.5000000000    1.8684071928e-06    2.7089508854e-05
 225.0000000000    1.8705552892e-06    2.7145317020e-05
 225.5000000000    1.8460439934e-06    2.7201245029e-05
 226.0000000000    1.8112562611e-06    2.7256166295e-05
 226.5000000000    1.7874043683e-06    2.7341688954e-05
 227.0000000000    1.7837290124e-06    2.7370756498e-05
 227.5000000000    1.7911998005e-06    2.7427210645e-05
 228.0000000000    1.7935209289e-06    2.7483942142e-05
 228.5000000000    1.7823043078e-06    2.7541503980e-05
 229.0000000000    1.7621078938e-06    2.7599147362e-05
 229.5000000000    1.7449497004e-06    2.7665910895e-05
 230.0000000000    1.7380762885e-06    2.7721605294e-05
 230.5000000000    1.7387717437e-06    2.7777113101e-05
 231.0000000000    1.7390849480e-06    2.7832679903e-05
 231.5000000000    1.7347119465e-06    2.7890870482e-05
 232.0000000000    1.7280406615e-06    2.7949642614e-05
 232.5000000000    1.7246718199e-06    2.8008766021e-05
 233.0000000000    1.7270744240e-06    2.8113475167e-05
 233.5000000000    1.7325879121e-06    2.8161888824e-05
 234.0000000000    1.7364319976e-06    2.8243854400e-05
 234.5000000000    1.7399086829e-06    2.8459204970e-05
 235.0000000000    1.7447036783e-06    2.8799128636e-05
 235.5000000000    1.7520720551e-06    2.9156637118e-05
 236.0000000000    1.7681929325e-06    3.3223248394e-05
 236.5000000000    1.7693627768e-06    3.4269664160e-05
 237.0000000000    1.7707852616e-06    2.9899108033e-05
 237.5000000000    1.7697187627e-06    2.8775768181e-05
 238.0000000000    1.7697839051e-06    2.9151730385e-05
 238.5000000000    1.7728985794e-06    2.9026225272e-05
 239.0000000000    1.7765667973e-06    2.8930489573e-05
 239.5000000000    1.7799897375e-06    2.8888384964e-05
 240.0000000000    1.7830939121e-06    2.8949557996e-05
 240.5000000000    1.7863889698e-06    2.9081277530e-05
 241.0000000000    1.7910767826e-06    2.9670515259e-05
 241.5000000000    1.7938515550e-06    2.9372106144e-05
 242.0000000000    1.7969030956e-06    2.9214434686e-05
 242.5000000000    1.7996890964e-06    2.9275044999e-05
 243.0000000000    1.8022548560e-06    2.9373242751e-05
 243.5000000000    1.8050442350e-06    2.9394001340e-05
 244.0000000000    1.8080870991e-06    2.9463278660e-05
 244.5000000000    1.8113330205e-06    2.9527704880e-05
 245.0000000000    1.8148042120e-06    2.9589396270e-05
 245.5000000000    1.8183917304e-06    2.9663163785e-05
 246.0000000000    1.8220737369e-06    2.9729886374e-05
 246.5000000000    1.8256147826e-06    2.9799487973e-05
 247.0000000000    1.8293382953e-06    2.9870597249e-05
 247.5000000000    1.8332168479e-06    2.9939246890e-05
 248.0000000000    1.8376876958e-06    3.0004903672e-05
 248.5000000000    1.8423256968e-06    3.0074776626e-05
 249.0000000000    1.8472564717e-06    3.0147353508e-05
 249.5000000000    1.8522568635e-06    3.0221232496e-05
 250.0000000000    1.8573167340e-06    3.0294833817e-05
 250.5000000000    1.8626220193e-06    3.0368555374e-05
 251.0000000000    1.8680231548e-06    3.0442544273e-05
 251.5000000000    1.8738792048e-06    3.0510047564e-05
 252.0000000000    1.8793893058e-06    3.0583325957e-05
 252.5000000000    1.8852179631e-06    3.0659789806e-05
 253.0000000000    1.8909654336e-06    3.0737028944e-05
 253.5000000000    1.8967497693e-06    3.0814715246e-05
 254.0000000000    1.9026925862e-06    3.0892495330e-05
 254.5000000000    1.9085904122e-06    3.0970545378e-05
 255.0000000000    1.9146104808e-06    3.1071239387e-05
 255.5000000000    1.9202989626e-06    3.1137435680e-05
 256.0000000000    1.9262403039e-06    3.1209380714e-05
 256.5000000000    1.9319313780e-06    3.1286259415e-05
 257.0000000000    1.9375861334e-06    3.1365493865e-05
 257.5000000000    1.9432767410e-06    3.1446233327e-05
 258.0000000000    1.9490225787e-06    3.1528064950e-05
 258.5000000000    1.9549594093e-06    3.1634120723e-05
 259.0000000000    1.9607107367e-06    3.1703402585e-05
 259.5000000000    1.9664918445e-06    3.1779491894e-05
 260.0000000000    1.9718423637e-06    3.1860960518e-05
 260.5000000000    1.9768286074e-06    3.1944994158e-05
 261.0000000000    1.9816033110e-06    3.2030730964e-05
 261.5000000000    1.9865587987e-06    3.2117708383e-05
 262.0000000000    1.9921032710e-06    3.2260774311e-05
 262.5000000000    1.9983669664e-06    3.2304627937e-05
 263.0000000000    2.0048865877e-06    3.2385443214e-05
 263.5000000000    2.0113214376e-06    3.2471550386e-05
 264.0000000000    2.0169732091e-06    3.2558600689e-05
 264.5000000000    2.0217557380e-06    3.2652385774e-05
 265.0000000000    2.0261388182e-06    3.2742538844e-05
 265.5000000000    2.0311202285e-06    3.2862232853e-05
 266.0000000000    2.0375972486e-06    3.2939472095e-05
 266.5000000000    2.0450641260e-06    3.3026387086e-05
 267.0000000000    2.0529216515e-06    3.3119458729e-05
 267.5000000000    2.0600419974e-06    3.3214936590e-05
 268.0000000000    2.0659222186e-06    3.3312805623e-05
 268.5000000000    2.0709802953e-06    3.3411848365e-05
 269.0000000000    2.0764997103e-06    3.3500858289e-05
 269.5000000000    2.0827349129e-06    3.3602777878e-05
 270.0000000000    2.0900301758e-06    3.3704442380e-05
 270.5000000000    2.0975846219e-06    3.3810354154e-05
 271.0000000000    2.1047269304e-06    3.3914419313e-05
 271.5000000000    2.1112890680e-06    3.4021447273e-05
 272.0000000000    2.1176902912e-06    3.4128346406e-05
 272.5000000000    2.1243353298e-06    3.4224620202e-05
 273.0000000000    2.1313102282e-06    3.4332415875e-05
 273.5000000000    2.1385545771e-06    3.4444339426e-05
 274.0000000000    2.1457384637e-06    3.4557334708e-05
 274.5000000000    2.1527900632e-06    3.4671263882e-05
 275.0000000000    2.1598362943e-06    3.4786351448e-05
 275.5000000000    2.1669329941e-06    3.4939626087e-05
 276.0000000000    2.1741406047e-06    3.5025236740e-05
 276.5000000000    2.1813335433e-06    3.5134967911e-05
 277.0000000000    2.1885056796e-06    3.5250392511e-05
 277.5000000000    2.1955423675e-06    3.5370032990e-05
 278.0000000000    2.2024974495e-06    3.5492546380e-05
 278.5000000000    2.2095752086e-06    3.5615902678e-05
 279.0000000000    2.2168922787e-06    3.5728563624e-05
 279.5000000000    2.2240336225e-06    3.5854403543e-05
 280.0000000000    2.2310913879e-06    3.5985105024e-05
 280.5000000000    2.2379853328e-06    3.6116531721e-05
 281.0000000000    2.2447568616e-06    3.6249571918e-05
 281.5000000000    2.2515389899e-06    3.6403654395e-05
 282.0000000000    2.2585133965e-06    3.6507637712e-05
 282.5000000000    2.2653852726e-06    3.6645405513e-05
 283.0000000000    2.2720609345e-06    3.6784100019e-05
 283.5000000000    2.2781502230e-06    3.6926787509e-05
 284.0000000000    2.2834590132e-06    3.7071503650e-05
 284.5000000000    2.2882695329e-06    3.7216800338e-05
 285.0000000000    2.2933483332e-06    3.7386978609e-05
 285.5000000000    2.2993733780e-06    3.7513987225e-05
 286.0000000000    2.3061970889e-06    3.7658452347e-05
 286.5000000000    2.3129132951e-06    3.7810873246e-05
 287.0000000000    2.3185321832e-06    3.7967518746e-05
 287.5000000000    2.3229223972e-06    3.8153610165e-05
 288.0000000000    2.3268289734e-06    3.8310795963e-05
 288.5000000000    2.3311719860e-06    3.8453499496e-05
 289.0000000000    2.3360786506e-06    3.8608880072e-05
 289.5000000000    2.3408071232e-06    3.8777994142e-05
 290.0000000000    2.3446032150e-06    3.8951114081e-05
 290.5000000000    2.3473979991e-06    3.9126659067e-05
 291.0000000000    2.3498189201e-06    3.9293201351e-05
 291.5000000000    2.3519635000e-06    3.9475965810e-05
 292.0000000000    2.3539569454e-06    3.9663259464e-05
 292.5000000000    2.3552408307e-06    3.9852222125e-05
 293.0000000000    2.3554495568e-06    4.0045318497e-05
 293.5000000000    2.3547058761e-06    4.0250133544e-05
 294.0000000000    2.3534061493e-06    4.0429564484e-05
 294.5000000000    2.3513722448e-06    4.0641770412e-05
 295.0000000000    2.3488906160e-06    4.0844630909e-05
 295.5000000000    2.3458407353e-06    4.1103481255e-05
 296.0000000000    2.3423128309e-06    4.1280102170e-05
 296.5000000000    2.3384471041e-06    4.1534481463e-05
 297.0000000000    2.3345938352e-06    4.1711266234e-05
 297.5000000000    2.3310561090e-06    4.1946498015e-05
 298.0000000000    2.3282746697e-06    4.2180401996e-05
 298.5000000000    2.3268692075e-06    4.2427293508e-05
 299.0000000000    2.3275929440e-06    4.2697757372e-05
 299.5000000000    2.3313960926e-06    4.2928170017e-05
 300.0000000000    2.3388618413e-06    4.3211125759e-05
 300.5000000000    2.3516908822e-06    4.3470423301e-05
 301.0000000000    2.3710129545e-06    4.3760336493e-05
 301.5000000000    2.3982303539e-06    4.4047338395e-05
 302.0000000000    2.4345608470e-06    4.4359858135e-05
 302.5000000000    2.4813645469e-06    4.4677284319e-05
 303.0000000000    2.5392831103e-06    4.5031193476e-05
 303.5000000000    2.6094090734e-06    4.5404861167e-05
 304.0000000000    2.6922107335e-06    4.5819138535e-05
 304.5000000000    2.7876607162e-06    4.6303173581e-05
 305.0000000000    2.8956947682e-06    4.6830017103e-05
 305.5000000000    3.0156802869e-06    4.7472181235e-05
 306.0000000000    3.1472233645e-06    4.8243354798e-05
 306.5000000000    3.2893991011e-06    4.9236355347e-05
 307.0000000000    3.4413077973e-06    5.0489902262e-05
 307.5000000000    3.6019220284e-06    5.2132914627e-05
 308.0000000000    3.7696450602e-06    5.4292961534e-05
 308.5000000000    3.9421115742e-06    5.7174479655e-05
 309.0000000000    4.1162957738e-06    6.1014196632e-05
 309.5000000000    4.2874406132e-06    6.6155189088e-05
 310.0000000000    4.4488032663e-06    7.3009912149e-05
 310.5000000000    4.5909054908e-06    8.2029269683e-05
 311.0000000000    4.7012413009e-06    9.3798886740e-05
 311.5000000000    4.7660021081e-06    1.0889904348e-04
 312.0000000000    4.7732126989e-06    1.2798886016e-04
 312.5000000000    4.7259539031e-06    1.5172580650e-04
 313.0000000000    4.6835119515e-06    1.8082269707e-04
 313.5000000000    4.8813227280e-06    2.1602452683e-04
 314.0000000000    5.9702177070e-06    2.5816924396e-04
 314.5000000000    9.0935482225e-06    3.0840782782e-04
 315.0000000000    1.5658093485e-05    3.6941528452e-04
 315.5000000000    2.7424026914e-05    4.4990091815e-04
 316.0000000000    4.6431795016e-05    5.7458182759e-04
 316.5000000000    7.4311191288e-05    7.8973857958e-04
 317.0000000000    1.1132886058e-04    1.1406284874e-03
 317.5000000000    1.5558511801e-04    1.6347924148e-03
 318.0000000000    2.0269707868e-04    2.2303388364e-03
 318.5000000000    2.4651005926e-04    2.8500287609e-03
 319.0000000000    2.8106875191e-04    3.4077010877e-03
 319.5000000000    3.0277249365e-04    3.8363540363e-03
 320.0000000000    3.1117851690e-04    4.1054535271e-03
 320.5000000000    3.0822012933e-04    4.2203753733e-03
 321.0000000000    2.9685951475e-04    4.2088980500e-03
 321.5000000000    2.8008677385e-04    4.1061364788e-03
 322.0000000000    2.6044260102e-04    3.9452330133e-03
 322.5000000000    2.3986631902e-04    3.7540271359e-03
 323.0000000000    2.1970063599e-04    3.5548019645e-03
 323.5000000000    2.0078095055e-04    3.3647936396e-03
 324.0000000000    1.8356619732e-04    3.1965772427e-03
 324.5000000000    1.6826857494e-04    3.0582974574e-03
 325.0000000000    1.5495113384e-04    2.9539654851e-03
 325.5000000000    1.4358571238e-04    2.8839809815e-03
 326.0000000000    1.3408122507e-04    2.8459200153e-03
 326.5000000000    1.2629817585e-04    2.8354372460e-03
 327.0000000000    1.2006042019e-04    2.8471691189e-03
 327.5000000000    1.1516846907e-04    2.8754814358e-03
 328.0000000000    1.1141355863e-04    2.9150204025e-03
 328.5000000000    1.0859038985e-04    2.9610548290e-03
 329.0000000000    1.0650666130e-04    3.0096468872e-03
 329.5000000000    1.0498936946e-04    3.0576911352e-03
 330.0000000000    1.0388778718e-04    3.1028710887e-03
 330.5000000000    1.0307461613e-04    3.1435668047e-03
 331.0000000000    1.0244530262e-04    3.1787429831e-03
 331.5000000000    1.0191667756e-04    3.2078348007e-03
 332.0000000000    1.0142485829e-04    3.2306434680e-03
 332.5000000000    1.0092310796e-04    3.2472461667e-03
 333.0000000000    1.0037934028e-04    3.2579224012e-03
 333.5000000000    9.9773901046e-05    3.2630955030e-03
 334.0000000000    9.9097286438e-05    3.2632880892e-03
 334.5000000000    9.8348166224e-05    3.2590873018e-03
 335.0000000000    9.7531550258e-05    3.2511190220e-03
 335.5000000000    9.6657156244e-05    3.2400272065e-03
 336.0000000000    9.5738007020e-05    3.2264577338e-03
 336.5000000000    9.4789100956e-05    3.2110449881e-03
 337.0000000000    9.3826321576e-05    3.1944004272e-03
 337.5000000000    9.2865551093e-05    3.1771029922e-03
 338.0000000000    9.1921787258e-05    3.1596911157e-03
 338.5000000000    9.1008669172e-05    3.1426562972e-03
 339.0000000000    9.0138060989e-05    3.1264400051e-03
 339.5000000000    8.9319781966e-05    3.1114214638e-03
 340.0000000000    8.8561618111e-05    3.0979327468e-03
 340.5000000000    8.7869306779e-05    3.0862400981e-03
 341.0000000000    8.7246677011e-05    3.0765555214e-03
 341.5000000000    8.6695842152e-05    3.0690312516e-03
 342.0000000000    8.6217478302e-05    3.0637661012e-03
 342.5000000000    8.5811017993e-05    3.0608044081e-03
 343.0000000000    8.5474950136e-05    3.0601409681e-03
 343.5000000000    8.5206996278e-05    3.0617223069e-03
 344.0000000000    8.5004360674e-05    3.0654509989e-03
 344.5000000000    8.4863789379e-05    3.0711884458e-03
 345.0000000000    8.4781739306e-05    3.0787594910e-03
 345.5000000000    8.4754377676e-05    3.0879567267e-03
 346.0000000000    8.4777625445e-05    3.0985461827e-03
 346.5000000000    8.4847173943e-05    3.1102732372e-03
 347.0000000000    8.4958435181e-05    3.1228693658e-03
 347.5000000000    8.5106525554e-05    3.1360591123e-03
 348.0000000000    8.5286258504e-05    3.1495675764e-03
 348.5000000000    8.5492150987e-05    3.1631274878e-03
 349.0000000000    8.5718500632e-05    3.1764859671e-03
 349.5000000000    8.5959441989e-05    3.1894106373e-03
 350.0000000000    8.6208935364e-05    3.2016947159e-03
 350.5000000000    8.6461159036e-05    3.2131607565e-03
 351.0000000000    8.6710366350e-05    3.2236637911e-03
 351.5000000000    8.6951143165e-05    3.2330918193e-03
 352.0000000000    8.7178549104e-05    3.2413662819e-03
 352.5000000000    8.7388219394e-05    3.2484406659e-03
 353.0000000000    8.7576439189e-05    3.2542990394e-03
 353.5000000000    8.7740273887e-05    3.2589541791e-03
 354.0000000000    8.7877591311e-05    3.2624437993e-03
 354.5000000000    8.7987122465e-05    3.2648299805e-03
 355.0000000000    8.8068437192e-05    3.2661941211e-03
 355.5000000000    8.8121810235e-05    3.2666338692e-03
 356.0000000000    8.8148260215e-05    3.2662595143e-03
 356.5000000000    8.8149327516e-05    3.2651904882e-03
 357.0000000000    8.8127109124e-05    3.2635521110e-03
 357.5000000000    8.8084112228e-05    3.2614726947e-03
 358.0000000000    8.8023333717e-05    3.2590806272e-03
 358.5000000000    8.7948032579e-05    3.2565015065e-03
 359.0000000000    8.7861512605e-05    3.2538551706e-03
 359.5000000000    8.7767030394e-05    3.2512531688e-03
 360.0000000000    8.7667584658e-05    3.2487968804e-03
 360.5000000000    8.7565848786e-05    3.2465763292e-03
 361.0000000000    8.7464296850e-05    3.2446694345e-03
 361.5000000000    8.7365260864e-05    3.2431415586e-03
 362.0000000000    8.7270867668e-05    3.2420451460e-03
 362.5000000000    8.7182951260e-05    3.2414196359e-03
 363.0000000000    8.7102936824e-05    3.2412918687e-03
 363.5000000000    8.7031795907e-05    3.2416767427e-03
 364.0000000000    8.6970169129e-05    3.2425777630e-03
 364.5000000000    8.6918499285e-05    3.2439873275e-03
 365.0000000000    8.6877102588e-05    3.2458869590e-03
 365.5000000000    8.6846360055e-05    3.2482478199e-03
 366.0000000000    8.6826391926e-05    3.2510318438e-03
 366.5000000000    8.6817063129e-05    3.2541932745e-03
 367.0000000000    8.6817970305e-05    3.2576803531e-03
 367.5000000000    8.6828601954e-05    3.2614368989e-03
 368.0000000000    8.6848280834e-05    3.2654038197e-03
 368.5000000000    8.6876262115e-05    3.2695206526e-03
 369.0000000000    8.6911714657e-05    3.2737274064e-03
 369.5000000000    8.6953619792e-05    3.2779664792e-03
 370.0000000000    8.7000785628e-05    3.2821843598e-03
 370.5000000000    8.7051863065e-05    3.2863326380e-03
 371.0000000000    8.7105490934e-05    3.2903683625e-03
 371.5000000000    8.7160279325e-05    3.2942538759e-03
 372.0000000000    8.7214995836e-05    3.2979566117e-03
 372.5000000000    8.7268422481e-05    3.3014477017e-03
 373.0000000000    8.7319447399e-05    3.3047038989e-03
 373.5000000000    8.7367135003e-05    3.3077046440e-03
 374.0000000000    8.7410823309e-05    3.3104344699e-03
 374.5000000000    8.7450034655e-05    3.3128816390e-03
 375.0000000000    8.7484597198e-05    3.3150397104e-03
 375.5000000000    8.7514635610e-05    3.3169077433e-03
 376.0000000000    8.7540454387e-05    3.3184917597e-03
 376.5000000000    8.7562714563e-05    3.3198055392e-03
 377.0000000000    8.7582043013e-05    3.3208713748e-03
 377.5000000000    8.7599134958e-05    3.3217195027e-03
 378.0000000000    8.7614552472e-05    3.3223868992e-03
 378.5000000000    8.7628572625e-05    3.3229152480e-03
 379.0000000000    8.7641085131e-05    3.3233485299e-03
 379.5000000000    8.7651596755e-05    3.3237301070e-03
 380.0000000000    8.7659098748e-05    3.3241134851e-03
 380.5000000000    8.7662144650e-05    3.3244917294e-03
 381.0000000000    8.7659254744e-05    3.3249311250e-03
 381.5000000000    8.7648652526e-05    3.3254338003e-03
 382.0000000000    8.7628965058e-05    3.3260084482e-03
 382.5000000000    8.7599433356e-05    3.3266583861e-03
 383.0000000000    8.7559977991e-05    3.3273802392e-03
 383.5000000000    8.7511572180e-05    3.3281754659e-03
 384.0000000000    8.7456226447e-05    3.3290432550e-03
 384.5000000000    8.7396817980e-05    3.3299896370e-03
 385.0000000000    8.7337012117e-05    3.3310250161e-03
 385.5000000000    8.7280737611e-05    3.3321643929e-03
 386.0000000000    8.7231819257e-05    3.3334254802e-03
 386.5000000000    8.7193682043e-05    3.3348253711e-03
 387.0000000000    8.7168603113e-05    3.3363903895e-03
 387.5000000000    8.7157687400e-05    3.3380837391e-03
 388.0000000000    8.7160729051e-05    3.3399404164e-03
 388.5000000000    8.7176216786e-05    3.3419287638e-03
 389.0000000000    8.7201642533e-05    3.3440207553e-03
 389.5000000000    8.7233883043e-05    3.3461790728e-03
 390.0000000000    8.7269672944e-05    3.3483655115e-03
 390.5000000000    8.7306024247e-05    3.3505268273e-03
 391.0000000000    8.7340548989e-05    3.3526350191e-03
 391.5000000000    8.7371811549e-05    3.3546603186e-03
 392.0000000000    8.7399292810e-05    3.3565974894e-03
 392.5000000000    8.7423241726e-05    3.3584053210e-03
 393.0000000000    8.7444572992e-05    3.3601275105e-03
 393.5000000000    8.7464466424e-05    3.3617666810e-03
 394.0000000000    8.7484017699e-05    3.3633430819e-03
 394.5000000000    8.7503995399e-05    3.3648766542e-03
 395.0000000000    8.7524773163e-05    3.3663839573e-03
 395.5000000000    8.7546074481e-05    3.3678750274e-03
 396.0000000000    8.7567273345e-05    3.3693517444e-03
 396.5000000000    8.7587557584e-05    3.3708079200e-03
 397.0000000000    8.7605808777e-05    3.3722310023e-03
 397.5000000000    8.7621245367e-05    3.3736049928e-03
 398.0000000000    8.7633288584e-05    3.3749139073e-03
 398.5000000000    8.7641750568e-05    3.3761450710e-03
 399.0000000000    8.7646771849e-05    3.3772917427e-03
 399.5000000000    8.7648818405e-05    3.3783546493e-03
 400.0000000000    8.7648515384e-05    3.3793422245e-03
 400.5000000000    8.7646559029e-05    3.3802696192e-03
 401.0000000000    8.7643579458e-05    3.3811566534e-03
 401.5000000000    8.7640066068e-05    3.3820251964e-03
 402.0000000000    8.7636381704e-05    3.3828963582e-03
 402.5000000000    8.7632735827e-05    3.3837880140e-03
 403.0000000000    8.7629226335e-05    3.3847131515e-03
 403.5000000000    8.7625939273e-05    3.3856791452e-03
 404.0000000000    8.7622847658e-05    3.3866879440e-03
 404.5000000000    8.7620178503e-05    3.3877371718e-03
 405.0000000000    8.7617895514e-05    3.3888217026e-03
 405.5000000000    8.7616116809e-05    3.3899353649e-03
 406.0000000000    8.7615128409e-05    3.3910724232e-03
 406.5000000000    8.7614940563e-05    3.3922285870e-03
 407.0000000000    8.7615701100e-05    3.3934013709e-03
 407.5000000000    8.7617490370e-05    3.3945897705e-03
 408.0000000000    8.7620402374e-05    3.3957934613e-03
 408.5000000000    8.7624472459e-05    3.3970118661e-03
 409.0000000000    8.7629735792e-05    3.3982432207e-03
 409.5000000000    8.7636211191e-05    3.3994839093e-03
 410.0000000000    8.7643808060e-05    3.4007284134e-03
 410.5000000000    8.7652337915e-05    3.4019699566e-03
 411.0000000000    8.7661508890e-05    3.4032015581e-03
 411.5000000000    8.7670856897e-05    3.4044172683e-03
 412.0000000000    8.7679884142e-05    3.4056133905e-03
 412.5000000000    8.7688008570e-05    3.4067892906e-03
 413.0000000000    8.7694738050e-05    3.4079474983e-03
 413.5000000000    8.7699682903e-05    3.4090931395e-03
 414.0000000000    8.7702642874e-05    3.4102328611e-03
 414.5000000000    8.7703666694e-05    3.4113732652e-03
 415.0000000000    8.7703007904e-05    3.4125193126e-03
 415.5000000000    8.7701074704e-05    3.4136730723e-03
 416.0000000000    8.7698563224e-05    3.4148329172e-03
 416.5000000000    8.7696058028e-05    3.4159934527e-03
 417.0000000000    8.7694227023e-05    3.4171463234e-03
 417.5000000000    8.7693537213e-05    3.4182816382e-03
 418.0000000000    8.7694302035e-05    3.4193897975e-03
 418.5000000000    8.7696595008e-05    3.4204633492e-03
 419.0000000000    8.7700287922e-05    3.4214984784e-03
 419.5000000000    8.7705077084e-05    3.4224958697e-03
 420.0000000000    8.7710554919e-05    3.4234607763e-03
 420.5000000000    8.7716307579e-05    3.4244022904e-03
 421.0000000000    8.7721974113e-05    3.4253319032e-03
 421.5000000000    8.7727279045e-05    3.4262616088e-03
 422.0000000000    8.7732133585e-05    3.4272019624e-03
 422.5000000000    8.7736520885e-05    3.4281604181e-03
 423.0000000000    8.7740647036e-05    3.4291402417e-03
 423.5000000000    8.7744730301e-05    3.4301401948e-03
 424.0000000000    8.7749021678e-05    3.4311550345e-03
 424.5000000000    8.7753705078e-05    3.4321767312e-03
 425.0000000000    8.7758807334e-05    3.4331961072e-03
 425.5000000000    8.7764217273e-05    3.4342046534e-03
 426.0000000000    8.7769657293e-05    3.4351960619e-03
 426.5000000000    8.7774821604e-05    3.4361672839e-03
 427.0000000000    8.7779478058e-05    3.4371188998e-03
 427.5000000000    8.7783528835e-05    3.4380548600e-03
 428.0000000000    8.7787053648e-05    3.4389816432e-03
 428.5000000000    8.7790202548e-05    3.4399069735e-03
 429.0000000000    8.7793217998e-05    3.4408384094e-03
 429.5000000000    8.7796295946e-05    3.4417820161e-03
 430.0000000000    8.7799532558e-05    3.4427413491e-03
 430.5000000000    8.7802974876e-05    3.4437169692e-03
 431.0000000000    8.7806647389e-05    3.4447065440e-03
 431.5000000000    8.7810571203e-05    3.4457054203e-03
 432.0000000000    8.7814770243e-05    3.4467075120e-03
 432.5000000000    8.7819237682e-05    3.4477062689e-03
 433.0000000000    8.7823888644e-05    3.4486956253e-03
 433.5000000000    8.7828557472e-05    3.4496707871e-03
 434.0000000000    8.7833030832e-05    3.4506287594e-03
 434.5000000000    8.7837143240e-05    3.4515686440e-03
 435.0000000000    8.7840831775e-05    3.4524915699e-03
 435.5000000000    8.7844169955e-05    3.4534003441e-03
 436.0000000000    8.7847350338e-05    3.4542988156e-03
 436.5000000000    8.7850496243e-05    3.4551911607e-03
 437.0000000000    8.7853765292e-05    3.4560811779e-03
 437.5000000000    8.7857209666e-05    3.4569716977e-03
 438.0000000000    8.7860598274e-05    3.4578642063e-03
 438.5000000000    8.7864007244e-05    3.4587587419e-03
 439.0000000000    8.7867323201e-05    3.4596540514e-03
 439.5000000000    8.7870454199e-05    3.4605479343e-03
 440.0000000000    8.7873346419e-05    3.4614377490e-03
 440.5000000000    8.7875903217e-05    3.4623209574e-03
 441.0000000000    8.7878004802e-05    3.4631956160e-03
 441.5000000000    8.7879592664e-05    3.4640607206e-03
 442.0000000000    8.7880697781e-05    3.4649250328e-03
 442.5000000000    8.7881406101e-05    3.4657637684e-03
 443.0000000000    8.7881932145e-05    3.4666048487e-03
 443.5000000000    8.7882474370e-05    3.4674417261e-03
 444.0000000000    8.7883225100e-05    3.4682830807e-03
 444.5000000000    8.7884320197e-05    3.4691083796e-03
 445.0000000000    8.7885895500e-05    3.4699430120e-03
 445.5000000000    8.7888042588e-05    3.4707800879e-03
 446.0000000000    8.7890769350e-05    3.4716195322e-03
 446.5000000000    8.7894058302e-05    3.4724611786e-03
 447.0000000000    8.7897830361e-05    3.4733043827e-03
 447.5000000000    8.7901948337e-05    3.4741479579e-03
 448.0000000000    8.7906273817e-05    3.4749904384e-03
 448.5000000000    8.7910663407e-05    3.4758302679e-03
 449.0000000000    8.7914990653e-05    3.4766661004e-03
 449.5000000000    8.7919170879e-05    3.4774976907e-03
 450.0000000000    8.7923131268e-05    3.4783226373e-03
 450.5000000000    8.7926847539e-05    3.4791425412e-03
 451.0000000000    8.7930326502e-05    3.4799574388e-03
 451.5000000000    8.7933615804e-05    3.4807683395e-03
 452.0000000000    8.7936787023e-05    3.4815763092e-03
 452.5000000000    8.7939911219e-05    3.4823823108e-03
 453.0000000000    8.7943047194e-05    3.4831896963e-03
 453.5000000000    8.7946219452e-05    3.4839911509e-03
 454.0000000000    8.7949437870e-05    3.4847938659e-03
 454.5000000000    8.7952705327e-05    3.4855975597e-03
 455.0000000000    8.7956000730e-05    3.4864055541e-03
 455.5000000000    8.7959268150e-05    3.4871948171e-03
 456.0000000000    8.7962503420e-05    3.4879900487e-03
 456.5000000000    8.7965662339e-05    3.4887810395e-03
 457.0000000000    8.7968731889e-05    3.4895673450e-03
 457.5000000000    8.7971680884e-05    3.4903481484e-03
 458.0000000000    8.7974516087e-05    3.4911232200e-03
 458.5000000000    8.7977264727e-05    3.4918927630e-03
 459.0000000000    8.7979930038e-05    3.4926574115e-03
 459.5000000000    8.7982550492e-05    3.4934181572e-03
 460.0000000000    8.7985150167e-05    3.4941761643e-03
 460.5000000000    8.7987782037e-05    3.4949324139e-03
 461.0000000000    8.7990414512e-05    3.4956876180e-03
 461.5000000000    8.7993039162e-05    3.4964422393e-03
 462.0000000000    8.7995683571e-05    3.4971965021e-03
 462.5000000000    8.7998323809e-05    3.4979503954e-03
 463.0000000000    8.8000949742e-05    3.4987037272e-03
 463.5000000000    8.8003544249e-05    3.4994562775e-03
 464.0000000000    8.8006098859e-05    3.5002078059e-03
 464.5000000000    8.8008627530e-05    3.5009621409e-03
 465.0000000000    8.8011102360e-05    3.5017068311e-03
 465.5000000000    8.8013567280e-05    3.5024531595e-03
 466.0000000000    8.8016046238e-05    3.5031972899e-03
 466.5000000000    8.8018558892e-05    3.5039387156e-03
 467.0000000000    8.8021120158e-05    3.5046771030e-03
 467.5000000000    8.8023747104e-05    3.5054125214e-03
 468.0000000000    8.8026443863e-05    3.5061449379e-03
 468.5000000000    8.8029201916e-05    3.5068743651e-03
 469.0000000000    8.8032019107e-05    3.5076009248e-03
 469.5000000000    8.8034899366e-05    3.5083259176e-03
 470.0000000000    8.8037808624e-05    3.5090455363e-03
 470.5000000000    8.8040733995e-05    3.5097630817e-03
 471.0000000000    8.8043660928e-05    3.5104774814e-03
 471.5000000000    8.8046563620e-05    3.5111883856e-03
 472.0000000000    8.8049425568e-05    3.5118958736e-03
 472.5000000000    8.8052254669e-05    3.5125994144e-03
 473.0000000000    8.8055025450e-05    3.5133042205e-03
 473.5000000000    8.8057725208e-05    3.5139959960e-03
 474.0000000000    8.8060344273e-05    3.5146890310e-03
 474.5000000000    8.8062916109e-05    3.5153795415e-03
 475.0000000000    8.8065460396e-05    3.5160677189e-03
 475.5000000000    8.8067995757e-05    3.5167535731e-03
 476.0000000000    8.8070541890e-05    3.5174373102e-03
 476.5000000000    8.8073098049e-05    3.5181189462e-03
 477.0000000000    8.8075651998e-05    3.5187985545e-03
 477.5000000000    8.8078179997e-05    3.5194763338e-03
 478.0000000000    8.8080659867e-05    3.5201527425e-03
 478.5000000000    8.8083079412e-05    3.5208283963e-03
 479.0000000000    8.8085438710e-05    3.5215038439e-03
 479.5000000000    8.8087774822e-05    3.5221809334e-03
 480.0000000000    8.8090105239e-05    3.5228549671e-03
 480.5000000000    8.8092488183e-05    3.5235301053e-03
 481.0000000000    8.8094927710e-05    3.5242046213e-03
 481.5000000000    8.8097479189e-05    3.5248793509e-03
 482.0000000000    8.8100062678e-05    3.5255485077e-03
 482.5000000000    8.8102659626e-05    3.5262168739e-03
 483.0000000000    8.8105249170e-05    3.5268834226e-03
 483.5000000000    8.8107806621e-05    3.5275486609e-03
 484.0000000000    8.8110342036e-05    3.5282127875e-03
 484.5000000000    8.8112884148e-05    3.5288754235e-03
 485.0000000000    8.8115463101e-05    3.5295361334e-03
 485.5000000000    8.8118089274e-05    3.5301945818e-03
 486.0000000000    8.8120745243e-05    3.5308505722e-03
 486.5000000000    8.8123395905e-05    3.5315041089e-03
 487.0000000000    8.8126005117e-05    3.5321554080e-03
 487.5000000000    8.8128556249e-05    3.5328047358e-03
 488.0000000000    8.8131064329e-05    3.5334521940e-03
 488.5000000000    8.8133551825e-05    3.5340976068e-03
 489.0000000000    8.8136099522e-05    3.5347405808e-03
 489.5000000000    8.8138709971e-05    3.5353806883e-03
 490.0000000000    8.8141376213e-05    3.5360176780e-03
 490.5000000000    8.8144061627e-05    3.5366516364e-03
 491.0000000000    8.8146708289e-05    3.5372829135e-03
 491.5000000000    8.8149263248e-05    3.5379119615e-03
 492.0000000000    8.8151713636e-05    3.5385391992e-03
 492.5000000000    8.8154073531e-05    3.5391648425e-03
 493.0000000000    8.8156380928e-05    3.5397889344e-03
 493.5000000000    8.8158684873e-05    3.5404113950e-03
 494.0000000000    8.8161012056e-05    3.5410321372e-03
 494.5000000000    8.8163375090e-05    3.5416511573e-03
 495.0000000000    8.8165758971e-05    3.5422685449e-03
 495.5000000000    8.8168140077e-05    3.5428844054e-03
 496.0000000000    8.8170513186e-05    3.5434987788e-03
 496.5000000000    8.8172882475e-05    3.5441116090e-03
 497.0000000000    8.8175263740e-05    3.5447227445e-03
 497.5000000000    8.8177677711e-05    3.5453319459e-03
 498.0000000000    8.8180145045e-05    3.5459388772e-03
 498.5000000000    8.8182679005e-05    3.5465431484e-03
 499.0000000000    8.8185288694e-05    3.5471443924e-03
 499.5000000000    8.8187982895e-05    3.5477423565e-03
 500.0000000000    8.8190772352e-05    3.5483370518e-03
 500.5000000000    8.8193660807e-05    3.5489289273e-03
 501.0000000000    8.8196634171e-05    3.5495190379e-03
 501.5000000000    8.8199657993e-05    3.5501091418e-03
 502.0000000000    8.8202679997e-05    3.5507016980e-03
 502.5000000000    8.8205650031e-05    3.5512997018e-03
 503.0000000000    8.8208566606e-05    3.5519063702e-03
 503.5000000000    8.8211510352e-05    3.5525246712e-03
 504.0000000000    8.8214673869e-05    3.5531566573e-03
 504.5000000000    8.8218390418e-05    3.5538026907e-03
 505.0000000000    8.8223117281e-05    3.5544606686e-03
 505.5000000000    8.8229394680e-05    3.5551254326e-03
 506.0000000000    8.8237779365e-05    3.5557885871e-03
 506.5000000000    8.8248731875e-05    3.5564389142e-03
 507.0000000000    8.8262469024e-05    3.5570635616e-03
 507.5000000000    8.8278845746e-05    3.5576501212e-03
 508.0000000000    8.8297267456e-05    3.5581888658e-03
 508.5000000000    8.8316601366e-05    3.5586746920e-03
 509.0000000000    8.8335195080e-05    3.5591088729e-03
 509.5000000000    8.8351034036e-05    3.5594997197e-03
 510.0000000000    8.8361965046e-05    3.5598617318e-03
 510.5000000000    8.8366022948e-05    3.5602137354e-03
 511.0000000000    8.8361722920e-05    3.5605762855e-03
 511.5000000000    8.8348383153e-05    3.5609686833e-03
 512.0000000000    8.8326350200e-05    3.5614061534e-03
 512.5000000000    8.8297015129e-05    3.5618976848e-03
 513.0000000000    8.8262709663e-05    3.5624448270e-03
 513.5000000000    8.8226418753e-05    3.5630415812e-03
 514.0000000000    8.8191370912e-05    3.5636767793e-03
 514.5000000000    8.8160536923e-05    3.5643298068e-03
 515.0000000000    8.8136264036e-05    3.5649861228e-03
 515.5000000000    8.8119923153e-05    3.5656287425e-03
 516.0000000000    8.8111831304e-05    3.5662462631e-03
 516.5000000000    8.8111306285e-05    3.5668386030e-03
 517.0000000000    8.8116832947e-05    3.5673963678e-03
 517.5000000000    8.8126556509e-05    3.5679395286e-03
 518.0000000000    8.8138545885e-05    3.5684767893e-03
 518.5000000000    8.8151185912e-05    3.5690205226e-03
 519.0000000000    8.8163408323e-05    3.5695809914e-03
 519.5000000000    8.8174728111e-05    3.5701646526e-03
 520.0000000000    8.8185228955e-05    3.5707729512e-03
 520.5000000000    8.8195392971e-05    3.5714027466e-03
 521.0000000000    8.8205763290e-05    3.5720473908e-03
 521.5000000000    8.8216775525e-05    3.5726981191e-03
 522.0000000000    8.8228588865e-05    3.5733455565e-03
 522.5000000000    8.8241001292e-05    3.5739811041e-03
 523.0000000000    8.8253542760e-05    3.5745980450e-03
 523.5000000000    8.8265590553e-05    3.5751923140e-03
 524.0000000000    8.8276554799e-05    3.5757629278e-03
 524.5000000000    8.8286010428e-05    3.5763119340e-03
 525.0000000000    8.8293784558e-05    3.5768437825e-03
 525.5000000000    8.8299968731e-05    3.5773642883e-03
 526.0000000000    8.8304860086e-05    3.5778796047e-03
 526.5000000000    8.8308861175e-05    3.5783952612e-03
 527.0000000000    8.8312375865e-05    3.5789154337e-03
 527.5000000000    8.8315717119e-05    3.5794425724e-03
 528.0000000000    8.8319059388e-05    3.5799772755e-03
 528.5000000000    8.8322417774e-05    3.5805186153e-03
 529.0000000000    8.8325721542e-05    3.5810643869e-03
 529.5000000000    8.8328821137e-05    3.5816113111e-03
 530.0000000000    8.8331556268e-05    3.5821558297e-03
 530.5000000000    8.8333821690e-05    3.5826946888e-03
 531.0000000000    8.8335574562e-05    3.5832254543e-03
 531.5000000000    8.8336835667e-05    3.5837469382e-03
 532.0000000000    8.8337659106e-05    3.5842593951e-03
 532.5000000000    8.8338144903e-05    3.5847644958e-03
 533.0000000000    8.8338411645e-05    3.5852647566e-03
 533.5000000000    8.8338573354e-05    3.5857630110e-03
 534.0000000000    8.8338737795e-05    3.5862619148e-03
 534.5000000000    8.8338994945e-05    3.5867634988e-03
 535.0000000000    8.8339424669e-05    3.5872695522e-03
 535.5000000000    8.8340075381e-05    3.5877784545e-03
 536.0000000000    8.8340972317e-05    3.5882920047e-03
 536.5000000000    8.8342142205e-05    3.5888092104e-03
 537.0000000000    8.8343567574e-05    3.5893226263e-03
 537.5000000000    8.8345220639e-05    3.5898371337e-03
 538.0000000000    8.8347027055e-05    3.5903502329e-03
 538.5000000000    8.8348886012e-05    3.5908622039e-03
 539.0000000000    8.8350680345e-05    3.5913744899e-03
 539.5000000000    8.8352300937e-05    3.5918898051e-03
 540.0000000000    8.8353676807e-05    3.5924121487e-03
 540.5000000000    8.8354817233e-05    3.5929456266e-03
 541.0000000000    8.8355749336e-05    3.5934937723e-03
 541.5000000000    8.8356647798e-05    3.5940581653e-03
 542.0000000000    8.8357648048e-05    3.5946373512e-03
 542.5000000000    8.8358983316e-05    3.5952256827e-03
 543.0000000000    8.8360840816e-05    3.5958126338e-03
 543.5000000000    8.8363326045e-05    3.5963833195e-03
 544.0000000000    8.8366425882e-05    3.5969199812e-03
 544.5000000000    8.8369797863e-05    3.5974044929e-03
 545.0000000000    8.8372796305e-05    3.5978219468e-03
 545.5000000000    8.8374315532e-05    3.5981648884e-03
 546.0000000000    8.8372899981e-05    3.5984367878e-03
 546.5000000000    8.8366838739e-05    3.5986542079e-03
 547.0000000000    8.8354414446e-05    3.5988471235e-03
 547.5000000000    8.8334253134e-05    3.5990565740e-03
 548.0000000000    8.8305718977e-05    3.5993296412e-03
 548.5000000000    8.8269279493e-05    3.5997123794e-03
 549.0000000000    8.8226775045e-05    3.6002418246e-03
 549.5000000000    8.8181528562e-05    3.6009383692e-03
 550.0000000000    8.8138184464e-05    3.6018001418e-03
 550.5000000000    8.8102257185e-05    3.6028007209e-03
 551.0000000000    8.8079451790e-05    3.6038912086e-03
 551.5000000000    8.8074790869e-05    3.6050066231e-03
 552.0000000000    8.8091731968e-05    3.6060757305e-03
 552.5000000000    8.8131452952e-05    3.6070326827e-03
 553.0000000000    8.8192448902e-05    3.6078281786e-03
 553.5000000000    8.8270557838e-05    3.6084378208e-03
 554.0000000000    8.8359436068e-05    3.6088660190e-03
 554.5000000000    8.8451481287e-05    3.6091444507e-03
 555.0000000000    8.8538896985e-05    3.6093254971e-03
 555.5000000000    8.8614839168e-05    3.6094719354e-03
 556.0000000000    8.8674376655e-05    3.6096451538e-03
 556.5000000000    8.8715136577e-05    3.6098941913e-03
 557.0000000000    8.8737395778e-05    3.6102476796e-03
 557.5000000000    8.8743717320e-05    3.6107100696e-03
 558.0000000000    8.8738239114e-05    3.6112626846e-03
 558.5000000000    8.8725637231e-05    3.6118691913e-03
 559.0000000000    8.8710139184e-05    3.6124857308e-03
 559.5000000000    8.8694738813e-05    3.6130615051e-03
 560.0000000000    8.8680826600e-05    3.6135646524e-03
 560.5000000000    8.8668306909e-05    3.6139773514e-03
 561.0000000000    8.8655917308e-05    3.6142776442e-03
 561.5000000000    8.8642013401e-05    3.6144939936e-03
 562.0000000000    8.8625189387e-05    3.6146492370e-03
 562.5000000000    8.8604809899e-05    3.6147770476e-03
 563.0000000000    8.8581258683e-05    3.6149129627e-03
 563.5000000000    8.8555839160e-05    3.6150895571e-03
 564.0000000000    8.8530460271e-05    3.6153299765e-03
 564.5000000000    8.8507097531e-05    3.6156466582e-03
 565.0000000000    8.8487387974e-05    3.6160399585e-03
 565.5000000000    8.8472210693e-05    3.6164997466e-03
 566.0000000000    8.8461565540e-05    3.6170081128e-03
 566.5000000000    8.8454647634e-05    3.6175428240e-03
 567.0000000000    8.8450185132e-05    3.6180819564e-03
 567.5000000000    8.8446793129e-05    3.6186044723e-03
 568.0000000000    8.8443333547e-05    3.6190990257e-03
 568.5000000000    8.8439167588e-05    3.6195572997e-03
 569.0000000000    8.8434304834e-05    3.6199821374e-03
 569.5000000000    8.8429221224e-05    3.6203816994e-03
 570.0000000000    8.8424779224e-05    3.6207684636e-03
 570.5000000000    8.8421877434e-05    3.6211564836e-03
 571.0000000000    8.8421401032e-05    3.6215584881e-03
 571.5000000000    8.8423864859e-05    3.6219834300e-03
 572.0000000000    8.8429500117e-05    3.6224349726e-03
 572.5000000000    8.8438129962e-05    3.6229110832e-03
 573.0000000000    8.8449260799e-05    3.6234050243e-03
 573.5000000000    8.8462109215e-05    3.6239071336e-03
 574.0000000000    8.8475765518e-05    3.6244070118e-03
 574.5000000000    8.8489267691e-05    3.6248954757e-03
 575.0000000000    8.8501740708e-05    3.6253659805e-03
 575.5000000000    8.8512476830e-05    3.6258154841e-03
 576.0000000000    8.8521030021e-05    3.6262444234e-03
 576.5000000000    8.8527196282e-05    3.6266560579e-03
 577.0000000000    8.8531082111e-05    3.6270555530e-03
 577.5000000000    8.8533003626e-05    3.6274488492e-03
 578.0000000000    8.8533492598e-05    3.6278414858e-03
 578.5000000000    8.8533181240e-05    3.6282378460e-03
 579.0000000000    8.8532624214e-05    3.6286406752e-03
 579.5000000000    8.8532294990e-05    3.6290509169e-03
 580.0000000000    8.8532521549e-05    3.6294679362e-03
 580.5000000000    8.8533358890e-05    3.6298899139e-03
 581.0000000000    8.8534691549e-05    3.6303143287e-03
 581.5000000000    8.8536236745e-05    3.6307384708e-03
 582.0000000000    8.8537767036e-05    3.6311598940e-03
 582.5000000000    8.8539033509e-05    3.6315766999e-03
 583.0000000000    8.8539887641e-05    3.6319877498e-03
 583.5000000000    8.8540284266e-05    3.6323928138e-03
 584.0000000000    8.8540314003e-05    3.6327925654e-03
 584.5000000000    8.8540088199e-05    3.6331883871e-03
 585.0000000000    8.8539810683e-05    3.6335820710e-03
 585.5000000000    8.8539629771e-05    3.6339754862e-03
 586.0000000000    8.8539659363e-05    3.6343703196e-03
 586.5000000000    8.8539976040e-05    3.6347678990e-03
 587.0000000000    8.8540652459e-05    3.6351689371e-03
 587.5000000000    8.8541622431e-05    3.6355734641e-03
 588.0000000000    8.8542896170e-05    3.6359808710e-03
 588.5000000000    8.8544395175e-05    3.6363900927e-03
 589.0000000000    8.8546024837e-05    3.6367998362e-03
 589.5000000000    8.8547682608e-05    3.6372087862e-03
 590.0000000000    8.8549229243e-05    3.6376159072e-03
 590.5000000000    8.8550668966e-05    3.6380205363e-03
 591.0000000000    8.8551959906e-05    3.6384223975e-03
 591.5000000000    8.8553196583e-05    3.6388215339e-03
 592.0000000000    8.8554462458e-05    3.6392183854e-03
 592.5000000000    8.8555925624e-05    3.6396136223e-03
 593.0000000000    8.8557632407e-05    3.6400078829e-03
 593.5000000000    8.8559558734e-05    3.6404017643e-03
 594.0000000000    8.8561641858e-05    3.6407957573e-03
 594.5000000000    8.8563704978e-05    3.6411901777e-03
 595.0000000000    8.8565637989e-05    3.6415851140e-03
 595.5000000000    8.8567395809e-05    3.6419804290e-03
 596.0000000000    8.8569052643e-05    3.6423760403e-03
 596.5000000000    8.8570728711e-05    3.6427717206e-03
 597.0000000000    8.8572501253e-05    3.6431669951e-03
 597.5000000000    8.8574389116e-05    3.6435613410e-03
 598.0000000000    8.8576339699e-05    3.6439542566e-03
 598.5000000000    8.8578204838e-05    3.6443451264e-03
 599.0000000000    8.8580049413e-05    3.6447332443e-03
 599.5000000000    8.8581533782e-05    3.6451178399e-03
 600.0000000000    8.8583037297e-05    3.6454979751e-03
 600.5000000000    8.8584545875e-05    3.6458726025e-03
 601.0000000000    8.8586068229e-05    3.6462405312e-03
 601.5000000000    8.8587487174e-05    3.6466004180e-03
 602.0000000000    8.8589030653e-05    3.6469506490e-03
 602.5000000000    8.8590412314e-05    3.6472894981e-03
 603.0000000000    8.8591625997e-05    3.6476152007e-03
 603.5000000000    8.8592768833e-05    3.6479262155e-03
 604.0000000000    8.8593863650e-05    3.6482212595e-03
 604.5000000000    8.8595078696e-05    3.6484992347e-03
 605.0000000000    8.8596319064e-05    3.6487597330e-03
 605.5000000000    8.8597688687e-05    3.6490031450e-03
 606.0000000000    8.8599233261e-05    3.6492309182e-03
 606.5000000000    8.8600911265e-05    3.6494456475e-03
 607.0000000000    8.8602703254e-05    3.6496510100e-03
 607.5000000000    8.8604672069e-05    3.6498525050e-03
 608.0000000000    8.8606756841e-05    3.6500558356e-03
 608.5000000000    8.8608871851e-05    3.6502655626e-03
 609.0000000000    8.8610932113e-05    3.6504863106e-03
 609.5000000000    8.8612863258e-05    3.6507315846e-03
 610.0000000000    8.8614515564e-05    3.6509993009e-03
 610.5000000000    8.8615892563e-05    3.6513005705e-03
 611.0000000000    8.8616945768e-05    3.6516377822e-03
 611.5000000000    8.8617543401e-05    3.6520153933e-03
 612.0000000000    8.8617712547e-05    3.6524351287e-03
 612.5000000000    8.8617398975e-05    3.6528990579e-03
 613.0000000000    8.8616594860e-05    3.6534070240e-03
 613.5000000000    8.8615374327e-05    3.6539579855e-03
 614.0000000000    8.8613906959e-05    3.6545493870e-03
 614.5000000000    8.8612286642e-05    3.6551773802e-03
 615.0000000000    8.8610784257e-05    3.6558370041e-03
 615.5000000000    8.8609685336e-05    3.6565218156e-03
 616.0000000000    8.8609223935e-05    3.6572243505e-03
 616.5000000000    8.8609689160e-05    3.6579361633e-03
 617.0000000000    8.8611352139e-05    3.6586483059e-03
 617.5000000000    8.8614396621e-05    3.6593514969e-03
 618.0000000000    8.8618900775e-05    3.6600364608e-03
 618.5000000000    8.8624893374e-05    3.6606942440e-03
 619.0000000000    8.8632186745e-05    3.6613165730e-03
 619.5000000000    8.8640630808e-05    3.6618962287e-03
 620.0000000000    8.8649966682e-05    3.6624272470e-03
 620.5000000000    8.8659801107e-05    3.6629051493e-03
 621.0000000000    8.8669713792e-05    3.6633271237e-03
 621.5000000000    8.8679250335e-05    3.6636921658e-03
 622.0000000000    8.8687965250e-05    3.6640012212e-03
 622.5000000000    8.8695435125e-05    3.6642571522e-03
 623.0000000000    8.8701271755e-05    3.6644646190e-03
 623.5000000000    8.8705268679e-05    3.6646298068e-03
 624.0000000000    8.8707410613e-05    3.6647601782e-03
 624.5000000000    8.8707507414e-05    3.6648641097e-03
 625.0000000000    8.8705726556e-05    3.6649503015e-03
 625.5000000000    8.8702369576e-05    3.6650272263e-03
 626.0000000000    8.8697924538e-05    3.6651026577e-03
 626.5000000000    8.8692713695e-05    3.6651832494e-03
 627.0000000000    8.8687249347e-05    3.6652743246e-03
 627.5000000000    8.8682025538e-05    3.6653799359e-03
 628.0000000000    8.8677432679e-05    3.6655030195e-03
 628.5000000000    8.8673731649e-05    3.6656457611e-03
 629.0000000000    8.8671006108e-05    3.6658101030e-03
 629.5000000000    8.8669253958e-05    3.6659980985e-03
 630.0000000000    8.8668291256e-05    3.6662122494e-03
 630.5000000000    8.8667815436e-05    3.6664555579e-03
 631.0000000000    8.8667640928e-05    3.6667314145e-03
 631.5000000000    8.8667196439e-05    3.6670432718e-03
 632.0000000000    8.8666488533e-05    3.6673940313e-03
 632.5000000000    8.8665390752e-05    3.6677855240e-03
 633.0000000000    8.8663635681e-05    3.6682178960e-03
 633.5000000000    8.8661725297e-05    3.6686892317e-03
 634.0000000000    8.8659817655e-05    3.6691954565e-03
 634.5000000000    8.8658244926e-05    3.6697304297e-03
 635.0000000000    8.8657464148e-05    3.6702863952e-03
 635.5000000000    8.8657867722e-05    3.6708545895e-03
 636.0000000000    8.8659794594e-05    3.6714258490e-03
 636.5000000000    8.8663412634e-05    3.6719913394e-03
 637.0000000000    8.8668757999e-05    3.6725431360e-03
 637.5000000000    8.8675734831e-05    3.6730746311e-03
 638.0000000000    8.8683975496e-05    3.6735807614e-03
 638.5000000000    8.8693121790e-05    3.6740581317e-03
 639.0000000000    8.8702694742e-05    3.6745050480e-03
 639.5000000000    8.8712284208e-05    3.6749215274e-03
 640.0000000000    8.8721275920e-05    3.6753092077e-03
 640.5000000000    8.8729403832e-05    3.6756711823e-03
 641.0000000000    8.8736317046e-05    3.6760117944e-03
 641.5000000000    8.8741684931e-05    3.6763362705e-03
 642.0000000000    8.8745377623e-05    3.6766502997e-03
 642.5000000000    8.8747273514e-05    3.6769594011e-03
 643.0000000000    8.8747513847e-05    3.6772683572e-03
 643.5000000000    8.8746349047e-05    3.6775808031e-03
 644.0000000000    8.8744169801e-05    3.6778989830e-03
 644.5000000000    8.8741560988e-05    3.6782236605e-03
 645.0000000000    8.8739011075e-05    3.6785544255e-03
 645.5000000000    8.8736992919e-05    3.6788902120e-03
 646.0000000000    8.8735781729e-05    3.6792300206e-03
 646.5000000000    8.8735494037e-05    3.6795736830e-03
 647.0000000000    8.8736120316e-05    3.6799224253e-03
 647.5000000000    8.8737440738e-05    3.6802791309e-03
 648.0000000000    8.8739227609e-05    3.6806483928e-03
 648.5000000000    8.8741247454e-05    3.6810361135e-03
 649.0000000000    8.8743176451e-05    3.6814487654e-03
 649.5000000000    8.8744834443e-05    3.6818924865e-03
 650.0000000000    8.8746030409e-05    3.6823720433e-03
 650.5000000000    8.8746714346e-05    3.6828899588e-03
 651.0000000000    8.8746912054e-05    3.6834459318e-03
 651.5000000000    8.8746688208e-05    3.6840364912e-03
 652.0000000000    8.8746226583e-05    3.6846549919e-03
 652.5000000000    8.8745829728e-05    3.6852919103e-03
 653.0000000000    8.8745442275e-05    3.6859353089e-03
 653.5000000000    8.8745313050e-05    3.6865714644e-03
 654.0000000000    8.8745732399e-05    3.6871855386e-03
 654.5000000000    8.8746658405e-05    3.6877622855e-03
 655.0000000000    8.8748298490e-05    3.6882867571e-03
 655.5000000000    8.8750773508e-05    3.6887449558e-03
 656.0000000000    8.8754225035e-05    3.6891244309e-03
 656.5000000000    8.8758715661e-05    3.6894149025e-03
 657.0000000000    8.8764257065e-05    3.6896088701e-03
 657.5000000000    8.8770859905e-05    3.6897021788e-03
 658.0000000000    8.8778404495e-05    3.6896945245e-03
 658.5000000000    8.8786578833e-05    3.6895897947e-03
 659.0000000000    8.8795105030e-05    3.6893962446e-03
 659.5000000000    8.8803554421e-05    3.6891263964e-03
 660.0000000000    8.8811246893e-05    3.6887967236e-03
 660.5000000000    8.8817727419e-05    3.6884269440e-03
 661.0000000000    8.8822430394e-05    3.6880390559e-03
 661.5000000000    8.8824821065e-05    3.6876562332e-03
 662.0000000000    8.8824649399e-05    3.6873015761e-03
 662.5000000000    8.8821758026e-05    3.6869969718e-03
 663.0000000000    8.8816193558e-05    3.6867620967e-03
 663.5000000000    8.8808261288e-05    3.6866135938e-03
 664.0000000000    8.8798370041e-05    3.6865646637e-03
 664.5000000000    8.8787098382e-05    3.6866249099e-03
 665.0000000000    8.8775124346e-05    3.6868004720e-03
 665.5000000000    8.8762968342e-05    3.6870942982e-03
 666.0000000000    8.8751196291e-05    3.6875064846e-03
 666.5000000000    8.8740339445e-05    3.6880346014e-03
 667.0000000000    8.8730693576e-05    3.6886739664e-03
 667.5000000000    8.8722489394e-05    3.6894177155e-03
 668.0000000000    8.8716011856e-05    3.6902567002e-03
 668.5000000000    8.8711418278e-05    3.6911792754e-03
 669.0000000000    8.8708882480e-05    3.6921710560e-03
 669.5000000000    8.8708637413e-05    3.6932147403e-03
 670.0000000000    8.8710945479e-05    3.6942901048e-03
 670.5000000000    8.8716109926e-05    3.6953742773e-03
 671.0000000000    8.8724386126e-05    3.6964423786e-03
 671.5000000000    8.8736187096e-05    3.6974685461e-03
 672.0000000000    8.8751313280e-05    3.6984273369e-03
 672.5000000000    8.8769885997e-05    3.6992953059e-03
 673.0000000000    8.8791809474e-05    3.7000526865e-03
 673.5000000000    8.8816017439e-05    3.7006849766e-03
 674.0000000000    8.8841938902e-05    3.7011841530e-03
 674.5000000000    8.8868549358e-05    3.7015493961e-03
 675.0000000000    8.8894411607e-05    3.7017872598e-03
 675.5000000000    8.8918133571e-05    3.7019110792e-03
 676.0000000000    8.8938473301e-05    3.7019398312e-03
 676.5000000000    8.8954272676e-05    3.7018964718e-03
 677.0000000000    8.8964699513e-05    3.7018059771e-03
 677.5000000000    8.8969384609e-05    3.7016932718e-03
 678.0000000000    8.8968390308e-05    3.7015812258e-03
 678.5000000000    8.8962251031e-05    3.7014891405e-03
 679.0000000000    8.8951903386e-05    3.7014315877e-03
 679.5000000000    8.8938587268e-05    3.7014179287e-03
 680.0000000000    8.8923794134e-05    3.7014524670e-03
 680.5000000000    8.8909034533e-05    3.7015349718e-03
 681.0000000000    8.8895724013e-05    3.7016618032e-03
 681.5000000000    8.8885083630e-05    3.7018272144e-03
 682.0000000000    8.8877960695e-05    3.7020246669e-03
 682.5000000000    8.8874834727e-05    3.7022480722e-03
 683.0000000000    8.8875813382e-05    3.7024926474e-03
 683.5000000000    8.8880663443e-05    3.7027553676e-03
 684.0000000000    8.8888958428e-05    3.7030369591e-03
 684.5000000000    8.8899792018e-05    3.7033319629e-03
 685.0000000000    8.8912455006e-05    3.7036467367e-03
 685.5000000000    8.8925912991e-05    3.7039806711e-03
 686.0000000000    8.8939129721e-05    3.7043321558e-03
 686.5000000000    8.8951152874e-05    3.7047002337e-03
 687.0000000000    8.8961167442e-05    3.7050802181e-03
 687.5000000000    8.8968726266e-05    3.7054648915e-03
 688.0000000000    8.8973741496e-05    3.7058452086e-03
 688.5000000000    8.8976487955e-05    3.7062099505e-03
 689.0000000000    8.8977525862e-05    3.7065473544e-03
 689.5000000000    8.8977402449e-05    3.7068459676e-03
 690.0000000000    8.8976523565e-05    3.7070954733e-03
 690.5000000000    8.8974722712e-05    3.7072879801e-03
 691.0000000000    8.8971739998e-05    3.7074179088e-03
 691.5000000000    8.8966913500e-05    3.7074844932e-03
 692.0000000000    8.8959524125e-05    3.7074893134e-03
 692.5000000000    8.8948963117e-05    3.7074388437e-03
 693.0000000000    8.8934754435e-05    3.7073418976e-03
 693.5000000000    8.8916514678e-05    3.7072099226e-03
 694.0000000000    8.8893930198e-05    3.7070565232e-03
 694.5000000000    8.8866530787e-05    3.7068955589e-03
 695.0000000000    8.8833979478e-05    3.7067418690e-03
 695.5000000000    8.8796134310e-05    3.7066090141e-03
 696.0000000000    8.8753201058e-05    3.7065096258e-03
 696.5000000000    8.8705908781e-05    3.7064545938e-03
 697.0000000000    8.8655410988e-05    3.7064524629e-03
 697.5000000000    8.8603201046e-05    3.7065100296e-03
 698.0000000000    8.8550948891e-05    3.7066314219e-03
 698.5000000000    8.8500393346e-05    3.7068189955e-03
 699.0000000000    8.8453292928e-05    3.7070730826e-03
 699.5000000000    8.8411352261e-05    3.7073923398e-03
 700.0000000000    8.8376180724e-05    3.7077743219e-03
