#          time         max mod phi
   0.0000000000    8.1590278889e-02
   0.5000000000    8.1596108848e-02
   1.0000000000    8.1593651993e-02
   1.5000000000    8.1595971445e-02
   2.0000000000    8.1595153993e-02
   2.5000000000    8.1595283262e-02
   3.0000000000    8.1595989935e-02
   3.5000000000    8.1593843596e-02
   4.0000000000    8.1596317933e-02
   4.5000000000    8.1592798831e-02
   5.0000000000    8.1596474329e-02
   5.5000000000    8.1594488665e-02
   6.0000000000    8.1595985788e-02
   6.5000000000    8.1595418599e-02
   7.0000000000    8.1595044294e-02
   7.5000000000    8.1596222978e-02
   8.0000000000    8.1594175045e-02
   8.5000000000    8.1596880477e-02
   9.0000000000    8.1593006847e-02
   9.5000000000    8.1596799037e-02
  10.0000000000    8.1594206461e-02
  10.5000000000    8.1596459378e-02
  11.0000000000    8.1595469068e-02
  11.5000000000    8.1596282443e-02
  12.0000000000    8.1596557930e-02
  12.5000000000    8.1595618510e-02
  13.0000000000    8.1596917792e-02
  13.5000000000    8.1594469961e-02
  14.0000000000    8.1597161737e-02
  14.5000000000    8.1593567207e-02
  15.0000000000    8.1597608040e-02
  15.5000000000    8.1594628418e-02
  16.0000000000    8.1597548325e-02
  16.5000000000    8.1595425592e-02
  17.0000000000    8.1597066207e-02
  17.5000000000    8.1596198594e-02
  18.0000000000    8.1596870742e-02
  18.5000000000    8.1597176458e-02
  19.0000000000    8.1596636027e-02
  19.5000000000    8.1597648253e-02
  20.0000000000    8.1595806581e-02
  20.5000000000    8.1597746551e-02
  21.0000000000    8.1595010332e-02
  21.5000000000    8.1598156264e-02
  22.0000000000    8.1594536949e-02
  22.5000000000    8.1598501869e-02
  23.0000000000    8.1594955403e-02
  23.5000000000    8.1598279478e-02
  24.0000000000    8.1595541805e-02
  24.5000000000    8.1598118122e-02
  25.0000000000    8.1596450963e-02
  25.5000000000    8.1598293718e-02
  26.0000000000    8.1597307278e-02
  26.5000000000    8.1598010140e-02
  27.0000000000    8.1597619318e-02
  27.5000000000    8.1597454725e-02
  28.0000000000    8.1597984204e-02
  28.5000000000    8.1597223502e-02
  29.0000000000    8.1598638759e-02
  29.5000000000    8.1597010762e-02
  30.0000000000    8.1598949807e-02
  30.5000000000    8.1596324889e-02
  31.0000000000    8.1598934492e-02
  31.5000000000    8.1595668570e-02
  32.0000000000    8.1599219853e-02
  32.5000000000    8.1595320640e-02
  33.0000000000    8.1599548341e-02
  33.5000000000    8.1595930736e-02
  34.0000000000    8.1599423354e-02
  34.5000000000    8.1596438369e-02
  35.0000000000    8.1599247298e-02
  35.5000000000    8.1597196770e-02
  36.0000000000    8.1599430828e-02
  36.5000000000    8.1598016034e-02
  37.0000000000    8.1599333385e-02
  37.5000000000    8.1598403937e-02
  38.0000000000    8.1598890795e-02
  38.5000000000    8.1598764124e-02
  39.0000000000    8.1598695831e-02
  39.5000000000    8.1599434881e-02
  40.0000000000    8.1598586481e-02
  40.5000000000    8.1599871720e-02
  41.0000000000    8.1598043367e-02
  41.5000000000    8.1599959041e-02
  42.0000000000    8.1597418365e-02
  42.5000000000    8.1600265510e-02
  43.0000000000    8.1597078362e-02
  43.5000000000    8.1600683013e-02
  44.0000000000    8.1596513396e-02
  44.5000000000    8.1600685829e-02
  45.0000000000    8.1597109270e-02
  45.5000000000    8.1600576373e-02
  46.0000000000    8.1597965846e-02
  46.5000000000    8.1600734905e-02
  47.0000000000    8.1598987336e-02
  47.5000000000    8.1600737931e-02
  48.0000000000    8.1599590242e-02
  48.5000000000    8.1600281031e-02
  49.0000000000    8.1600039200e-02
  49.5000000000    8.1599981326e-02
  50.0000000000    8.1600791689e-02
  50.5000000000    8.1599782835e-02
  51.0000000000    8.1601368993e-02
  51.5000000000    8.1599163050e-02
  52.0000000000    8.1601539206e-02
  52.5000000000    8.1598307781e-02
  53.0000000000    8.1601782596e-02
  53.5000000000    8.1597762069e-02
  54.0000000000    8.1602159816e-02
  54.5000000000    8.1599047004e-02
  55.0000000000    8.1602142320e-02
  55.5000000000    8.1599898702e-02
  56.0000000000    8.1601829114e-02
  56.5000000000    8.1600754862e-02
  57.0000000000    8.1601700229e-02
  57.5000000000    8.1601765911e-02
  58.0000000000    8.1601500940e-02
  58.5000000000    8.1602373181e-02
  59.0000000000    8.1600860117e-02
  59.5000000000    8.1602662567e-02
  60.0000000000    8.1600203245e-02
  60.5000000000    8.1603159969e-02
  61.0000000000    8.1599678216e-02
  61.5000000000    8.1603601177e-02
  62.0000000000    8.1599901710e-02
  62.5000000000    8.1603571244e-02
  63.0000000000    8.1600907746e-02
  63.5000000000    8.1603439327e-02
  64.0000000000    8.1602074712e-02
  64.5000000000    8.1603442979e-02
  65.0000000000    8.1603207959e-02
  65.5000000000    8.1603090386e-02
  66.0000000000    8.1603856123e-02
  66.5000000000    8.1602286897e-02
  67.0000000000    8.1604341145e-02
  67.5000000000    8.1601515500e-02
  68.0000000000    8.1604949681e-02
  68.5000000000    8.1601050848e-02
  69.0000000000    8.1605220977e-02
  69.5000000000    8.1602444613e-02
  70.0000000000    8.1604989770e-02
  70.5000000000    8.1603606323e-02
  71.0000000000    8.1604737877e-02
  71.5000000000    8.1604873756e-02
  72.0000000000    8.1604385736e-02
  72.5000000000    8.1605809154e-02
  73.0000000000    8.1603446536e-02
  73.5000000000    8.1606188084e-02
  74.0000000000    8.1602102913e-02
  74.5000000000    8.1606460563e-02
  75.0000000000    8.1603842963e-02
  75.5000000000    8.1606648762e-02
  76.0000000000    8.1605489906e-02
  76.5000000000    8.1606246420e-02
  77.0000000000    8.1606501024e-02
  77.5000000000    8.1605278346e-02
  78.0000000000    8.1607253534e-02
  78.5000000000    8.1604226750e-02
  79.0000000000    8.1607979791e-02
  79.5000000000    8.1604808400e-02
  80.0000000000    8.1608072720e-02
  80.5000000000    8.1606423650e-02
  81.0000000000    8.1607511105e-02
  81.5000000000    8.1607735026e-02
  82.0000000000    8.1606790106e-02
  82.5000000000    8.1608894106e-02
  83.0000000000    8.1605619447e-02
  83.5000000000    8.1609385613e-02
  84.0000000000    8.1606443117e-02
  84.5000000000    8.1609166493e-02
  85.0000000000    8.1608212386e-02
  85.5000000000    8.1608675961e-02
  86.0000000000    8.1609770538e-02
  86.5000000000    8.1607685548e-02
  87.0000000000    8.1610578509e-02
  87.5000000000    8.1606936688e-02
  88.0000000000    8.1610576481e-02
  88.5000000000    8.1609053791e-02
  89.0000000000    8.1610173169e-02
  89.5000000000    8.1610847018e-02
  90.0000000000    8.1609201113e-02
  90.5000000000    8.1611853445e-02
  91.0000000000    8.1608134581e-02
  91.5000000000    8.1611904429e-02
  92.0000000000    8.1610424195e-02
  92.5000000000    8.1611403509e-02
  93.0000000000    8.1612280453e-02
  93.5000000000    8.1610248453e-02
  94.0000000000    8.1613266832e-02
  94.5000000000    8.1610091445e-02
  95.0000000000    8.1613148874e-02
  95.5000000000    8.1612336387e-02
  96.0000000000    8.1612309404e-02
  96.5000000000    8.1614008991e-02
  97.0000000000    8.1610701663e-02
  97.5000000000    8.1614705377e-02
  98.0000000000    8.1612693716e-02
  98.5000000000    8.1614114435e-02
  99.0000000000    8.1614581158e-02
  99.5000000000    8.1612616384e-02
 100.0000000000    8.1615788624e-02
 100.5000000000    8.1613176819e-02
 101.0000000000    8.1615873829e-02
 101.5000000000    8.1615604724e-02
 102.0000000000    8.1614386541e-02
 102.5000000000    8.1616777321e-02
 103.0000000000    8.1613635874e-02
 103.5000000000    8.1617073259e-02
 104.0000000000    8.1616674858e-02
 104.5000000000    8.1616052966e-02
 105.0000000000    8.1618235171e-02
 105.5000000000    8.1614876134e-02
 106.0000000000    8.1618284082e-02
 106.5000000000    8.1617819788e-02
 107.0000000000    8.1617148773e-02
 107.5000000000    8.1619613549e-02
 108.0000000000    8.1616679744e-02
 108.5000000000    8.1619728146e-02
 109.0000000000    8.1619537885e-02
 109.5000000000    8.1618034318e-02
 110.0000000000    8.1620852881e-02
 110.5000000000    8.1618559917e-02
 111.0000000000    8.1620783196e-02
 111.5000000000    8.1621486130e-02
 112.0000000000    8.1618810056e-02
 112.5000000000    8.1622381537e-02
 113.0000000000    8.1620901597e-02
 113.5000000000    8.1621430792e-02
 114.0000000000    8.1623211707e-02
 114.5000000000    8.1620089227e-02
 115.0000000000    8.1623742848e-02
 115.5000000000    8.1623674859e-02
 116.0000000000    8.1621952667e-02
 116.5000000000    8.1624982213e-02
 117.0000000000    8.1623264098e-02
 117.5000000000    8.1624332873e-02
 118.0000000000    8.1626012470e-02
 118.5000000000    8.1622969264e-02
 119.0000000000    8.1626450072e-02
 119.5000000000    8.1626563673e-02
 120.0000000000    8.1624228111e-02
 120.5000000000    8.1627690412e-02
 121.0000000000    8.1626682357e-02
 121.5000000000    8.1626617818e-02
 122.0000000000    8.1629083370e-02
 122.5000000000    8.1627021041e-02
 123.0000000000    8.1628641816e-02
 123.5000000000    8.1629910576e-02
 124.0000000000    8.1626855923e-02
 124.5000000000    8.1630181884e-02
 125.0000000000    8.1630830206e-02
 125.5000000000    8.1627847731e-02
 126.0000000000    8.1631990562e-02
 126.5000000000    8.1631824659e-02
 127.0000000000    8.1629822062e-02
 127.5000000000    8.1633217966e-02
 128.0000000000    8.1632583627e-02
 128.5000000000    8.1631728766e-02
 129.0000000000    8.1634856614e-02
 129.5000000000    8.1633904990e-02
 130.0000000000    8.1633612857e-02
 130.5000000000    8.1636194319e-02
 131.0000000000    8.1634857253e-02
 131.5000000000    8.1635012449e-02
 132.0000000000    8.1637580061e-02
 132.5000000000    8.1636350770e-02
 133.0000000000    8.1636740513e-02
 133.5000000000    8.1639165716e-02
 134.0000000000    8.1637779668e-02
 134.5000000000    8.1637874648e-02
 135.0000000000    8.1640375895e-02
 135.5000000000    8.1639323535e-02
 136.0000000000    8.1639211021e-02
 136.5000000000    8.1642060424e-02
 137.0000000000    8.1641286441e-02
 137.5000000000    8.1640286194e-02
 138.0000000000    8.1643321724e-02
 138.5000000000    8.1642954949e-02
 139.0000000000    8.1641059494e-02
 139.5000000000    8.1644796591e-02
 140.0000000000    8.1645179243e-02
 140.5000000000    8.1642194900e-02
 141.0000000000    8.1646183311e-02
 141.5000000000    8.1647090816e-02
 142.0000000000    8.1644815357e-02
 142.5000000000    8.1647166669e-02
 143.0000000000    8.1649108560e-02
 143.5000000000    8.1647944729e-02
 144.0000000000    8.1648281806e-02
 144.5000000000    8.1651028788e-02
 145.0000000000    8.1650683427e-02
 145.5000000000    8.1648489062e-02
 146.0000000000    8.1652335721e-02
 146.5000000000    8.1653322006e-02
 147.0000000000    8.1651436351e-02
 147.5000000000    8.1653611293e-02
 148.0000000000    8.1655701534e-02
 148.5000000000    8.1654910254e-02
 149.0000000000    8.1653701491e-02
 149.5000000000    8.1657140714e-02
 150.0000000000    8.1657947173e-02
 150.5000000000    8.1656114950e-02
 151.0000000000    8.1658269048e-02
 151.5000000000    8.1660464297e-02
 152.0000000000    8.1659993689e-02
 152.5000000000    8.1657863302e-02
 153.0000000000    8.1661648973e-02
 153.5000000000    8.1663021228e-02
 154.0000000000    8.1661980423e-02
 154.5000000000    8.1662118762e-02
 155.0000000000    8.1665154884e-02
 155.5000000000    8.1665743949e-02
 156.0000000000    8.1664003972e-02
 156.5000000000    8.1665482845e-02
 157.0000000000    8.1668123060e-02
 157.5000000000    8.1668572490e-02
 158.0000000000    8.1666807715e-02
 158.5000000000    8.1669102663e-02
 159.0000000000    8.1671418356e-02
 159.5000000000    8.1671602540e-02
 160.0000000000    8.1669773401e-02
 160.5000000000    8.1672175857e-02
 161.0000000000    8.1674720951e-02
 161.5000000000    8.1675269243e-02
 162.0000000000    8.1673814289e-02
 162.5000000000    8.1675446767e-02
 163.0000000000    8.1678098698e-02
 163.5000000000    8.1678912993e-02
 164.0000000000    8.1677978167e-02
 164.5000000000    8.1678284497e-02
 165.0000000000    8.1681618310e-02
 165.5000000000    8.1683147200e-02
 166.0000000000    8.1682889305e-02
 166.5000000000    8.1680917878e-02
 167.0000000000    8.1684584159e-02
 167.5000000000    8.1686856512e-02
 168.0000000000    8.1687604073e-02
 168.5000000000    8.1686829161e-02
 169.0000000000    8.1687305128e-02
 169.5000000000    8.1690527123e-02
 170.0000000000    8.1692187886e-02
 170.5000000000    8.1692390465e-02
 171.0000000000    8.1691245203e-02
 171.5000000000    8.1692898630e-02
 172.0000000000    8.1695941907e-02
 172.5000000000    8.1697617524e-02
 173.0000000000    8.1697911366e-02
 173.5000000000    8.1696862048e-02
 174.0000000000    8.1698171850e-02
 174.5000000000    8.1701118641e-02
 175.0000000000    8.1702948456e-02
 175.5000000000    8.1703682418e-02
 176.0000000000    8.1703290456e-02
 176.5000000000    8.1703090197e-02
 177.0000000000    8.1706399851e-02
 177.5000000000    8.1708588388e-02
 178.0000000000    8.1709782173e-02
 178.5000000000    8.1710080600e-02
 179.0000000000    8.1709512199e-02
 179.5000000000    8.1710915227e-02
 180.0000000000    8.1714031155e-02
 180.5000000000    8.1716128763e-02
 181.0000000000    8.1717293043e-02
 181.5000000000    8.1717652455e-02
 182.0000000000    8.1717313865e-02
 182.5000000000    8.1717969454e-02
 183.0000000000    8.1721329971e-02
 183.5000000000    8.1723856367e-02
 184.0000000000    8.1725544718e-02
 184.5000000000    8.1726468324e-02
 185.0000000000    8.1726751607e-02
 185.5000000000    8.1726505808e-02
 186.0000000000    8.1727970772e-02
 186.5000000000    8.1731210945e-02
 187.0000000000    8.1733789503e-02
 187.5000000000    8.1735689057e-02
 188.0000000000    8.1736969927e-02
 188.5000000000    8.1737749098e-02
 189.0000000000    8.1738139089e-02
 189.5000000000    8.1738190009e-02
 190.0000000000    8.1740517492e-02
 190.5000000000    8.1743587435e-02
 191.0000000000    8.1746116972e-02
 191.5000000000    8.1748151400e-02
 192.0000000000    8.1749794808e-02
 192.5000000000    8.1751155786e-02
 193.0000000000    8.1752290858e-02
 193.5000000000    8.1753185818e-02
 194.0000000000    8.1753785847e-02
 194.5000000000    8.1754768582e-02
 195.0000000000    8.1757731519e-02
 195.5000000000    8.1760383036e-02
 196.0000000000    8.1762826836e-02
 196.5000000000    8.1765125236e-02
 197.0000000000    8.1767272926e-02
 197.5000000000    8.1769220984e-02
 198.0000000000    8.1770926205e-02
 198.5000000000    8.1772397682e-02
 199.0000000000    8.1773702182e-02
 199.5000000000    8.1774931548e-02
 200.0000000000    8.1776152722e-02
 200.5000000000    8.1777375808e-02
 201.0000000000    8.1778561614e-02
 201.5000000000    8.1780949554e-02
 202.0000000000    8.1783609945e-02
 202.5000000000    8.1786118364e-02
 203.0000000000    8.1788552086e-02
 203.5000000000    8.1790978028e-02
 204.0000000000    8.1793416371e-02
 204.5000000000    8.1795836793e-02
 205.0000000000    8.1798187880e-02
 205.5000000000    8.1800441487e-02
 206.0000000000    8.1802617450e-02
 206.5000000000    8.1804776251e-02
 207.0000000000    8.1806981270e-02
 207.5000000000    8.1809263444e-02
 208.0000000000    8.1811603077e-02
 208.5000000000    8.1813950331e-02
 209.0000000000    8.1816257711e-02
 209.5000000000    8.1818518133e-02
 210.0000000000    8.1820769137e-02
 210.5000000000    8.1823070406e-02
 211.0000000000    8.1825460259e-02
 211.5000000000    8.1827928739e-02
 212.0000000000    8.1830423688e-02
 212.5000000000    8.1832883399e-02
 213.0000000000    8.1835274917e-02
 213.5000000000    8.1837611645e-02
 214.0000000000    8.1839940894e-02
 214.5000000000    8.1842305042e-02
 215.0000000000    8.1844704824e-02
 215.5000000000    8.1847088320e-02
 216.0000000000    8.1849378347e-02
 216.5000000000    8.1851515124e-02
 217.0000000000    8.1853486514e-02
 217.5000000000    8.1855324481e-02
 218.0000000000    8.1858398303e-02
 218.5000000000    8.1862124909e-02
 219.0000000000    8.1865844272e-02
 219.5000000000    8.1869467893e-02
 220.0000000000    8.1872908514e-02
 220.5000000000    8.1876122834e-02
 221.0000000000    8.1879125059e-02
 221.5000000000    8.1881953143e-02
 222.0000000000    8.1884619437e-02
 222.5000000000    8.1887075265e-02
 223.0000000000    8.1889220217e-02
 223.5000000000    8.1890940408e-02
 224.0000000000    8.1894646763e-02
 224.5000000000    8.1899028967e-02
 225.0000000000    8.1903069125e-02
 225.5000000000    8.1906780392e-02
 226.0000000000    8.1910116424e-02
 226.5000000000    8.1912966813e-02
 227.0000000000    8.1915194422e-02
 227.5000000000    8.1916693459e-02
 228.0000000000    8.1921078180e-02
 228.5000000000    8.1925870775e-02
 229.0000000000    8.1930058964e-02
 229.5000000000    8.1933596826e-02
 230.0000000000    8.1936365136e-02
 230.5000000000    8.1938203829e-02
 231.0000000000    8.1941785130e-02
 231.5000000000    8.1947149153e-02
 232.0000000000    8.1951505457e-02
 232.5000000000    8.1954851338e-02
 233.0000000000    8.1957136808e-02
 233.5000000000    8.1959385357e-02
 234.0000000000    8.1965658525e-02
 234.5000000000    8.1970550535e-02
 235.0000000000    8.1973942580e-02
 235.5000000000    8.1975785412e-02
 236.0000000000    8.1979725045e-02
 236.5000000000    8.1985746418e-02
 237.0000000000    8.1990175129e-02
 237.5000000000    8.1992808504e-02
 238.0000000000    8.1995874307e-02
 238.5000000000    8.2002405561e-02
 239.0000000000    8.2006847406e-02
 239.5000000000    8.2009149204e-02
 240.0000000000    8.2013365996e-02
 240.5000000000    8.2019895893e-02
 241.0000000000    8.2024028558e-02
 241.5000000000    8.2025512053e-02
 242.0000000000    8.2032949324e-02
 242.5000000000    8.2038114500e-02
 243.0000000000    8.2040364626e-02
 243.5000000000    8.2046090891e-02
 244.0000000000    8.2052288376e-02
 244.5000000000    8.2055264066e-02
 245.0000000000    8.2060719969e-02
 245.5000000000    8.2067147061e-02
 246.0000000000    8.2069785121e-02
 246.5000000000    8.2075871321e-02
 247.0000000000    8.2081857742e-02
 247.5000000000    8.2083792010e-02
 248.0000000000    8.2092119453e-02
 248.5000000000    8.2097094828e-02
 249.0000000000    8.2100916723e-02
 249.5000000000    8.2108534499e-02
 250.0000000000    8.2111111899e-02
 250.5000000000    8.2118794778e-02
 251.0000000000    8.2123808227e-02
 251.5000000000    8.2128880868e-02
 252.0000000000    8.2136066124e-02
 252.5000000000    8.2139023241e-02
 253.0000000000    8.2147801686e-02
 253.5000000000    8.2150098884e-02
 254.0000000000    8.2159282402e-02
 254.5000000000    8.2162609937e-02
 255.0000000000    8.2171225623e-02
 255.5000000000    8.2175198210e-02
 256.0000000000    8.2183673520e-02
 256.5000000000    8.2187509786e-02
 257.0000000000    8.2196196800e-02
 257.5000000000    8.2199320130e-02
 258.0000000000    8.2208904285e-02
 258.5000000000    8.2212201992e-02
 259.0000000000    8.2221956340e-02
 259.5000000000    8.2227132894e-02
 260.0000000000    8.2234709762e-02
 260.5000000000    8.2241914669e-02
 261.0000000000    8.2246376510e-02
 261.5000000000    8.2256026429e-02
 262.0000000000    8.2261204045e-02
 262.5000000000    8.2269142679e-02
 263.0000000000    8.2277544970e-02
 263.5000000000    8.2282168073e-02
 264.0000000000    8.2291748572e-02
 264.5000000000    8.2299838818e-02
 265.0000000000    8.2304891520e-02
 265.5000000000    8.2314222941e-02
 266.0000000000    8.2323304938e-02
 266.5000000000    8.2330060480e-02
 267.0000000000    8.2336986293e-02
 267.5000000000    8.2347681118e-02
 268.0000000000    8.2356470897e-02
 268.5000000000    8.2363679335e-02
 269.0000000000    8.2370481082e-02
 269.5000000000    8.2381742169e-02
 270.0000000000    8.2391926088e-02
 270.5000000000    8.2401236207e-02
 271.0000000000    8.2409845145e-02
 271.5000000000    8.2417931860e-02
 272.0000000000    8.2427517118e-02
 272.5000000000    8.2438873827e-02
 273.0000000000    8.2449920477e-02
 273.5000000000    8.2460826508e-02
 274.0000000000    8.2471698381e-02
 274.5000000000    8.2482592021e-02
 275.0000000000    8.2493544286e-02
 275.5000000000    8.2504601174e-02
 276.0000000000    8.2515823323e-02
 276.5000000000    8.2527266747e-02
 277.0000000000    8.2538950412e-02
 277.5000000000    8.2550831017e-02
 278.0000000000    8.2562798561e-02
 278.5000000000    8.2574692895e-02
 279.0000000000    8.2586327927e-02
 279.5000000000    8.2597508433e-02
 280.0000000000    8.2608027334e-02
 280.5000000000    8.2618821421e-02
 281.0000000000    8.2632042594e-02
 281.5000000000    8.2644238359e-02
 282.0000000000    8.2654952484e-02
 282.5000000000    8.2663655318e-02
 283.0000000000    8.2671463557e-02
 283.5000000000    8.2682018753e-02
 284.0000000000    8.2689269003e-02
 284.5000000000    8.2692487953e-02
 285.0000000000    8.2697688251e-02
 285.5000000000    8.2700277532e-02
 286.0000000000    8.2696594099e-02
 286.5000000000    8.2695236829e-02
 287.0000000000    8.2687152373e-02
 287.5000000000    8.2674723232e-02
 288.0000000000    8.2659077507e-02
 288.5000000000    8.2634429804e-02
 289.0000000000    8.2607088864e-02
 289.5000000000    8.2567787552e-02
 290.0000000000    8.2523085558e-02
 290.5000000000    8.2464877544e-02
 291.0000000000    8.2395354836e-02
 291.5000000000    8.2312070425e-02
 292.0000000000    8.2208513596e-02
 292.5000000000    8.2091911170e-02
 293.0000000000    8.1949619034e-02
 293.5000000000    8.1782066658e-02
 294.0000000000    8.1589008840e-02
 294.5000000000    8.1360009368e-02
 295.0000000000    8.1093554481e-02
 295.5000000000    8.0787678172e-02
 296.0000000000    8.0430639383e-02
 296.5000000000    8.0018199313e-02
 297.0000000000    7.9548094169e-02
 297.5000000000    7.9005418569e-02
 298.0000000000    7.8385742749e-02
 298.5000000000    7.7681080630e-02
 299.0000000000    7.6876784203e-02
 299.5000000000    7.5970725539e-02
 300.0000000000    7.4946131328e-02
 300.5000000000    7.3794429318e-02
 301.0000000000    7.2512495548e-02
 301.5000000000    7.3626503546e-02
 302.0000000000    7.7935258338e-02
 302.5000000000    8.2430159485e-02
 303.0000000000    8.7106146686e-02
 303.5000000000    9.1956470823e-02
 304.0000000000    9.6972921484e-02
 304.5000000000    1.0214616725e-01
 305.0000000000    1.0746617946e-01
 305.5000000000    1.1292267832e-01
 306.0000000000    1.1850550858e-01
 306.5000000000    1.2420482726e-01
 307.0000000000    1.3001097232e-01
 307.5000000000    1.3591388952e-01
 308.0000000000    1.4190202938e-01
 308.5000000000    1.4796070179e-01
 309.0000000000    1.5406998414e-01
 309.5000000000    1.6020243534e-01
 310.0000000000    1.6632101395e-01
 310.5000000000    1.7237773310e-01
 311.0000000000    1.7831358316e-01
 311.5000000000    1.8406009491e-01
 312.0000000000    1.8954254686e-01
 312.5000000000    1.9468432855e-01
 313.0000000000    1.9941151863e-01
 313.5000000000    2.0365647339e-01
 314.0000000000    2.0735893305e-01
 314.5000000000    2.1046167641e-01
 315.0000000000    2.1289330121e-01
 315.5000000000    2.1452531582e-01
 316.0000000000    2.1509793506e-01
 316.5000000000    2.1414529889e-01
 317.0000000000    2.1099603423e-01
 317.5000000000    2.0491191133e-01
 318.0000000000    1.9533151797e-01
 318.5000000000    1.8209523689e-01
 319.0000000000    1.6553814519e-01
 319.5000000000    1.4642767782e-01
 320.0000000000    1.2580207192e-01
 320.5000000000    1.0478521671e-01
 321.0000000000    8.4429761403e-02
 321.5000000000    6.5608384227e-02
 322.0000000000    5.4040697449e-02
 322.5000000000    5.1106227728e-02
 323.0000000000    4.8414514813e-02
 323.5000000000    4.6079689926e-02
 324.0000000000    4.3693591861e-02
 324.5000000000    4.1303210347e-02
 325.0000000000    3.8943735030e-02
 325.5000000000    3.6798864723e-02
 326.0000000000    3.4710889701e-02
 326.5000000000    3.2678164490e-02
 327.0000000000    3.0706336605e-02
 327.5000000000    2.8804199259e-02
 328.0000000000    2.6981009118e-02
 328.5000000000    2.5244505394e-02
 329.0000000000    2.3599799296e-02
 329.5000000000    2.2049069634e-02
 330.0000000000    2.0591858141e-02
 330.5000000000    1.9225705248e-02
 331.0000000000    1.7946885099e-02
 331.5000000000    1.6751060270e-02
 332.0000000000    1.5633754951e-02
 332.5000000000    1.4590618954e-02
 333.0000000000    1.3617510299e-02
 333.5000000000    1.2710456743e-02
 334.0000000000    1.1865567366e-02
 334.5000000000    1.1120819154e-02
 335.0000000000    1.0519663630e-02
 335.5000000000    9.9493882331e-03
 336.0000000000    9.4074133777e-03
 336.5000000000    8.8915150441e-03
 337.0000000000    8.3998117768e-03
 337.5000000000    7.9307394009e-03
 338.0000000000    7.4830066253e-03
 338.5000000000    7.0555395480e-03
 339.0000000000    6.6474255952e-03
 339.5000000000    6.2578627852e-03
 340.0000000000    5.8861166231e-03
 340.5000000000    5.5314883847e-03
 341.0000000000    5.1933007329e-03
 341.5000000000    4.8709034197e-03
 342.0000000000    4.5636924320e-03
 342.5000000000    4.2711269633e-03
 343.0000000000    3.9966130362e-03
 343.5000000000    3.7464812699e-03
 344.0000000000    3.5085354718e-03
 344.5000000000    3.2824774762e-03
 345.0000000000    3.0680049627e-03
 345.5000000000    2.8648102995e-03
 346.0000000000    2.6726055864e-03
 346.5000000000    2.4911522652e-03
 347.0000000000    2.3202859411e-03
 347.5000000000    2.1645729876e-03
 348.0000000000    2.0315576103e-03
 348.5000000000    1.9068630329e-03
 349.0000000000    1.7904253293e-03
 349.5000000000    1.6821606426e-03
 350.0000000000    1.5819555591e-03
 350.5000000000    1.4896734874e-03
 351.0000000000    1.4051655363e-03
 351.5000000000    1.3282724687e-03
 352.0000000000    1.2588118195e-03
 352.5000000000    1.1965548939e-03
 353.0000000000    1.1412049497e-03
 353.5000000000    1.0923870875e-03
 354.0000000000    1.0496537492e-03
 354.5000000000    1.0125021824e-03
 355.0000000000    9.8039605611e-04
 355.5000000000    9.5278414493e-04
 356.0000000000    9.3538079248e-04
 356.5000000000    9.2835675403e-04
 357.0000000000    9.2371238423e-04
 357.5000000000    9.2073640881e-04
 358.0000000000    9.1967856144e-04
 358.5000000000    9.2559354502e-04
 359.0000000000    9.3087450286e-04
 359.5000000000    9.3525838254e-04
 360.0000000000    9.4006158241e-04
 360.5000000000    9.4335717605e-04
 361.0000000000    9.4510040383e-04
 361.5000000000    9.4531257106e-04
 362.0000000000    9.4404215754e-04
 362.5000000000    9.4136555837e-04
 363.0000000000    9.3738004932e-04
 363.5000000000    9.3218876060e-04
 364.0000000000    9.2588563454e-04
 364.5000000000    9.1855043537e-04
 365.0000000000    9.1025707063e-04
 365.5000000000    9.0108793800e-04
 366.0000000000    8.9114144706e-04
 366.5000000000    8.8052472004e-04
 367.0000000000    8.6933563806e-04
 367.5000000000    8.5764809413e-04
 368.0000000000    8.4551300144e-04
 368.5000000000    8.3297520681e-04
 369.0000000000    8.2009288214e-04
 369.5000000000    8.0694285726e-04
 370.0000000000    7.9360612326e-04
 370.5000000000    7.8014433641e-04
 371.0000000000    7.6658649947e-04
 371.5000000000    7.5293763000e-04
 372.0000000000    7.3920324672e-04
 372.5000000000    7.2540984413e-04
 373.0000000000    7.1160396613e-04
 373.5000000000    6.9782974691e-04
 374.0000000000    6.8410332708e-04
 374.5000000000    6.7040612246e-04
 375.0000000000    6.5670408720e-04
 375.5000000000    6.4297850401e-04
 376.0000000000    6.2924340693e-04
 376.5000000000    6.1553500325e-04
 377.0000000000    6.0188148062e-04
 377.5000000000    5.8827846217e-04
 378.0000000000    5.7469152697e-04
 378.5000000000    5.6108501931e-04
 379.0000000000    5.4745399904e-04
 379.5000000000    5.3383264412e-04
 380.0000000000    5.2027122327e-04
 380.5000000000    5.0679990906e-04
 381.0000000000    4.9340955783e-04
 381.5000000000    4.8006636477e-04
 382.0000000000    4.6674919310e-04
 382.5000000000    4.5347827775e-04
 383.0000000000    4.4031046138e-04
 383.5000000000    4.2730381066e-04
 384.0000000000    4.1448044631e-04
 384.5000000000    4.0181946448e-04
 385.0000000000    3.8928702005e-04
 385.5000000000    3.7687851461e-04
 386.0000000000    3.6463671573e-04
 386.5000000000    3.5262943097e-04
 387.0000000000    3.4090465157e-04
 387.5000000000    3.2946140262e-04
 388.0000000000    3.1975243131e-04
 388.5000000000    3.1531148898e-04
 389.0000000000    3.1113295081e-04
 389.5000000000    3.0712603877e-04
 390.0000000000    3.0321760595e-04
 390.5000000000    2.9940244924e-04
 391.0000000000    2.9572547969e-04
 391.5000000000    2.9222391185e-04
 392.0000000000    2.8888640667e-04
 392.5000000000    2.8565153101e-04
 393.0000000000    2.8246588263e-04
 393.5000000000    2.7931205424e-04
 394.0000000000    2.7622131385e-04
 394.5000000000    2.7323566939e-04
 395.0000000000    2.7036736836e-04
 395.5000000000    2.6758677991e-04
 396.0000000000    2.6484651184e-04
 396.5000000000    2.6211848666e-04
 397.0000000000    2.5941569075e-04
 397.5000000000    2.5677008398e-04
 398.0000000000    2.5421116234e-04
 398.5000000000    2.5173440114e-04
 399.0000000000    2.4931104098e-04
 399.5000000000    2.4690468320e-04
 400.0000000000    2.4450541118e-04
 400.5000000000    2.4213380929e-04
 401.0000000000    2.3982128605e-04
 401.5000000000    2.3758380741e-04
 402.0000000000    2.3541014723e-04
 402.5000000000    2.3327127373e-04
 403.0000000000    2.3114256785e-04
 403.5000000000    2.2902417978e-04
 404.0000000000    2.2693905237e-04
 404.5000000000    2.2491335029e-04
 405.0000000000    2.2295749184e-04
 405.5000000000    2.2105154204e-04
 406.0000000000    2.1917027036e-04
 406.5000000000    2.1729527409e-04
 407.0000000000    2.1543596580e-04
 407.5000000000    2.1361546484e-04
 408.0000000000    2.1185714719e-04
 408.5000000000    2.1015958301e-04
 409.0000000000    2.0850106482e-04
 409.5000000000    2.0685633050e-04
 410.0000000000    2.0521781789e-04
 410.5000000000    2.0359809503e-04
 411.0000000000    2.0202230234e-04
 411.5000000000    2.0050522841e-04
 412.0000000000    1.9903879797e-04
 412.5000000000    1.9759842526e-04
 413.0000000000    1.9616282464e-04
 413.5000000000    1.9473090436e-04
 414.0000000000    1.9332188729e-04
 414.5000000000    1.9195870820e-04
 415.0000000000    1.9064846327e-04
 415.5000000000    1.8937603930e-04
 416.0000000000    1.8811609255e-04
 416.5000000000    1.8685341351e-04
 417.0000000000    1.8559483849e-04
 417.5000000000    1.8436289672e-04
 418.0000000000    1.8317652294e-04
 418.5000000000    1.8203481255e-04
 419.0000000000    1.8094453700e-04
 419.5000000000    1.8175932068e-04
 420.0000000000    1.8249306015e-04
 420.5000000000    1.8310706907e-04
 421.0000000000    1.8361727165e-04
 421.5000000000    1.8408100712e-04
 422.0000000000    1.8454899357e-04
 422.5000000000    1.8503266752e-04
 423.0000000000    1.8553692600e-04
 423.5000000000    1.8598352512e-04
 424.0000000000    1.8632512561e-04
 424.5000000000    1.8656200597e-04
 425.0000000000    1.8674299836e-04
 425.5000000000    1.8692545936e-04
 426.0000000000    1.8712829448e-04
 426.5000000000    1.8731786280e-04
 427.0000000000    1.8743845129e-04
 427.5000000000    1.8746107495e-04
 428.0000000000    1.8740926589e-04
 428.5000000000    1.8734039106e-04
 429.0000000000    1.8729846504e-04
 429.5000000000    1.8727835700e-04
 430.0000000000    1.8723162542e-04
 430.5000000000    1.8710876329e-04
 431.0000000000    1.8690186477e-04
 431.5000000000    1.8665183841e-04
 432.0000000000    1.8641439616e-04
 432.5000000000    1.8621366624e-04
 433.0000000000    1.8602268476e-04
 433.5000000000    1.8578710570e-04
 434.0000000000    1.8547172053e-04
 434.5000000000    1.8509043419e-04
 435.0000000000    1.8469471000e-04
 435.5000000000    1.8433043199e-04
 436.0000000000    1.8399964701e-04
 436.5000000000    1.8365948909e-04
 437.0000000000    1.8325894072e-04
 437.5000000000    1.8278208999e-04
 438.0000000000    1.8226149562e-04
 438.5000000000    1.8175069094e-04
 439.0000000000    1.8127913459e-04
 439.5000000000    1.8082769703e-04
 440.0000000000    1.8034532128e-04
 440.5000000000    1.7979244699e-04
 441.0000000000    1.7917436686e-04
 441.5000000000    1.7853662628e-04
 442.0000000000    1.7792658629e-04
 442.5000000000    1.7735364841e-04
 443.0000000000    1.7678177442e-04
 443.5000000000    1.7616043726e-04
 444.0000000000    1.7546752308e-04
 444.5000000000    1.7472798373e-04
 445.0000000000    1.7399279990e-04
 445.5000000000    1.7329615884e-04
 446.0000000000    1.7262707537e-04
 446.5000000000    1.7193940585e-04
 447.0000000000    1.7119148623e-04
 447.5000000000    1.7038160282e-04
 448.0000000000    1.6954962956e-04
 448.5000000000    1.6874369395e-04
 449.0000000000    1.6798003314e-04
 449.5000000000    1.6723008226e-04
 450.0000000000    1.6644547672e-04
 450.5000000000    1.6559954668e-04
 451.0000000000    1.6471015316e-04
 451.5000000000    1.6382487396e-04
 452.0000000000    1.6298128517e-04
 452.5000000000    1.6217591782e-04
 453.0000000000    1.6136809280e-04
 453.5000000000    1.6051511595e-04
 454.0000000000    1.5960880902e-04
 454.5000000000    1.5868266547e-04
 455.0000000000    1.5778389248e-04
 455.5000000000    1.5693405172e-04
 456.0000000000    1.5611156412e-04
 456.5000000000    1.5527075101e-04
 457.0000000000    1.5438097488e-04
 457.5000000000    1.5345269880e-04
 458.0000000000    1.5252873231e-04
 458.5000000000    1.5164827163e-04
 459.0000000000    1.5081415922e-04
 459.5000000000    1.4999102328e-04
 460.0000000000    1.4913564004e-04
 460.5000000000    1.4823358180e-04
 461.0000000000    1.4731127821e-04
 461.5000000000    1.4641358963e-04
 462.0000000000    1.4556595735e-04
 462.5000000000    1.4475316329e-04
 463.0000000000    1.4393259830e-04
 463.5000000000    1.4307051047e-04
 464.0000000000    1.4217043311e-04
 464.5000000000    1.4126999747e-04
 465.0000000000    1.4040904995e-04
 465.5000000000    1.3959608235e-04
 466.0000000000    1.3880140494e-04
 466.5000000000    1.3798264684e-04
 467.0000000000    1.3712068054e-04
 467.5000000000    1.3623560940e-04
 468.0000000000    1.3536960550e-04
 468.5000000000    1.3455124793e-04
 469.0000000000    1.3377158670e-04
 469.5000000000    1.3299208140e-04
 470.0000000000    1.3217757835e-04
 470.5000000000    1.3132595222e-04
 471.0000000000    1.3046949141e-04
 471.5000000000    1.2964761832e-04
 472.0000000000    1.2887363763e-04
 472.5000000000    1.2812356653e-04
 473.0000000000    1.2735692710e-04
 473.5000000000    1.2655107325e-04
 474.0000000000    1.2571998689e-04
 474.5000000000    1.2490212090e-04
 475.0000000000    1.2412783828e-04
 475.5000000000    1.2339389881e-04
 476.0000000000    1.2266637687e-04
 476.5000000000    1.2190950329e-04
 477.0000000000    1.2111585813e-04
 477.5000000000    1.2031234679e-04
 478.0000000000    1.1953721914e-04
 478.5000000000    1.1880777400e-04
 479.0000000000    1.1810598730e-04
 479.5000000000    1.1739411276e-04
 480.0000000000    1.1664684192e-04
 480.5000000000    1.1587266804e-04
 481.0000000000    1.1510655005e-04
 481.5000000000    1.1438028995e-04
 482.0000000000    1.1369580277e-04
 482.5000000000    1.1302392395e-04
 483.0000000000    1.1232950651e-04
 483.5000000000    1.1160123272e-04
 484.0000000000    1.1086097858e-04
 484.5000000000    1.1014512300e-04
 485.0000000000    1.0947377966e-04
 485.5000000000    1.0883402786e-04
 486.0000000000    1.0819122525e-04
 486.5000000000    1.0751848662e-04
 487.0000000000    1.0681923761e-04
 487.5000000000    1.0612401959e-04
 488.0000000000    1.0546448259e-04
 488.5000000000    1.0484663694e-04
 489.0000000000    1.0424604268e-04
 489.5000000000    1.0363420004e-04
 490.0000000000    1.0339898529e-04
 490.5000000000    1.0317958396e-04
 491.0000000000    1.0297682620e-04
 491.5000000000    1.0277963635e-04
 492.0000000000    1.0257452424e-04
 492.5000000000    1.0235701476e-04
 493.0000000000    1.0213514409e-04
 493.5000000000    1.0192287340e-04
 494.0000000000    1.0172747129e-04
 494.5000000000    1.0154431246e-04
 495.0000000000    1.0136048970e-04
 495.5000000000    1.0116564200e-04
 496.0000000000    1.0096071725e-04
 496.5000000000    1.0075698760e-04
 497.0000000000    1.0056614416e-04
 497.5000000000    1.0039092206e-04
 498.0000000000    1.0022268739e-04
 498.5000000000    1.0004861550e-04
 499.0000000000    9.9862565524e-05
 499.5000000000    9.9670236342e-05
 500.0000000000    9.9483789289e-05
 500.5000000000    9.9312100504e-05
 501.0000000000    9.9152980255e-05
 501.5000000000    9.8995192053e-05
 502.0000000000    9.8827859823e-05
 502.5000000000    9.8649673973e-05
 503.0000000000    9.8469831870e-05
 503.5000000000    9.8300014309e-05
 504.0000000000    9.8144968894e-05
 504.5000000000    9.7998347408e-05
 505.0000000000    9.7848125664e-05
 505.5000000000    9.7686746844e-05
 506.0000000000    9.7517442603e-05
 506.5000000000    9.7351505706e-05
 507.0000000000    9.7198800577e-05
 507.5000000000    9.7059271288e-05
 508.0000000000    9.6923402637e-05
 508.5000000000    9.6780135455e-05
 509.0000000000    9.6626191299e-05
 509.5000000000    9.6468762876e-05
 510.0000000000    9.6319384411e-05
 510.5000000000    9.6184213209e-05
 511.0000000000    9.6058914109e-05
 511.5000000000    9.5932398526e-05
 512.0000000000    9.5796195707e-05
 512.5000000000    9.5651534738e-05
 513.0000000000    9.5508225088e-05
 513.5000000000    9.5376329074e-05
 514.0000000000    9.5257713805e-05
 514.5000000000    9.5144573104e-05
 515.0000000000    9.5026055332e-05
 515.5000000000    9.4897415528e-05
 516.0000000000    9.4763885744e-05
 516.5000000000    9.4636227986e-05
 517.0000000000    9.4521607556e-05
 517.5000000000    9.4417607088e-05
 518.0000000000    9.4314370661e-05
 518.5000000000    9.4202902378e-05
 519.0000000000    9.4082643295e-05
 519.5000000000    9.3961740814e-05
 520.0000000000    9.3850221549e-05
 520.5000000000    9.3751518315e-05
 521.0000000000    9.3659595887e-05
 521.5000000000    9.3564217447e-05
 522.0000000000    9.3459397422e-05
 522.5000000000    9.3348554285e-05
 523.0000000000    9.3241358269e-05
 523.5000000000    9.3145671010e-05
 524.0000000000    9.3061064271e-05
 524.5000000000    9.2979010092e-05
 525.0000000000    9.2890149113e-05
 525.5000000000    9.2792262930e-05
 526.0000000000    9.2691944897e-05
 526.5000000000    9.2598965442e-05
 527.0000000000    9.2518033150e-05
 527.5000000000    9.2444850316e-05
 528.0000000000    9.2369762653e-05
 528.5000000000    9.2285885147e-05
 529.0000000000    9.2194829490e-05
 529.5000000000    9.2105252564e-05
 530.0000000000    9.2025569571e-05
 530.5000000000    9.1956826446e-05
 531.0000000000    9.1891729360e-05
 531.5000000000    9.1820988972e-05
 532.0000000000    9.1741066963e-05
 532.5000000000    9.1657144721e-05
 533.0000000000    9.1578605135e-05
 533.5000000000    9.1511133066e-05
 534.0000000000    9.1452073522e-05
 534.5000000000    9.1392708358e-05
 535.0000000000    9.1325476279e-05
 535.5000000000    9.1250686357e-05
 536.0000000000    9.1176031095e-05
 536.5000000000    9.1109958194e-05
 537.0000000000    9.1054650140e-05
 537.5000000000    9.1004387557e-05
 538.0000000000    9.0950142421e-05
 538.5000000000    9.0887451851e-05
 539.0000000000    9.0820145231e-05
 539.5000000000    9.0756872183e-05
 540.0000000000    9.0703760439e-05
 540.5000000000    9.0659644742e-05
 541.0000000000    9.0616479397e-05
 541.5000000000    9.0566681286e-05
 542.0000000000    9.0509328492e-05
 542.5000000000    9.0450782456e-05
 543.0000000000    9.0399359513e-05
 543.5000000000    9.0358324248e-05
 544.0000000000    9.0322943613e-05
 544.5000000000    9.0284883566e-05
 545.0000000000    9.0239076242e-05
 545.5000000000    9.0188132049e-05
 546.0000000000    9.0139708667e-05
 546.5000000000    9.0100483385e-05
 547.0000000000    9.0070243191e-05
 547.5000000000    9.0042450340e-05
 548.0000000000    9.0009481280e-05
 548.5000000000    8.9969159663e-05
 549.0000000000    8.9926750341e-05
 549.5000000000    8.9890223749e-05
 550.0000000000    8.9863732900e-05
 550.5000000000    8.9843847383e-05
 551.0000000000    8.9822547642e-05
 551.5000000000    8.9794279441e-05
 552.0000000000    8.9760420855e-05
 552.5000000000    8.9728054072e-05
 553.0000000000    8.9703698433e-05
 553.5000000000    8.9688061535e-05
 554.0000000000    8.9675439801e-05
 554.5000000000    8.9658697267e-05
 555.0000000000    8.9634706024e-05
 555.5000000000    8.9607564896e-05
 556.0000000000    8.9584734439e-05
 556.5000000000    8.9570830690e-05
 557.0000000000    8.9563723122e-05
 557.5000000000    8.9556059505e-05
 558.0000000000    8.9542025780e-05
 558.5000000000    8.9521997850e-05
 559.0000000000    8.9502091408e-05
 559.5000000000    8.9488925203e-05
 560.0000000000    8.9484140442e-05
 560.5000000000    8.9483170630e-05
 561.0000000000    8.9478907247e-05
 561.5000000000    8.9467830139e-05
 562.0000000000    8.9453102046e-05
 562.5000000000    8.9441690543e-05
 563.0000000000    8.9438695413e-05
 563.5000000000    8.9442472204e-05
 564.0000000000    8.9446812819e-05
 564.5000000000    8.9446316059e-05
 565.0000000000    8.9440082239e-05
 565.5000000000    8.9433187513e-05
 566.0000000000    8.9431929442e-05
 566.5000000000    8.9438887180e-05
 567.0000000000    8.9450216375e-05
 567.5000000000    8.9459318131e-05
 568.0000000000    8.9462490735e-05
 568.5000000000    8.9461757040e-05
 569.0000000000    8.9462912919e-05
 569.5000000000    8.9470914824e-05
 570.0000000000    8.9485637113e-05
 570.5000000000    8.9502103576e-05
 571.0000000000    8.9514207316e-05
 571.5000000000    8.9520549022e-05
 572.0000000000    8.9525315744e-05
 572.5000000000    8.9534630443e-05
 573.0000000000    8.9551308569e-05
 573.5000000000    8.9572853884e-05
 574.0000000000    8.9593662742e-05
 574.5000000000    8.9609139277e-05
 575.0000000000    8.9620454074e-05
 575.5000000000    8.9633144448e-05
 576.0000000000    8.9652291016e-05
 576.5000000000    8.9678109986e-05
 577.0000000000    8.9706507571e-05
 577.5000000000    8.9731885719e-05
 578.0000000000    8.9752073656e-05
 578.5000000000    8.9770221569e-05
 579.0000000000    8.9792190610e-05
 579.5000000000    8.9820822301e-05
 580.0000000000    8.9854236385e-05
 580.5000000000    8.9887766572e-05
 581.0000000000    8.9916707608e-05
 581.5000000000    8.9941323844e-05
 582.0000000000    8.9966054183e-05
 582.5000000000    8.9995991906e-05
 583.0000000000    9.0031895667e-05
 583.5000000000    9.0070297430e-05
 584.0000000000    9.0106635091e-05
 584.5000000000    9.0138041961e-05
 585.0000000000    9.0166803080e-05
 585.5000000000    9.0197746392e-05
 586.0000000000    9.0234695414e-05
 586.5000000000    9.0276474811e-05
 587.0000000000    9.0318599204e-05
 587.5000000000    9.0357452648e-05
 588.0000000000    9.0392228738e-05
 588.5000000000    9.0426561752e-05
 589.0000000000    9.0464966930e-05
 589.5000000000    9.0509541518e-05
 590.0000000000    9.0557212293e-05
 590.5000000000    9.0603434235e-05
 591.0000000000    9.0646018014e-05
 591.5000000000    9.0686093297e-05
 592.0000000000    9.0727905377e-05
 592.5000000000    9.0774801424e-05
 593.0000000000    9.0826790606e-05
 593.5000000000    9.0879670493e-05
 594.0000000000    9.0929753954e-05
 594.5000000000    9.0976601701e-05
 595.0000000000    9.1022734879e-05
 595.5000000000    9.1071997260e-05
 596.0000000000    9.1126079608e-05
 596.5000000000    9.1183394010e-05
 597.0000000000    9.1239729212e-05
 597.5000000000    9.1292730594e-05
 598.0000000000    9.1343504157e-05
 598.5000000000    9.1395143858e-05
 599.0000000000    9.1450486808e-05
 599.5000000000    9.1509728887e-05
 600.0000000000    9.1570602782e-05
 600.5000000000    9.1629378103e-05
 601.0000000000    9.1685062475e-05
 601.5000000000    9.1739734901e-05
 602.0000000000    9.1796723442e-05
 602.5000000000    9.1857603578e-05
 603.0000000000    9.1921413891e-05
 603.5000000000    9.1985463613e-05
 604.0000000000    9.2046914699e-05
 604.5000000000    9.2106143666e-05
 605.0000000000    9.2165961634e-05
 605.5000000000    9.2229161223e-05
 606.0000000000    9.2295964805e-05
 606.5000000000    9.2364597324e-05
 607.0000000000    9.2432240333e-05
 607.5000000000    9.2497495564e-05
 608.0000000000    9.2561857827e-05
 608.5000000000    9.2628304773e-05
 609.0000000000    9.2698358547e-05
 609.5000000000    9.2770962353e-05
 610.0000000000    9.2844079803e-05
 610.5000000000    9.2915495136e-05
 611.0000000000    9.2985310006e-05
 611.5000000000    9.3055543741e-05
 612.0000000000    9.3128459753e-05
 612.5000000000    9.3204206663e-05
 613.0000000000    9.3281008042e-05
 613.5000000000    9.3357215836e-05
 614.0000000000    9.3431956956e-05
 614.5000000000    9.3506089810e-05
 615.0000000000    9.3581323280e-05
 615.5000000000    9.3658708684e-05
 616.0000000000    9.3738027729e-05
 616.5000000000    9.3817416630e-05
 617.0000000000    9.3895815884e-05
 617.5000000000    9.3973565158e-05
 618.0000000000    9.4051546985e-05
 618.5000000000    9.4130826896e-05
 619.0000000000    9.4211639950e-05
 619.5000000000    9.4293764287e-05
 620.0000000000    9.4375758976e-05
 620.5000000000    9.4457043194e-05
 621.0000000000    9.4538025119e-05
 621.5000000000    9.4619809824e-05
 622.0000000000    9.4703025356e-05
 622.5000000000    9.4787252453e-05
 623.0000000000    9.4871926693e-05
 623.5000000000    9.4956571920e-05
 624.0000000000    9.5040800390e-05
 624.5000000000    9.5125209509e-05
 625.0000000000    9.5210359231e-05
 625.5000000000    9.5296727989e-05
 626.0000000000    9.5383642212e-05
 626.5000000000    9.5470421138e-05
 627.0000000000    9.5557096457e-05
 627.5000000000    9.5644385496e-05
 628.0000000000    9.5732429434e-05
 628.5000000000    9.5821196322e-05
 629.0000000000    9.5910310933e-05
 629.5000000000    9.5999914169e-05
 630.0000000000    9.6089582440e-05
 630.5000000000    9.6179953837e-05
 631.0000000000    9.6271447648e-05
 631.5000000000    9.6364197792e-05
 632.0000000000    9.6457183207e-05
 632.5000000000    9.6549757499e-05
 633.0000000000    9.6642724870e-05
 633.5000000000    9.6736654429e-05
 634.0000000000    9.6832131992e-05
 634.5000000000    9.6928836645e-05
 635.0000000000    9.7025811968e-05
 635.5000000000    9.7122152863e-05
 636.0000000000    9.7217707293e-05
 636.5000000000    9.7313907023e-05
 637.0000000000    9.7412114458e-05
 637.5000000000    9.7512080289e-05
 638.0000000000    9.7612456474e-05
 638.5000000000    9.7711612393e-05
 639.0000000000    9.7809743689e-05
 639.5000000000    9.7907458765e-05
 640.0000000000    9.8006687356e-05
 640.5000000000    9.8108374718e-05
 641.0000000000    9.8211781530e-05
 641.5000000000    9.8314470679e-05
 642.0000000000    9.8415055414e-05
 642.5000000000    9.8514583172e-05
 643.0000000000    9.8614991327e-05
 643.5000000000    9.8718075623e-05
 644.0000000000    9.8823820561e-05
 644.5000000000    9.8930215479e-05
 645.0000000000    9.9035194888e-05
 645.5000000000    9.9137682435e-05
 646.0000000000    9.9239586704e-05
 646.5000000000    9.9344211386e-05
 647.0000000000    9.9452509841e-05
 647.5000000000    9.9563184948e-05
 648.0000000000    9.9673100670e-05
 648.5000000000    9.9780400659e-05
 649.0000000000    9.9885639647e-05
 649.5000000000    9.9991650893e-05
 650.0000000000    1.0010143201e-04
 650.5000000000    1.0021537863e-04
 651.0000000000    1.0033045169e-04
 651.5000000000    1.0044275314e-04
 652.0000000000    1.0055099750e-04
 652.5000000000    1.0065814014e-04
 653.0000000000    1.0076765189e-04
 653.5000000000    1.0088169726e-04
 654.0000000000    1.0099853386e-04
 654.5000000000    1.0111373959e-04
 655.0000000000    1.0122463011e-04
 655.5000000000    1.0133137158e-04
 656.0000000000    1.0143814543e-04
 656.5000000000    1.0154922613e-04
 657.0000000000    1.0166520747e-04
 657.5000000000    1.0178253098e-04
 658.0000000000    1.0189613009e-04
 658.5000000000    1.0200428432e-04
 659.0000000000    1.0211040774e-04
 659.5000000000    1.0221992822e-04
 660.0000000000    1.0233576206e-04
 660.5000000000    1.0245605579e-04
 661.0000000000    1.0257538696e-04
 661.5000000000    1.0269003236e-04
 662.0000000000    1.0280025773e-04
 662.5000000000    1.0291100678e-04
 663.0000000000    1.0302766405e-04
 663.5000000000    1.0315154326e-04
 664.0000000000    1.0327785023e-04
 664.5000000000    1.0340039250e-04
 665.0000000000    1.0351663558e-04
 665.5000000000    1.0363024043e-04
 666.0000000000    1.0374694297e-04
 666.5000000000    1.0387095285e-04
 667.0000000000    1.0400048774e-04
 667.5000000000    1.0412947809e-04
 668.0000000000    1.0425237762e-04
 668.5000000000    1.0436881100e-04
 669.0000000000    1.0448457094e-04
 669.5000000000    1.0460675395e-04
 670.0000000000    1.0473687484e-04
 670.5000000000    1.0487032224e-04
 671.0000000000    1.0499960601e-04
 671.5000000000    1.0512121767e-04
 672.0000000000    1.0523812416e-04
 672.5000000000    1.0535757266e-04
 673.0000000000    1.0548529444e-04
 673.5000000000    1.0562001258e-04
 674.0000000000    1.0575471562e-04
 674.5000000000    1.0588191278e-04
 675.0000000000    1.0600038247e-04
 675.5000000000    1.0611649388e-04
 676.0000000000    1.0623887081e-04
 676.5000000000    1.0637057172e-04
 677.0000000000    1.0650660455e-04
 677.5000000000    1.0663794842e-04
 678.0000000000    1.0675918810e-04
 678.5000000000    1.0687371893e-04
 679.0000000000    1.0699032630e-04
 679.5000000000    1.0711629978e-04
 680.0000000000    1.0725112193e-04
 680.5000000000    1.0738653587e-04
 681.0000000000    1.0751377437e-04
 681.5000000000    1.0763121523e-04
 682.0000000000    1.0774517017e-04
 682.5000000000    1.0786570342e-04
 683.0000000000    1.0799745845e-04
 683.5000000000    1.0813547966e-04
 684.0000000000    1.0826990248e-04
 684.5000000000    1.0839306203e-04
 685.0000000000    1.0850722505e-04
 685.5000000000    1.0862238269e-04
 686.0000000000    1.0874786725e-04
 686.5000000000    1.0888427238e-04
 687.0000000000    1.0902261996e-04
 687.5000000000    1.0915208267e-04
 688.0000000000    1.0926909919e-04
 688.5000000000    1.0938088688e-04
 689.0000000000    1.0949905872e-04
 689.5000000000    1.0962989948e-04
 690.0000000000    1.0976911771e-04
 690.5000000000    1.0990503675e-04
 691.0000000000    1.1002868897e-04
 691.5000000000    1.1014197901e-04
 692.0000000000    1.1025508172e-04
 692.5000000000    1.1037929532e-04
 693.0000000000    1.1051658151e-04
 693.5000000000    1.1065770886e-04
 694.0000000000    1.1079081624e-04
 694.5000000000    1.1091000402e-04
 695.0000000000    1.1102207198e-04
 695.5000000000    1.1114035347e-04
 696.0000000000    1.1127349062e-04
 696.5000000000    1.1141733616e-04
 697.0000000000    1.1155896151e-04
 697.5000000000    1.1168730052e-04
 698.0000000000    1.1180344765e-04
 698.5000000000    1.1191845206e-04
 699.0000000000    1.1204526234e-04
 699.5000000000    1.1218704877e-04
 700.0000000000    1.1233409066e-04
