#          time             L^2_Ham             L^2_Mom
   0.0000000000    4.0528144194e-06    3.8969896090e-06
   0.5000000000    1.2239595205e-06    3.8651371162e-06
   1.0000000000    1.0510894913e-06    3.8255348008e-06
   1.5000000000    9.0337724575e-07    3.8005187209e-06
   2.0000000000    7.6978595098e-07    3.8002234535e-06
   2.5000000000    6.5784332866e-07    3.8217806380e-06
   3.0000000000    5.8971924701e-07    3.8574796411e-06
   3.5000000000    5.5286145252e-07    3.8982547136e-06
   4.0000000000    5.3293219525e-07    3.9371799598e-06
   4.5000000000    5.1907959315e-07    3.9706715143e-06
   5.0000000000    5.0234246916e-07    3.9986916071e-06
   5.5000000000    4.8091489340e-07    4.0224778742e-06
   6.0000000000    4.5690481091e-07    4.0437305561e-06
   6.5000000000    4.3237216298e-07    4.0639610512e-06
   7.0000000000    4.0860934919e-07    4.0843466423e-06
   7.5000000000    3.8648525838e-07    4.1058838294e-06
   8.0000000000    3.6701134763e-07    4.1288949902e-06
   8.5000000000    3.5000720929e-07    4.1548026954e-06
   9.0000000000    3.3536070354e-07    4.1810314207e-06
   9.5000000000    3.2250330095e-07    4.2099294220e-06
  10.0000000000    3.1149649596e-07    4.2405486980e-06
  10.5000000000    3.0202322291e-07    4.2745169188e-06
  11.0000000000    2.9480632038e-07    4.3084132339e-06
  11.5000000000    2.8700153821e-07    4.3448893771e-06
  12.0000000000    2.8150928438e-07    4.3837919630e-06
  12.5000000000    2.7719627799e-07    4.4255509936e-06
  13.0000000000    2.7685801108e-07    4.4672575258e-06
  13.5000000000    2.7278619529e-07    4.5117380399e-06
  14.0000000000    2.7819827799e-07    4.5579067931e-06
  14.5000000000    2.7805502290e-07    4.6034750637e-06
  15.0000000000    2.7616625493e-07    4.6526785689e-06
  15.5000000000    2.7513875139e-07    4.7061054429e-06
  16.0000000000    2.7642776410e-07    4.7550531526e-06
  16.5000000000    2.8697853241e-07    4.8058050376e-06
  17.0000000000    3.0738653295e-07    4.8601933689e-06
  17.5000000000    3.0534712427e-07    4.9150031681e-06
  18.0000000000    3.0166423901e-07    4.9711702799e-06
  18.5000000000    3.0052424398e-07    5.0288393903e-06
  19.0000000000    2.9918283704e-07    5.0886155254e-06
  19.5000000000    3.0161570966e-07    5.1462025955e-06
  20.0000000000    3.1027722883e-07    5.2076938871e-06
  20.5000000000    2.9263322575e-07    5.2656612360e-06
  21.0000000000    2.9155886338e-07    5.3267069841e-06
  21.5000000000    2.9531665282e-07    5.3892240976e-06
  22.0000000000    3.0343953889e-07    5.4534033093e-06
  22.5000000000    3.1235990404e-07    5.5183687462e-06
  23.0000000000    3.1591212275e-07    5.5834250352e-06
  23.5000000000    3.1873595095e-07    5.6494726132e-06
  24.0000000000    3.2147079353e-07    5.7157825747e-06
  24.5000000000    3.2665514792e-07    5.7874223697e-06
  25.0000000000    3.3395136723e-07    5.8530551631e-06
  25.5000000000    3.3988147072e-07    5.9214809084e-06
  26.0000000000    3.4030035329e-07    5.9881119718e-06
  26.5000000000    3.3421975904e-07    6.0572564857e-06
  27.0000000000    3.3683679478e-07    6.1273938683e-06
  27.5000000000    3.4099231058e-07    6.1978218568e-06
  28.0000000000    3.4551387832e-07    6.2687547597e-06
  28.5000000000    3.5024358058e-07    6.3396040602e-06
  29.0000000000    3.5534586363e-07    6.4111381178e-06
  29.5000000000    3.6051583133e-07    6.4851474571e-06
  30.0000000000    3.6592542813e-07    6.5566747446e-06
  30.5000000000    3.7184310628e-07    6.6294362456e-06
  31.0000000000    3.7754620266e-07    6.7033970110e-06
  31.5000000000    3.8367422215e-07    6.7776783496e-06
  32.0000000000    3.8996027524e-07    6.8498465273e-06
  32.5000000000    3.9693189121e-07    6.9287728962e-06
  33.0000000000    4.0338850308e-07    7.0002860851e-06
  33.5000000000    4.1017191868e-07    7.0732516686e-06
  34.0000000000    4.1650345655e-07    7.1599412253e-06
  34.5000000000    4.2204560062e-07    7.2240091478e-06
  35.0000000000    4.2829645460e-07    7.2972038402e-06
  35.5000000000    4.3194827422e-07    7.3754715518e-06
  36.0000000000    4.3594404669e-07    7.4474999502e-06
  36.5000000000    4.4009501731e-07    7.5224596852e-06
  37.0000000000    4.4346060023e-07    7.5975808295e-06
  37.5000000000    4.4699380901e-07    7.6731640220e-06
  38.0000000000    4.5008229807e-07    7.7473055528e-06
  38.5000000000    4.5274651946e-07    7.8226571775e-06
  39.0000000000    4.5546009625e-07    7.8984576438e-06
  39.5000000000    4.5805985970e-07    7.9744145297e-06
  40.0000000000    4.6055688733e-07    8.0529264971e-06
  40.5000000000    4.6355524065e-07    8.1275545057e-06
  41.0000000000    4.6659941462e-07    8.2042595125e-06
  41.5000000000    4.6920082212e-07    8.2804450205e-06
  42.0000000000    4.7211369503e-07    8.3660265292e-06
  42.5000000000    4.7531019231e-07    8.4368794788e-06
  43.0000000000    4.7857274447e-07    8.5078964554e-06
  43.5000000000    4.8207100375e-07    8.5810502083e-06
  44.0000000000    4.8523396567e-07    8.6557226457e-06
  44.5000000000    4.8852926054e-07    8.7307646119e-06
  45.0000000000    4.9236733002e-07    8.8194177903e-06
  45.5000000000    4.9604048624e-07    8.8847478092e-06
  46.0000000000    4.9958991940e-07    8.9661342784e-06
  46.5000000000    5.0306432914e-07    9.0511499117e-06
  47.0000000000    5.0645118967e-07    9.1209395214e-06
  47.5000000000    5.1017474788e-07    9.1958952026e-06
  48.0000000000    5.1387236177e-07    9.2589997012e-06
  48.5000000000    5.1784706632e-07    9.3317338328e-06
  49.0000000000    5.2174594415e-07    9.4111484377e-06
  49.5000000000    5.2532137599e-07    9.4816107043e-06
  50.0000000000    5.2902100567e-07    9.5538536351e-06
  50.5000000000    5.3282983527e-07    9.6313058766e-06
  51.0000000000    5.3669282207e-07    9.7036748386e-06
  51.5000000000    5.4072104676e-07    9.7758452743e-06
  52.0000000000    5.4428605240e-07    9.8459814701e-06
  52.5000000000    5.4821155758e-07    9.9186023078e-06
  53.0000000000    5.5216253696e-07    9.9925031121e-06
  53.5000000000    5.5615441477e-07    1.0066371072e-05
  54.0000000000    5.6024359505e-07    1.0156084919e-05
  54.5000000000    5.6419790020e-07    1.0218641704e-05
  55.0000000000    5.6817981352e-07    1.0284961920e-05
  55.5000000000    5.7197002065e-07    1.0359689613e-05
  56.0000000000    5.7553130173e-07    1.0427011228e-05
  56.5000000000    5.7969617648e-07    1.0495248672e-05
  57.0000000000    5.8353411211e-07    1.0570240007e-05
  57.5000000000    5.8668368726e-07    1.0629687908e-05
  58.0000000000    5.9029516325e-07    1.0690870259e-05
  58.5000000000    5.9359673699e-07    1.0749088067e-05
  59.0000000000    5.9666133995e-07    1.0812256660e-05
  59.5000000000    6.0007695255e-07    1.0879290402e-05
  60.0000000000    6.0387847200e-07    1.0948862826e-05
  60.5000000000    6.0782323673e-07    1.1031705289e-05
  61.0000000000    6.1194349185e-07    1.1094622316e-05
  61.5000000000    6.1617300295e-07    1.1166092138e-05
  62.0000000000    6.2010662042e-07    1.1257150535e-05
  62.5000000000    6.2413532159e-07    1.1310530823e-05
  63.0000000000    6.2761805639e-07    1.1388140793e-05
  63.5000000000    6.3135629073e-07    1.1443201519e-05
  64.0000000000    6.3540733979e-07    1.1513186890e-05
  64.5000000000    6.3923102558e-07    1.1575294770e-05
  65.0000000000    6.4315512818e-07    1.1643238406e-05
  65.5000000000    6.4720662606e-07    1.1722810948e-05
  66.0000000000    6.5125360535e-07    1.1779054389e-05
  66.5000000000    6.5525563770e-07    1.1846337501e-05
  67.0000000000    6.5916534581e-07    1.1912951736e-05
  67.5000000000    6.6313381658e-07    1.1980659676e-05
  68.0000000000    6.6708620501e-07    1.2054792843e-05
  68.5000000000    6.7105335827e-07    1.2175947702e-05
  69.0000000000    6.7482931917e-07    1.2214761449e-05
  69.5000000000    6.7881451654e-07    1.2257288532e-05
  70.0000000000    6.8261256322e-07    1.2310709164e-05
  70.5000000000    6.8656521393e-07    1.2483360202e-05
  71.0000000000    6.9031674524e-07    1.2467633111e-05
  71.5000000000    6.9436923099e-07    1.2517104231e-05
  72.0000000000    6.9815778965e-07    1.2599701551e-05
  72.5000000000    7.0176353493e-07    1.2717616354e-05
  73.0000000000    7.0616890927e-07    1.2744654076e-05
  73.5000000000    7.1051428857e-07    1.2784296421e-05
  74.0000000000    7.1421678333e-07    1.2832485623e-05
  74.5000000000    7.1826955281e-07    1.2901791458e-05
  75.0000000000    7.2428452567e-07    1.2991953715e-05
  75.5000000000    7.2744144231e-07    1.3054037978e-05
  76.0000000000    7.3137335747e-07    1.3113249054e-05
  76.5000000000    7.3539660597e-07    1.3164534956e-05
  77.0000000000    7.3816418679e-07    1.3220062893e-05
  77.5000000000    7.4017717415e-07    1.3287437744e-05
  78.0000000000    7.4448287216e-07    1.3348691372e-05
  78.5000000000    7.4927795232e-07    1.3414726168e-05
  79.0000000000    7.5323869813e-07    1.3466954185e-05
  79.5000000000    7.5748312796e-07    1.3522862477e-05
  80.0000000000    7.6062584411e-07    1.3584794064e-05
  80.5000000000    7.6376805552e-07    1.3646595716e-05
  81.0000000000    7.6735486918e-07    1.3716102304e-05
  81.5000000000    7.7118719751e-07    1.3773163381e-05
  82.0000000000    7.7488519683e-07    1.3832074856e-05
  82.5000000000    7.7898282317e-07    1.3892875519e-05
  83.0000000000    7.8258658043e-07    1.3954328428e-05
  83.5000000000    7.8611087975e-07    1.4015575557e-05
  84.0000000000    7.8997657584e-07    1.4075195997e-05
  84.5000000000    7.9356727462e-07    1.4134673679e-05
  85.0000000000    7.9786028937e-07    1.4194765400e-05
  85.5000000000    8.0266695451e-07    1.4254863494e-05
  86.0000000000    8.0940192644e-07    1.4319421059e-05
  86.5000000000    8.1710366440e-07    1.4376076235e-05
  87.0000000000    8.2442287793e-07    1.4434902535e-05
  87.5000000000    8.3586993043e-07    1.4494044964e-05
  88.0000000000    8.4942460739e-07    1.4553070859e-05
  88.5000000000    8.6051107054e-07    1.4628323222e-05
  89.0000000000    8.6902834486e-07    1.4681432484e-05
  89.5000000000    8.7732087361e-07    1.4731781943e-05
  90.0000000000    8.8554473872e-07    1.4789298425e-05
  90.5000000000    8.9212429671e-07    1.4849610752e-05
  91.0000000000    8.9786499509e-07    1.4909982460e-05
  91.5000000000    9.0175625818e-07    1.4966168103e-05
  92.0000000000    9.0530888609e-07    1.5020440126e-05
  92.5000000000    9.0845373831e-07    1.5078032847e-05
  93.0000000000    9.1125467715e-07    1.5136187937e-05
  93.5000000000    9.1280825400e-07    1.5191924725e-05
  94.0000000000    9.1459266594e-07    1.5250034070e-05
  94.5000000000    9.1751784784e-07    1.5304995457e-05
  95.0000000000    9.2012740564e-07    1.5361695989e-05
  95.5000000000    9.2205249150e-07    1.5418398211e-05
  96.0000000000    9.2410695295e-07    1.5478828385e-05
  96.5000000000    9.2752367664e-07    1.5568595817e-05
  97.0000000000    9.3077456223e-07    1.5601977867e-05
  97.5000000000    9.3328639095e-07    1.5646058449e-05
  98.0000000000    9.3570098708e-07    1.5702173399e-05
  98.5000000000    9.3872319482e-07    1.5766814759e-05
  99.0000000000    9.4198018308e-07    1.5821525597e-05
  99.5000000000    9.4543142115e-07    1.5869925290e-05
 100.0000000000    9.5026243669e-07    1.5925712446e-05
 100.5000000000    9.5396488268e-07    1.5976003317e-05
 101.0000000000    9.5357563024e-07    1.6036260575e-05
 101.5000000000    9.5161711112e-07    1.6087391000e-05
 102.0000000000    9.5452763214e-07    1.6142290709e-05
 102.5000000000    9.6266420596e-07    1.6196286578e-05
 103.0000000000    9.6882405216e-07    1.6249276625e-05
 103.5000000000    9.6792454913e-07    1.6372617338e-05
 104.0000000000    9.6640867310e-07    1.6370618329e-05
 104.5000000000    9.6960059141e-07    1.6437465710e-05
 105.0000000000    9.7426957380e-07    1.6464347867e-05
 105.5000000000    9.7678396520e-07    1.6542670438e-05
 106.0000000000    9.7814442263e-07    1.6571674363e-05
 106.5000000000    9.8069249198e-07    1.6625804798e-05
 107.0000000000    9.8358651328e-07    1.6675798218e-05
 107.5000000000    9.8619014963e-07    1.6727390454e-05
 108.0000000000    9.8872294755e-07    1.6778160742e-05
 108.5000000000    9.9137933455e-07    1.6841076813e-05
 109.0000000000    9.9398391073e-07    1.6887439451e-05
 109.5000000000    9.9641265199e-07    1.6938207039e-05
 110.0000000000    9.9900899536e-07    1.6988672134e-05
 110.5000000000    1.0016900363e-06    1.7062622210e-05
 111.0000000000    1.0043902480e-06    1.7094047943e-05
 111.5000000000    1.0070204094e-06    1.7145154239e-05
 112.0000000000    1.0095634481e-06    1.7196898259e-05
 112.5000000000    1.0122468690e-06    1.7248234415e-05
 113.0000000000    1.0148461473e-06    1.7299571795e-05
 113.5000000000    1.0176950350e-06    1.7350653931e-05
 114.0000000000    1.0204285987e-06    1.7401815707e-05
 114.5000000000    1.0231837316e-06    1.7452680752e-05
 115.0000000000    1.0259100213e-06    1.7503503990e-05
 115.5000000000    1.0287519573e-06    1.7559837634e-05
 116.0000000000    1.0317116563e-06    1.7760194540e-05
 116.5000000000    1.0343724037e-06    1.7732078690e-05
 117.0000000000    1.0373067467e-06    1.7705860626e-05
 117.5000000000    1.0403902712e-06    1.7740025139e-05
 118.0000000000    1.0436176915e-06    1.7810502614e-05
 118.5000000000    1.0467876891e-06    1.7844738013e-05
 119.0000000000    1.0497975696e-06    1.7893155245e-05
 119.5000000000    1.0530512324e-06    1.7942800654e-05
 120.0000000000    1.0566711737e-06    1.8017019133e-05
 120.5000000000    1.0603361770e-06    1.8044307015e-05
 121.0000000000    1.0640057124e-06    1.8093430404e-05
 121.5000000000    1.0674283991e-06    1.8143223961e-05
 122.0000000000    1.0711625091e-06    1.8192654918e-05
 122.5000000000    1.0751946928e-06    1.8241874235e-05
 123.0000000000    1.0789763848e-06    1.8290978449e-05
 123.5000000000    1.0825168022e-06    1.8340011708e-05
 124.0000000000    1.0863234166e-06    1.8388922891e-05
 124.5000000000    1.0904899359e-06    1.8437707014e-05
 125.0000000000    1.0940826070e-06    1.8492559470e-05
 125.5000000000    1.0970524317e-06    1.8537154196e-05
 126.0000000000    1.1005812026e-06    1.8585963751e-05
 126.5000000000    1.1047583378e-06    1.8634663933e-05
 127.0000000000    1.1083901444e-06    1.8683123836e-05
 127.5000000000    1.1109301853e-06    1.8731392121e-05
 128.0000000000    1.1139757042e-06    1.8790508743e-05
 128.5000000000    1.1178560326e-06    1.8832281551e-05
 129.0000000000    1.1213562676e-06    1.8878612350e-05
 129.5000000000    1.1237689940e-06    1.8953134905e-05
 130.0000000000    1.1266729723e-06    1.8975832330e-05
 130.5000000000    1.1302106652e-06    1.9023097460e-05
 131.0000000000    1.1331655468e-06    1.9071166013e-05
 131.5000000000    1.1357248328e-06    1.9118961199e-05
 132.0000000000    1.1387257015e-06    1.9166590735e-05
 132.5000000000    1.1419518983e-06    1.9214100460e-05
 133.0000000000    1.1447154920e-06    1.9261522172e-05
 133.5000000000    1.1475189918e-06    1.9308976161e-05
 134.0000000000    1.1502866582e-06    1.9356355998e-05
 134.5000000000    1.1533416715e-06    1.9410297745e-05
 135.0000000000    1.1561651239e-06    1.9452813388e-05
 135.5000000000    1.1589649545e-06    1.9500442801e-05
 136.0000000000    1.1618112753e-06    1.9547886003e-05
 136.5000000000    1.1647601623e-06    1.9594982365e-05
 137.0000000000    1.1677371662e-06    1.9668283954e-05
 137.5000000000    1.1703631594e-06    1.9694483068e-05
 138.0000000000    1.1731206120e-06    1.9738081828e-05
 138.5000000000    1.1760864239e-06    1.9784255984e-05
 139.0000000000    1.1789906206e-06    1.9837833245e-05
 139.5000000000    1.1818216452e-06    1.9879559670e-05
 140.0000000000    1.1845595659e-06    1.9926704044e-05
 140.5000000000    1.1873450609e-06    1.9973699300e-05
 141.0000000000    1.1902586275e-06    2.0020363597e-05
 141.5000000000    1.1931093919e-06    2.0066930501e-05
 142.0000000000    1.1958103408e-06    2.0113455066e-05
 142.5000000000    1.1986760420e-06    2.0159924671e-05
 143.0000000000    1.2015088036e-06    2.0206373557e-05
 143.5000000000    1.2044769680e-06    2.0284340507e-05
 144.0000000000    1.2096156782e-06    2.0477398962e-05
 144.5000000000    1.2118960538e-06    2.0408992360e-05
 145.0000000000    1.2137544220e-06    2.0404296572e-05
 145.5000000000    1.2168643745e-06    2.0464927973e-05
 146.0000000000    1.2197845718e-06    2.0494256164e-05
 146.5000000000    1.2233782918e-06    2.0556088016e-05
 147.0000000000    1.2270133769e-06    2.0598830272e-05
 147.5000000000    1.2307635671e-06    2.0632206426e-05
 148.0000000000    1.2355739688e-06    2.0764737043e-05
 148.5000000000    1.2429123350e-06    2.0732422944e-05
 149.0000000000    1.2521829055e-06    2.0774802498e-05
 149.5000000000    1.2601147924e-06    2.0821286701e-05
 150.0000000000    1.2676931960e-06    2.0866272166e-05
 150.5000000000    1.2822978820e-06    2.0910192275e-05
 151.0000000000    1.3031244312e-06    2.0956160535e-05
 151.5000000000    1.3179492937e-06    2.1321195749e-05
 152.0000000000    1.3267764728e-06    2.1124490058e-05
 152.5000000000    1.3497127097e-06    2.1141902158e-05
 153.0000000000    1.3813528047e-06    2.1142294469e-05
 153.5000000000    1.3931779377e-06    2.1196577463e-05
 154.0000000000    1.3947457849e-06    2.1241013090e-05
 154.5000000000    1.4220241447e-06    2.1289681834e-05
 155.0000000000    1.4576274006e-06    2.1332330876e-05
 155.5000000000    1.4598801148e-06    2.1389953688e-05
 156.0000000000    1.4525116840e-06    2.1426812489e-05
 156.5000000000    1.4769997127e-06    2.1472562976e-05
 157.0000000000    1.5019595712e-06    2.2233274790e-05
 157.5000000000    1.4911563329e-06    2.1815917123e-05
 158.0000000000    1.4793831123e-06    2.2108086950e-05
 158.5000000000    1.4924601597e-06    2.1706613627e-05
 159.0000000000    1.5004068730e-06    2.1998654836e-05
 159.5000000000    1.4908618315e-06    2.2134134224e-05
 160.0000000000    1.4908833697e-06    2.1814502304e-05
 160.5000000000    1.5041005241e-06    2.2114244659e-05
 161.0000000000    1.5093470458e-06    2.2258979037e-05
 161.5000000000    1.5041437335e-06    2.1990505787e-05
 162.0000000000    1.5007207070e-06    2.2013805711e-05
 162.5000000000    1.4986692682e-06    2.2050257059e-05
 163.0000000000    1.4937839060e-06    2.2097007990e-05
 163.5000000000    1.4899982603e-06    2.2141827094e-05
 164.0000000000    1.4910532772e-06    2.2188551996e-05
 164.5000000000    1.4942765169e-06    2.2246574491e-05
 165.0000000000    1.4948029382e-06    2.2283559828e-05
 165.5000000000    1.4925564929e-06    2.2327461858e-05
 166.0000000000    1.4895616983e-06    2.2383594941e-05
 166.5000000000    1.4868370244e-06    2.2421736115e-05
 167.0000000000    1.4845992286e-06    2.2469279010e-05
 167.5000000000    1.4834391294e-06    2.2515955424e-05
 168.0000000000    1.4830920990e-06    2.2562439104e-05
 168.5000000000    1.4823455517e-06    2.2608863734e-05
 169.0000000000    1.4807171149e-06    2.2655359847e-05
 169.5000000000    1.4791420262e-06    2.2701847570e-05
 170.0000000000    1.4783331112e-06    2.2748451432e-05
 170.5000000000    1.4784067261e-06    2.2805350679e-05
 171.0000000000    1.4785095670e-06    2.2843525286e-05
 171.5000000000    1.4786281771e-06    2.2891199436e-05
 172.0000000000    1.4786226556e-06    2.2938235996e-05
 172.5000000000    1.4786835499e-06    2.2985052644e-05
 173.0000000000    1.4789598732e-06    2.3043694365e-05
 173.5000000000    1.4795223585e-06    2.3081307128e-05
 174.0000000000    1.4802232122e-06    2.3126469285e-05
 174.5000000000    1.4811144907e-06    2.3270316455e-05
 175.0000000000    1.4818066676e-06    2.3228355983e-05
 175.5000000000    1.4828248514e-06    2.3266818710e-05
 176.0000000000    1.4841949960e-06    2.3312904923e-05
 176.5000000000    1.4855068590e-06    2.3360090310e-05
 177.0000000000    1.4868220252e-06    2.3407291014e-05
 177.5000000000    1.4882590081e-06    2.3454350429e-05
 178.0000000000    1.4898233201e-06    2.3528222884e-05
 178.5000000000    1.4915743278e-06    2.3564448144e-05
 179.0000000000    1.4934928094e-06    2.3611138912e-05
 179.5000000000    1.4953867972e-06    2.3642595859e-05
 180.0000000000    1.4971859728e-06    2.3688599166e-05
 180.5000000000    1.4994043574e-06    2.3735449361e-05
 181.0000000000    1.5015014752e-06    2.3782814304e-05
 181.5000000000    1.5038858024e-06    2.3830522768e-05
 182.0000000000    1.5062165463e-06    2.3878487690e-05
 182.5000000000    1.5088015132e-06    2.3926844217e-05
 183.0000000000    1.5116057317e-06    2.4129457676e-05
 183.5000000000    1.5144616468e-06    2.4054050023e-05
 184.0000000000    1.5176596497e-06    2.4083280207e-05
 184.5000000000    1.5212487472e-06    2.4124427805e-05
 185.0000000000    1.5253539462e-06    2.4169541252e-05
 185.5000000000    1.5296326418e-06    2.4216615908e-05
 186.0000000000    1.5337480120e-06    2.4264628952e-05
 186.5000000000    1.5373136588e-06    2.4313122906e-05
 187.0000000000    1.5400662196e-06    2.4360990098e-05
 187.5000000000    1.5421337624e-06    2.4420046423e-05
 188.0000000000    1.5442657394e-06    2.4458461837e-05
 188.5000000000    1.5463471194e-06    2.4509215976e-05
 189.0000000000    1.5493039682e-06    2.4558936533e-05
 189.5000000000    1.5530705506e-06    2.4608606851e-05
 190.0000000000    1.5567915378e-06    2.4658462618e-05
 190.5000000000    1.5610879589e-06    2.4708436435e-05
 191.0000000000    1.5659459777e-06    2.4763340435e-05
 191.5000000000    1.5718475203e-06    2.4823671155e-05
 192.0000000000    1.5781427876e-06    2.4861794139e-05
 192.5000000000    1.5831123069e-06    2.4912455686e-05
 193.0000000000    1.5856531443e-06    2.4962388520e-05
 193.5000000000    1.5856825327e-06    2.5012940699e-05
 194.0000000000    1.5854499224e-06    2.5063913543e-05
 194.5000000000    1.5872081903e-06    2.5115086182e-05
 195.0000000000    1.5923988144e-06    2.5166404578e-05
 195.5000000000    1.5996217917e-06    2.5269089630e-05
 196.0000000000    1.6063964799e-06    2.5271520888e-05
 196.5000000000    1.6101954295e-06    2.5324168174e-05
 197.0000000000    1.6111896255e-06    2.5376344269e-05
 197.5000000000    1.6111176109e-06    2.5428377856e-05
 198.0000000000    1.6127090477e-06    2.5480896949e-05
 198.5000000000    1.6171542350e-06    2.5533651641e-05
 199.0000000000    1.6226497939e-06    2.5586640252e-05
 199.5000000000    1.6278313826e-06    2.5691991635e-05
 200.0000000000    1.6314753096e-06    2.5695287982e-05
 200.5000000000    1.6343386771e-06    2.5750028870e-05
 201.0000000000    1.6373232812e-06    2.5803552867e-05
 201.5000000000    1.6412099812e-06    2.5857247307e-05
 202.0000000000    1.6456113277e-06    2.5911554553e-05
 202.5000000000    1.6498592224e-06    2.5966159254e-05
 203.0000000000    1.6538159511e-06    2.6020972483e-05
 203.5000000000    1.6576620891e-06    2.6129009090e-05
 204.0000000000    1.6617091462e-06    2.6133515636e-05
 204.5000000000    1.6657972715e-06    2.6190590771e-05
 205.0000000000    1.6699561822e-06    2.6245757031e-05
 205.5000000000    1.6739502577e-06    2.6301508484e-05
 206.0000000000    1.6780712976e-06    2.6357892312e-05
 206.5000000000    1.6823671620e-06    2.6414570608e-05
 207.0000000000    1.6868203997e-06    2.6471526553e-05
 207.5000000000    1.6912256623e-06    2.6539352517e-05
 208.0000000000    1.6957077449e-06    2.6589247181e-05
 208.5000000000    1.7000829724e-06    2.6647221949e-05
 209.0000000000    1.7045781583e-06    2.6704718525e-05
 209.5000000000    1.7095383323e-06    2.6763173211e-05
 210.0000000000    1.7140869437e-06    2.6822059197e-05
 210.5000000000    1.7189331927e-06    2.6881200472e-05
 211.0000000000    1.7237667720e-06    2.6940705905e-05
 211.5000000000    1.7285748965e-06    2.7010054230e-05
 212.0000000000    1.7333672641e-06    2.7065816377e-05
 212.5000000000    1.7382313194e-06    2.7125146428e-05
 213.0000000000    1.7443099973e-06    2.7184752229e-05
 213.5000000000    1.7509327459e-06    2.7245747223e-05
 214.0000000000    1.7590063938e-06    2.7307335571e-05
 214.5000000000    1.7704563312e-06    2.7369313825e-05
 215.0000000000    1.7859859680e-06    2.7482126911e-05
 215.5000000000    1.8058462235e-06    2.7496678824e-05
 216.0000000000    1.8280556592e-06    2.7564714749e-05
 216.5000000000    1.8490061749e-06    2.7625664631e-05
 217.0000000000    1.8633612885e-06    2.7688579842e-05
 217.5000000000    1.8680650891e-06    2.7752663060e-05
 218.0000000000    1.8657062368e-06    2.7817483180e-05
 218.5000000000    1.8651623416e-06    2.7882965623e-05
 219.0000000000    1.8809209773e-06    2.7997571765e-05
 219.5000000000    1.9223260667e-06    2.8017830270e-05
 220.0000000000    1.9855337380e-06    2.8085720392e-05
 220.5000000000    2.0525523881e-06    2.8150939992e-05
 221.0000000000    2.1001621792e-06    2.8218587578e-05
 221.5000000000    2.1134241023e-06    2.8287313815e-05
 222.0000000000    2.0950876357e-06    2.8356648834e-05
 222.5000000000    2.0644558168e-06    2.8426656517e-05
 223.0000000000    2.0489509914e-06    2.8502089878e-05
 223.5000000000    2.0626117690e-06    2.8572099625e-05
 224.0000000000    2.0964491332e-06    2.8641383328e-05
 224.5000000000    2.1261726995e-06    2.8711907160e-05
 225.0000000000    2.1312864964e-06    2.8783978674e-05
 225.5000000000    2.1105340726e-06    2.8857305473e-05
 226.0000000000    2.0799312080e-06    2.8931539081e-05
 226.5000000000    2.0607824115e-06    2.9009906781e-05
 227.0000000000    2.0616945053e-06    2.9085535675e-05
 227.5000000000    2.0732900094e-06    2.9159374701e-05
 228.0000000000    2.0795864369e-06    2.9236147983e-05
 228.5000000000    2.0722715851e-06    2.9311592719e-05
 229.0000000000    2.0563854718e-06    2.9388788413e-05
 229.5000000000    2.0439293772e-06    2.9467789556e-05
 230.0000000000    2.0417808644e-06    2.9549999138e-05
 230.5000000000    2.0469611027e-06    2.9631628923e-05
 231.0000000000    2.0517304263e-06    2.9711317062e-05
 231.5000000000    2.0516875634e-06    2.9793801645e-05
 232.0000000000    2.0496150592e-06    2.9876794030e-05
 232.5000000000    2.0507661960e-06    2.9957968178e-05
 233.0000000000    2.0571542062e-06    3.0041353756e-05
 233.5000000000    2.0663715846e-06    3.0128171416e-05
 234.0000000000    2.0752019925e-06    3.0257205269e-05
 234.5000000000    2.0825015841e-06    3.0334991564e-05
 235.0000000000    2.0880831387e-06    3.0429116774e-05
 235.5000000000    2.0975511269e-06    3.0512211643e-05
 236.0000000000    2.1069524277e-06    3.0702528344e-05
 236.5000000000    2.1181845334e-06    3.0697156482e-05
 237.0000000000    2.1276355255e-06    3.0867857679e-05
 237.5000000000    2.1391656241e-06    3.1170749865e-05
 238.0000000000    2.1543163956e-06    3.3710503706e-05
 238.5000000000    2.1644232026e-06    3.4704892642e-05
 239.0000000000    2.1736815151e-06    3.2017720842e-05
 239.5000000000    2.1814087612e-06    3.1338636000e-05
 240.0000000000    2.1890329581e-06    3.1628865241e-05
 240.5000000000    2.1977837142e-06    3.1504093743e-05
 241.0000000000    2.2090226766e-06    3.1830704105e-05
 241.5000000000    2.2184843762e-06    3.1771290289e-05
 242.0000000000    2.2286933566e-06    3.1773856261e-05
 242.5000000000    2.2394604206e-06    3.1872071988e-05
 243.0000000000    2.2496611721e-06    3.2007320984e-05
 243.5000000000    2.2601236183e-06    3.2083842668e-05
 244.0000000000    2.2709476988e-06    3.2196745162e-05
 244.5000000000    2.2823487259e-06    3.2310147190e-05
 245.0000000000    2.2942961705e-06    3.2423839253e-05
 245.5000000000    2.3091507751e-06    3.4409074752e-05
 246.0000000000    2.3207898459e-06    3.2942648788e-05
 246.5000000000    2.3335205452e-06    3.2849410382e-05
 247.0000000000    2.3463625925e-06    3.3000216473e-05
 247.5000000000    2.3600005324e-06    3.3157549981e-05
 248.0000000000    2.3743790804e-06    3.3185276850e-05
 248.5000000000    2.3893110913e-06    3.3305678831e-05
 249.0000000000    2.4049297745e-06    3.3448508964e-05
 249.5000000000    2.4209354704e-06    3.3569301482e-05
 250.0000000000    2.4373799497e-06    3.3712079430e-05
 250.5000000000    2.4542698113e-06    3.3850614224e-05
 251.0000000000    2.4718533737e-06    3.3992713549e-05
 251.5000000000    2.4899644675e-06    3.4136414838e-05
 252.0000000000    2.5085433163e-06    3.4283114145e-05
 252.5000000000    2.5275803109e-06    3.4438008927e-05
 253.0000000000    2.5471452457e-06    3.4596589970e-05
 253.5000000000    2.5672644232e-06    3.4757384190e-05
 254.0000000000    2.5878087455e-06    3.4922282241e-05
 254.5000000000    2.6091080660e-06    3.5089976177e-05
 255.0000000000    2.6308008108e-06    3.5282441467e-05
 255.5000000000    2.6531285433e-06    3.5446385347e-05
 256.0000000000    2.6760241785e-06    3.5618935568e-05
 256.5000000000    2.6994731094e-06    3.5821906093e-05
 257.0000000000    2.7234591441e-06    3.5988763742e-05
 257.5000000000    2.7481572033e-06    3.6180145129e-05
 258.0000000000    2.7736018035e-06    3.6379254062e-05
 258.5000000000    2.8000834884e-06    3.6603369604e-05
 259.0000000000    2.8273748249e-06    3.6801913961e-05
 259.5000000000    2.8553964262e-06    3.7008267372e-05
 260.0000000000    2.8841285790e-06    3.7227475952e-05
 260.5000000000    2.9135435295e-06    3.7453851312e-05
 261.0000000000    2.9437806412e-06    3.7688518988e-05
 261.5000000000    2.9751797321e-06    3.7930981157e-05
 262.0000000000    3.0082398098e-06    3.8203269190e-05
 262.5000000000    3.0428634631e-06    3.8447951142e-05
 263.0000000000    3.0791877936e-06    3.8708637106e-05
 263.5000000000    3.1167403359e-06    3.8979612918e-05
 264.0000000000    3.1552155851e-06    3.9263549108e-05
 264.5000000000    3.1945884079e-06    3.9558596705e-05
 265.0000000000    3.2353185640e-06    3.9864999514e-05
 265.5000000000    3.2782214819e-06    4.0205731131e-05
 266.0000000000    3.3238637482e-06    4.0521807849e-05
 266.5000000000    3.3723441571e-06    4.0857917072e-05
 267.0000000000    3.4231463461e-06    4.1212704242e-05
 267.5000000000    3.4756571579e-06    4.1584496639e-05
 268.0000000000    3.5297950859e-06    4.1973546682e-05
 268.5000000000    3.5860760080e-06    4.2380684766e-05
 269.0000000000    3.6453419824e-06    4.2797520181e-05
 269.5000000000    3.7082059591e-06    4.3244661536e-05
 270.0000000000    3.7748572949e-06    4.3712999795e-05
 270.5000000000    3.8451952497e-06    4.4208303585e-05
 271.0000000000    3.9191037076e-06    4.4727557735e-05
 271.5000000000    3.9967749495e-06    4.5277115014e-05
 272.0000000000    4.0787790414e-06    4.5857144203e-05
 272.5000000000    4.1657538917e-06    4.6462484766e-05
 273.0000000000    4.2582425955e-06    4.7113977838e-05
 273.5000000000    4.3566389085e-06    4.7810260967e-05
 274.0000000000    4.4613694244e-06    4.8553596193e-05
 274.5000000000    4.5730098829e-06    4.9349362572e-05
 275.0000000000    4.6923170779e-06    5.0204071871e-05
 275.5000000000    4.8202009628e-06    5.1189192471e-05
 276.0000000000    4.9574872345e-06    5.2127297505e-05
 276.5000000000    5.1051084524e-06    5.3201589503e-05
 277.0000000000    5.2641398302e-06    5.4376825706e-05
 277.5000000000    5.4360075712e-06    5.5759744396e-05
 278.0000000000    5.6223045286e-06    5.7129139570e-05
 278.5000000000    5.8250558813e-06    5.8698066078e-05
 279.0000000000    6.0464164369e-06    6.0447934762e-05
 279.5000000000    6.2887966733e-06    6.2433751855e-05
 280.0000000000    6.5549158964e-06    6.4695772282e-05
 280.5000000000    6.8479498975e-06    6.7291985440e-05
 281.0000000000    7.1716932829e-06    7.0305497141e-05
 281.5000000000    7.5309878567e-06    7.3853159684e-05
 282.0000000000    7.9316074872e-06    7.8074966972e-05
 282.5000000000    8.3802498133e-06    8.3217613653e-05
 283.0000000000    8.8847565232e-06    8.9580634390e-05
 283.5000000000    9.4542951411e-06    9.7625908333e-05
 284.0000000000    1.0099592697e-05    1.0802293480e-04
 284.5000000000    1.0833703641e-05    1.2178169114e-04
 285.0000000000    1.1672374819e-05    1.4041144019e-04
 285.5000000000    1.2634526670e-05    1.6619860366e-04
 286.0000000000    1.3744702546e-05    2.0252479786e-04
 286.5000000000    1.5042430287e-05    2.5432679195e-04
 287.0000000000    1.6621696484e-05    3.2859189259e-04
 287.5000000000    1.8823978458e-05    4.3484972395e-04
 288.0000000000    2.3421270972e-05    5.8571357545e-04
 288.5000000000    3.8726313799e-05    7.9883767245e-04
 289.0000000000    8.5960093310e-05    1.1074447693e-03
 289.5000000000    1.9596715654e-04    1.5960826417e-03
 290.0000000000    3.9591905533e-04    2.4280720924e-03
 290.5000000000    6.7373490420e-04    3.7034684498e-03
 291.0000000000    9.4423425135e-04    5.2147279451e-03
 291.5000000000    1.0957965083e-03    6.5373679141e-03
 292.0000000000    1.1137966789e-03    7.4879724367e-03
 292.5000000000    1.0682302396e-03    8.1811231022e-03
 293.0000000000    1.0100796633e-03    8.7089410795e-03
 293.5000000000    9.5585862898e-04    9.1067457690e-03
 294.0000000000    9.0878156425e-04    9.4008679490e-03
 294.5000000000    8.6932806493e-04    9.6049143297e-03
 295.0000000000    8.3817246919e-04    9.7106523092e-03
 295.5000000000    8.1631508066e-04    9.6874742362e-03
 296.0000000000    8.0330671158e-04    9.4993037960e-03
 296.5000000000    7.9291519600e-04    9.1946751975e-03
 297.0000000000    7.6936389214e-04    9.1103650345e-03
 297.5000000000    7.2412070797e-04    9.5432693969e-03
 298.0000000000    6.9268141898e-04    9.7707332907e-03
 298.5000000000    7.0431640704e-04    9.0477842623e-03
 299.0000000000    6.7206377951e-04    9.4230496256e-03
 299.5000000000    6.6258357038e-04    9.2932895376e-03
 300.0000000000    6.4633140042e-04    9.3945811486e-03
 300.5000000000    6.5306461864e-04    8.8632353169e-03
 301.0000000000    6.2486524083e-04    9.5783437197e-03
 301.5000000000    6.2833039279e-04    9.3410896814e-03
 302.0000000000    6.4206436556e-04    8.7865712823e-03
 302.5000000000    6.3862099615e-04    8.9547304999e-03
 303.0000000000    6.2792633852e-04    9.4029331564e-03
 303.5000000000    6.2560829984e-04    9.5534110968e-03
 304.0000000000    6.3634155181e-04    9.3207436384e-03
 304.5000000000    6.5385479192e-04    8.8790345704e-03
 305.0000000000    6.5845301704e-04    8.8824659441e-03
 305.5000000000    6.4332572542e-04    9.4407814905e-03
 306.0000000000    6.5904895638e-04    9.1136800756e-03
 306.5000000000    6.6195529850e-04    9.1792199729e-03
 307.0000000000    6.8084651482e-04    8.8122703365e-03
 307.5000000000    6.7689822746e-04    9.0675998039e-03
 308.0000000000    6.9611448518e-04    8.8157303525e-03
 308.5000000000    6.8724868404e-04    9.2258163666e-03
 309.0000000000    7.2674012459e-04    8.7084799521e-03
 309.5000000000    7.3822184775e-04    8.8299513121e-03
 310.0000000000    7.1726189148e-04    9.3183948343e-03
 310.5000000000    7.4515089809e-04    9.2653899617e-03
 311.0000000000    7.5970144060e-04    9.2805952287e-03
 311.5000000000    8.5154269732e-04    8.7133720940e-03
 312.0000000000    8.1971466031e-04    9.0671470393e-03
 312.5000000000    8.4414925473e-04    9.0067339762e-03
 313.0000000000    8.6896766177e-04    8.7007793441e-03
 313.5000000000    9.0650318706e-04    8.4305319901e-03
 314.0000000000    8.5988432742e-04    8.3078131704e-03
 314.5000000000    8.4279588245e-04    7.4043477920e-03
 315.0000000000    7.6600873350e-04    6.9134212524e-03
 315.5000000000    6.6237745873e-04    6.1293412578e-03
 316.0000000000    5.1915926473e-04    4.9729139798e-03
 316.5000000000    3.7660931674e-04    3.7284810045e-03
 317.0000000000    2.5648156302e-04    2.7027264578e-03
 317.5000000000    1.7307768993e-04    2.1619746004e-03
 318.0000000000    1.2545722346e-04    2.0410177567e-03
 318.5000000000    1.0227577058e-04    2.1467194923e-03
 319.0000000000    9.2938823824e-05    2.3312890834e-03
 319.5000000000    9.0184452234e-05    2.5118580857e-03
 320.0000000000    8.9840374652e-05    2.6546842529e-03
 320.5000000000    8.9988965327e-05    2.7528683852e-03
 321.0000000000    8.9958045477e-05    2.8112881292e-03
 321.5000000000    8.9624507716e-05    2.8388624587e-03
 322.0000000000    8.9056623324e-05    2.8450064537e-03
 322.5000000000    8.8359165758e-05    2.8380570277e-03
 323.0000000000    8.7618479595e-05    2.8246920619e-03
 323.5000000000    8.6891458120e-05    2.8098812933e-03
 324.0000000000    8.6210829607e-05    2.7970935384e-03
 324.5000000000    8.5593574420e-05    2.7885797765e-03
 325.0000000000    8.5047920016e-05    2.7856496910e-03
 325.5000000000    8.4578701788e-05    2.7889250586e-03
 326.0000000000    8.4190177984e-05    2.7985108012e-03
 326.5000000000    8.3887796947e-05    2.8141564366e-03
 327.0000000000    8.3678302880e-05    2.8353468993e-03
 327.5000000000    8.3568958210e-05    2.8614056436e-03
 328.0000000000    8.3566008066e-05    2.8915156974e-03
 328.5000000000    8.3673339783e-05    2.9247625901e-03
 329.0000000000    8.3891128781e-05    2.9601728259e-03
 329.5000000000    8.4214893670e-05    2.9967539014e-03
 330.0000000000    8.4634992913e-05    3.0335182170e-03
 330.5000000000    8.5136887120e-05    3.0695211933e-03
 331.0000000000    8.5701759356e-05    3.1038824912e-03
 331.5000000000    8.6307579584e-05    3.1358095655e-03
 332.0000000000    8.6930338070e-05    3.1646223752e-03
 332.5000000000    8.7545725907e-05    3.1897780535e-03
 333.0000000000    8.8130206967e-05    3.2108898762e-03
 333.5000000000    8.8662403904e-05    3.2277318779e-03
 334.0000000000    8.9123936313e-05    3.2402315935e-03
 334.5000000000    8.9500685898e-05    3.2484556206e-03
 335.0000000000    8.9783354770e-05    3.2525940710e-03
 335.5000000000    8.9968088973e-05    3.2529575238e-03
 336.0000000000    9.0056253063e-05    3.2498962429e-03
 336.5000000000    9.0053477377e-05    3.2439024669e-03
 337.0000000000    8.9968927078e-05    3.2354576616e-03
 337.5000000000    8.9813845985e-05    3.2250794025e-03
 338.0000000000    8.9600803545e-05    3.2132782924e-03
 338.5000000000    8.9342538303e-05    3.2005498459e-03
 339.0000000000    8.9051377637e-05    3.1873598894e-03
 339.5000000000    8.8738880013e-05    3.1741365648e-03
 340.0000000000    8.8415465655e-05    3.1612628960e-03
 340.5000000000    8.8090291208e-05    3.1490720867e-03
 341.0000000000    8.7771241381e-05    3.1378473288e-03
 341.5000000000    8.7464868042e-05    3.1278248809e-03
 342.0000000000    8.7176404216e-05    3.1191987972e-03
 342.5000000000    8.6909952991e-05    3.1121245939e-03
 343.0000000000    8.6668478662e-05    3.1067202304e-03
 343.5000000000    8.6454071542e-05    3.1030653853e-03
 344.0000000000    8.6268351916e-05    3.1012012272e-03
 344.5000000000    8.6112364246e-05    3.1011312526e-03
 345.0000000000    8.5987025470e-05    3.1028225536e-03
 345.5000000000    8.5892857979e-05    3.1062067444e-03
 346.0000000000    8.5830144985e-05    3.1111807311e-03
 346.5000000000    8.5798620965e-05    3.1176083064e-03
 347.0000000000    8.5797691340e-05    3.1253237299e-03
 347.5000000000    8.5826109988e-05    3.1341360750e-03
 348.0000000000    8.5882275993e-05    3.1438357327e-03
 348.5000000000    8.5964027093e-05    3.1542012477e-03
 349.0000000000    8.6068787503e-05    3.1650064657e-03
 349.5000000000    8.6193547040e-05    3.1760273004e-03
 350.0000000000    8.6334960200e-05    3.1870483601e-03
 350.5000000000    8.6489436116e-05    3.1978690384e-03
 351.0000000000    8.6653125469e-05    3.2083086304e-03
 351.5000000000    8.6822006701e-05    3.2182098301e-03
 352.0000000000    8.6992152817e-05    3.2274403309e-03
 352.5000000000    8.7159684513e-05    3.2358931248e-03
 353.0000000000    8.7320902536e-05    3.2434863396e-03
 353.5000000000    8.7472429187e-05    3.2501629719e-03
 354.0000000000    8.7611375550e-05    3.2558904347e-03
 354.5000000000    8.7735198295e-05    3.2606597596e-03
 355.0000000000    8.7842020514e-05    3.2644837380e-03
 355.5000000000    8.7930345360e-05    3.2673944989e-03
 356.0000000000    8.7999309502e-05    3.2694413180e-03
 356.5000000000    8.8048350958e-05    3.2706884001e-03
 357.0000000000    8.8077675268e-05    3.2712128088e-03
 357.5000000000    8.8087888028e-05    3.2711025758e-03
 358.0000000000    8.8080334633e-05    3.2704544106e-03
 358.5000000000    8.8056764900e-05    3.2693704218e-03
 359.0000000000    8.8019315971e-05    3.2679550145e-03
 359.5000000000    8.7970360905e-05    3.2663119270e-03
 360.0000000000    8.7912125106e-05    3.2645416928e-03
 360.5000000000    8.7846662572e-05    3.2627399215e-03
 361.0000000000    8.7776161383e-05    3.2609957162e-03
 361.5000000000    8.7702647110e-05    3.2593900555e-03
 362.0000000000    8.7628313314e-05    3.2579945655e-03
 362.5000000000    8.7555162989e-05    3.2568706703e-03
 363.0000000000    8.7484905068e-05    3.2560694436e-03
 363.5000000000    8.7418780376e-05    3.2556341441e-03
 364.0000000000    8.7357816651e-05    3.2555889589e-03
 364.5000000000    8.7302820986e-05    3.2559608934e-03
 365.0000000000    8.7254491740e-05    3.2567566250e-03
 365.5000000000    8.7213649973e-05    3.2579771991e-03
 366.0000000000    8.7180965355e-05    3.2596099456e-03
 366.5000000000    8.7156627009e-05    3.2616356547e-03
 367.0000000000    8.7140818424e-05    3.2640260331e-03
 367.5000000000    8.7133412873e-05    3.2667480043e-03
 368.0000000000    8.7134180626e-05    3.2697625699e-03
 368.5000000000    8.7142937824e-05    3.2730267663e-03
 369.0000000000    8.7159358035e-05    3.2764937552e-03
 369.5000000000    8.7182814627e-05    3.2801154824e-03
 370.0000000000    8.7212506218e-05    3.2838443006e-03
 370.5000000000    8.7247617219e-05    3.2876344209e-03
 371.0000000000    8.7286997270e-05    3.2914419478e-03
 371.5000000000    8.7329593587e-05    3.2952252140e-03
 372.0000000000    8.7374255597e-05    3.2989448888e-03
 372.5000000000    8.7419832231e-05    3.3025641017e-03
 373.0000000000    8.7465364979e-05    3.3060480918e-03
 373.5000000000    8.7509902431e-05    3.3093641896e-03
 374.0000000000    8.7552871676e-05    3.3124823541e-03
 374.5000000000    8.7593711929e-05    3.3153763666e-03
 375.0000000000    8.7632023707e-05    3.3180249040e-03
 375.5000000000    8.7667691211e-05    3.3204122566e-03
 376.0000000000    8.7700953345e-05    3.3225299523e-03
 376.5000000000    8.7731763851e-05    3.3243782402e-03
 377.0000000000    8.7760685028e-05    3.3259669668e-03
 377.5000000000    8.7788179347e-05    3.3273153673e-03
 378.0000000000    8.7814403891e-05    3.3284509810e-03
 378.5000000000    8.7839432570e-05    3.3294079680e-03
 379.0000000000    8.7862975388e-05    3.3302379883e-03
 379.5000000000    8.7884201721e-05    3.3309385364e-03
 380.0000000000    8.7901811742e-05    3.3315862660e-03
 380.5000000000    8.7914328910e-05    3.3321985318e-03
 381.0000000000    8.7919826202e-05    3.3328006216e-03
 381.5000000000    8.7916387074e-05    3.3334092414e-03
 382.0000000000    8.7902627166e-05    3.3340337542e-03
 382.5000000000    8.7877505346e-05    3.3346783864e-03
 383.0000000000    8.7840720892e-05    3.3353452100e-03
 383.5000000000    8.7793476829e-05    3.3360374380e-03
 384.0000000000    8.7737834958e-05    3.3367579543e-03
 384.5000000000    8.7676884847e-05    3.3375197299e-03
 385.0000000000    8.7614485865e-05    3.3383375044e-03
 385.5000000000    8.7554936258e-05    3.3392344929e-03
 386.0000000000    8.7502200054e-05    3.3402381231e-03
 386.5000000000    8.7459686211e-05    3.3413683963e-03
 387.0000000000    8.7430431006e-05    3.3426502302e-03
 387.5000000000    8.7415326818e-05    3.3440933359e-03
 388.0000000000    8.7414388368e-05    3.3456984103e-03
 388.5000000000    8.7426215451e-05    3.3474527796e-03
 389.0000000000    8.7448209717e-05    3.3493313537e-03
 389.5000000000    8.7477058724e-05    3.3512990652e-03
 390.0000000000    8.7509548138e-05    3.3533151411e-03
 390.5000000000    8.7542577228e-05    3.3553379768e-03
 391.0000000000    8.7573598690e-05    3.3573301154e-03
 391.5000000000    8.7601405388e-05    3.3592628390e-03
 392.0000000000    8.7625481922e-05    3.3611194505e-03
 392.5000000000    8.7646294168e-05    3.3628959919e-03
 393.0000000000    8.7664955023e-05    3.3645994977e-03
 393.5000000000    8.7682795526e-05    3.3662447189e-03
 394.0000000000    8.7701026543e-05    3.3678503265e-03
 394.5000000000    8.7720497940e-05    3.3694349898e-03
 395.0000000000    8.7741441672e-05    3.3710135307e-03
 395.5000000000    8.7763581608e-05    3.3725935979e-03
 396.0000000000    8.7786245227e-05    3.3741738448e-03
 396.5000000000    8.7808341739e-05    3.3757441701e-03
 397.0000000000    8.7828846531e-05    3.3772877332e-03
 397.5000000000    8.7846652946e-05    3.3787841283e-03
 398.0000000000    8.7861182833e-05    3.3802131384e-03
 398.5000000000    8.7872132887e-05    3.3815584579e-03
 399.0000000000    8.7879596413e-05    3.3828105385e-03
 399.5000000000    8.7883984098e-05    3.3839682253e-03
 400.0000000000    8.7885954457e-05    3.3850388748e-03
 400.5000000000    8.7886170858e-05    3.3860371351e-03
 401.0000000000    8.7885241257e-05    3.3869827181e-03
 401.5000000000    8.7883662274e-05    3.3878977118e-03
 402.0000000000    8.7881764203e-05    3.3888037320e-03
 402.5000000000    8.7879773360e-05    3.3897192537e-03
 403.0000000000    8.7877793920e-05    3.3906576443e-03
 403.5000000000    8.7875841404e-05    3.3916263463e-03
 404.0000000000    8.7873870421e-05    3.3926272763e-03
 404.5000000000    8.7871898343e-05    3.3936580822e-03
 405.0000000000    8.7870012015e-05    3.3947139036e-03
 405.5000000000    8.7868387801e-05    3.3957892305e-03
 406.0000000000    8.7867180838e-05    3.3968793982e-03
 406.5000000000    8.7866621580e-05    3.3979815121e-03
 407.0000000000    8.7866859639e-05    3.3990948263e-03
 407.5000000000    8.7867918932e-05    3.4002203562e-03
 408.0000000000    8.7870003525e-05    3.4013598917e-03
 408.5000000000    8.7873125152e-05    3.4025148190e-03
 409.0000000000    8.7877362831e-05    3.4036850534e-03
 409.5000000000    8.7882746255e-05    3.4048682327e-03
 410.0000000000    8.7889258664e-05    3.4060596489e-03
 410.5000000000    8.7896725552e-05    3.4072529483e-03
 411.0000000000    8.7904869717e-05    3.4084413239e-03
 411.5000000000    8.7913276298e-05    3.4096188999e-03
 412.0000000000    8.7921404371e-05    3.4107819898e-03
 412.5000000000    8.7928718568e-05    3.4119300020e-03
 413.0000000000    8.7934732442e-05    3.4130656412e-03
 413.5000000000    8.7939048828e-05    3.4141943387e-03
 414.0000000000    8.7941424304e-05    3.4153230520e-03
 414.5000000000    8.7941890544e-05    3.4164586296e-03
 415.0000000000    8.7940748013e-05    3.4176060958e-03
 415.5000000000    8.7938471177e-05    3.4187672464e-03
 416.0000000000    8.7935690694e-05    3.4199398540e-03
 416.5000000000    8.7933148844e-05    3.4211176347e-03
 417.0000000000    8.7931457025e-05    3.4222911496e-03
 417.5000000000    8.7931105489e-05    3.4234493067e-03
 418.0000000000    8.7932387743e-05    3.4245813113e-03
 418.5000000000    8.7935354247e-05    3.4256785290e-03
 419.0000000000    8.7939850036e-05    3.4267361399e-03
 419.5000000000    8.7945486427e-05    3.4277541788e-03
 420.0000000000    8.7951822816e-05    3.4287376915e-03
 420.5000000000    8.7958422604e-05    3.4296959557e-03
 421.0000000000    8.7964875674e-05    3.4306407911e-03
 421.5000000000    8.7970909438e-05    3.4315843658e-03
 422.0000000000    8.7976394407e-05    3.4325371507e-03
 422.5000000000    8.7981369760e-05    3.4335064272e-03
 423.0000000000    8.7985994127e-05    3.4344953232e-03
 423.5000000000    8.7990519224e-05    3.4355023739e-03
 424.0000000000    8.7995207388e-05    3.4365219160e-03
 424.5000000000    8.8000254090e-05    3.4375453824e-03
 425.0000000000    8.8005710957e-05    3.4385631625e-03
 425.5000000000    8.8011431842e-05    3.4395665511e-03
 426.0000000000    8.8017119566e-05    3.4405493216e-03
 426.5000000000    8.8022442819e-05    3.4415086861e-03
 427.0000000000    8.8027152168e-05    3.4424456585e-03
 427.5000000000    8.8031167552e-05    3.4433648233e-03
 428.0000000000    8.8034534157e-05    3.4442734790e-03
 428.5000000000    8.8037574709e-05    3.4451802465e-03
 429.0000000000    8.8040372507e-05    3.4460935094e-03
 429.5000000000    8.8043191490e-05    3.4470199245e-03
 430.0000000000    8.8046260608e-05    3.4479633649e-03
 430.5000000000    8.8049495628e-05    3.4489244339e-03
 431.0000000000    8.8052951583e-05    3.4499006332e-03
 431.5000000000    8.8056660797e-05    3.4508870751e-03
 432.0000000000    8.8060649951e-05    3.4518774930e-03
 432.5000000000    8.8064917171e-05    3.4528652396e-03
 433.0000000000    8.8069373539e-05    3.4538442348e-03
 433.5000000000    8.8073857769e-05    3.4548096430e-03
 434.0000000000    8.8078165318e-05    3.4557585123e-03
 434.5000000000    8.8082121500e-05    3.4566901274e-03
 435.0000000000    8.8085643577e-05    3.4576059114e-03
 435.5000000000    8.8088820297e-05    3.4585089224e-03
 436.0000000000    8.8091854922e-05    3.4594031344e-03
 436.5000000000    8.8094948664e-05    3.4602927248e-03
 437.0000000000    8.8098221674e-05    3.4611814780e-03
 437.5000000000    8.8101673032e-05    3.4620722097e-03
 438.0000000000    8.8105223493e-05    3.4629663026e-03
 438.5000000000    8.8108774170e-05    3.4638635076e-03
 439.0000000000    8.8112224305e-05    3.4647621420e-03
 439.5000000000    8.8115523162e-05    3.4656596336e-03
 440.0000000000    8.8118588789e-05    3.4665530135e-03
 440.5000000000    8.8121298440e-05    3.4674394328e-03
 441.0000000000    8.8123523134e-05    3.4683167412e-03
 441.5000000000    8.8125193011e-05    3.4691838673e-03
 442.0000000000    8.8126340261e-05    3.4700496287e-03
 442.5000000000    8.8127072749e-05    3.4708891124e-03
 443.0000000000    8.8127611786e-05    3.4717303670e-03
 443.5000000000    8.8128176502e-05    3.4725668564e-03
 444.0000000000    8.8128958681e-05    3.4734074142e-03
 444.5000000000    8.8130099363e-05    3.4742313803e-03
 445.0000000000    8.8131750652e-05    3.4750644382e-03
 445.5000000000    8.8133992175e-05    3.4758995790e-03
 446.0000000000    8.8136859403e-05    3.4767365070e-03
 446.5000000000    8.8140316200e-05    3.4775753456e-03
 447.0000000000    8.8144264391e-05    3.4784152877e-03
 447.5000000000    8.8148560706e-05    3.4792551162e-03
 448.0000000000    8.8153037022e-05    3.4800933351e-03
 448.5000000000    8.8157540912e-05    3.4809283538e-03
 449.0000000000    8.8161936590e-05    3.4817588655e-03
 449.5000000000    8.8166161763e-05    3.4825845297e-03
 450.0000000000    8.8170104604e-05    3.4834030231e-03
 450.5000000000    8.8173743642e-05    3.4842161776e-03
 451.0000000000    8.8177132597e-05    3.4850243008e-03
 451.5000000000    8.8180328822e-05    3.4858284614e-03
 452.0000000000    8.8183389475e-05    3.4866297876e-03
 452.5000000000    8.8186392304e-05    3.4874293472e-03
 453.0000000000    8.8189403602e-05    3.4882283568e-03
 453.5000000000    8.8192487674e-05    3.4890273504e-03
 454.0000000000    8.8195664674e-05    3.4898263936e-03
 454.5000000000    8.8198932368e-05    3.4906317382e-03
 455.0000000000    8.8202234902e-05    3.4914197868e-03
 455.5000000000    8.8205549071e-05    3.4922153577e-03
 456.0000000000    8.8208790276e-05    3.4930063315e-03
 456.5000000000    8.8211935446e-05    3.4937945795e-03
 457.0000000000    8.8214973679e-05    3.4945780892e-03
 457.5000000000    8.8217891627e-05    3.4953561267e-03
 458.0000000000    8.8220692591e-05    3.4961283030e-03
 458.5000000000    8.8223406479e-05    3.4968949548e-03
 459.0000000000    8.8226068955e-05    3.4976568568e-03
 459.5000000000    8.8228705687e-05    3.4984150963e-03
 460.0000000000    8.8231333480e-05    3.4991708625e-03
 460.5000000000    8.8233962705e-05    3.4999252001e-03
 461.0000000000    8.8236583426e-05    3.5006788264e-03
 461.5000000000    8.8239256334e-05    3.5014321058e-03
 462.0000000000    8.8241934519e-05    3.5021851358e-03
 462.5000000000    8.8244629410e-05    3.5029378388e-03
 463.0000000000    8.8247309468e-05    3.5036900172e-03
 463.5000000000    8.8249960866e-05    3.5044413919e-03
 464.0000000000    8.8252590999e-05    3.5051916226e-03
 464.5000000000    8.8255158449e-05    3.5059403123e-03
 465.0000000000    8.8257677497e-05    3.5066870755e-03
 465.5000000000    8.8260178868e-05    3.5074315654e-03
 466.0000000000    8.8262681585e-05    3.5081734429e-03
 466.5000000000    8.8265204064e-05    3.5089123500e-03
 467.0000000000    8.8267803706e-05    3.5096480598e-03
 467.5000000000    8.8270451932e-05    3.5103805729e-03
 468.0000000000    8.8273183464e-05    3.5111099997e-03
 468.5000000000    8.8275978406e-05    3.5118364083e-03
 469.0000000000    8.8278836056e-05    3.5125597984e-03
 469.5000000000    8.8281768221e-05    3.5132801867e-03
 470.0000000000    8.8284725855e-05    3.5139975661e-03
 470.5000000000    8.8287701734e-05    3.5147118397e-03
 471.0000000000    8.8290677543e-05    3.5154228243e-03
 471.5000000000    8.8293626804e-05    3.5161302924e-03
 472.0000000000    8.8296538251e-05    3.5168340283e-03
 472.5000000000    8.8299388839e-05    3.5175339102e-03
 473.0000000000    8.8302170660e-05    3.5182300040e-03
 473.5000000000    8.8304888771e-05    3.5189267485e-03
 474.0000000000    8.8307516129e-05    3.5196123907e-03
 474.5000000000    8.8310103128e-05    3.5202991122e-03
 475.0000000000    8.8312690852e-05    3.5209837811e-03
 475.5000000000    8.8315322716e-05    3.5216664706e-03
 476.0000000000    8.8318042398e-05    3.5223471110e-03
 476.5000000000    8.8320870757e-05    3.5230258010e-03
 477.0000000000    8.8323791296e-05    3.5237025226e-03
 477.5000000000    8.8326754373e-05    3.5243774933e-03
 478.0000000000    8.8329686543e-05    3.5250512304e-03
 478.5000000000    8.8332504664e-05    3.5257243852e-03
 479.0000000000    8.8335176383e-05    3.5263990582e-03
 479.5000000000    8.8337674056e-05    3.5270709397e-03
 480.0000000000    8.8340037823e-05    3.5277444875e-03
 480.5000000000    8.8342404662e-05    3.5284181515e-03
 481.0000000000    8.8344917324e-05    3.5290901705e-03
 481.5000000000    8.8347749481e-05    3.5297610165e-03
 482.0000000000    8.8351022268e-05    3.5304328761e-03
 482.5000000000    8.8354704781e-05    3.5310968255e-03
 483.0000000000    8.8358675320e-05    3.5317615771e-03
 483.5000000000    8.8362674851e-05    3.5324250685e-03
 484.0000000000    8.8366399320e-05    3.5330872586e-03
 484.5000000000    8.8369624184e-05    3.5337478532e-03
 485.0000000000    8.8372302244e-05    3.5344065490e-03
 485.5000000000    8.8374617189e-05    3.5350628937e-03
 486.0000000000    8.8376933241e-05    3.5357165976e-03
 486.5000000000    8.8379644991e-05    3.5363676970e-03
 487.0000000000    8.8382987087e-05    3.5370164761e-03
 487.5000000000    8.8386898275e-05    3.5376632604e-03
 488.0000000000    8.8391041826e-05    3.5383081964e-03
 488.5000000000    8.8394957094e-05    3.5389511162e-03
 489.0000000000    8.8398293579e-05    3.5395915749e-03
 489.5000000000    8.8400954742e-05    3.5402290716e-03
 490.0000000000    8.8403117210e-05    3.5408633240e-03
 490.5000000000    8.8405101005e-05    3.5414944221e-03
 491.0000000000    8.8407175379e-05    3.5421227869e-03
 491.5000000000    8.8409441548e-05    3.5427489726e-03
 492.0000000000    8.8411833942e-05    3.5433734341e-03
 492.5000000000    8.8414211641e-05    3.5439963948e-03
 493.0000000000    8.8416463227e-05    3.5446178637e-03
 493.5000000000    8.8418553753e-05    3.5452377431e-03
 494.0000000000    8.8420508582e-05    3.5458559302e-03
 494.5000000000    8.8422369568e-05    3.5464723954e-03
 495.0000000000    8.8424164780e-05    3.5470872274e-03
 495.5000000000    8.8425943528e-05    3.5477005809e-03
 496.0000000000    8.8427776105e-05    3.5483125553e-03
 496.5000000000    8.8429693422e-05    3.5489231035e-03
 497.0000000000    8.8431756796e-05    3.5495320293e-03
 497.5000000000    8.8433958385e-05    3.5501390295e-03
 498.0000000000    8.8436249905e-05    3.5507437415e-03
 498.5000000000    8.8438565113e-05    3.5513457908e-03
 499.0000000000    8.8440871434e-05    3.5519448290e-03
 499.5000000000    8.8443185238e-05    3.5525406061e-03
 500.0000000000    8.8445577437e-05    3.5531331169e-03
 500.5000000000    8.8448139928e-05    3.5537227766e-03
 501.0000000000    8.8450919753e-05    3.5543105895e-03
 501.5000000000    8.8453884721e-05    3.5548982971e-03
 502.0000000000    8.8456912305e-05    3.5554884038e-03
 502.5000000000    8.8459841595e-05    3.5560840095e-03
 503.0000000000    8.8462587298e-05    3.5566884635e-03
 503.5000000000    8.8465223260e-05    3.5573048400e-03
 504.0000000000    8.8468014029e-05    3.5579352867e-03
 504.5000000000    8.8471381592e-05    3.5585802442e-03
 505.0000000000    8.8475841244e-05    3.5592376248e-03
 505.5000000000    8.8481936576e-05    3.5599021731e-03
 506.0000000000    8.8490187413e-05    3.5605652395e-03
 506.5000000000    8.8501027368e-05    3.5612152420e-03
 507.0000000000    8.8514698673e-05    3.5618389465e-03
 507.5000000000    8.8531103496e-05    3.5624234318e-03
 508.0000000000    8.8549656816e-05    3.5629584988e-03
 508.5000000000    8.8569202237e-05    3.5634389802e-03
 509.0000000000    8.8588033749e-05    3.5638664266e-03
 509.5000000000    8.8604045948e-05    3.5642496071e-03
 510.0000000000    8.8614993850e-05    3.5646037376e-03
 510.5000000000    8.8618817989e-05    3.5649485069e-03
 511.0000000000    8.8614002597e-05    3.5653052762e-03
 511.5000000000    8.8599877551e-05    3.5656939541e-03
 512.0000000000    8.8576835662e-05    3.5661300992e-03
 512.5000000000    8.8546375610e-05    3.5666226957e-03
 513.0000000000    8.8510963078e-05    3.5671729024e-03
 513.5000000000    8.8473717444e-05    3.5677739839e-03
 514.0000000000    8.8437983017e-05    3.5684138236e-03
 514.5000000000    8.8406817497e-05    3.5690708436e-03
 515.0000000000    8.8382609382e-05    3.5697296204e-03
 515.5000000000    8.8366713607e-05    3.5703725400e-03
 516.0000000000    8.8359375974e-05    3.5709879514e-03
 516.5000000000    8.8359806288e-05    3.5715730294e-03
 517.0000000000    8.8366342324e-05    3.5721282323e-03
 517.5000000000    8.8376987867e-05    3.5726652073e-03
 518.0000000000    8.8389710862e-05    3.5731962773e-03
 518.5000000000    8.8402804557e-05    3.5737350376e-03
 519.0000000000    8.8415179295e-05    3.5742924320e-03
 519.5000000000    8.8426428373e-05    3.5748747252e-03
 520.0000000000    8.8436721620e-05    3.5754830050e-03
 520.5000000000    8.8446607851e-05    3.5761136749e-03
 521.0000000000    8.8456736708e-05    3.5767594326e-03
 521.5000000000    8.8467601463e-05    3.5774108330e-03
 522.0000000000    8.8479354729e-05    3.5780578998e-03
 522.5000000000    8.8491765250e-05    3.5786916873e-03
 523.0000000000    8.8504312759e-05    3.5793055399e-03
 523.5000000000    8.8516338167e-05    3.5798958219e-03
 524.0000000000    8.8527222067e-05    3.5804622036e-03
 524.5000000000    8.8536531602e-05    3.5810074121e-03
 525.0000000000    8.8544107930e-05    3.5815364446e-03
 525.5000000000    8.8550068940e-05    3.5820554078e-03
 526.0000000000    8.8554742437e-05    3.5825703803e-03
 526.5000000000    8.8558548282e-05    3.5830863618e-03
 527.0000000000    8.8561894135e-05    3.5836068611e-03
 527.5000000000    8.8565089296e-05    3.5841336404e-03
 528.0000000000    8.8568299261e-05    3.5846667592e-03
 528.5000000000    8.8571536132e-05    3.5852049634e-03
 529.0000000000    8.8574716728e-05    3.5857460315e-03
 529.5000000000    8.8577727575e-05    3.5862871337e-03
 530.0000000000    8.8580464005e-05    3.5868252701e-03
 530.5000000000    8.8582858924e-05    3.5873577865e-03
 531.0000000000    8.8584889816e-05    3.5878828562e-03
 531.5000000000    8.8586554593e-05    3.5883998397e-03
 532.0000000000    8.8587861787e-05    3.5889093616e-03
 532.5000000000    8.8588817044e-05    3.5894130761e-03
 533.0000000000    8.8589418285e-05    3.5899132569e-03
 533.5000000000    8.8589694226e-05    3.5904123811e-03
 534.0000000000    8.8589685846e-05    3.5909127794e-03
 534.5000000000    8.8589475592e-05    3.5914162936e-03
 535.0000000000    8.8589167056e-05    3.5919246153e-03
 535.5000000000    8.8588903597e-05    3.5924358862e-03
 536.0000000000    8.8588852642e-05    3.5929515219e-03
 536.5000000000    8.8589194789e-05    3.5934697209e-03
 537.0000000000    8.8590058984e-05    3.5939823886e-03
 537.5000000000    8.8591509804e-05    3.5944934519e-03
 538.0000000000    8.8593484836e-05    3.5950002552e-03
 538.5000000000    8.8595818715e-05    3.5955035241e-03
 539.0000000000    8.8598244104e-05    3.5960058760e-03
 539.5000000000    8.8600482791e-05    3.5965116484e-03
 540.0000000000    8.8602353970e-05    3.5970265378e-03
 540.5000000000    8.8603805376e-05    3.5975560564e-03
 541.0000000000    8.8604950529e-05    3.5981045941e-03
 541.5000000000    8.8606029290e-05    3.5986738811e-03
 542.0000000000    8.8607328949e-05    3.5992616765e-03
 542.5000000000    8.8609104201e-05    3.5998607450e-03
 543.0000000000    8.8611499073e-05    3.6004583963e-03
 543.5000000000    8.8614492425e-05    3.6010372922e-03
 544.0000000000    8.8617867480e-05    3.6015775016e-03
 544.5000000000    8.8621173446e-05    3.6020597475e-03
 545.0000000000    8.8623684612e-05    3.6024693639e-03
 545.5000000000    8.8624382750e-05    3.6028002045e-03
 546.0000000000    8.8621967845e-05    3.6030576900e-03
 546.5000000000    8.8614945278e-05    3.6032602839e-03
 547.0000000000    8.8601804490e-05    3.6034390780e-03
 547.5000000000    8.8581288330e-05    3.6036353845e-03
 548.0000000000    8.8552734297e-05    3.6038963580e-03
 548.5000000000    8.8516438560e-05    3.6042688167e-03
 549.0000000000    8.8473981462e-05    3.6047917253e-03
 549.5000000000    8.8428430734e-05    3.6054882728e-03
 550.0000000000    8.8384291993e-05    3.6063590939e-03
 550.5000000000    8.8347185534e-05    3.6073786150e-03
 551.0000000000    8.8323142831e-05    3.6084959470e-03
 551.5000000000    8.8317650753e-05    3.6096411942e-03
 552.0000000000    8.8334599811e-05    3.6107364594e-03
 552.5000000000    8.8375402926e-05    3.6117094941e-03
 553.0000000000    8.8438488665e-05    3.6125068127e-03
 553.5000000000    8.8519350627e-05    3.6131033290e-03
 554.0000000000    8.8611141887e-05    3.6135062020e-03
 554.5000000000    8.8705714484e-05    3.6137523596e-03
 555.0000000000    8.8794856795e-05    3.6139003509e-03
 555.5000000000    8.8871529564e-05    3.6140186369e-03
 556.0000000000    8.8930838055e-05    3.6141726892e-03
 556.5000000000    8.8970588743e-05    3.6144134846e-03
 557.0000000000    8.8991352967e-05    3.6147693985e-03
 557.5000000000    8.8996024377e-05    3.6152427861e-03
 558.0000000000    8.8988991156e-05    3.6158116484e-03
 558.5000000000    8.8975100998e-05    3.6164357752e-03
 559.0000000000    8.8958653424e-05    3.6170662652e-03
 559.5000000000    8.8942637273e-05    3.6176536693e-03
 560.0000000000    8.8928350980e-05    3.6181612090e-03
 560.5000000000    8.8915586818e-05    3.6185722564e-03
 561.0000000000    8.8902984843e-05    3.6188641004e-03
 561.5000000000    8.8888834312e-05    3.6190682188e-03
 562.0000000000    8.8871706077e-05    3.6192080715e-03
 562.5000000000    8.8850969949e-05    3.6193190210e-03
 563.0000000000    8.8827021416e-05    3.6194386747e-03
 563.5000000000    8.8801183108e-05    3.6196019670e-03
 564.0000000000    8.8775383626e-05    3.6198343534e-03
 564.5000000000    8.8751644434e-05    3.6201498332e-03
 565.0000000000    8.8731709630e-05    3.6205489427e-03
 565.5000000000    8.8716552047e-05    3.6210200461e-03
 566.0000000000    8.8706281634e-05    3.6215423964e-03
 566.5000000000    8.8700083297e-05    3.6220904222e-03
 567.0000000000    8.8696573611e-05    3.6226405239e-03
 567.5000000000    8.8694109359e-05    3.6231664030e-03
 568.0000000000    8.8691345305e-05    3.6236646925e-03
 568.5000000000    8.8687457306e-05    3.6241135833e-03
 569.0000000000    8.8682418983e-05    3.6245305314e-03
 569.5000000000    8.8676831790e-05    3.6249217625e-03
 570.0000000000    8.8671788952e-05    3.6253007448e-03
 570.5000000000    8.8668386348e-05    3.6256819205e-03
 571.0000000000    8.8667684774e-05    3.6260790550e-03
 571.5000000000    8.8670244975e-05    3.6265011510e-03
 572.0000000000    8.8676236011e-05    3.6269519508e-03
 572.5000000000    8.8685365682e-05    3.6274292954e-03
 573.0000000000    8.8697030119e-05    3.6279259806e-03
 573.5000000000    8.8710367461e-05    3.6284317630e-03
 574.0000000000    8.8724466250e-05    3.6289353557e-03
 574.5000000000    8.8738336871e-05    3.6294266691e-03
 575.0000000000    8.8751136401e-05    3.6298983611e-03
 575.5000000000    8.8762128087e-05    3.6303469127e-03
 576.0000000000    8.8770844886e-05    3.6307727175e-03
 576.5000000000    8.8777034762e-05    3.6311794862e-03
 577.0000000000    8.8780776449e-05    3.6315732541e-03
 577.5000000000    8.8782396251e-05    3.6319609211e-03
 578.0000000000    8.8782473298e-05    3.6323488409e-03
 578.5000000000    8.8781718078e-05    3.6327418815e-03
 579.0000000000    8.8780793229e-05    3.6331428126e-03
 579.5000000000    8.8780269865e-05    3.6335522493e-03
 580.0000000000    8.8780453075e-05    3.6339690810e-03
 580.5000000000    8.8781409354e-05    3.6343910638e-03
 581.0000000000    8.8782895247e-05    3.6348154251e-03
 581.5000000000    8.8784599627e-05    3.6352393624e-03
 582.0000000000    8.8786250405e-05    3.6356603797e-03
 582.5000000000    8.8787541475e-05    3.6360765562e-03
 583.0000000000    8.8788342047e-05    3.6364867203e-03
 583.5000000000    8.8788664639e-05    3.6368905544e-03
 584.0000000000    8.8788619637e-05    3.6372886443e-03
 584.5000000000    8.8788346977e-05    3.6376823568e-03
 585.0000000000    8.8788037396e-05    3.6380735611e-03
 585.5000000000    8.8787838841e-05    3.6384643323e-03
 586.0000000000    8.8787852810e-05    3.6388566529e-03
 586.5000000000    8.8788146987e-05    3.6392520905e-03
 587.0000000000    8.8788814691e-05    3.6396514791e-03
 587.5000000000    8.8789808041e-05    3.6400548690e-03
 588.0000000000    8.8791145817e-05    3.6404615559e-03
 588.5000000000    8.8792725587e-05    3.6408702729e-03
 589.0000000000    8.8794481256e-05    3.6412795005e-03
 589.5000000000    8.8796255209e-05    3.6416877638e-03
 590.0000000000    8.8797912624e-05    3.6420939794e-03
 590.5000000000    8.8799370945e-05    3.6424975294e-03
 591.0000000000    8.8800647894e-05    3.6428982249e-03
 591.5000000000    8.8801836496e-05    3.6432961479e-03
 592.0000000000    8.8803043516e-05    3.6436916587e-03
 592.5000000000    8.8804462702e-05    3.6440853786e-03
 593.0000000000    8.8806169973e-05    3.6444779679e-03
 593.5000000000    8.8808108904e-05    3.6448700897e-03
 594.0000000000    8.8810200732e-05    3.6452623924e-03
 594.5000000000    8.8812289636e-05    3.6456553061e-03
 595.0000000000    8.8814233465e-05    3.6460489428e-03
 595.5000000000    8.8815978473e-05    3.6464432885e-03
 596.0000000000    8.8817629488e-05    3.6468381907e-03
 596.5000000000    8.8819337164e-05    3.6472332141e-03
 597.0000000000    8.8821144482e-05    3.6476277735e-03
 597.5000000000    8.8823083545e-05    3.6480213061e-03
 598.0000000000    8.8825061475e-05    3.6484133113e-03
 598.5000000000    8.8826947394e-05    3.6488031949e-03
 599.0000000000    8.8828795370e-05    3.6491902766e-03
 599.5000000000    8.8830288897e-05    3.6495737569e-03
 600.0000000000    8.8831714247e-05    3.6499526414e-03
 600.5000000000    8.8833178417e-05    3.6503258390e-03
 601.0000000000    8.8834737041e-05    3.6506921469e-03
 601.5000000000    8.8836133238e-05    3.6510502418e-03
 602.0000000000    8.8837625330e-05    3.6513985742e-03
 602.5000000000    8.8839008914e-05    3.6517354531e-03
 603.0000000000    8.8840195057e-05    3.6520590691e-03
 603.5000000000    8.8841263342e-05    3.6523678540e-03
 604.0000000000    8.8842318076e-05    3.6526605012e-03
 604.5000000000    8.8843487482e-05    3.6529358967e-03
 605.0000000000    8.8844715129e-05    3.6531936429e-03
 605.5000000000    8.8846069394e-05    3.6534341652e-03
 606.0000000000    8.8847612513e-05    3.6536589981e-03
 606.5000000000    8.8849268968e-05    3.6538707930e-03
 607.0000000000    8.8851068499e-05    3.6540733117e-03
 607.5000000000    8.8852999833e-05    3.6542715187e-03
 608.0000000000    8.8855039983e-05    3.6544711927e-03
 608.5000000000    8.8857113715e-05    3.6546786856e-03
 609.0000000000    8.8859134736e-05    3.6549006450e-03
 609.5000000000    8.8861015446e-05    3.6551435640e-03
 610.0000000000    8.8862670967e-05    3.6554134419e-03
 610.5000000000    8.8864011024e-05    3.6557156746e-03
 611.0000000000    8.8865037228e-05    3.6560548238e-03
 611.5000000000    8.8865686881e-05    3.6564344619e-03
 612.0000000000    8.8865856308e-05    3.6568588330e-03
 612.5000000000    8.8865503176e-05    3.6573242764e-03
 613.0000000000    8.8864648783e-05    3.6578356964e-03
 613.5000000000    8.8863382230e-05    3.6583901736e-03
 614.0000000000    8.8861843750e-05    3.6589855698e-03
 614.5000000000    8.8860170129e-05    3.6596175531e-03
 615.0000000000    8.8858637461e-05    3.6602810666e-03
 615.5000000000    8.8857524305e-05    3.6609694089e-03
 616.0000000000    8.8857077937e-05    3.6616747967e-03
 616.5000000000    8.8857640380e-05    3.6623886743e-03
 617.0000000000    8.8859452817e-05    3.6631017723e-03
 617.5000000000    8.8862616109e-05    3.6638047828e-03
 618.0000000000    8.8867266611e-05    3.6644882443e-03
 618.5000000000    8.8873452125e-05    3.6651432748e-03
 619.0000000000    8.8880977458e-05    3.6657616508e-03
 619.5000000000    8.8889610653e-05    3.6663363236e-03
 620.0000000000    8.8899126659e-05    3.6668614633e-03
 620.5000000000    8.8909114876e-05    3.6673327612e-03
 621.0000000000    8.8919127676e-05    3.6677475826e-03
 621.5000000000    8.8928709332e-05    3.6681051292e-03
 622.0000000000    8.8937421922e-05    3.6684065822e-03
 622.5000000000    8.8944768230e-05    3.6686550856e-03
 623.0000000000    8.8950572440e-05    3.6688555685e-03
 623.5000000000    8.8954377285e-05    3.6690144835e-03
 624.0000000000    8.8956110174e-05    3.6691395010e-03
 624.5000000000    8.8955988133e-05    3.6692391070e-03
 625.0000000000    8.8953959911e-05    3.6693220554e-03
 625.5000000000    8.8950306716e-05    3.6693968491e-03
 626.0000000000    8.8945607412e-05    3.6694712387e-03
 626.5000000000    8.8940237689e-05    3.6695518555e-03
 627.0000000000    8.8934685218e-05    3.6696440095e-03
 627.5000000000    8.8929428962e-05    3.6697516926e-03
 628.0000000000    8.8924866359e-05    3.6698777159e-03
 628.5000000000    8.8921261224e-05    3.6700241401e-03
 629.0000000000    8.8918692059e-05    3.6701927323e-03
 629.5000000000    8.8917112351e-05    3.6703853585e-03
 630.0000000000    8.8916361643e-05    3.6706044031e-03
 630.5000000000    8.8916127620e-05    3.6708528109e-03
 631.0000000000    8.8916043389e-05    3.6711340125e-03
 631.5000000000    8.8915730094e-05    3.6714515370e-03
 632.0000000000    8.8915223539e-05    3.6718083832e-03
 632.5000000000    8.8914168270e-05    3.6722064296e-03
 633.0000000000    8.8912455354e-05    3.6726457536e-03
 633.5000000000    8.8910541069e-05    3.6731242433e-03
 634.0000000000    8.8908699155e-05    3.6736375365e-03
 634.5000000000    8.8907245339e-05    3.6741791424e-03
 635.0000000000    8.8906625156e-05    3.6747409381e-03
 635.5000000000    8.8907261991e-05    3.6753138715e-03
 636.0000000000    8.8909518760e-05    3.6758886329e-03
 636.5000000000    8.8913527033e-05    3.6764563399e-03
 637.0000000000    8.8919296765e-05    3.6770091840e-03
 637.5000000000    8.8926742426e-05    3.6775407668e-03
 638.0000000000    8.8935426921e-05    3.6780463011e-03
 638.5000000000    8.8944965193e-05    3.6785227053e-03
 639.0000000000    8.8954877955e-05    3.6789685682e-03
 639.5000000000    8.8964658866e-05    3.6793841780e-03
 640.0000000000    8.8973870094e-05    3.6797714003e-03
 640.5000000000    8.8982134403e-05    3.6801335110e-03
 641.0000000000    8.8989087200e-05    3.6804750507e-03
 641.5000000000    8.8994511050e-05    3.6808014567e-03
 642.0000000000    8.8998191059e-05    3.6811185473e-03
 642.5000000000    8.9000109413e-05    3.6814319972e-03
 643.0000000000    8.9000389259e-05    3.6817467269e-03
 643.5000000000    8.8999311284e-05    3.6820663738e-03
 644.0000000000    8.8997318132e-05    3.6823930832e-03
 644.5000000000    8.8994953701e-05    3.6827275140e-03
 645.0000000000    8.8992717414e-05    3.6830691414e-03
 645.5000000000    8.8991127987e-05    3.6834168248e-03
 646.0000000000    8.8990459174e-05    3.6837695318e-03
 646.5000000000    8.8990830307e-05    3.6841271517e-03
 647.0000000000    8.8992192108e-05    3.6844911450e-03
 647.5000000000    8.8994339007e-05    3.6848647775e-03
 648.0000000000    8.8996978160e-05    3.6852531230e-03
 648.5000000000    8.8999825845e-05    3.6856626269e-03
 649.0000000000    8.9002606908e-05    3.6861002591e-03
 649.5000000000    8.9005115411e-05    3.6865724757e-03
 650.0000000000    8.9007210793e-05    3.6870842434e-03
 650.5000000000    8.9008878645e-05    3.6876381967e-03
 651.0000000000    8.9010166563e-05    3.6882340874e-03
 651.5000000000    8.9011208353e-05    3.6888685192e-03
 652.0000000000    8.9012205088e-05    3.6895349488e-03
 652.5000000000    8.9013298098e-05    3.6902239542e-03
 653.0000000000    8.9014710848e-05    3.6909238076e-03
 653.5000000000    8.9016608716e-05    3.6916211147e-03
 654.0000000000    8.9019130366e-05    3.6923014948e-03
 654.5000000000    8.9022443964e-05    3.6929502938e-03
 655.0000000000    8.9026708786e-05    3.6935532757e-03
 655.5000000000    8.9032072587e-05    3.6940972005e-03
 656.0000000000    8.9038669872e-05    3.6945702977e-03
 656.5000000000    8.9046642132e-05    3.6949627022e-03
 657.0000000000    8.9055986813e-05    3.6952668011e-03
 657.5000000000    8.9066748146e-05    3.6954776046e-03
 658.0000000000    8.9078728848e-05    3.6955926509e-03
 658.5000000000    8.9091850589e-05    3.6956139737e-03
 659.0000000000    8.9105542954e-05    3.6955396134e-03
 659.5000000000    8.9119517319e-05    3.6953801484e-03
 660.0000000000    8.9133139751e-05    3.6951412270e-03
 660.5000000000    8.9145812947e-05    3.6948269356e-03
 661.0000000000    8.9157014758e-05    3.6944515020e-03
 661.5000000000    8.9166085228e-05    3.6940206452e-03
 662.0000000000    8.9172718958e-05    3.6935427022e-03
 662.5000000000    8.9176673919e-05    3.6930280402e-03
 663.0000000000    8.9177886696e-05    3.6924776658e-03
 663.5000000000    8.9176360830e-05    3.6919050822e-03
 664.0000000000    8.9172422970e-05    3.6913197019e-03
 664.5000000000    8.9165938810e-05    3.6907347371e-03
 665.0000000000    8.9157095746e-05    3.6901685439e-03
 665.5000000000    8.9145736633e-05    3.6896426557e-03
 666.0000000000    8.9131399279e-05    3.6891859431e-03
 666.5000000000    8.9113281178e-05    3.6888334296e-03
 667.0000000000    8.9090349643e-05    3.6886160466e-03
 667.5000000000    8.9061318052e-05    3.6885799282e-03
 668.0000000000    8.9024715946e-05    3.6887354003e-03
 668.5000000000    8.8979309850e-05    3.6891280754e-03
 669.0000000000    8.8924105929e-05    3.6897670927e-03
 669.5000000000    8.8858802878e-05    3.6906514007e-03
 670.0000000000    8.8783759851e-05    3.6917677796e-03
 670.5000000000    8.8700673214e-05    3.6930888689e-03
 671.0000000000    8.8611935774e-05    3.6945577515e-03
 671.5000000000    8.8521514089e-05    3.6961235529e-03
 672.0000000000    8.8434316059e-05    3.6977213920e-03
 672.5000000000    8.8355688663e-05    3.6992776591e-03
 673.0000000000    8.8291627554e-05    3.7007401931e-03
 673.5000000000    8.8247812081e-05    3.7020430471e-03
 674.0000000000    8.8229074873e-05    3.7031601654e-03
 674.5000000000    8.8239245768e-05    3.7040713304e-03
 675.0000000000    8.8279880730e-05    3.7047820205e-03
 675.5000000000    8.8350887841e-05    3.7053048802e-03
 676.0000000000    8.8449914453e-05    3.7056808548e-03
 676.5000000000    8.8572381011e-05    3.7059528149e-03
 677.0000000000    8.8712243177e-05    3.7061655906e-03
 677.5000000000    8.8861902682e-05    3.7063605582e-03
 678.0000000000    8.9013229818e-05    3.7065710231e-03
 678.5000000000    8.9158076730e-05    3.7068113059e-03
 679.0000000000    8.9288988874e-05    3.7070903085e-03
 679.5000000000    8.9399723252e-05    3.7073962924e-03
 680.0000000000    8.9486016789e-05    3.7077131561e-03
 680.5000000000    8.9545444599e-05    3.7080051828e-03
 681.0000000000    8.9578075161e-05    3.7082540938e-03
 681.5000000000    8.9586010476e-05    3.7084314559e-03
 682.0000000000    8.9573224866e-05    3.7085280746e-03
 682.5000000000    8.9545096542e-05    3.7085322612e-03
 683.0000000000    8.9507637793e-05    3.7084628650e-03
 683.5000000000    8.9467303823e-05    3.7083421420e-03
 684.0000000000    8.9429657910e-05    3.7082032273e-03
 684.5000000000    8.9399498836e-05    3.7080833920e-03
 685.0000000000    8.9379969905e-05    3.7080219314e-03
 685.5000000000    8.9372329319e-05    3.7080517901e-03
 686.0000000000    8.9375896677e-05    3.7081947832e-03
 686.5000000000    8.9388346245e-05    3.7084597074e-03
 687.0000000000    8.9405991711e-05    3.7088388567e-03
 687.5000000000    8.9424454709e-05    3.7093107478e-03
 688.0000000000    8.9439307525e-05    3.7098413275e-03
 688.5000000000    8.9446710700e-05    3.7103925069e-03
 689.0000000000    8.9443333034e-05    3.7109129574e-03
 689.5000000000    8.9427793487e-05    3.7113710074e-03
 690.0000000000    8.9399586103e-05    3.7117355726e-03
 690.5000000000    8.9359561084e-05    3.7119879346e-03
 691.0000000000    8.9309896444e-05    3.7121230063e-03
 691.5000000000    8.9253654251e-05    3.7121589754e-03
 692.0000000000    8.9194915897e-05    3.7121198420e-03
 692.5000000000    8.9138083816e-05    3.7120405634e-03
 693.0000000000    8.9087347558e-05    3.7119593838e-03
 693.5000000000    8.9045994632e-05    3.7119118050e-03
 694.0000000000    8.9016062150e-05    3.7119309580e-03
 694.5000000000    8.8997840720e-05    3.7120357662e-03
 695.0000000000    8.8990067686e-05    3.7122360391e-03
 695.5000000000    8.8990309717e-05    3.7125260122e-03
 696.0000000000    8.8995456062e-05    3.7128897652e-03
 696.5000000000    8.9002386167e-05    3.7133021189e-03
 697.0000000000    8.9008320527e-05    3.7137333996e-03
 697.5000000000    8.9011034207e-05    3.7141540229e-03
 698.0000000000    8.9009160450e-05    3.7145383010e-03
 698.5000000000    8.9002118005e-05    3.7148686017e-03
 699.0000000000    8.8990271806e-05    3.7151374159e-03
 699.5000000000    8.8974935252e-05    3.7153480200e-03
 700.0000000000    8.8958177713e-05    3.7155139940e-03
