#          time             Min_Chi
   0.0000000000    4.9459398929e-01
   0.5000000000    4.9440094800e-01
   1.0000000000    4.9404250214e-01
   1.5000000000    4.9371224558e-01
   2.0000000000    4.9344913669e-01
   2.5000000000    4.9324587772e-01
   3.0000000000    4.9305200194e-01
   3.5000000000    4.9286332403e-01
   4.0000000000    4.9267423175e-01
   4.5000000000    4.9247420233e-01
   5.0000000000    4.9228086687e-01
   5.5000000000    4.9206923045e-01
   6.0000000000    4.9187251656e-01
   6.5000000000    4.9165107284e-01
   7.0000000000    4.9144584589e-01
   7.5000000000    4.9122263494e-01
   8.0000000000    4.9101042272e-01
   8.5000000000    4.9078664070e-01
   9.0000000000    4.9056917051e-01
   9.5000000000    4.9034594906e-01
  10.0000000000    4.9012508025e-01
  10.5000000000    4.8990357121e-01
  11.0000000000    4.8968088070e-01
  11.5000000000    4.8946210953e-01
  12.0000000000    4.8923917814e-01
  12.5000000000    4.8902366566e-01
  13.0000000000    4.8880163735e-01
  13.5000000000    4.8859008802e-01
  14.0000000000    4.8837022313e-01
  14.5000000000    4.8816321400e-01
  15.0000000000    4.8794618702e-01
  15.5000000000    4.8774393819e-01
  16.0000000000    4.8753048413e-01
  16.5000000000    4.8733219626e-01
  17.0000000000    4.8712416442e-01
  17.5000000000    4.8693240916e-01
  18.0000000000    4.8672793384e-01
  18.5000000000    4.8654163592e-01
  19.0000000000    4.8634218731e-01
  19.5000000000    4.8616137005e-01
  20.0000000000    4.8596744468e-01
  20.5000000000    4.8579216161e-01
  21.0000000000    4.8560367428e-01
  21.5000000000    4.8543409179e-01
  22.0000000000    4.8525134680e-01
  22.5000000000    4.8508632001e-01
  23.0000000000    4.8491141476e-01
  23.5000000000    4.8475178612e-01
  24.0000000000    4.8458125563e-01
  24.5000000000    4.8442830204e-01
  25.0000000000    4.8426330818e-01
  25.5000000000    4.8411596538e-01
  26.0000000000    4.8395659690e-01
  26.5000000000    4.8381443749e-01
  27.0000000000    4.8366105707e-01
  27.5000000000    4.8352406595e-01
  28.0000000000    4.8337649547e-01
  28.5000000000    4.8324468882e-01
  29.0000000000    4.8310275201e-01
  29.5000000000    4.8297594147e-01
  30.0000000000    4.8283948950e-01
  30.5000000000    4.8271736643e-01
  31.0000000000    4.8258542967e-01
  31.5000000000    4.8246840456e-01
  32.0000000000    4.8234358367e-01
  32.5000000000    4.8223164145e-01
  33.0000000000    4.8210963047e-01
  33.5000000000    4.8200222494e-01
  34.0000000000    4.8188608377e-01
  34.5000000000    4.8178295851e-01
  35.0000000000    4.8167094977e-01
  35.5000000000    4.8157250944e-01
  36.0000000000    4.8146506314e-01
  36.5000000000    4.8137085913e-01
  37.0000000000    4.8126748004e-01
  37.5000000000    4.8117757243e-01
  38.0000000000    4.8107813146e-01
  38.5000000000    4.8099249624e-01
  39.0000000000    4.8089677432e-01
  39.5000000000    4.8081533711e-01
  40.0000000000    4.8072312836e-01
  40.5000000000    4.8064570181e-01
  41.0000000000    4.8055675944e-01
  41.5000000000    4.8048341732e-01
  42.0000000000    4.8039747380e-01
  42.5000000000    4.8032814990e-01
  43.0000000000    4.8024514676e-01
  43.5000000000    4.8017974806e-01
  44.0000000000    4.8009920163e-01
  44.5000000000    4.8003798930e-01
  45.0000000000    4.7996017623e-01
  45.5000000000    4.7990260041e-01
  46.0000000000    4.7982649694e-01
  46.5000000000    4.7977290602e-01
  47.0000000000    4.7969916174e-01
  47.5000000000    4.7964883519e-01
  48.0000000000    4.7957736178e-01
  48.5000000000    4.7952836804e-01
  49.0000000000    4.7946081115e-01
  49.5000000000    4.7941340607e-01
  50.0000000000    4.7934978543e-01
  50.5000000000    4.7930350863e-01
  51.0000000000    4.7924366106e-01
  51.5000000000    4.7919826090e-01
  52.0000000000    4.7914230730e-01
  52.5000000000    4.7909769331e-01
  53.0000000000    4.7904556373e-01
  53.5000000000    4.7900125407e-01
  54.0000000000    4.7895285297e-01
  54.5000000000    4.7890842569e-01
  55.0000000000    4.7886292028e-01
  55.5000000000    4.7881629648e-01
  56.0000000000    4.7877085023e-01
  56.5000000000    4.7871613497e-01
  57.0000000000    4.7866165513e-01
  57.5000000000    4.7858717969e-01
  58.0000000000    4.7851747810e-01
  58.5000000000    4.7843259423e-01
  59.0000000000    4.7837647011e-01
  59.5000000000    4.7832100186e-01
  60.0000000000    4.7829936812e-01
  60.5000000000    4.7826428745e-01
  61.0000000000    4.7825144508e-01
  61.5000000000    4.7821610806e-01
  62.0000000000    4.7820072785e-01
  62.5000000000    4.7816856630e-01
  63.0000000000    4.7814858210e-01
  63.5000000000    4.7811349882e-01
  64.0000000000    4.7808833303e-01
  64.5000000000    4.7805963249e-01
  65.0000000000    4.7803680069e-01
  65.5000000000    4.7801068648e-01
  66.0000000000    4.7798381509e-01
  66.5000000000    4.7796180231e-01
  67.0000000000    4.7793443458e-01
  67.5000000000    4.7791596180e-01
  68.0000000000    4.7788631581e-01
  68.5000000000    4.7787275015e-01
  69.0000000000    4.7784134120e-01
  69.5000000000    4.7783034304e-01
  70.0000000000    4.7779833878e-01
  70.5000000000    4.7778555431e-01
  71.0000000000    4.7775832612e-01
  71.5000000000    4.7774337533e-01
  72.0000000000    4.7772067379e-01
  72.5000000000    4.7770329210e-01
  73.0000000000    4.7768536084e-01
  73.5000000000    4.7766556654e-01
  74.0000000000    4.7765268629e-01
  74.5000000000    4.7763036769e-01
  75.0000000000    4.7762258211e-01
  75.5000000000    4.7759760610e-01
  76.0000000000    4.7759233385e-01
  76.5000000000    4.7756735462e-01
  77.0000000000    4.7755903003e-01
  77.5000000000    4.7753904889e-01
  78.0000000000    4.7752761588e-01
  78.5000000000    4.7751334021e-01
  79.0000000000    4.7749900119e-01
  79.5000000000    4.7749065940e-01
  80.0000000000    4.7747274082e-01
  80.5000000000    4.7746973782e-01
  81.0000000000    4.7744767018e-01
  81.5000000000    4.7744460995e-01
  82.0000000000    4.7742616063e-01
  82.5000000000    4.7742184170e-01
  83.0000000000    4.7740941074e-01
  83.5000000000    4.7739739209e-01
  84.0000000000    4.7738913460e-01
  84.5000000000    4.7737540881e-01
  85.0000000000    4.7737591118e-01
  85.5000000000    4.7735772508e-01
  86.0000000000    4.7735780635e-01
  86.5000000000    4.7734208076e-01
  87.0000000000    4.7733752697e-01
  87.5000000000    4.7732831275e-01
  88.0000000000    4.7731939868e-01
  88.5000000000    4.7731751164e-01
  89.0000000000    4.7730395693e-01
  89.5000000000    4.7730807467e-01
  90.0000000000    4.7729105588e-01
  90.5000000000    4.7729028318e-01
  91.0000000000    4.7728080905e-01
  91.5000000000    4.7727494960e-01
  92.0000000000    4.7727315462e-01
  92.5000000000    4.7726230470e-01
  93.0000000000    4.7726854569e-01
  93.5000000000    4.7725242895e-01
  94.0000000000    4.7725325164e-01
  94.5000000000    4.7724535911e-01
  95.0000000000    4.7724063022e-01
  95.5000000000    4.7724118051e-01
  96.0000000000    4.7723100822e-01
  96.5000000000    4.7723726951e-01
  97.0000000000    4.7722425373e-01
  97.5000000000    4.7722480663e-01
  98.0000000000    4.7722069339e-01
  98.5000000000    4.7721503827e-01
  99.0000000000    4.7722009516e-01
  99.5000000000    4.7720847730e-01
 100.0000000000    4.7721298777e-01
 100.5000000000    4.7720567569e-01
 101.0000000000    4.7720396460e-01
 101.5000000000    4.7720604565e-01
 102.0000000000    4.7719742837e-01
 102.5000000000    4.7720454599e-01
 103.0000000000    4.7719476401e-01
 103.5000000000    4.7719548834e-01
 104.0000000000    4.7719603526e-01
 104.5000000000    4.7718971641e-01
 105.0000000000    4.7719862903e-01
 105.5000000000    4.7718781457e-01
 106.0000000000    4.7718978814e-01
 106.5000000000    4.7718987740e-01
 107.0000000000    4.7718474435e-01
 107.5000000000    4.7719428919e-01
 108.0000000000    4.7718367189e-01
 108.5000000000    4.7718598424e-01
 109.0000000000    4.7718702092e-01
 109.5000000000    4.7718182157e-01
 110.0000000000    4.7719092450e-01
 110.5000000000    4.7718214752e-01
 111.0000000000    4.7718368280e-01
 111.5000000000    4.7718715339e-01
 112.0000000000    4.7718103424e-01
 112.5000000000    4.7718875713e-01
 113.0000000000    4.7718323208e-01
 113.5000000000    4.7718309667e-01
 114.0000000000    4.7719058016e-01
 114.5000000000    4.7718250286e-01
 115.0000000000    4.7718781776e-01
 115.5000000000    4.7718708286e-01
 116.0000000000    4.7718409110e-01
 116.5000000000    4.7719436169e-01
 117.0000000000    4.7718586283e-01
 117.5000000000    4.7718763816e-01
 118.0000000000    4.7719330325e-01
 118.5000000000    4.7718651558e-01
 119.0000000000    4.7719246677e-01
 119.5000000000    4.7719148421e-01
 120.0000000000    4.7718917639e-01
 120.5000000000    4.7719935515e-01
 121.0000000000    4.7719208107e-01
 121.5000000000    4.7719276403e-01
 122.0000000000    4.7720055696e-01
 122.5000000000    4.7719237484e-01
 123.0000000000    4.7719651770e-01
 123.5000000000    4.7719952135e-01
 124.0000000000    4.7719440875e-01
 124.5000000000    4.7720111530e-01
 125.0000000000    4.7719923059e-01
 125.5000000000    4.7719635927e-01
 126.0000000000    4.7720522449e-01
 126.5000000000    4.7719961498e-01
 127.0000000000    4.7719899212e-01
 127.5000000000    4.7720920413e-01
 128.0000000000    4.7719966785e-01
 128.5000000000    4.7720090858e-01
 129.0000000000    4.7720931138e-01
 129.5000000000    4.7720017408e-01
 130.0000000000    4.7720226192e-01
 130.5000000000    4.7720848230e-01
 131.0000000000    4.7720033603e-01
 131.5000000000    4.7720282772e-01
 132.0000000000    4.7720747671e-01
 132.5000000000    4.7720034363e-01
 133.0000000000    4.7720315836e-01
 133.5000000000    4.7720655124e-01
 134.0000000000    4.7719966430e-01
 134.5000000000    4.7720258902e-01
 135.0000000000    4.7720546594e-01
 135.5000000000    4.7719796400e-01
 136.0000000000    4.7720052508e-01
 136.5000000000    4.7720414479e-01
 137.0000000000    4.7719580831e-01
 137.5000000000    4.7719720753e-01
 138.0000000000    4.7720209703e-01
 138.5000000000    4.7719271646e-01
 139.0000000000    4.7719256457e-01
 139.5000000000    4.7719945461e-01
 140.0000000000    4.7718861622e-01
 140.5000000000    4.7718680938e-01
 141.0000000000    4.7719394211e-01
 141.5000000000    4.7718380051e-01
 142.0000000000    4.7717967881e-01
 142.5000000000    4.7718428137e-01
 143.0000000000    4.7717803235e-01
 143.5000000000    4.7717159160e-01
 144.0000000000    4.7717348516e-01
 144.5000000000    4.7717186591e-01
 145.0000000000    4.7716250361e-01
 145.5000000000    4.7716121851e-01
 146.0000000000    4.7716510970e-01
 146.5000000000    4.7715263479e-01
 147.0000000000    4.7714805527e-01
 147.5000000000    4.7715121073e-01
 148.0000000000    4.7714257687e-01
 148.5000000000    4.7713410279e-01
 149.0000000000    4.7713320856e-01
 149.5000000000    4.7713234803e-01
 150.0000000000    4.7711981327e-01
 150.5000000000    4.7711456407e-01
 151.0000000000    4.7711645512e-01
 151.5000000000    4.7710564746e-01
 152.0000000000    4.7709568570e-01
 152.5000000000    4.7709259665e-01
 153.0000000000    4.7709177416e-01
 153.5000000000    4.7707692014e-01
 154.0000000000    4.7706864799e-01
 154.5000000000    4.7706686011e-01
 155.0000000000    4.7705892046e-01
 155.5000000000    4.7704515686e-01
 156.0000000000    4.7703757055e-01
 156.5000000000    4.7703608607e-01
 157.0000000000    4.7702262103e-01
 157.5000000000    4.7700909060e-01
 158.0000000000    4.7700130579e-01
 158.5000000000    4.7699908222e-01
 159.0000000000    4.7698171525e-01
 159.5000000000    4.7696778767e-01
 160.0000000000    4.7695956758e-01
 160.5000000000    4.7695644468e-01
 161.0000000000    4.7693694585e-01
 161.5000000000    4.7692095127e-01
 162.0000000000    4.7691031135e-01
 162.5000000000    4.7690503268e-01
 163.0000000000    4.7688600564e-01
 163.5000000000    4.7686829682e-01
 164.0000000000    4.7685502472e-01
 164.5000000000    4.7684645371e-01
 165.0000000000    4.7682918143e-01
 165.5000000000    4.7680882479e-01
 166.0000000000    4.7679272161e-01
 166.5000000000    4.7678071238e-01
 167.0000000000    4.7676728775e-01
 167.5000000000    4.7674323346e-01
 168.0000000000    4.7672325478e-01
 168.5000000000    4.7670714331e-01
 169.0000000000    4.7669483116e-01
 169.5000000000    4.7667192278e-01
 170.0000000000    4.7664743143e-01
 170.5000000000    4.7662650121e-01
 171.0000000000    4.7660905580e-01
 171.5000000000    4.7659493822e-01
 172.0000000000    4.7656559586e-01
 172.5000000000    4.7653934476e-01
 173.0000000000    4.7651618135e-01
 173.5000000000    4.7649601838e-01
 174.0000000000    4.7647846978e-01
 174.5000000000    4.7644618882e-01
 175.0000000000    4.7641671559e-01
 175.5000000000    4.7638998258e-01
 176.0000000000    4.7636583054e-01
 176.5000000000    4.7634406092e-01
 177.0000000000    4.7631207532e-01
 177.5000000000    4.7627833277e-01
 178.0000000000    4.7624681110e-01
 178.5000000000    4.7621739237e-01
 179.0000000000    4.7619007238e-01
 179.5000000000    4.7616257553e-01
 180.0000000000    4.7612350235e-01
 180.5000000000    4.7608624279e-01
 181.0000000000    4.7605072169e-01
 181.5000000000    4.7601679660e-01
 182.0000000000    4.7598435627e-01
 182.5000000000    4.7595223405e-01
 183.0000000000    4.7590824008e-01
 183.5000000000    4.7586553260e-01
 184.0000000000    4.7582394505e-01
 184.5000000000    4.7578334868e-01
 185.0000000000    4.7574366253e-01
 185.5000000000    4.7570481539e-01
 186.0000000000    4.7566136421e-01
 186.5000000000    4.7561114904e-01
 187.0000000000    4.7556171806e-01
 187.5000000000    4.7551305681e-01
 188.0000000000    4.7546503218e-01
 188.5000000000    4.7541752350e-01
 189.0000000000    4.7537056099e-01
 189.5000000000    4.7532407877e-01
 190.0000000000    4.7526802701e-01
 190.5000000000    4.7521099359e-01
 191.0000000000    4.7515413863e-01
 191.5000000000    4.7509724885e-01
 192.0000000000    4.7504023474e-01
 192.5000000000    4.7498307450e-01
 193.0000000000    4.7492558351e-01
 193.5000000000    4.7486764431e-01
 194.0000000000    4.7480932749e-01
 194.5000000000    4.7474233514e-01
 195.0000000000    4.7467402227e-01
 195.5000000000    4.7460510837e-01
 196.0000000000    4.7453569093e-01
 196.5000000000    4.7446554173e-01
 197.0000000000    4.7439450365e-01
 197.5000000000    4.7432260297e-01
 198.0000000000    4.7424981451e-01
 198.5000000000    4.7417590525e-01
 199.0000000000    4.7410074421e-01
 199.5000000000    4.7402430102e-01
 200.0000000000    4.7394653597e-01
 200.5000000000    4.7386265051e-01
 201.0000000000    4.7377620007e-01
 201.5000000000    4.7368845412e-01
 202.0000000000    4.7359930315e-01
 202.5000000000    4.7350861201e-01
 203.0000000000    4.7341632544e-01
 203.5000000000    4.7332241386e-01
 204.0000000000    4.7322673060e-01
 204.5000000000    4.7312913938e-01
 205.0000000000    4.7302957702e-01
 205.5000000000    4.7292797835e-01
 206.0000000000    4.7282426077e-01
 206.5000000000    4.7271837223e-01
 207.0000000000    4.7261032267e-01
 207.5000000000    4.7250005779e-01
 208.0000000000    4.7238744104e-01
 208.5000000000    4.7227240387e-01
 209.0000000000    4.7215493986e-01
 209.5000000000    4.7203495280e-01
 210.0000000000    4.7191233529e-01
 210.5000000000    4.7178707652e-01
 211.0000000000    4.7165915442e-01
 211.5000000000    4.7152846717e-01
 212.0000000000    4.7139495369e-01
 212.5000000000    4.7125860358e-01
 213.0000000000    4.7111939523e-01
 213.5000000000    4.7097725487e-01
 214.0000000000    4.7083209964e-01
 214.5000000000    4.7068391191e-01
 215.0000000000    4.7053271016e-01
 215.5000000000    4.7037843467e-01
 216.0000000000    4.7022103452e-01
 216.5000000000    4.7006052435e-01
 217.0000000000    4.6989687557e-01
 217.5000000000    4.6973001233e-01
 218.0000000000    4.6955994595e-01
 218.5000000000    4.6938668501e-01
 219.0000000000    4.6921015210e-01
 219.5000000000    4.6903027532e-01
 220.0000000000    4.6884429604e-01
 220.5000000000    4.6865066886e-01
 221.0000000000    4.6845341875e-01
 221.5000000000    4.6825265210e-01
 222.0000000000    4.6804843942e-01
 222.5000000000    4.6784069590e-01
 223.0000000000    4.6762927461e-01
 223.5000000000    4.6741407877e-01
 224.0000000000    4.6719507373e-01
 224.5000000000    4.6697232806e-01
 225.0000000000    4.6674603386e-01
 225.5000000000    4.6650746269e-01
 226.0000000000    4.6626278614e-01
 226.5000000000    4.6601432229e-01
 227.0000000000    4.6576200149e-01
 227.5000000000    4.6550578145e-01
 228.0000000000    4.6524569015e-01
 228.5000000000    4.6498186609e-01
 229.0000000000    4.6470973898e-01
 229.5000000000    4.6442392764e-01
 230.0000000000    4.6413425514e-01
 230.5000000000    4.6384070675e-01
 231.0000000000    4.6354323874e-01
 231.5000000000    4.6324183922e-01
 232.0000000000    4.6293125893e-01
 232.5000000000    4.6260421918e-01
 233.0000000000    4.6227327593e-01
 233.5000000000    4.6193871148e-01
 234.0000000000    4.6160078330e-01
 234.5000000000    4.6125658999e-01
 235.0000000000    4.6089138149e-01
 235.5000000000    4.6052245622e-01
 236.0000000000    4.6014975321e-01
 236.5000000000    4.5977323700e-01
 237.0000000000    4.5937890165e-01
 237.5000000000    4.5897112482e-01
 238.0000000000    4.5855958707e-01
 238.5000000000    4.5814469241e-01
 239.0000000000    4.5771368778e-01
 239.5000000000    4.5726615509e-01
 240.0000000000    4.5681507477e-01
 240.5000000000    4.5636053112e-01
 241.0000000000    4.5588116400e-01
 241.5000000000    4.5539134254e-01
 242.0000000000    4.5489881659e-01
 242.5000000000    4.5439527300e-01
 243.0000000000    4.5386673761e-01
 243.5000000000    4.5333512022e-01
 244.0000000000    4.5279823785e-01
 244.5000000000    4.5222571666e-01
 245.0000000000    4.5164954857e-01
 245.5000000000    4.5106971302e-01
 246.0000000000    4.5045247765e-01
 246.5000000000    4.4983338088e-01
 247.0000000000    4.4920600543e-01
 247.5000000000    4.4854403121e-01
 248.0000000000    4.4787922553e-01
 248.5000000000    4.4719225041e-01
 249.0000000000    4.4648037707e-01
 249.5000000000    4.4576653357e-01
 250.0000000000    4.4501164845e-01
 250.5000000000    4.4425077945e-01
 251.0000000000    4.4346778130e-01
 251.5000000000    4.4265687496e-01
 252.0000000000    4.4183908369e-01
 252.5000000000    4.4097490637e-01
 253.0000000000    4.4010925956e-01
 253.5000000000    4.3919788819e-01
 254.0000000000    4.3827792468e-01
 254.5000000000    4.3731883914e-01
 255.0000000000    4.3634170399e-01
 255.5000000000    4.3532769290e-01
 256.0000000000    4.3429017347e-01
 256.5000000000    4.3321458933e-01
 257.0000000000    4.3211476845e-01
 257.5000000000    4.3097126438e-01
 258.0000000000    4.2980667476e-01
 258.5000000000    4.2858741113e-01
 259.0000000000    4.2735474758e-01
 259.5000000000    4.2605123674e-01
 260.0000000000    4.2472946207e-01
 260.5000000000    4.2335075758e-01
 261.0000000000    4.2193036812e-01
 261.5000000000    4.2047310719e-01
 262.0000000000    4.1894407409e-01
 262.5000000000    4.1738198300e-01
 263.0000000000    4.1575714532e-01
 263.5000000000    4.1406981546e-01
 264.0000000000    4.1233912492e-01
 264.5000000000    4.1053084549e-01
 265.0000000000    4.0865448512e-01
 265.5000000000    4.0672182260e-01
 266.0000000000    4.0470924410e-01
 266.5000000000    4.0260673777e-01
 267.0000000000    4.0043359392e-01
 267.5000000000    3.9818436469e-01
 268.0000000000    3.9582538700e-01
 268.5000000000    3.9336828186e-01
 269.0000000000    3.9081677457e-01
 269.5000000000    3.8816352060e-01
 270.0000000000    3.8539784093e-01
 270.5000000000    3.8248603275e-01
 271.0000000000    3.7944825023e-01
 271.5000000000    3.7627494622e-01
 272.0000000000    3.7295588799e-01
 272.5000000000    3.6948001179e-01
 273.0000000000    3.6583528418e-01
 273.5000000000    3.6200854398e-01
 274.0000000000    3.5798353188e-01
 274.5000000000    3.5373629163e-01
 275.0000000000    3.4926208985e-01
 275.5000000000    3.4454204243e-01
 276.0000000000    3.3955563508e-01
 276.5000000000    3.3428070730e-01
 277.0000000000    3.2869325332e-01
 277.5000000000    3.2276698837e-01
 278.0000000000    3.1645706894e-01
 278.5000000000    3.0973383526e-01
 279.0000000000    3.0256425349e-01
 279.5000000000    2.9490705686e-01
 280.0000000000    2.8671779593e-01
 280.5000000000    2.7794911695e-01
 281.0000000000    2.6855098335e-01
 281.5000000000    2.5839753185e-01
 282.0000000000    2.4745612180e-01
 282.5000000000    2.3569362356e-01
 283.0000000000    2.2304678111e-01
 283.5000000000    2.0928772521e-01
 284.0000000000    1.9454589644e-01
 284.5000000000    1.7871963969e-01
 285.0000000000    1.6174133162e-01
 285.5000000000    1.4386826434e-01
 286.0000000000    1.2502088948e-01
 286.5000000000    1.0577774613e-01
 287.0000000000    8.6539712949e-02
 287.5000000000    6.7824885492e-02
 288.0000000000    5.0753233555e-02
 288.5000000000    3.6102855503e-02
 289.0000000000    2.3928358704e-02
 289.5000000000    1.4881871537e-02
 290.0000000000    8.7762495086e-03
 290.5000000000    5.0511594806e-03
 291.0000000000    3.0023950614e-03
 291.5000000000    1.9790009513e-03
 292.0000000000    1.5017863479e-03
 292.5000000000    1.2648437300e-03
 293.0000000000    1.0656577072e-03
 293.5000000000    9.6336717215e-04
 294.0000000000    9.2026133593e-04
 294.5000000000    8.8750619772e-04
 295.0000000000    7.8748638208e-04
 295.5000000000    6.8662809107e-04
 296.0000000000    5.9429078695e-04
 296.5000000000    5.2546718593e-04
 297.0000000000    5.0490222628e-04
 297.5000000000    5.7362797471e-04
 298.0000000000    6.9663819798e-04
 298.5000000000    4.8532544388e-04
 299.0000000000    5.4202223396e-04
 299.5000000000    5.2138757519e-04
 300.0000000000    5.3668793988e-04
 300.5000000000    4.5740039011e-04
 301.0000000000    6.2953590742e-04
 301.5000000000    5.2433942675e-04
 302.0000000000    4.4364754810e-04
 302.5000000000    4.6497361592e-04
 303.0000000000    5.5586598069e-04
 303.5000000000    6.5517431694e-04
 304.0000000000    5.2453604648e-04
 304.5000000000    4.5109597206e-04
 305.0000000000    4.5506101127e-04
 305.5000000000    5.9635190377e-04
 306.0000000000    4.8461301454e-04
 306.5000000000    5.0627816732e-04
 307.0000000000    4.4255430394e-04
 307.5000000000    4.7881471326e-04
 308.0000000000    4.4333307914e-04
 308.5000000000    5.2503125813e-04
 309.0000000000    4.3355298102e-04
 309.5000000000    4.5027233248e-04
 310.0000000000    6.0521067468e-04
 310.5000000000    5.7772856572e-04
 311.0000000000    6.8610471036e-04
 311.5000000000    4.6433549681e-04
 312.0000000000    6.5638050127e-04
 312.5000000000    7.0071583798e-04
 313.0000000000    6.8219585953e-04
 313.5000000000    5.4793581451e-04
 314.0000000000    5.7748881441e-04
 314.5000000000    6.1568540630e-04
 315.0000000000    6.1465368552e-04
 315.5000000000    5.4463293555e-04
 316.0000000000    3.8045742289e-04
 316.5000000000    2.5829156417e-04
 317.0000000000    1.9946096270e-04
 317.5000000000    1.7442712209e-04
 318.0000000000    1.6597600418e-04
 318.5000000000    1.6479620212e-04
 319.0000000000    1.6622826700e-04
 319.5000000000    1.6816071293e-04
 320.0000000000    1.6978224990e-04
 320.5000000000    1.7089027402e-04
 321.0000000000    1.7153110892e-04
 321.5000000000    1.7182626229e-04
 322.0000000000    1.7189743747e-04
 322.5000000000    1.7184082824e-04
 323.0000000000    1.7172386035e-04
 323.5000000000    1.7159044679e-04
 324.0000000000    1.7146798416e-04
 324.5000000000    1.7137328600e-04
 325.0000000000    1.7131678845e-04
 325.5000000000    1.7130526560e-04
 326.0000000000    1.7134343662e-04
 326.5000000000    1.7143474472e-04
 327.0000000000    1.7158152130e-04
 327.5000000000    1.7178476271e-04
 328.0000000000    1.7204372406e-04
 328.5000000000    1.7235550365e-04
 329.0000000000    1.7271473864e-04
 329.5000000000    1.7311349122e-04
 330.0000000000    1.7354137877e-04
 330.5000000000    1.7398596657e-04
 331.0000000000    1.7443339866e-04
 331.5000000000    1.7486921771e-04
 332.0000000000    1.7527928402e-04
 332.5000000000    1.7565067126e-04
 333.0000000000    1.7597240688e-04
 333.5000000000    1.7623601461e-04
 334.0000000000    1.7643587025e-04
 334.5000000000    1.7656941432e-04
 335.0000000000    1.7663716886e-04
 335.5000000000    1.7664252371e-04
 336.0000000000    1.7659127738e-04
 336.5000000000    1.7649100160e-04
 337.0000000000    1.7635035286e-04
 337.5000000000    1.7617842619e-04
 338.0000000000    1.7598420741e-04
 338.5000000000    1.7577616614e-04
 339.0000000000    1.7556199929e-04
 339.5000000000    1.7534850668e-04
 340.0000000000    1.7514154943e-04
 340.5000000000    1.7494607356e-04
 341.0000000000    1.7476617400e-04
 341.5000000000    1.7460515522e-04
 342.0000000000    1.7446558816e-04
 342.5000000000    1.7434937009e-04
 343.0000000000    1.7425778580e-04
 343.5000000000    1.7419157900e-04
 344.0000000000    1.7415103766e-04
 344.5000000000    1.7413606490e-04
 345.0000000000    1.7414621145e-04
 345.5000000000    1.7418067735e-04
 346.0000000000    1.7423829582e-04
 346.5000000000    1.7431753562e-04
 347.0000000000    1.7441650896e-04
 347.5000000000    1.7453299938e-04
 348.0000000000    1.7466451258e-04
 348.5000000000    1.7480833826e-04
 349.0000000000    1.7496161441e-04
 349.5000000000    1.7512139704e-04
 350.0000000000    1.7528472285e-04
 350.5000000000    1.7544868014e-04
 351.0000000000    1.7561045252e-04
 351.5000000000    1.7576737032e-04
 352.0000000000    1.7591696237e-04
 352.5000000000    1.7605700400e-04
 353.0000000000    1.7618557442e-04
 353.5000000000    1.7630110990e-04
 354.0000000000    1.7640244205e-04
 354.5000000000    1.7648881355e-04
 355.0000000000    1.7655986689e-04
 355.5000000000    1.7661561747e-04
 356.0000000000    1.7665643350e-04
 356.5000000000    1.7668301316e-04
 357.0000000000    1.7669637794e-04
 357.5000000000    1.7669786137e-04
 358.0000000000    1.7668906805e-04
 358.5000000000    1.7667178320e-04
 359.0000000000    1.7664786152e-04
 359.5000000000    1.7661912439e-04
 360.0000000000    1.7658729683e-04
 360.5000000000    1.7655399676e-04
 361.0000000000    1.7652075372e-04
 361.5000000000    1.7648901498e-04
 362.0000000000    1.7646011543e-04
 362.5000000000    1.7643521546e-04
 363.0000000000    1.7641525159e-04
 363.5000000000    1.7640093039e-04
 364.0000000000    1.7639276245e-04
 364.5000000000    1.7639111444e-04
 365.0000000000    1.7639623641e-04
 365.5000000000    1.7640824962e-04
 366.0000000000    1.7642711504e-04
 366.5000000000    1.7645262321e-04
 367.0000000000    1.7648442018e-04
 367.5000000000    1.7652205465e-04
 368.0000000000    1.7656501288e-04
 368.5000000000    1.7661272505e-04
 369.0000000000    1.7666455654e-04
 369.5000000000    1.7671981010e-04
 370.0000000000    1.7677773972e-04
 370.5000000000    1.7683756690e-04
 371.0000000000    1.7689848980e-04
 371.5000000000    1.7695969707e-04
 372.0000000000    1.7702038502e-04
 372.5000000000    1.7707978752e-04
 373.0000000000    1.7713720298e-04
 373.5000000000    1.7719201758e-04
 374.0000000000    1.7724371387e-04
 374.5000000000    1.7729187897e-04
 375.0000000000    1.7733623002e-04
 375.5000000000    1.7737664448e-04
 376.0000000000    1.7741317718e-04
 376.5000000000    1.7744604568e-04
 377.0000000000    1.7747559155e-04
 377.5000000000    1.7750222447e-04
 378.0000000000    1.7752635518e-04
 378.5000000000    1.7754831523e-04
 379.0000000000    1.7756827194e-04
 379.5000000000    1.7758617063e-04
 380.0000000000    1.7760173349e-04
 380.5000000000    1.7761450990e-04
 381.0000000000    1.7762395106e-04
 381.5000000000    1.7762951896e-04
 382.0000000000    1.7763083204e-04
 382.5000000000    1.7762782387e-04
 383.0000000000    1.7762087543e-04
 383.5000000000    1.7761089707e-04
 384.0000000000    1.7759932470e-04
 384.5000000000    1.7758800854e-04
 385.0000000000    1.7757902167e-04
 385.5000000000    1.7757444083e-04
 386.0000000000    1.7757612017e-04
 386.5000000000    1.7758545555e-04
 387.0000000000    1.7760318083e-04
 387.5000000000    1.7762925584e-04
 388.0000000000    1.7766287175e-04
 388.5000000000    1.7770256329e-04
 389.0000000000    1.7774641945e-04
 389.5000000000    1.7779236293e-04
 390.0000000000    1.7783843892e-04
 390.5000000000    1.7788306103e-04
 391.0000000000    1.7792518178e-04
 391.5000000000    1.7796437140e-04
 392.0000000000    1.7800078474e-04
 392.5000000000    1.7803501837e-04
 393.0000000000    1.7806789883e-04
 393.5000000000    1.7810025659e-04
 394.0000000000    1.7813272906e-04
 394.5000000000    1.7816562489e-04
 395.0000000000    1.7819887776e-04
 395.5000000000    1.7823208732e-04
 396.0000000000    1.7826462292e-04
 396.5000000000    1.7829575922e-04
 397.0000000000    1.7832482472e-04
 397.5000000000    1.7835133223e-04
 398.0000000000    1.7837506390e-04
 398.5000000000    1.7839609298e-04
 399.0000000000    1.7841474761e-04
 399.5000000000    1.7843152982e-04
 400.0000000000    1.7844701348e-04
 400.5000000000    1.7846174140e-04
 401.0000000000    1.7847615051e-04
 401.5000000000    1.7849053371e-04
 402.0000000000    1.7850504195e-04
 402.5000000000    1.7851971324e-04
 403.0000000000    1.7853451581e-04
 403.5000000000    1.7854939491e-04
 404.0000000000    1.7856431923e-04
 404.5000000000    1.7857931762e-04
 405.0000000000    1.7859449042e-04
 405.5000000000    1.7860999225e-04
 406.0000000000    1.7862599709e-04
 406.5000000000    1.7864266415e-04
 407.0000000000    1.7866011126e-04
 407.5000000000    1.7867839699e-04
 408.0000000000    1.7869751134e-04
 408.5000000000    1.7871738020e-04
 409.0000000000    1.7873786935e-04
 409.5000000000    1.7875879922e-04
 410.0000000000    1.7877995138e-04
 410.5000000000    1.7880108725e-04
 411.0000000000    1.7882196603e-04
 411.5000000000    1.7884236912e-04
 412.0000000000    1.7886212355e-04
 412.5000000000    1.7888112227e-04
 413.0000000000    1.7889933611e-04
 413.5000000000    1.7891682040e-04
 414.0000000000    1.7893371119e-04
 414.5000000000    1.7895020795e-04
 415.0000000000    1.7896654342e-04
 415.5000000000    1.7898294840e-04
 416.0000000000    1.7899961811e-04
 416.5000000000    1.7901668767e-04
 417.0000000000    1.7903421928e-04
 417.5000000000    1.7905220247e-04
 418.0000000000    1.7907056831e-04
 418.5000000000    1.7908921081e-04
 419.0000000000    1.7910801358e-04
 419.5000000000    1.7912687533e-04
 420.0000000000    1.7914572704e-04
 420.5000000000    1.7916453750e-04
 421.0000000000    1.7918330572e-04
 421.5000000000    1.7920204650e-04
 422.0000000000    1.7922077768e-04
 422.5000000000    1.7923950981e-04
 423.0000000000    1.7925823362e-04
 423.5000000000    1.7927691069e-04
 424.0000000000    1.7929547487e-04
 424.5000000000    1.7931384336e-04
 425.0000000000    1.7933193172e-04
 425.5000000000    1.7934967112e-04
 426.0000000000    1.7936702490e-04
 426.5000000000    1.7938400123e-04
 427.0000000000    1.7940065388e-04
 427.5000000000    1.7941707016e-04
 428.0000000000    1.7943335762e-04
 428.5000000000    1.7944962934e-04
 429.0000000000    1.7946598748e-04
 429.5000000000    1.7948250891e-04
 430.0000000000    1.7949923181e-04
 430.5000000000    1.7951614632e-04
 431.0000000000    1.7953319836e-04
 431.5000000000    1.7955030396e-04
 432.0000000000    1.7956736766e-04
 432.5000000000    1.7958429908e-04
 433.0000000000    1.7960102745e-04
 433.5000000000    1.7961751004e-04
 434.0000000000    1.7963374049e-04
 434.5000000000    1.7964974728e-04
 435.0000000000    1.7966558321e-04
 435.5000000000    1.7968131445e-04
 436.0000000000    1.7969700811e-04
 436.5000000000    1.7971272122e-04
 437.0000000000    1.7972848826e-04
 437.5000000000    1.7974431231e-04
 438.0000000000    1.7976016388e-04
 438.5000000000    1.7977598802e-04
 439.0000000000    1.7979171475e-04
 439.5000000000    1.7980727289e-04
 440.0000000000    1.7982259913e-04
 440.5000000000    1.7983764924e-04
 441.0000000000    1.7985240957e-04
 441.5000000000    1.7986690343e-04
 442.0000000000    1.7988118848e-04
 442.5000000000    1.7989534751e-04
 443.0000000000    1.7990947784e-04
 443.5000000000    1.7992368108e-04
 444.0000000000    1.7993804937e-04
 444.5000000000    1.7995265515e-04
 445.0000000000    1.7996754112e-04
 445.5000000000    1.7998271654e-04
 446.0000000000    1.7999815737e-04
 446.5000000000    1.8001381022e-04
 447.0000000000    1.8002960103e-04
 447.5000000000    1.8004544327e-04
 448.0000000000    1.8006124711e-04
 448.5000000000    1.8007693323e-04
 449.0000000000    1.8009244473e-04
 449.5000000000    1.8010774401e-04
 450.0000000000    1.8012281526e-04
 450.5000000000    1.8013767596e-04
 451.0000000000    1.8015236898e-04
 451.5000000000    1.8016694169e-04
 452.0000000000    1.8018143773e-04
 452.5000000000    1.8019589594e-04
 453.0000000000    1.8021034540e-04
 453.5000000000    1.8022479671e-04
 454.0000000000    1.8023924132e-04
 454.5000000000    1.8025366080e-04
 455.0000000000    1.8026802904e-04
 455.5000000000    1.8028231796e-04
 456.0000000000    1.8029650422e-04
 456.5000000000    1.8031057275e-04
 457.0000000000    1.8032451632e-04
 457.5000000000    1.8033833469e-04
 458.0000000000    1.8035204205e-04
 458.5000000000    1.8036566767e-04
 459.0000000000    1.8037924497e-04
 459.5000000000    1.8039280323e-04
 460.0000000000    1.8040636435e-04
 460.5000000000    1.8041993978e-04
 461.0000000000    1.8043353014e-04
 461.5000000000    1.8044712824e-04
 462.0000000000    1.8046072391e-04
 462.5000000000    1.8047430672e-04
 463.0000000000    1.8048786675e-04
 463.5000000000    1.8050139587e-04
 464.0000000000    1.8051488908e-04
 464.5000000000    1.8052834472e-04
 465.0000000000    1.8054176472e-04
 465.5000000000    1.8055515374e-04
 466.0000000000    1.8056851688e-04
 466.5000000000    1.8058185734e-04
 467.0000000000    1.8059517549e-04
 467.5000000000    1.8060846965e-04
 468.0000000000    1.8062173624e-04
 468.5000000000    1.8063496997e-04
 469.0000000000    1.8064816492e-04
 469.5000000000    1.8066131599e-04
 470.0000000000    1.8067441819e-04
 470.5000000000    1.8068746583e-04
 471.0000000000    1.8070045268e-04
 471.5000000000    1.8071337284e-04
 472.0000000000    1.8072622174e-04
 472.5000000000    1.8073899743e-04
 473.0000000000    1.8075170221e-04
 473.5000000000    1.8076434330e-04
 474.0000000000    1.8077693228e-04
 474.5000000000    1.8078948198e-04
 475.0000000000    1.8080200396e-04
 475.5000000000    1.8081450652e-04
 476.0000000000    1.8082699190e-04
 476.5000000000    1.8083945566e-04
 477.0000000000    1.8085188900e-04
 477.5000000000    1.8086428297e-04
 478.0000000000    1.8087663308e-04
 478.5000000000    1.8088894283e-04
 479.0000000000    1.8090122427e-04
 479.5000000000    1.8091349426e-04
 480.0000000000    1.8092576815e-04
 480.5000000000    1.8093805470e-04
 481.0000000000    1.8095035250e-04
 481.5000000000    1.8096264984e-04
 482.0000000000    1.8097492892e-04
 482.5000000000    1.8098717278e-04
 483.0000000000    1.8099937231e-04
 483.5000000000    1.8101152932e-04
 484.0000000000    1.8102365459e-04
 484.5000000000    1.8103576093e-04
 485.0000000000    1.8104785539e-04
 485.5000000000    1.8105993465e-04
 486.0000000000    1.8107198568e-04
 486.5000000000    1.8108399176e-04
 487.0000000000    1.8109594003e-04
 487.5000000000    1.8110782746e-04
 488.0000000000    1.8111966255e-04
 488.5000000000    1.8113146076e-04
 489.0000000000    1.8114323612e-04
 489.5000000000    1.8115499360e-04
 490.0000000000    1.8116672593e-04
 490.5000000000    1.8117841628e-04
 491.0000000000    1.8119004579e-04
 491.5000000000    1.8120160202e-04
 492.0000000000    1.8121308423e-04
 492.5000000000    1.8122450336e-04
 493.0000000000    1.8123587761e-04
 493.5000000000    1.8124722513e-04
 494.0000000000    1.8125855703e-04
 494.5000000000    1.8126987479e-04
 495.0000000000    1.8128117331e-04
 495.5000000000    1.8129244670e-04
 496.0000000000    1.8130369238e-04
 496.5000000000    1.8131491118e-04
 497.0000000000    1.8132610370e-04
 497.5000000000    1.8133726467e-04
 498.0000000000    1.8134837860e-04
 498.5000000000    1.8135942014e-04
 499.0000000000    1.8137035881e-04
 499.5000000000    1.8138116544e-04
 500.0000000000    1.8139181796e-04
 500.5000000000    1.8140230490e-04
 501.0000000000    1.8141262764e-04
 501.5000000000    1.8142280341e-04
 502.0000000000    1.8143287123e-04
 502.5000000000    1.8144290044e-04
 503.0000000000    1.8145299875e-04
 503.5000000000    1.8146331451e-04
 504.0000000000    1.8147402791e-04
 504.5000000000    1.8148532991e-04
 505.0000000000    1.8149739009e-04
 505.5000000000    1.8151031773e-04
 506.0000000000    1.8152412332e-04
 506.5000000000    1.8153868772e-04
 507.0000000000    1.8155374421e-04
 507.5000000000    1.8156887578e-04
 508.0000000000    1.8158353187e-04
 508.5000000000    1.8159706402e-04
 509.0000000000    1.8160878389e-04
 509.5000000000    1.8161803745e-04
 510.0000000000    1.8162429550e-04
 510.5000000000    1.8162724707e-04
 511.0000000000    1.8162688184e-04
 511.5000000000    1.8162354280e-04
 512.0000000000    1.8161793337e-04
 512.5000000000    1.8161106806e-04
 513.0000000000    1.8160416690e-04
 513.5000000000    1.8159850707e-04
 514.0000000000    1.8159525826e-04
 514.5000000000    1.8159533244e-04
 515.0000000000    1.8159927419e-04
 515.5000000000    1.8160721479e-04
 516.0000000000    1.8161889259e-04
 516.5000000000    1.8163373170e-04
 517.0000000000    1.8165095970e-04
 517.5000000000    1.8166974175e-04
 518.0000000000    1.8168930557e-04
 518.5000000000    1.8170903905e-04
 519.0000000000    1.8172854468e-04
 519.5000000000    1.8174764363e-04
 520.0000000000    1.8176632773e-04
 520.5000000000    1.8178468414e-04
 521.0000000000    1.8180280768e-04
 521.5000000000    1.8182072618e-04
 522.0000000000    1.8183836351e-04
 522.5000000000    1.8185555042e-04
 523.0000000000    1.8187207403e-04
 523.5000000000    1.8188773781e-04
 524.0000000000    1.8190241593e-04
 524.5000000000    1.8191608517e-04
 525.0000000000    1.8192882730e-04
 525.5000000000    1.8194080391e-04
 526.0000000000    1.8195221451e-04
 526.5000000000    1.8196325006e-04
 527.0000000000    1.8197406099e-04
 527.5000000000    1.8198473636e-04
 528.0000000000    1.8199529795e-04
 528.5000000000    1.8200571866e-04
 529.0000000000    1.8201595068e-04
 529.5000000000    1.8202595280e-04
 530.0000000000    1.8203570866e-04
 530.5000000000    1.8204523186e-04
 531.0000000000    1.8205455747e-04
 531.5000000000    1.8206372762e-04
 532.0000000000    1.8207277766e-04
 532.5000000000    1.8208173024e-04
 533.0000000000    1.8209059969e-04
 533.5000000000    1.8209940294e-04
 534.0000000000    1.8210816855e-04
 534.5000000000    1.8211693818e-04
 535.0000000000    1.8212576319e-04
 535.5000000000    1.8213469779e-04
 536.0000000000    1.8214379068e-04
 536.5000000000    1.8215307529e-04
 537.0000000000    1.8216256274e-04
 537.5000000000    1.8217224143e-04
 538.0000000000    1.8218208325e-04
 538.5000000000    1.8219205838e-04
 539.0000000000    1.8220215875e-04
 539.5000000000    1.8221242511e-04
 540.0000000000    1.8222296405e-04
 540.5000000000    1.8223394192e-04
 541.0000000000    1.8224555081e-04
 541.5000000000    1.8225795043e-04
 542.0000000000    1.8227119956e-04
 542.5000000000    1.8228519727e-04
 543.0000000000    1.8229965315e-04
 543.5000000000    1.8231409404e-04
 544.0000000000    1.8232790661e-04
 544.5000000000    1.8234040668e-04
 545.0000000000    1.8235092435e-04
 545.5000000000    1.8235889368e-04
 546.0000000000    1.8236393600e-04
 546.5000000000    1.8236593250e-04
 547.0000000000    1.8236508440e-04
 547.5000000000    1.8236195486e-04
 548.0000000000    1.8235748536e-04
 548.5000000000    1.8235297971e-04
 549.0000000000    1.8235004628e-04
 549.5000000000    1.8235048659e-04
 550.0000000000    1.8235612510e-04
 550.5000000000    1.8236858934e-04
 551.0000000000    1.8238905666e-04
 551.5000000000    1.8241801675e-04
 552.0000000000    1.8245510017e-04
 552.5000000000    1.8249902312e-04
 553.0000000000    1.8254768095e-04
 553.5000000000    1.8259838209e-04
 554.0000000000    1.8264818463e-04
 554.5000000000    1.8269427162e-04
 555.0000000000    1.8273429577e-04
 555.5000000000    1.8276664331e-04
 556.0000000000    1.8279056278e-04
 556.5000000000    1.8280616056e-04
 557.0000000000    1.8281427038e-04
 557.5000000000    1.8281622911e-04
 558.0000000000    1.8281360226e-04
 558.5000000000    1.8280790832e-04
 559.0000000000    1.8280039591e-04
 559.5000000000    1.8279191591e-04
 560.0000000000    1.8278290729e-04
 560.5000000000    1.8277349080e-04
 561.0000000000    1.8276363418e-04
 561.5000000000    1.8275333514e-04
 562.0000000000    1.8274276537e-04
 562.5000000000    1.8273233307e-04
 563.0000000000    1.8272265265e-04
 563.5000000000    1.8271443771e-04
 564.0000000000    1.8270835428e-04
 564.5000000000    1.8270487711e-04
 565.0000000000    1.8270418296e-04
 565.5000000000    1.8270610801e-04
 566.0000000000    1.8271018050e-04
 566.5000000000    1.8271572129e-04
 567.0000000000    1.8272199548e-04
 567.5000000000    1.8272838668e-04
 568.0000000000    1.8273453768e-04
 568.5000000000    1.8274041580e-04
 569.0000000000    1.8274629839e-04
 569.5000000000    1.8275267690e-04
 570.0000000000    1.8276009956e-04
 570.5000000000    1.8276901709e-04
 571.0000000000    1.8277967846e-04
 571.5000000000    1.8279207948e-04
 572.0000000000    1.8280597411e-04
 572.5000000000    1.8282093591e-04
 573.0000000000    1.8283644134e-04
 573.5000000000    1.8285194784e-04
 574.0000000000    1.8286695800e-04
 574.5000000000    1.8288106461e-04
 575.0000000000    1.8289397981e-04
 575.5000000000    1.8290554860e-04
 576.0000000000    1.8291574884e-04
 576.5000000000    1.8292468240e-04
 577.0000000000    1.8293256006e-04
 577.5000000000    1.8293966386e-04
 578.0000000000    1.8294631074e-04
 578.5000000000    1.8295280653e-04
 579.0000000000    1.8295939970e-04
 579.5000000000    1.8296624357e-04
 580.0000000000    1.8297338309e-04
 580.5000000000    1.8298076207e-04
 581.0000000000    1.8298825798e-04
 581.5000000000    1.8299572557e-04
 582.0000000000    1.8300304184e-04
 582.5000000000    1.8301013784e-04
 583.0000000000    1.8301700897e-04
 583.5000000000    1.8302370742e-04
 584.0000000000    1.8303032325e-04
 584.5000000000    1.8303695810e-04
 585.0000000000    1.8304370421e-04
 585.5000000000    1.8305062809e-04
 586.0000000000    1.8305776608e-04
 586.5000000000    1.8306512056e-04
 587.0000000000    1.8307266962e-04
 587.5000000000    1.8308037264e-04
 588.0000000000    1.8308818134e-04
 588.5000000000    1.8309604822e-04
 589.0000000000    1.8310393469e-04
 589.5000000000    1.8311181256e-04
 590.0000000000    1.8311966501e-04
 590.5000000000    1.8312748937e-04
 591.0000000000    1.8313529315e-04
 591.5000000000    1.8314308719e-04
 592.0000000000    1.8315088521e-04
 592.5000000000    1.8315870424e-04
 593.0000000000    1.8316655402e-04
 593.5000000000    1.8317443416e-04
 594.0000000000    1.8318234445e-04
 594.5000000000    1.8319028360e-04
 595.0000000000    1.8319824327e-04
 595.5000000000    1.8320621437e-04
 596.0000000000    1.8321418858e-04
 596.5000000000    1.8322215369e-04
 597.0000000000    1.8323009374e-04
 597.5000000000    1.8323799240e-04
 598.0000000000    1.8324583566e-04
 598.5000000000    1.8325361092e-04
 599.0000000000    1.8326130533e-04
 599.5000000000    1.8326890660e-04
 600.0000000000    1.8327639814e-04
 600.5000000000    1.8328375719e-04
 601.0000000000    1.8329095338e-04
 601.5000000000    1.8329794919e-04
 602.0000000000    1.8330470185e-04
 602.5000000000    1.8331116665e-04
 603.0000000000    1.8331730926e-04
 603.5000000000    1.8332310596e-04
 604.0000000000    1.8332854975e-04
 604.5000000000    1.8333365252e-04
 605.0000000000    1.8333844615e-04
 605.5000000000    1.8334297830e-04
 606.0000000000    1.8334731473e-04
 606.5000000000    1.8335153804e-04
 607.0000000000    1.8335574044e-04
 607.5000000000    1.8336002720e-04
 608.0000000000    1.8336451066e-04
 608.5000000000    1.8336930389e-04
 609.0000000000    1.8337451642e-04
 609.5000000000    1.8338024730e-04
 610.0000000000    1.8338657730e-04
 610.5000000000    1.8339356543e-04
 611.0000000000    1.8340124534e-04
 611.5000000000    1.8340962306e-04
 612.0000000000    1.8341867854e-04
 612.5000000000    1.8342837443e-04
 613.0000000000    1.8343865722e-04
 613.5000000000    1.8344946450e-04
 614.0000000000    1.8346073218e-04
 614.5000000000    1.8347239538e-04
 615.0000000000    1.8348439360e-04
 615.5000000000    1.8349667054e-04
 616.0000000000    1.8350917140e-04
 616.5000000000    1.8352184221e-04
 617.0000000000    1.8353462263e-04
 617.5000000000    1.8354744450e-04
 618.0000000000    1.8356022640e-04
 618.5000000000    1.8357286883e-04
 619.0000000000    1.8358525260e-04
 619.5000000000    1.8359723975e-04
 620.0000000000    1.8360867773e-04
 620.5000000000    1.8361940648e-04
 621.0000000000    1.8362926820e-04
 621.5000000000    1.8363812172e-04
 622.0000000000    1.8364585190e-04
 622.5000000000    1.8365238388e-04
 623.0000000000    1.8365769037e-04
 623.5000000000    1.8366179801e-04
 624.0000000000    1.8366479057e-04
 624.5000000000    1.8366680743e-04
 625.0000000000    1.8366803772e-04
 625.5000000000    1.8366871074e-04
 626.0000000000    1.8366908124e-04
 626.5000000000    1.8366941135e-04
 627.0000000000    1.8366995125e-04
 627.5000000000    1.8367092251e-04
 628.0000000000    1.8367250687e-04
 628.5000000000    1.8367483325e-04
 629.0000000000    1.8367797221e-04
 629.5000000000    1.8368194184e-04
 630.0000000000    1.8368671057e-04
 630.5000000000    1.8369220795e-04
 631.0000000000    1.8369834401e-04
 631.5000000000    1.8370502610e-04
 632.0000000000    1.8371217057e-04
 632.5000000000    1.8371971713e-04
 633.0000000000    1.8372763231e-04
 633.5000000000    1.8373590976e-04
 634.0000000000    1.8374456653e-04
 634.5000000000    1.8375362923e-04
 635.0000000000    1.8376312366e-04
 635.5000000000    1.8377306392e-04
 636.0000000000    1.8378343538e-04
 636.5000000000    1.8379418581e-04
 637.0000000000    1.8380522543e-04
 637.5000000000    1.8381643027e-04
 638.0000000000    1.8382764962e-04
 638.5000000000    1.8383871842e-04
 639.0000000000    1.8384946929e-04
 639.5000000000    1.8385974432e-04
 640.0000000000    1.8386940742e-04
 640.5000000000    1.8387835408e-04
 641.0000000000    1.8388652306e-04
 641.5000000000    1.8389390682e-04
 642.0000000000    1.8390055172e-04
 642.5000000000    1.8390655594e-04
 643.0000000000    1.8391206111e-04
 643.5000000000    1.8391723399e-04
 644.0000000000    1.8392225422e-04
 644.5000000000    1.8392730278e-04
 645.0000000000    1.8393254761e-04
 645.5000000000    1.8393813360e-04
 646.0000000000    1.8394417102e-04
 646.5000000000    1.8395072761e-04
 647.0000000000    1.8395782896e-04
 647.5000000000    1.8396546574e-04
 648.0000000000    1.8397360792e-04
 648.5000000000    1.8398222066e-04
 649.0000000000    1.8399127680e-04
 649.5000000000    1.8400075928e-04
 650.0000000000    1.8401065691e-04
 650.5000000000    1.8402095401e-04
 651.0000000000    1.8403161837e-04
 651.5000000000    1.8404258935e-04
 652.0000000000    1.8405377190e-04
 652.5000000000    1.8406503336e-04
 653.0000000000    1.8407620820e-04
 653.5000000000    1.8408710340e-04
 654.0000000000    1.8409750731e-04
 654.5000000000    1.8410720160e-04
 655.0000000000    1.8411597350e-04
 655.5000000000    1.8412362795e-04
 656.0000000000    1.8412999651e-04
 656.5000000000    1.8413494323e-04
 657.0000000000    1.8413836672e-04
 657.5000000000    1.8414019903e-04
 658.0000000000    1.8414040185e-04
 658.5000000000    1.8413896324e-04
 659.0000000000    1.8413589149e-04
 659.5000000000    1.8413121320e-04
 660.0000000000    1.8412497254e-04
 660.5000000000    1.8411723213e-04
 661.0000000000    1.8410807792e-04
 661.5000000000    1.8409762717e-04
 662.0000000000    1.8408603481e-04
 662.5000000000    1.8407349638e-04
 663.0000000000    1.8406024978e-04
 663.5000000000    1.8404656721e-04
 664.0000000000    1.8403274479e-04
 664.5000000000    1.8401908634e-04
 665.0000000000    1.8400588141e-04
 665.5000000000    1.8399337955e-04
 666.0000000000    1.8398176444e-04
 666.5000000000    1.8397113224e-04
 667.0000000000    1.8396147819e-04
 667.5000000000    1.8395269965e-04
 668.0000000000    1.8394461392e-04
 668.5000000000    1.8393699856e-04
 669.0000000000    1.8392965242e-04
 669.5000000000    1.8392247337e-04
 670.0000000000    1.8391554528e-04
 670.5000000000    1.8390922166e-04
 671.0000000000    1.8390418851e-04
 671.5000000000    1.8390149220e-04
 672.0000000000    1.8390251714e-04
 672.5000000000    1.8390890186e-04
 673.0000000000    1.8392240040e-04
 673.5000000000    1.8394469465e-04
 674.0000000000    1.8397717963e-04
 674.5000000000    1.8402074636e-04
 675.0000000000    1.8407559359e-04
 675.5000000000    1.8414109286e-04
 676.0000000000    1.8421573086e-04
 676.5000000000    1.8429714238e-04
 677.0000000000    1.8438223496e-04
 677.5000000000    1.8446739757e-04
 678.0000000000    1.8454877528e-04
 678.5000000000    1.8462258794e-04
 679.0000000000    1.8468545942e-04
 679.5000000000    1.8473472202e-04
 680.0000000000    1.8476866902e-04
 680.5000000000    1.8478671709e-04
 681.0000000000    1.8478945775e-04
 681.5000000000    1.8477859297e-04
 682.0000000000    1.8475675741e-04
 682.5000000000    1.8472724401e-04
 683.0000000000    1.8469365743e-04
 683.5000000000    1.8465954397e-04
 684.0000000000    1.8462803218e-04
 684.5000000000    1.8460153514e-04
 685.0000000000    1.8458154379e-04
 685.5000000000    1.8456852459e-04
 686.0000000000    1.8456193602e-04
 686.5000000000    1.8456035576e-04
 687.0000000000    1.8456170526e-04
 687.5000000000    1.8456355320e-04
 688.0000000000    1.8456343943e-04
 688.5000000000    1.8455919887e-04
 689.0000000000    1.8454925445e-04
 689.5000000000    1.8453281189e-04
 690.0000000000    1.8450996974e-04
 690.5000000000    1.8448171438e-04
 691.0000000000    1.8444979604e-04
 691.5000000000    1.8441649336e-04
 692.0000000000    1.8438431438e-04
 692.5000000000    1.8435567665e-04
 693.0000000000    1.8433259958e-04
 693.5000000000    1.8431645363e-04
 694.0000000000    1.8430781288e-04
 694.5000000000    1.8430642039e-04
 695.0000000000    1.8431126352e-04
 695.5000000000    1.8432075045e-04
 696.0000000000    1.8433296194e-04
 696.5000000000    1.8434594877e-04
 697.0000000000    1.8435800294e-04
 697.5000000000    1.8436787786e-04
 698.0000000000    1.8437493736e-04
 698.5000000000    1.8437920273e-04
 699.0000000000    1.8438129889e-04
 699.5000000000    1.8438231310e-04
 700.0000000000    1.8438359744e-04
