#          time             Min_Chi
   0.0000000000    3.8220379568e-01
   0.5000000000    3.8182583136e-01
   1.0000000000    3.8140392571e-01
   1.5000000000    3.8115036571e-01
   2.0000000000    3.8095725997e-01
   2.5000000000    3.8080690264e-01
   3.0000000000    3.8060833311e-01
   3.5000000000    3.8045463821e-01
   4.0000000000    3.8025055854e-01
   4.5000000000    3.8008012402e-01
   5.0000000000    3.7988229664e-01
   5.5000000000    3.7969493228e-01
   6.0000000000    3.7950317338e-01
   6.5000000000    3.7930068467e-01
   7.0000000000    3.7911626530e-01
   7.5000000000    3.7890177922e-01
   8.0000000000    3.7872638071e-01
   8.5000000000    3.7850301447e-01
   9.0000000000    3.7833233087e-01
   9.5000000000    3.7810825082e-01
  10.0000000000    3.7793277516e-01
  10.5000000000    3.7772046083e-01
  11.0000000000    3.7754217811e-01
  11.5000000000    3.7734186115e-01
  12.0000000000    3.7716201037e-01
  12.5000000000    3.7697352955e-01
  13.0000000000    3.7679349329e-01
  13.5000000000    3.7661715220e-01
  14.0000000000    3.7643715946e-01
  14.5000000000    3.7627273590e-01
  15.0000000000    3.7609373571e-01
  15.5000000000    3.7594083144e-01
  16.0000000000    3.7576330324e-01
  16.5000000000    3.7562133579e-01
  17.0000000000    3.7544588563e-01
  17.5000000000    3.7531493524e-01
  18.0000000000    3.7514118492e-01
  18.5000000000    3.7502091655e-01
  19.0000000000    3.7484935756e-01
  19.5000000000    3.7473867103e-01
  20.0000000000    3.7456985876e-01
  20.5000000000    3.7446161878e-01
  21.0000000000    3.7430229745e-01
  21.5000000000    3.7419646010e-01
  22.0000000000    3.7404619603e-01
  22.5000000000    3.7394247134e-01
  23.0000000000    3.7380209800e-01
  23.5000000000    3.7370055790e-01
  24.0000000000    3.7356778655e-01
  24.5000000000    3.7346856638e-01
  25.0000000000    3.7334393979e-01
  25.5000000000    3.7324661768e-01
  26.0000000000    3.7312995113e-01
  26.5000000000    3.7303428552e-01
  27.0000000000    3.7292508841e-01
  27.5000000000    3.7283084794e-01
  28.0000000000    3.7272874915e-01
  28.5000000000    3.7263573382e-01
  29.0000000000    3.7254063206e-01
  29.5000000000    3.7244865911e-01
  30.0000000000    3.7236034013e-01
  30.5000000000    3.7226883503e-01
  31.0000000000    3.7218646948e-01
  31.5000000000    3.7209560597e-01
  32.0000000000    3.7202071832e-01
  32.5000000000    3.7192984558e-01
  33.0000000000    3.7185979869e-01
  33.5000000000    3.7176891436e-01
  34.0000000000    3.7170525541e-01
  34.5000000000    3.7161341661e-01
  35.0000000000    3.7155561933e-01
  35.5000000000    3.7146272162e-01
  36.0000000000    3.7141024269e-01
  36.5000000000    3.7131625691e-01
  37.0000000000    3.7126908981e-01
  37.5000000000    3.7117346878e-01
  38.0000000000    3.7113160788e-01
  38.5000000000    3.7103378888e-01
  39.0000000000    3.7099561609e-01
  39.5000000000    3.7089663706e-01
  40.0000000000    3.7085567495e-01
  40.5000000000    3.7076145660e-01
  41.0000000000    3.7071730786e-01
  41.5000000000    3.7062770703e-01
  42.0000000000    3.7057979021e-01
  42.5000000000    3.7049462678e-01
  43.0000000000    3.7044246091e-01
  43.5000000000    3.7036150503e-01
  44.0000000000    3.7030426496e-01
  44.5000000000    3.7022742703e-01
  45.0000000000    3.7016633518e-01
  45.5000000000    3.7009351683e-01
  46.0000000000    3.7002401680e-01
  46.5000000000    3.6995506374e-01
  47.0000000000    3.6988054191e-01
  47.5000000000    3.6981498687e-01
  48.0000000000    3.6973291531e-01
  48.5000000000    3.6967050525e-01
  49.0000000000    3.6958030180e-01
  49.5000000000    3.6952076509e-01
  50.0000000000    3.6942182816e-01
  50.5000000000    3.6936499976e-01
  51.0000000000    3.6925631673e-01
  51.5000000000    3.6920168746e-01
  52.0000000000    3.6908243307e-01
  52.5000000000    3.6901764857e-01
  53.0000000000    3.6889867209e-01
  53.5000000000    3.6882144541e-01
  54.0000000000    3.6870325976e-01
  54.5000000000    3.6861254826e-01
  55.0000000000    3.6849419039e-01
  55.5000000000    3.6838800748e-01
  56.0000000000    3.6826732354e-01
  56.5000000000    3.6814041054e-01
  57.0000000000    3.6800823709e-01
  57.5000000000    3.6784376426e-01
  58.0000000000    3.6768317379e-01
  58.5000000000    3.6748188376e-01
  59.0000000000    3.6732985364e-01
  59.5000000000    3.6715674493e-01
  60.0000000000    3.6704092210e-01
  60.5000000000    3.6686180508e-01
  61.0000000000    3.6672367168e-01
  61.5000000000    3.6651412835e-01
  62.0000000000    3.6634498479e-01
  62.5000000000    3.6613155444e-01
  63.0000000000    3.6593845269e-01
  63.5000000000    3.6569758125e-01
  64.0000000000    3.6545711911e-01
  64.5000000000    3.6521227298e-01
  65.0000000000    3.6495869278e-01
  65.5000000000    3.6469175659e-01
  66.0000000000    3.6438595840e-01
  66.5000000000    3.6410380605e-01
  67.0000000000    3.6376589417e-01
  67.5000000000    3.6345628282e-01
  68.0000000000    3.6306958376e-01
  68.5000000000    3.6272246059e-01
  69.0000000000    3.6230223513e-01
  69.5000000000    3.6190018056e-01
  70.0000000000    3.6144605683e-01
  70.5000000000    3.6098709479e-01
  71.0000000000    3.6049454818e-01
  71.5000000000    3.5997051462e-01
  72.0000000000    3.5943294261e-01
  72.5000000000    3.5883600952e-01
  73.0000000000    3.5824725299e-01
  73.5000000000    3.5756926477e-01
  74.0000000000    3.5690998104e-01
  74.5000000000    3.5615214302e-01
  75.0000000000    3.5539649385e-01
  75.5000000000    3.5456364867e-01
  76.0000000000    3.5369957763e-01
  76.5000000000    3.5278035466e-01
  77.0000000000    3.5179352145e-01
  77.5000000000    3.5077536668e-01
  78.0000000000    3.4964900005e-01
  78.5000000000    3.4851043724e-01
  79.0000000000    3.4722626863e-01
  79.5000000000    3.4592100158e-01
  80.0000000000    3.4449386347e-01
  80.5000000000    3.4299341190e-01
  81.0000000000    3.4138983458e-01
  81.5000000000    3.3966499960e-01
  82.0000000000    3.3786444147e-01
  82.5000000000    3.3588301034e-01
  83.0000000000    3.3382730185e-01
  83.5000000000    3.3155862029e-01
  84.0000000000    3.2917574312e-01
  84.5000000000    3.2660021983e-01
  85.0000000000    3.2383482143e-01
  85.5000000000    3.2089341798e-01
  86.0000000000    3.1767089014e-01
  86.5000000000    3.1427116360e-01
  87.0000000000    3.1051998618e-01
  87.5000000000    3.0652339924e-01
  88.0000000000    3.0217530015e-01
  88.5000000000    2.9745179065e-01
  89.0000000000    2.9237303785e-01
  89.5000000000    2.8675674346e-01
  90.0000000000    2.8072212846e-01
  90.5000000000    2.7405220894e-01
  91.0000000000    2.6678542355e-01
  91.5000000000    2.5883164490e-01
  92.0000000000    2.5000502789e-01
  92.5000000000    2.4039289499e-01
  93.0000000000    2.2964648627e-01
  93.5000000000    2.1784033912e-01
  94.0000000000    2.0480648165e-01
  94.5000000000    1.9027361427e-01
  95.0000000000    1.7441654618e-01
  95.5000000000    1.5685838409e-01
  96.0000000000    1.3782587622e-01
  96.5000000000    1.1775038789e-01
  97.0000000000    9.6397041516e-02
  97.5000000000    7.5257902959e-02
  98.0000000000    5.5524382870e-02
  98.5000000000    3.7555086009e-02
  99.0000000000    2.3490437895e-02
  99.5000000000    1.3899205012e-02
 100.0000000000    7.1285400554e-03
 100.5000000000    3.7451178890e-03
 101.0000000000    2.4700660619e-03
 101.5000000000    1.2814616993e-03
 102.0000000000    1.0871500011e-03
 102.5000000000    1.0858421068e-03
 103.0000000000    7.0122252493e-04
 103.5000000000    8.9196493132e-04
 104.0000000000    7.6114487135e-04
 104.5000000000    5.9953614361e-04
 105.0000000000    9.7469907536e-04
 105.5000000000    5.7376171214e-04
 106.0000000000    6.2644906286e-04
 106.5000000000    7.4085583871e-04
 107.0000000000    4.9251086664e-04
 107.5000000000    7.7265699078e-04
 108.0000000000    5.3649249378e-04
 108.5000000000    5.2519299246e-04
 109.0000000000    7.4803971796e-04
 109.5000000000    4.5114968173e-04
 110.0000000000    6.5718859002e-04
 110.5000000000    5.5084658039e-04
 111.0000000000    4.6556848850e-04
 111.5000000000    8.2996782367e-04
 112.0000000000    4.5344592110e-04
 112.5000000000    5.5675010316e-04
 113.0000000000    6.2906764309e-04
 113.5000000000    4.3279797118e-04
 114.0000000000    7.0418756894e-04
 114.5000000000    5.0467258884e-04
 115.0000000000    4.7066093523e-04
 115.5000000000    7.7997907195e-04
 116.0000000000    4.4085174043e-04
 116.5000000000    5.5403249555e-04
 117.0000000000    6.2247499917e-04
 117.5000000000    4.2571263781e-04
 118.0000000000    6.7244670409e-04
 118.5000000000    5.1688158723e-04
 119.0000000000    4.4924751913e-04
 119.5000000000    8.1579192817e-04
 120.0000000000    4.5427449713e-04
 120.5000000000    5.0170926715e-04
 121.0000000000    6.9744359074e-04
 121.5000000000    4.2534663518e-04
 122.0000000000    5.7368994714e-04
 122.5000000000    5.9760016869e-04
 123.0000000000    4.2129034529e-04
 123.5000000000    6.5666218764e-04
 124.0000000000    5.2836909131e-04
 124.5000000000    4.3413133997e-04
 125.0000000000    7.4282265439e-04
 125.5000000000    4.8244436989e-04
 126.0000000000    4.5687732162e-04
 126.5000000000    8.1302037402e-04
 127.0000000000    4.5358586309e-04
 127.5000000000    4.8371143110e-04
 128.0000000000    7.4504228748e-04
 128.5000000000    4.3662092922e-04
 129.0000000000    5.0986738718e-04
 129.5000000000    6.9699788451e-04
 130.0000000000    4.2742991385e-04
 130.5000000000    5.3167527283e-04
 131.0000000000    6.6548281643e-04
 131.5000000000    4.2296005406e-04
 132.0000000000    5.4651923047e-04
 132.5000000000    6.4800552768e-04
 133.0000000000    4.2114239378e-04
 133.5000000000    5.5295601971e-04
 134.0000000000    6.4277136010e-04
 134.5000000000    4.2089551130e-04
 135.0000000000    5.5068336746e-04
 135.5000000000    6.4882304147e-04
 136.0000000000    4.2203204946e-04
 136.5000000000    5.4049374538e-04
 137.0000000000    6.6560481540e-04
 137.5000000000    4.2505613078e-04
 138.0000000000    5.2423578082e-04
 138.5000000000    6.9252003063e-04
 139.0000000000    4.3081650677e-04
 139.5000000000    5.0454727125e-04
 140.0000000000    7.2839390309e-04
 140.5000000000    4.4003456859e-04
 141.0000000000    4.8416794114e-04
 141.5000000000    7.7189771645e-04
 142.0000000000    4.5338896205e-04
 142.5000000000    4.6437092407e-04
 143.0000000000    8.0236524376e-04
 143.5000000000    4.7426189849e-04
 144.0000000000    4.4354143909e-04
 144.5000000000    7.2720459319e-04
 145.0000000000    5.1518847459e-04
 145.5000000000    4.2328640284e-04
 146.0000000000    6.2623360450e-04
 146.5000000000    5.9808816941e-04
 147.0000000000    4.2044367055e-04
 147.5000000000    5.2166031463e-04
 148.0000000000    7.3893501423e-04
 148.5000000000    4.5757531958e-04
 149.0000000000    4.4637844316e-04
 149.5000000000    7.0285183037e-04
 150.0000000000    5.4742345414e-04
 150.5000000000    4.1795154295e-04
 151.0000000000    5.5063016458e-04
 151.5000000000    7.0151651385e-04
 152.0000000000    4.4840141292e-04
 152.5000000000    4.5016098465e-04
 153.0000000000    7.0282409475e-04
 153.5000000000    5.5467214413e-04
 154.0000000000    4.1792269711e-04
 154.5000000000    5.2432419058e-04
 155.0000000000    7.5737362074e-04
 155.5000000000    4.7522647767e-04
 156.0000000000    4.2784838264e-04
 156.5000000000    6.1136511396e-04
 157.0000000000    6.4626581755e-04
 157.5000000000    4.3837530801e-04
 158.0000000000    4.5360661713e-04
 158.5000000000    6.8785870920e-04
 159.0000000000    5.8314099472e-04
 159.5000000000    4.2435964578e-04
 160.0000000000    4.7747765529e-04
 160.5000000000    7.3838098473e-04
 161.0000000000    5.5320584502e-04
 161.5000000000    4.2044345340e-04
 162.0000000000    4.8864590846e-04
 162.5000000000    7.5365065977e-04
 163.0000000000    5.4923489687e-04
 163.5000000000    4.2079475528e-04
 164.0000000000    4.8240740052e-04
 164.5000000000    7.2991472142e-04
 165.0000000000    5.7115744486e-04
 165.5000000000    4.2632546758e-04
 166.0000000000    4.6082067293e-04
 166.5000000000    6.7056982098e-04
 167.0000000000    6.2560113426e-04
 167.5000000000    4.4516966874e-04
 168.0000000000    4.3356673761e-04
 168.5000000000    5.8689045896e-04
 169.0000000000    7.2667767775e-04
 169.5000000000    4.9322384945e-04
 170.0000000000    4.1822494653e-04
 170.5000000000    4.9817033678e-04
 171.0000000000    7.2906293456e-04
 171.5000000000    5.9459861407e-04
 172.0000000000    4.4076875046e-04
 172.5000000000    4.3211970237e-04
 173.0000000000    5.6482253507e-04
 173.5000000000    7.8193851001e-04
 174.0000000000    5.3615398934e-04
 174.5000000000    4.2564807356e-04
 175.0000000000    4.4730138061e-04
 175.5000000000    5.9728416574e-04
 176.0000000000    7.4826283029e-04
 176.5000000000    5.2528296307e-04
 177.0000000000    4.2510213615e-04
 177.5000000000    4.4451167082e-04
 178.0000000000    5.7976030267e-04
 178.5000000000    7.8730582179e-04
 179.0000000000    5.5745006902e-04
 179.5000000000    4.3822013595e-04
 180.0000000000    4.2665450024e-04
 180.5000000000    5.1915422266e-04
 181.0000000000    7.1209759536e-04
 181.5000000000    6.5104818363e-04
 182.0000000000    4.8780971521e-04
 182.5000000000    4.2084481457e-04
 183.0000000000    4.4684979979e-04
 183.5000000000    5.6229671669e-04
 184.0000000000    7.6367172365e-04
 184.5000000000    6.2283603110e-04
 185.0000000000    4.8085064012e-04
 185.5000000000    4.2126476063e-04
 186.0000000000    4.4079151026e-04
 186.5000000000    5.3601240906e-04
 187.0000000000    7.0360334330e-04
 187.5000000000    6.9045156451e-04
 188.0000000000    5.3159587157e-04
 188.5000000000    4.4231351539e-04
 189.0000000000    4.1979140007e-04
 189.5000000000    4.6094772568e-04
 190.0000000000    5.6270892474e-04
 190.5000000000    7.2197412655e-04
 191.0000000000    6.9258081751e-04
 191.5000000000    5.4722337455e-04
 192.0000000000    4.5745799734e-04
 192.5000000000    4.2054550884e-04
 193.0000000000    4.3358044796e-04
 193.5000000000    4.9367544697e-04
 194.0000000000    5.9800226429e-04
 194.5000000000    7.4376447493e-04
 195.0000000000    6.9645846331e-04
 195.5000000000    5.6834622895e-04
 196.0000000000    4.8115775977e-04
 196.5000000000    4.3247776661e-04
 197.0000000000    4.1979161517e-04
 197.5000000000    4.4053929036e-04
 198.0000000000    4.9222785012e-04
 198.5000000000    5.7240473133e-04
 199.0000000000    6.7866735130e-04
 199.5000000000    7.9603306739e-04
 200.0000000000    6.7201652883e-04
 200.5000000000    5.7519947326e-04
 201.0000000000    5.0359073386e-04
 201.5000000000    4.5517851463e-04
 202.0000000000    4.2794166570e-04
 202.5000000000    4.1986751409e-04
 203.0000000000    4.2896755943e-04
 203.5000000000    4.5334631211e-04
 204.0000000000    4.9115722245e-04
 204.5000000000    5.4061383571e-04
 205.0000000000    5.9998697147e-04
 205.5000000000    6.6760275046e-04
 206.0000000000    7.4184692004e-04
 206.5000000000    7.8068986390e-04
 207.0000000000    7.0972316500e-04
 207.5000000000    6.4999645136e-04
 208.0000000000    6.0026297566e-04
 208.5000000000    5.5934029967e-04
 209.0000000000    5.2611247383e-04
 209.5000000000    4.9953065610e-04
 210.0000000000    4.7861965114e-04
 210.5000000000    4.6247902059e-04
 211.0000000000    4.5028556978e-04
 211.5000000000    4.4129848610e-04
 212.0000000000    4.3485964063e-04
 212.5000000000    4.3039553291e-04
 213.0000000000    4.2742143899e-04
 213.5000000000    4.2554370995e-04
 214.0000000000    4.2446157475e-04
 214.5000000000    4.2397003903e-04
 215.0000000000    4.2396254956e-04
 215.5000000000    4.2443295572e-04
 216.0000000000    4.2547740406e-04
 216.5000000000    4.2729656748e-04
 217.0000000000    4.3019926867e-04
 217.5000000000    4.3460428805e-04
 218.0000000000    4.4104103340e-04
 218.5000000000    4.5015462826e-04
 219.0000000000    4.6271135527e-04
 219.5000000000    4.7959479718e-04
 220.0000000000    5.0180483146e-04
 220.5000000000    5.3046193513e-04
 221.0000000000    5.6681125331e-04
 221.5000000000    6.1223134795e-04
 222.0000000000    6.6824686666e-04
 222.5000000000    7.3652406836e-04
 223.0000000000    7.7414590798e-04
 223.5000000000    6.9137652882e-04
 224.0000000000    6.1552850378e-04
 224.5000000000    5.4881596376e-04
 225.0000000000    4.9358614950e-04
 225.5000000000    4.5233113143e-04
 226.0000000000    4.2771498298e-04
 226.5000000000    4.2257737238e-04
 227.0000000000    4.3992478726e-04
 227.5000000000    4.8297428790e-04
 228.0000000000    5.5505124630e-04
 228.5000000000    6.5957953705e-04
 229.0000000000    7.8888485130e-04
 229.5000000000    6.4505789524e-04
 230.0000000000    5.3340755262e-04
 230.5000000000    4.5823281492e-04
 231.0000000000    4.2401931747e-04
 231.5000000000    4.3540454727e-04
 232.0000000000    4.9728491420e-04
 232.5000000000    6.1466242702e-04
 233.0000000000    7.9250599263e-04
 233.5000000000    6.1004425710e-04
 234.0000000000    4.8563612732e-04
 234.5000000000    4.2680468140e-04
 235.0000000000    4.3972993274e-04
 235.5000000000    5.3083471007e-04
 236.0000000000    7.0650375301e-04
 236.5000000000    6.4629021786e-04
 237.0000000000    4.8859144013e-04
 237.5000000000    4.2432022381e-04
 238.0000000000    4.6124619876e-04
 238.5000000000    6.0739288345e-04
 239.0000000000    7.1938365189e-04
 239.5000000000    5.1156539450e-04
 240.0000000000    4.2545113317e-04
 240.5000000000    4.7010088766e-04
 241.0000000000    6.5472918228e-04
 241.5000000000    6.3427035163e-04
 242.0000000000    4.5621327388e-04
 242.5000000000    4.3498919013e-04
 243.0000000000    5.8146583567e-04
 243.5000000000    6.8877300592e-04
 244.0000000000    4.6764738417e-04
 244.5000000000    4.3497775811e-04
 245.0000000000    6.0275307133e-04
 245.5000000000    6.3570750434e-04
 246.0000000000    4.4040873835e-04
 246.5000000000    4.7030566094e-04
 247.0000000000    7.3882239825e-04
 247.5000000000    5.0903170149e-04
 248.0000000000    4.2999518944e-04
 248.5000000000    6.1960338301e-04
 249.0000000000    5.7421760291e-04
 249.5000000000    4.2508425959e-04
 250.0000000000    5.7797873605e-04
 250.5000000000    5.9518478607e-04
 251.0000000000    4.2537621985e-04
 251.5000000000    5.9531126537e-04
 252.0000000000    5.5906570655e-04
 252.5000000000    4.3016298075e-04
 253.0000000000    6.8300128730e-04
 253.5000000000    4.8521288592e-04
 254.0000000000    4.7165755071e-04
 254.5000000000    6.9615143238e-04
 255.0000000000    4.2812225605e-04
 255.5000000000    6.1863994674e-04
 256.0000000000    4.9730887699e-04
 256.5000000000    4.8172504678e-04
 257.0000000000    6.3011381760e-04
 257.5000000000    4.3146017660e-04
 258.0000000000    7.8311763178e-04
 258.5000000000    4.3033752631e-04
 259.0000000000    6.6609762691e-04
 259.5000000000    4.4859445185e-04
 260.0000000000    6.0424346399e-04
 260.5000000000    4.6499332543e-04
 261.0000000000    5.8232563737e-04
 261.5000000000    4.6743949000e-04
 262.0000000000    5.9474039729e-04
 262.5000000000    4.5413532916e-04
 263.0000000000    6.4624731133e-04
 263.5000000000    4.3466437721e-04
 264.0000000000    7.5282748008e-04
 264.5000000000    4.3055325932e-04
 265.0000000000    6.4709680171e-04
 265.5000000000    4.7631487967e-04
 266.0000000000    5.0185482532e-04
 266.5000000000    6.2106088379e-04
 267.0000000000    4.2979948967e-04
 267.5000000000    6.5451914143e-04
 268.0000000000    5.0296366332e-04
 268.5000000000    4.5291542571e-04
 269.0000000000    7.4681330197e-04
 269.5000000000    4.7881676836e-04
 270.0000000000    4.5623847347e-04
 270.5000000000    7.1130181923e-04
 271.0000000000    5.1690251663e-04
 271.5000000000    4.3274184481e-04
 272.0000000000    5.6743363770e-04
 272.5000000000    6.7654948360e-04
 273.0000000000    4.7204117815e-04
 273.5000000000    4.3726678877e-04
 274.0000000000    5.4629601264e-04
 274.5000000000    7.7366900040e-04
 275.0000000000    5.5930473227e-04
 275.5000000000    4.5309763727e-04
 276.0000000000    4.3510159741e-04
 276.5000000000    4.8528945755e-04
 277.0000000000    5.8502611587e-04
 277.5000000000    7.1677747965e-04
 278.0000000000    6.9070432956e-04
 278.5000000000    5.9527335586e-04
 279.0000000000    5.3377710073e-04
 279.5000000000    4.9644201409e-04
 280.0000000000    4.7558826418e-04
 280.5000000000    4.6580035639e-04
 281.0000000000    4.6403632174e-04
 281.5000000000    4.6976443130e-04
 282.0000000000    4.8513948960e-04
 282.5000000000    5.1517761574e-04
 283.0000000000    5.6791191447e-04
 283.5000000000    6.5455827698e-04
 284.0000000000    7.4392151685e-04
 284.5000000000    5.9770636168e-04
 285.0000000000    4.8707468406e-04
 285.5000000000    4.3810191077e-04
 286.0000000000    4.8099581455e-04
 286.5000000000    6.5054754919e-04
 287.0000000000    5.9769043566e-04
 287.5000000000    4.4699019303e-04
 288.0000000000    5.0112176529e-04
 288.5000000000    7.1223981913e-04
 289.0000000000    4.5573810982e-04
 289.5000000000    5.3199369266e-04
 290.0000000000    5.7863707942e-04
 290.5000000000    4.5604131021e-04
 291.0000000000    6.7662841006e-04
 291.5000000000    4.4805957621e-04
 292.0000000000    6.5260019918e-04
 292.5000000000    4.7274032400e-04
 293.0000000000    5.2481847228e-04
 293.5000000000    6.1879992145e-04
 294.0000000000    4.4718513876e-04
 294.5000000000    5.2870472154e-04
 295.0000000000    7.2980382705e-04
 295.5000000000    5.3045648041e-04
 296.0000000000    4.5601159213e-04
 296.5000000000    4.5205222230e-04
 297.0000000000    4.7539059604e-04
 297.5000000000    4.9570951282e-04
 298.0000000000    4.9679442886e-04
 298.5000000000    4.7801629584e-04
 299.0000000000    4.5564794163e-04
 299.5000000000    4.6383552864e-04
 300.0000000000    5.5555185671e-04
 300.5000000000    6.9082842209e-04
 301.0000000000    4.7873286950e-04
 301.5000000000    5.1547101480e-04
 302.0000000000    5.9766346150e-04
 302.5000000000    4.7901453391e-04
 303.0000000000    5.8087058050e-04
 303.5000000000    5.4276653790e-04
 304.0000000000    4.6905585178e-04
 304.5000000000    6.1048267761e-04
 305.0000000000    6.3336351323e-04
 305.5000000000    5.0955683645e-04
 306.0000000000    4.6996529328e-04
 306.5000000000    4.7823393647e-04
 307.0000000000    5.1875804309e-04
 307.5000000000    5.9729453702e-04
 308.0000000000    7.1819537461e-04
 308.5000000000    5.3979445049e-04
 309.0000000000    4.8167356820e-04
 309.5000000000    6.5569433843e-04
 310.0000000000    5.5470895794e-04
 310.5000000000    5.2845786159e-04
 311.0000000000    7.2471505953e-04
 311.5000000000    4.7983710507e-04
 312.0000000000    4.7631951744e-04
 312.5000000000    6.4445473987e-04
 313.0000000000    4.9185878045e-04
 313.5000000000    5.1768838537e-04
 314.0000000000    7.4411081777e-04
 314.5000000000    5.6387843309e-04
 315.0000000000    5.5192269503e-04
 315.5000000000    6.1431515864e-04
 316.0000000000    8.1864509403e-04
 316.5000000000    6.1127580373e-04
 317.0000000000    7.6652999433e-04
 317.5000000000    6.1606950604e-04
 318.0000000000    4.8598573584e-04
 318.5000000000    3.1291353706e-04
 319.0000000000    2.3145389501e-04
 319.5000000000    1.9782605950e-04
 320.0000000000    1.8694978968e-04
 320.5000000000    1.8564135006e-04
 321.0000000000    1.8755156213e-04
 321.5000000000    1.8994450571e-04
 322.0000000000    1.9184744974e-04
 322.5000000000    1.9306787433e-04
 323.0000000000    1.9370727488e-04
 323.5000000000    1.9394019883e-04
 324.0000000000    1.9392647424e-04
 324.5000000000    1.9378568600e-04
 325.0000000000    1.9359768309e-04
 325.5000000000    1.9341186957e-04
 326.0000000000    1.9325750148e-04
 326.5000000000    1.9315187803e-04
 327.0000000000    1.9310585992e-04
 327.5000000000    1.9312707088e-04
 328.0000000000    1.9322121191e-04
 328.5000000000    1.9339208086e-04
 329.0000000000    1.9364101536e-04
 329.5000000000    1.9396619057e-04
 330.0000000000    1.9436205816e-04
 330.5000000000    1.9481911156e-04
 331.0000000000    1.9532403722e-04
 331.5000000000    1.9586036197e-04
 332.0000000000    1.9640946387e-04
 332.5000000000    1.9695168750e-04
 333.0000000000    1.9746758301e-04
 333.5000000000    1.9793922270e-04
 334.0000000000    1.9835128085e-04
 334.5000000000    1.9869182544e-04
 335.0000000000    1.9895288401e-04
 335.5000000000    1.9913066176e-04
 336.0000000000    1.9922535831e-04
 336.5000000000    1.9924079428e-04
 337.0000000000    1.9918388098e-04
 337.5000000000    1.9906391468e-04
 338.0000000000    1.9889181486e-04
 338.5000000000    1.9867936492e-04
 339.0000000000    1.9843848033e-04
 339.5000000000    1.9818059421e-04
 340.0000000000    1.9791619265e-04
 340.5000000000    1.9765452443e-04
 341.0000000000    1.9740345079e-04
 341.5000000000    1.9716942655e-04
 342.0000000000    1.9695759822e-04
 342.5000000000    1.9677195136e-04
 343.0000000000    1.9661549125e-04
 343.5000000000    1.9649038730e-04
 344.0000000000    1.9639804908e-04
 344.5000000000    1.9633917844e-04
 345.0000000000    1.9631378516e-04
 345.5000000000    1.9632118264e-04
 346.0000000000    1.9635998614e-04
 346.5000000000    1.9642821138e-04
 347.0000000000    1.9652340204e-04
 347.5000000000    1.9664271932e-04
 348.0000000000    1.9678304013e-04
 348.5000000000    1.9694101140e-04
 349.0000000000    1.9711307479e-04
 349.5000000000    1.9729551536e-04
 350.0000000000    1.9748451003e-04
 350.5000000000    1.9767615667e-04
 351.0000000000    1.9786655378e-04
 351.5000000000    1.9805192087e-04
 352.0000000000    1.9822870960e-04
 352.5000000000    1.9839371004e-04
 353.0000000000    1.9854419307e-04
 353.5000000000    1.9867800899e-04
 354.0000000000    1.9879361840e-04
 354.5000000000    1.9889008136e-04
 355.0000000000    1.9896698542e-04
 355.5000000000    1.9902437030e-04
 356.0000000000    1.9906276504e-04
 356.5000000000    1.9908328116e-04
 357.0000000000    1.9908761790e-04
 357.5000000000    1.9907796471e-04
 358.0000000000    1.9905681170e-04
 358.5000000000    1.9902667471e-04
 359.0000000000    1.9898990806e-04
 359.5000000000    1.9894869299e-04
 360.0000000000    1.9890511913e-04
 360.5000000000    1.9886128332e-04
 361.0000000000    1.9881930902e-04
 361.5000000000    1.9878117525e-04
 362.0000000000    1.9874847986e-04
 362.5000000000    1.9872233224e-04
 363.0000000000    1.9870344311e-04
 363.5000000000    1.9869232269e-04
 364.0000000000    1.9868944660e-04
 364.5000000000    1.9869524983e-04
 365.0000000000    1.9870995079e-04
 365.5000000000    1.9873339864e-04
 366.0000000000    1.9876508673e-04
 366.5000000000    1.9880431074e-04
 367.0000000000    1.9885033071e-04
 367.5000000000    1.9890243321e-04
 368.0000000000    1.9895986374e-04
 368.5000000000    1.9902173085e-04
 369.0000000000    1.9908701494e-04
 369.5000000000    1.9915465461e-04
 370.0000000000    1.9922358282e-04
 370.5000000000    1.9929276639e-04
 371.0000000000    1.9936128219e-04
 371.5000000000    1.9942830067e-04
 372.0000000000    1.9949298070e-04
 372.5000000000    1.9955447802e-04
 373.0000000000    1.9961206892e-04
 373.5000000000    1.9966519937e-04
 374.0000000000    1.9971345475e-04
 374.5000000000    1.9975662313e-04
 375.0000000000    1.9979474495e-04
 375.5000000000    1.9982805127e-04
 376.0000000000    1.9985694974e-04
 376.5000000000    1.9988205942e-04
 377.0000000000    1.9990407605e-04
 377.5000000000    1.9992359546e-04
 378.0000000000    1.9994108788e-04
 378.5000000000    1.9995683237e-04
 379.0000000000    1.9997079177e-04
 379.5000000000    1.9998265074e-04
 380.0000000000    1.9999190795e-04
 380.5000000000    1.9999793429e-04
 381.0000000000    2.0000011025e-04
 381.5000000000    1.9999805780e-04
 382.0000000000    1.9999183061e-04
 382.5000000000    1.9998206588e-04
 383.0000000000    1.9997014148e-04
 383.5000000000    1.9995812688e-04
 384.0000000000    1.9994852781e-04
 384.5000000000    1.9994401539e-04
 385.0000000000    1.9994710508e-04
 385.5000000000    1.9995972846e-04
 386.0000000000    1.9998296581e-04
 386.5000000000    2.0001696494e-04
 387.0000000000    2.0006081831e-04
 387.5000000000    2.0011256869e-04
 388.0000000000    2.0016951828e-04
 388.5000000000    2.0022860054e-04
 389.0000000000    2.0028675395e-04
 389.5000000000    2.0034143744e-04
 390.0000000000    2.0039103398e-04
 390.5000000000    2.0043491863e-04
 391.0000000000    2.0047337802e-04
 391.5000000000    2.0050746726e-04
 392.0000000000    2.0053871043e-04
 392.5000000000    2.0056872593e-04
 393.0000000000    2.0059889607e-04
 393.5000000000    2.0063009673e-04
 394.0000000000    2.0066254726e-04
 394.5000000000    2.0069580593e-04
 395.0000000000    2.0072891383e-04
 395.5000000000    2.0076066274e-04
 396.0000000000    2.0078990098e-04
 396.5000000000    2.0081577153e-04
 397.0000000000    2.0083788390e-04
 397.5000000000    2.0085640010e-04
 398.0000000000    2.0087197210e-04
 398.5000000000    2.0088559074e-04
 399.0000000000    2.0089838692e-04
 399.5000000000    2.0091138875e-04
 400.0000000000    2.0092532920e-04
 400.5000000000    2.0094056033e-04
 401.0000000000    2.0095708112e-04
 401.5000000000    2.0097462332e-04
 402.0000000000    2.0099276702e-04
 402.5000000000    2.0101110149e-04
 403.0000000000    2.0102934610e-04
 403.5000000000    2.0104741669e-04
 404.0000000000    2.0106543289e-04
 404.5000000000    2.0108368556e-04
 405.0000000000    2.0110257711e-04
 405.5000000000    2.0112253540e-04
 406.0000000000    2.0114388161e-04
 406.5000000000    2.0116673981e-04
 407.0000000000    2.0119102429e-04
 407.5000000000    2.0121643991e-04
 408.0000000000    2.0124254724e-04
 408.5000000000    2.0126887096e-04
 409.0000000000    2.0129493965e-04
 409.5000000000    2.0132030169e-04
 410.0000000000    2.0134458415e-04
 410.5000000000    2.0136755323e-04
 411.0000000000    2.0138913354e-04
 411.5000000000    2.0140940249e-04
 412.0000000000    2.0142854823e-04
 412.5000000000    2.0144685222e-04
 413.0000000000    2.0146465747e-04
 413.5000000000    2.0148231306e-04
 414.0000000000    2.0150012235e-04
 414.5000000000    2.0151829831e-04
 415.0000000000    2.0153694522e-04
 415.5000000000    2.0155608462e-04
 416.0000000000    2.0157566880e-04
 416.5000000000    2.0159558055e-04
 417.0000000000    2.0161567806e-04
 417.5000000000    2.0163585363e-04
 418.0000000000    2.0165606358e-04
 418.5000000000    2.0167631994e-04
 419.0000000000    2.0169666356e-04
 419.5000000000    2.0171715862e-04
 420.0000000000    2.0173790503e-04
 420.5000000000    2.0175897914e-04
 421.0000000000    2.0178035982e-04
 421.5000000000    2.0180196025e-04
 422.0000000000    2.0182367732e-04
 422.5000000000    2.0184535142e-04
 423.0000000000    2.0186676389e-04
 423.5000000000    2.0188774373e-04
 424.0000000000    2.0190822652e-04
 424.5000000000    2.0192821336e-04
 425.0000000000    2.0194774861e-04
 425.5000000000    2.0196694387e-04
 426.0000000000    2.0198596356e-04
 426.5000000000    2.0200497145e-04
 427.0000000000    2.0202409113e-04
 427.5000000000    2.0204341025e-04
 428.0000000000    2.0206298987e-04
 428.5000000000    2.0208282864e-04
 429.0000000000    2.0210284812e-04
 429.5000000000    2.0212294676e-04
 430.0000000000    2.0214301259e-04
 430.5000000000    2.0216290705e-04
 431.0000000000    2.0218251696e-04
 431.5000000000    2.0220179341e-04
 432.0000000000    2.0222072407e-04
 432.5000000000    2.0223933160e-04
 433.0000000000    2.0225768049e-04
 433.5000000000    2.0227584596e-04
 434.0000000000    2.0229390679e-04
 434.5000000000    2.0231195239e-04
 435.0000000000    2.0233005472e-04
 435.5000000000    2.0234825505e-04
 436.0000000000    2.0236656966e-04
 436.5000000000    2.0238497087e-04
 437.0000000000    2.0240337242e-04
 437.5000000000    2.0242165238e-04
 438.0000000000    2.0243623792e-04
 438.5000000000    2.0245030994e-04
 439.0000000000    2.0246400452e-04
 439.5000000000    2.0247732328e-04
 440.0000000000    2.0249030399e-04
 440.5000000000    2.0250301357e-04
 441.0000000000    2.0251556116e-04
 441.5000000000    2.0252809630e-04
 442.0000000000    2.0254076534e-04
 442.5000000000    2.0255368392e-04
 443.0000000000    2.0256694046e-04
 443.5000000000    2.0258058249e-04
 444.0000000000    2.0259459285e-04
 444.5000000000    2.0260890768e-04
 445.0000000000    2.0262344804e-04
 445.5000000000    2.0263812791e-04
 446.0000000000    2.0265284419e-04
 446.5000000000    2.0266748920e-04
 447.0000000000    2.0268196891e-04
 447.5000000000    2.0269619378e-04
 448.0000000000    2.0271009079e-04
 448.5000000000    2.0272364215e-04
 449.0000000000    2.0273689532e-04
 449.5000000000    2.0274995013e-04
 450.0000000000    2.0276293914e-04
 450.5000000000    2.0277598948e-04
 451.0000000000    2.0278918452e-04
 451.5000000000    2.0280254876e-04
 452.0000000000    2.0281604424e-04
 452.5000000000    2.0282958411e-04
 453.0000000000    2.0284305758e-04
 453.5000000000    2.0285634918e-04
 454.0000000000    2.0286934564e-04
 454.5000000000    2.0288194478e-04
 455.0000000000    2.0289406267e-04
 455.5000000000    2.0290563560e-04
 456.0000000000    2.0291662946e-04
 456.5000000000    2.0292706359e-04
 457.0000000000    2.0293702788e-04
 457.5000000000    2.0294667919e-04
 458.0000000000    2.0295622120e-04
 458.5000000000    2.0296587715e-04
 459.0000000000    2.0297585294e-04
 459.5000000000    2.0298630653e-04
 460.0000000000    2.0299734884e-04
 460.5000000000    2.0300906165e-04
 461.0000000000    2.0302151563e-04
 461.5000000000    2.0303477651e-04
 462.0000000000    2.0304889053e-04
 462.5000000000    2.0306386400e-04
 463.0000000000    2.0307965508e-04
 463.5000000000    2.0309617693e-04
 464.0000000000    2.0311331098e-04
 464.5000000000    2.0313091981e-04
 465.0000000000    2.0314885926e-04
 465.5000000000    2.0316697922e-04
 466.0000000000    2.0318511055e-04
 466.5000000000    2.0320305505e-04
 467.0000000000    2.0322058737e-04
 467.5000000000    2.0323745176e-04
 468.0000000000    2.0325335122e-04
 468.5000000000    2.0326794931e-04
 469.0000000000    2.0328088457e-04
 469.5000000000    2.0329178225e-04
 470.0000000000    2.0330027769e-04
 470.5000000000    2.0330605911e-04
 471.0000000000    2.0330889835e-04
 471.5000000000    2.0330865524e-04
 472.0000000000    2.0330529216e-04
 472.5000000000    2.0329888839e-04
 473.0000000000    2.0328962245e-04
 473.5000000000    2.0327773682e-04
 474.0000000000    2.0326350103e-04
 474.5000000000    2.0324714315e-04
 475.0000000000    2.0322876663e-04
 475.5000000000    2.0320829783e-04
 476.0000000000    2.0318549355e-04
 476.5000000000    2.0316000276e-04
 477.0000000000    2.0313150092e-04
 477.5000000000    2.0309988945e-04
 478.0000000000    2.0306551865e-04
 478.5000000000    2.0302941380e-04
 479.0000000000    2.0299345011e-04
 479.5000000000    2.0296044822e-04
 480.0000000000    2.0293413111e-04
 480.5000000000    2.0291891611e-04
 481.0000000000    2.0291954626e-04
 481.5000000000    2.0294057343e-04
 482.0000000000    2.0298576061e-04
 482.5000000000    2.0305747598e-04
 483.0000000000    2.0315617672e-04
 483.5000000000    2.0328007060e-04
 484.0000000000    2.0342502350e-04
 484.5000000000    2.0358474637e-04
 485.0000000000    2.0375125099e-04
 485.5000000000    2.0391553560e-04
 486.0000000000    2.0406842768e-04
 486.5000000000    2.0420146361e-04
 487.0000000000    2.0430770935e-04
 487.5000000000    2.0438242812e-04
 488.0000000000    2.0442352019e-04
 488.5000000000    2.0443162273e-04
 489.0000000000    2.0440991359e-04
 489.5000000000    2.0436365189e-04
 490.0000000000    2.0429947307e-04
 490.5000000000    2.0422455375e-04
 491.0000000000    2.0414578518e-04
 491.5000000000    2.0406907671e-04
 492.0000000000    2.0399885255e-04
 492.5000000000    2.0393779335e-04
 493.0000000000    2.0388687720e-04
 493.5000000000    2.0384568965e-04
 494.0000000000    2.0381289817e-04
 494.5000000000    2.0378676518e-04
 495.0000000000    2.0376563406e-04
 495.5000000000    2.0374830045e-04
 496.0000000000    2.0373417630e-04
 496.5000000000    2.0372324748e-04
 497.0000000000    2.0371591068e-04
 497.5000000000    2.0371274842e-04
 498.0000000000    2.0371426487e-04
 498.5000000000    2.0372064099e-04
 499.0000000000    2.0373162598e-04
 499.5000000000    2.0374652273e-04
 500.0000000000    2.0376423681e-04
 500.5000000000    2.0378341200e-04
 501.0000000000    2.0380268411e-04
 501.5000000000    2.0382093261e-04
 502.0000000000    2.0383745512e-04
 502.5000000000    2.0385208252e-04
 503.0000000000    2.0386519486e-04
 503.5000000000    2.0387760403e-04
 504.0000000000    2.0389032979e-04
 504.5000000000    2.0390438821e-04
 505.0000000000    2.0392060234e-04
 505.5000000000    2.0393944301e-04
 506.0000000000    2.0396093893e-04
 506.5000000000    2.0398466241e-04
 507.0000000000    2.0400974459e-04
 507.5000000000    2.0403491419e-04
 508.0000000000    2.0405860411e-04
 508.5000000000    2.0407914340e-04
 509.0000000000    2.0409499398e-04
 509.5000000000    2.0410502272e-04
 510.0000000000    2.0410875167e-04
 510.5000000000    2.0410649048e-04
 511.0000000000    2.0409931168e-04
 511.5000000000    2.0408887239e-04
 512.0000000000    2.0407714788e-04
 512.5000000000    2.0406612250e-04
 513.0000000000    2.0405752170e-04
 513.5000000000    2.0405263947e-04
 514.0000000000    2.0405223654e-04
 514.5000000000    2.0405648438e-04
 515.0000000000    2.0406498945e-04
 515.5000000000    2.0407690247e-04
 516.0000000000    2.0409106981e-04
 516.5000000000    2.0410624439e-04
 517.0000000000    2.0412133227e-04
 517.5000000000    2.0413561561e-04
 518.0000000000    2.0414884736e-04
 518.5000000000    2.0416121803e-04
 519.0000000000    2.0417321316e-04
 519.5000000000    2.0418537549e-04
 520.0000000000    2.0419808010e-04
 520.5000000000    2.0421139826e-04
 521.0000000000    2.0422510061e-04
 521.5000000000    2.0423875088e-04
 522.0000000000    2.0425185486e-04
 522.5000000000    2.0426399854e-04
 523.0000000000    2.0427494496e-04
 523.5000000000    2.0428466736e-04
 524.0000000000    2.0429332825e-04
 524.5000000000    2.0430123597e-04
 525.0000000000    2.0430878354e-04
 525.5000000000    2.0431638983e-04
 526.0000000000    2.0432443927e-04
 526.5000000000    2.0433321925e-04
 527.0000000000    2.0434286354e-04
 527.5000000000    2.0435332746e-04
 528.0000000000    2.0436442060e-04
 528.5000000000    2.0437587095e-04
 529.0000000000    2.0438739237e-04
 529.5000000000    2.0439872607e-04
 530.0000000000    2.0440965469e-04
 530.5000000000    2.0442000547e-04
 531.0000000000    2.0442963406e-04
 531.5000000000    2.0443839613e-04
 532.0000000000    2.0444615492e-04
 532.5000000000    2.0445283210e-04
 533.0000000000    2.0445843775e-04
 533.5000000000    2.0446305056e-04
 534.0000000000    2.0446683299e-04
 534.5000000000    2.0447005197e-04
 535.0000000000    2.0447303718e-04
 535.5000000000    2.0447611385e-04
 536.0000000000    2.0447956008e-04
 536.5000000000    2.0448359471e-04
 537.0000000000    2.0448834372e-04
 537.5000000000    2.0449382385e-04
 538.0000000000    2.0449999483e-04
 538.5000000000    2.0450681864e-04
 539.0000000000    2.0451426924e-04
 539.5000000000    2.0452232980e-04
 540.0000000000    2.0453102730e-04
 540.5000000000    2.0454041760e-04
 541.0000000000    2.0455055395e-04
 541.5000000000    2.0456147583e-04
 542.0000000000    2.0457316029e-04
 542.5000000000    2.0458543350e-04
 543.0000000000    2.0459790429e-04
 543.5000000000    2.0460994893e-04
 544.0000000000    2.0462072419e-04
 544.5000000000    2.0462924108e-04
 545.0000000000    2.0463453941e-04
 545.5000000000    2.0463587956e-04
 546.0000000000    2.0463290053e-04
 546.5000000000    2.0462579081e-04
 547.0000000000    2.0461543254e-04
 547.5000000000    2.0460340973e-04
 548.0000000000    2.0459192968e-04
 548.5000000000    2.0458365498e-04
 549.0000000000    2.0458139739e-04
 549.5000000000    2.0458772080e-04
 550.0000000000    2.0460454896e-04
 550.5000000000    2.0463280151e-04
 551.0000000000    2.0467212853e-04
 551.5000000000    2.0472082534e-04
 552.0000000000    2.0477596289e-04
 552.5000000000    2.0483371858e-04
 553.0000000000    2.0488985663e-04
 553.5000000000    2.0494031888e-04
 554.0000000000    2.0498176034e-04
 554.5000000000    2.0501196314e-04
 555.0000000000    2.0503006272e-04
 555.5000000000    2.0503656460e-04
 556.0000000000    2.0503312857e-04
 556.5000000000    2.0502219265e-04
 557.0000000000    2.0500652765e-04
 557.5000000000    2.0498874819e-04
 558.0000000000    2.0497088896e-04
 558.5000000000    2.0495416455e-04
 559.0000000000    2.0493893528e-04
 559.5000000000    2.0492490191e-04
 560.0000000000    2.0491144560e-04
 560.5000000000    2.0489802296e-04
 561.0000000000    2.0488447210e-04
 561.5000000000    2.0487114017e-04
 562.0000000000    2.0485880930e-04
 562.5000000000    2.0484846532e-04
 563.0000000000    2.0484098606e-04
 563.5000000000    2.0483688913e-04
 564.0000000000    2.0483617752e-04
 564.5000000000    2.0483833512e-04
 565.0000000000    2.0484245036e-04
 565.5000000000    2.0484743234e-04
 566.0000000000    2.0485226816e-04
 566.5000000000    2.0485626389e-04
 567.0000000000    2.0485920542e-04
 567.5000000000    2.0486140036e-04
 568.0000000000    2.0486356327e-04
 568.5000000000    2.0486661134e-04
 569.0000000000    2.0487138222e-04
 569.5000000000    2.0487839659e-04
 570.0000000000    2.0488773708e-04
 570.5000000000    2.0489905288e-04
 571.0000000000    2.0491167406e-04
 571.5000000000    2.0492478139e-04
 572.0000000000    2.0493757001e-04
 572.5000000000    2.0494937284e-04
 573.0000000000    2.0495972056e-04
 573.5000000000    2.0496836653e-04
 574.0000000000    2.0497528834e-04
 574.5000000000    2.0498065981e-04
 575.0000000000    2.0498480976e-04
 575.5000000000    2.0498815385e-04
 576.0000000000    2.0499112251e-04
 576.5000000000    2.0499408531e-04
 577.0000000000    2.0499731133e-04
 577.5000000000    2.0500095265e-04
 578.0000000000    2.0500505309e-04
 578.5000000000    2.0500955476e-04
 579.0000000000    2.0501431233e-04
 579.5000000000    2.0501911951e-04
 580.0000000000    2.0502374960e-04
 580.5000000000    2.0502800989e-04
 581.0000000000    2.0503180923e-04
 581.5000000000    2.0503517629e-04
 582.0000000000    2.0503824385e-04
 582.5000000000    2.0504120919e-04
 583.0000000000    2.0504426727e-04
 583.5000000000    2.0504756916e-04
 584.0000000000    2.0505120578e-04
 584.5000000000    2.0505519904e-04
 585.0000000000    2.0505951409e-04
 585.5000000000    2.0506406520e-04
 586.0000000000    2.0506873779e-04
 586.5000000000    2.0507341447e-04
 587.0000000000    2.0507800443e-04
 587.5000000000    2.0508246367e-04
 588.0000000000    2.0508680078e-04
 588.5000000000    2.0509106395e-04
 589.0000000000    2.0509532301e-04
 589.5000000000    2.0509964631e-04
 590.0000000000    2.0510408615e-04
 590.5000000000    2.0510867142e-04
 591.0000000000    2.0511340446e-04
 591.5000000000    2.0511826706e-04
 592.0000000000    2.0512322817e-04
 592.5000000000    2.0512826196e-04
 593.0000000000    2.0513335749e-04
 593.5000000000    2.0513851078e-04
 594.0000000000    2.0514373320e-04
 594.5000000000    2.0514903708e-04
 595.0000000000    2.0515442982e-04
 595.5000000000    2.0515991111e-04
 596.0000000000    2.0516546983e-04
 596.5000000000    2.0517109127e-04
 597.0000000000    2.0517676687e-04
 597.5000000000    2.0518248781e-04
 598.0000000000    2.0518825113e-04
 598.5000000000    2.0519404589e-04
 599.0000000000    2.0519985212e-04
 599.5000000000    2.0520564207e-04
 600.0000000000    2.0521138036e-04
 600.5000000000    2.0521702332e-04
 601.0000000000    2.0522252091e-04
 601.5000000000    2.0522782181e-04
 602.0000000000    2.0523286939e-04
 602.5000000000    2.0523760423e-04
 603.0000000000    2.0524197409e-04
 603.5000000000    2.0524592607e-04
 604.0000000000    2.0524940070e-04
 604.5000000000    2.0525234893e-04
 605.0000000000    2.0525472540e-04
 605.5000000000    2.0525650286e-04
 606.0000000000    2.0525770362e-04
 606.5000000000    2.0525842868e-04
 607.0000000000    2.0525888384e-04
 607.5000000000    2.0525941301e-04
 608.0000000000    2.0526052720e-04
 608.5000000000    2.0526291373e-04
 609.0000000000    2.0526743186e-04
 609.5000000000    2.0527507390e-04
 610.0000000000    2.0528688155e-04
 610.5000000000    2.0530384062e-04
 611.0000000000    2.0532674882e-04
 611.5000000000    2.0535606066e-04
 612.0000000000    2.0539175330e-04
 612.5000000000    2.0543321813e-04
 613.0000000000    2.0547916576e-04
 613.5000000000    2.0552760965e-04
 614.0000000000    2.0557591958e-04
 614.5000000000    2.0562097390e-04
 615.0000000000    2.0565939482e-04
 615.5000000000    2.0568784553e-04
 616.0000000000    2.0570335949e-04
 616.5000000000    2.0570364338e-04
 617.0000000000    2.0568732832e-04
 617.5000000000    2.0565415918e-04
 618.0000000000    2.0560508057e-04
 618.5000000000    2.0554221770e-04
 619.0000000000    2.0546874069e-04
 619.5000000000    2.0538859123e-04
 620.0000000000    2.0530612038e-04
 620.5000000000    2.0522568830e-04
 621.0000000000    2.0515128173e-04
 621.5000000000    2.0508621728e-04
 622.0000000000    2.0503294797e-04
 622.5000000000    2.0499298195e-04
 623.0000000000    2.0496690305e-04
 623.5000000000    2.0495447314e-04
 624.0000000000    2.0495479030e-04
 624.5000000000    2.0496647982e-04
 625.0000000000    2.0498788360e-04
 625.5000000000    2.0501720385e-04
 626.0000000000    2.0505260373e-04
 626.5000000000    2.0509227403e-04
 627.0000000000    2.0513447722e-04
 627.5000000000    2.0517759499e-04
 628.0000000000    2.0522017851e-04
 628.5000000000    2.0526098459e-04
 629.0000000000    2.0529902738e-04
 629.5000000000    2.0533360819e-04
 630.0000000000    2.0536434023e-04
 630.5000000000    2.0539116254e-04
 631.0000000000    2.0541430314e-04
 631.5000000000    2.0543422229e-04
 632.0000000000    2.0545150480e-04
 632.5000000000    2.0546674794e-04
 633.0000000000    2.0548047133e-04
 633.5000000000    2.0549303551e-04
 634.0000000000    2.0550459173e-04
 634.5000000000    2.0551508056e-04
 635.0000000000    2.0552424136e-04
 635.5000000000    2.0553166839e-04
 636.0000000000    2.0553689368e-04
 636.5000000000    2.0553950107e-04
 637.0000000000    2.0553923595e-04
 637.5000000000    2.0553610737e-04
 638.0000000000    2.0553047256e-04
 638.5000000000    2.0552309581e-04
 639.0000000000    2.0551516519e-04
 639.5000000000    2.0550826903e-04
 640.0000000000    2.0550430095e-04
 640.5000000000    2.0550529202e-04
 641.0000000000    2.0551319677e-04
 641.5000000000    2.0552963627e-04
 642.0000000000    2.0555562658e-04
 642.5000000000    2.0559134744e-04
 643.0000000000    2.0563595041e-04
 643.5000000000    2.0568745771e-04
 644.0000000000    2.0574280501e-04
 644.5000000000    2.0579801552e-04
 645.0000000000    2.0584851467e-04
 645.5000000000    2.0588955721e-04
 646.0000000000    2.0591671067e-04
 646.5000000000    2.0592633774e-04
 647.0000000000    2.0591600497e-04
 647.5000000000    2.0588480472e-04
 648.0000000000    2.0583351425e-04
 648.5000000000    2.0576458388e-04
 649.0000000000    2.0568193102e-04
 649.5000000000    2.0559057317e-04
 650.0000000000    2.0549613200e-04
 650.5000000000    2.0540427096e-04
 651.0000000000    2.0532013681e-04
 651.5000000000    2.0524791657e-04
 652.0000000000    2.0519053177e-04
 652.5000000000    2.0514950931e-04
 653.0000000000    2.0512504950e-04
 653.5000000000    2.0511623866e-04
 654.0000000000    2.0512132771e-04
 654.5000000000    2.0513803431e-04
 655.0000000000    2.0516383831e-04
 655.5000000000    2.0519620229e-04
 656.0000000000    2.0523272163e-04
 656.5000000000    2.0527121244e-04
 657.0000000000    2.0530975483e-04
 657.5000000000    2.0534670431e-04
 658.0000000000    2.0538070415e-04
 658.5000000000    2.0541070493e-04
 659.0000000000    2.0543599049e-04
 659.5000000000    2.0545619407e-04
 660.0000000000    2.0547131130e-04
 660.5000000000    2.0548168430e-04
 661.0000000000    2.0548794450e-04
 661.5000000000    2.0549092262e-04
 662.0000000000    2.0549154461e-04
 662.5000000000    2.0549072064e-04
 663.0000000000    2.0548925662e-04
 663.5000000000    2.0548780396e-04
 664.0000000000    2.0548684268e-04
 664.5000000000    2.0548669558e-04
 665.0000000000    2.0548756872e-04
 665.5000000000    2.0548959363e-04
 666.0000000000    2.0549286707e-04
 666.5000000000    2.0549747925e-04
 667.0000000000    2.0550351850e-04
 667.5000000000    2.0551106145e-04
 668.0000000000    2.0552014315e-04
 668.5000000000    2.0553072951e-04
 669.0000000000    2.0554268396e-04
 669.5000000000    2.0555574899e-04
 670.0000000000    2.0556953811e-04
 670.5000000000    2.0558355351e-04
 671.0000000000    2.0559721242e-04
 671.5000000000    2.0560987832e-04
 672.0000000000    2.0562091949e-04
 672.5000000000    2.0562974796e-04
 673.0000000000    2.0563586833e-04
 673.5000000000    2.0563892496e-04
 674.0000000000    2.0563872912e-04
 674.5000000000    2.0563529794e-04
 675.0000000000    2.0562885582e-04
 675.5000000000    2.0561982673e-04
 676.0000000000    2.0560879759e-04
 676.5000000000    2.0559647533e-04
 677.0000000000    2.0558362652e-04
 677.5000000000    2.0557101865e-04
 678.0000000000    2.0555935551e-04
 678.5000000000    2.0554922763e-04
 679.0000000000    2.0554108112e-04
 679.5000000000    2.0553519264e-04
 680.0000000000    2.0553165558e-04
 680.5000000000    2.0553039678e-04
 681.0000000000    2.0553119904e-04
 681.5000000000    2.0553373857e-04
 682.0000000000    2.0553763331e-04
 682.5000000000    2.0554249616e-04
 683.0000000000    2.0554797323e-04
 683.5000000000    2.0555377611e-04
 684.0000000000    2.0555969486e-04
 684.5000000000    2.0556559515e-04
 685.0000000000    2.0557140094e-04
 685.5000000000    2.0557708267e-04
 686.0000000000    2.0558263041e-04
 686.5000000000    2.0558803037e-04
 687.0000000000    2.0559323851e-04
 687.5000000000    2.0559815657e-04
 688.0000000000    2.0560262054e-04
 688.5000000000    2.0560640107e-04
 689.0000000000    2.0560922529e-04
 689.5000000000    2.0561080426e-04
 690.0000000000    2.0561086860e-04
 690.5000000000    2.0560920521e-04
 691.0000000000    2.0560568186e-04
 691.5000000000    2.0560026754e-04
 692.0000000000    2.0559303620e-04
 692.5000000000    2.0558416302e-04
 693.0000000000    2.0557391118e-04
 693.5000000000    2.0556260903e-04
 694.0000000000    2.0555062407e-04
 694.5000000000    2.0553833790e-04
 695.0000000000    2.0552612053e-04
 695.5000000000    2.0551431660e-04
 696.0000000000    2.0550323008e-04
 696.5000000000    2.0549311877e-04
 697.0000000000    2.0548419948e-04
 697.5000000000    2.0547664769e-04
 698.0000000000    2.0547060780e-04
 698.5000000000    2.0546620714e-04
 699.0000000000    2.0546355675e-04
 699.5000000000    2.0546276325e-04
 700.0000000000    2.0546391963e-04
