#          time               M_ADM
   0.0000000000    9.8326112527e-02
   0.5000000000    9.8311098431e-02
   1.0000000000    9.8274343157e-02
   1.5000000000    9.8226334534e-02
   2.0000000000    9.8175832987e-02
   2.5000000000    9.8127216054e-02
   3.0000000000    9.8081411411e-02
   3.5000000000    9.8037680561e-02
   4.0000000000    9.7994874347e-02
   4.5000000000    9.7952018531e-02
   5.0000000000    9.7908476982e-02
   5.5000000000    9.7863920877e-02
   6.0000000000    9.7818236402e-02
   6.5000000000    9.7771432760e-02
   7.0000000000    9.7723574793e-02
   7.5000000000    9.7674746018e-02
   8.0000000000    9.7625036508e-02
   8.5000000000    9.7574542810e-02
   9.0000000000    9.7523367070e-02
   9.5000000000    9.7471609590e-02
  10.0000000000    9.7419358695e-02
  10.5000000000    9.7366686084e-02
  11.0000000000    9.7313652411e-02
  11.5000000000    9.7260316913e-02
  12.0000000000    9.7206746199e-02
  12.5000000000    9.7153014045e-02
  13.0000000000    9.7099191287e-02
  13.5000000000    9.7045329645e-02
  14.0000000000    9.6991465379e-02
  14.5000000000    9.6937629450e-02
  15.0000000000    9.6883858313e-02
  15.5000000000    9.6830199523e-02
  16.0000000000    9.6776706770e-02
  16.5000000000    9.6723428966e-02
  17.0000000000    9.6670399192e-02
  17.5000000000    9.6617627105e-02
  18.0000000000    9.6565125578e-02
  18.5000000000    9.6512915574e-02
  19.0000000000    9.6461036896e-02
  19.5000000000    9.6409528199e-02
  20.0000000000    9.6358422918e-02
  20.5000000000    9.6307722377e-02
  21.0000000000    9.6257454795e-02
  21.5000000000    9.6207611401e-02
  22.0000000000    9.6158206882e-02
  22.5000000000    9.6109276904e-02
  23.0000000000    9.6060856276e-02
  23.5000000000    9.6012955388e-02
  24.0000000000    9.5965583446e-02
  24.5000000000    9.5918736546e-02
  25.0000000000    9.5872412171e-02
  25.5000000000    9.5826616845e-02
  26.0000000000    9.5781366197e-02
  26.5000000000    9.5736690316e-02
  27.0000000000    9.5692606174e-02
  27.5000000000    9.5649115407e-02
  28.0000000000    9.5606209252e-02
  28.5000000000    9.5563878426e-02
  29.0000000000    9.5522123979e-02
  29.5000000000    9.5480959287e-02
  30.0000000000    9.5440403025e-02
  30.5000000000    9.5400468063e-02
  31.0000000000    9.5361159252e-02
  31.5000000000    9.5322473313e-02
  32.0000000000    9.5284394694e-02
  32.5000000000    9.5246905379e-02
  33.0000000000    9.5210012012e-02
  33.5000000000    9.5173736528e-02
  34.0000000000    9.5138089000e-02
  34.5000000000    9.5103058580e-02
  35.0000000000    9.5068631995e-02
  35.5000000000    9.5034801573e-02
  36.0000000000    9.5001554629e-02
  36.5000000000    9.4968899435e-02
  37.0000000000    9.4936848253e-02
  37.5000000000    9.4905407221e-02
  38.0000000000    9.4874571137e-02
  38.5000000000    9.4844323606e-02
  39.0000000000    9.4814646962e-02
  39.5000000000    9.4785531958e-02
  40.0000000000    9.4756980994e-02
  40.5000000000    9.4729003215e-02
  41.0000000000    9.4701604107e-02
  41.5000000000    9.4674777337e-02
  42.0000000000    9.4648506391e-02
  42.5000000000    9.4622774123e-02
  43.0000000000    9.4597569212e-02
  43.5000000000    9.4572891009e-02
  44.0000000000    9.4548748946e-02
  44.5000000000    9.4525147837e-02
  45.0000000000    9.4502078506e-02
  45.5000000000    9.4479521351e-02
  46.0000000000    9.4457458932e-02
  46.5000000000    9.4435882950e-02
  47.0000000000    9.4414791186e-02
  47.5000000000    9.4394184373e-02
  48.0000000000    9.4374065393e-02
  48.5000000000    9.4354432909e-02
  49.0000000000    9.4335274528e-02
  49.5000000000    9.4316569066e-02
  50.0000000000    9.4298297899e-02
  50.5000000000    9.4280453968e-02
  51.0000000000    9.4263038054e-02
  51.5000000000    9.4246046311e-02
  52.0000000000    9.4229463788e-02
  52.5000000000    9.4213251339e-02
  53.0000000000    9.4197353858e-02
  53.5000000000    9.4181695162e-02
  54.0000000000    9.4166172788e-02
  54.5000000000    9.4150646373e-02
  55.0000000000    9.4134923935e-02
  55.5000000000    9.4118762976e-02
  56.0000000000    9.4101907557e-02
  56.5000000000    9.4084171697e-02
  57.0000000000    9.4065559210e-02
  57.5000000000    9.4046370686e-02
  58.0000000000    9.4027224065e-02
  58.5000000000    9.4008926122e-02
  59.0000000000    9.3992218730e-02
  59.5000000000    9.3977532506e-02
  60.0000000000    9.3964890130e-02
  60.5000000000    9.3953988849e-02
  61.0000000000    9.3944375559e-02
  61.5000000000    9.3935600886e-02
  62.0000000000    9.3927296823e-02
  62.5000000000    9.3919191968e-02
  63.0000000000    9.3911118648e-02
  63.5000000000    9.3903029047e-02
  64.0000000000    9.3894974166e-02
  64.5000000000    9.3887028535e-02
  65.0000000000    9.3879231567e-02
  65.5000000000    9.3871602005e-02
  66.0000000000    9.3864167292e-02
  66.5000000000    9.3856949621e-02
  67.0000000000    9.3849948921e-02
  67.5000000000    9.3843155962e-02
  68.0000000000    9.3836571163e-02
  68.5000000000    9.3830199905e-02
  69.0000000000    9.3824049055e-02
  69.5000000000    9.3818125234e-02
  70.0000000000    9.3812429058e-02
  70.5000000000    9.3806954222e-02
  71.0000000000    9.3801686365e-02
  71.5000000000    9.3796611672e-02
  72.0000000000    9.3791731768e-02
  72.5000000000    9.3787053057e-02
  73.0000000000    9.3782583025e-02
  73.5000000000    9.3778322744e-02
  74.0000000000    9.3774264959e-02
  74.5000000000    9.3770397174e-02
  75.0000000000    9.3766709732e-02
  75.5000000000    9.3763199856e-02
  76.0000000000    9.3759869620e-02
  76.5000000000    9.3756721437e-02
  77.0000000000    9.3753754887e-02
  77.5000000000    9.3750968096e-02
  78.0000000000    9.3748359029e-02
  78.5000000000    9.3745923077e-02
  79.0000000000    9.3743651251e-02
  79.5000000000    9.3741534155e-02
  80.0000000000    9.3739571406e-02
  80.5000000000    9.3737774589e-02
  81.0000000000    9.3736158415e-02
  81.5000000000    9.3734728347e-02
  82.0000000000    9.3733468692e-02
  82.5000000000    9.3732344114e-02
  83.0000000000    9.3731326880e-02
  83.5000000000    9.3730426431e-02
  84.0000000000    9.3729679622e-02
  84.5000000000    9.3729109421e-02
  85.0000000000    9.3728707835e-02
  85.5000000000    9.3728453206e-02
  86.0000000000    9.3728330649e-02
  86.5000000000    9.3728337381e-02
  87.0000000000    9.3728477928e-02
  87.5000000000    9.3728758968e-02
  88.0000000000    9.3729182380e-02
  88.5000000000    9.3729743142e-02
  89.0000000000    9.3730431338e-02
  89.5000000000    9.3731239755e-02
  90.0000000000    9.3732168166e-02
  90.5000000000    9.3733221907e-02
  91.0000000000    9.3734407366e-02
  91.5000000000    9.3735726461e-02
  92.0000000000    9.3737174756e-02
  92.5000000000    9.3738743397e-02
  93.0000000000    9.3740424263e-02
  93.5000000000    9.3742215132e-02
  94.0000000000    9.3744120779e-02
  94.5000000000    9.3746147930e-02
  95.0000000000    9.3748299704e-02
  95.5000000000    9.3750573190e-02
  96.0000000000    9.3752959664e-02
  96.5000000000    9.3755450147e-02
  97.0000000000    9.3758041830e-02
  97.5000000000    9.3760738379e-02
  98.0000000000    9.3763545596e-02
  98.5000000000    9.3766467940e-02
  99.0000000000    9.3769504828e-02
  99.5000000000    9.3772649856e-02
 100.0000000000    9.3775895850e-02
 100.5000000000    9.3779239128e-02
 101.0000000000    9.3782679205e-02
 101.5000000000    9.3786215815e-02
 102.0000000000    9.3789849711e-02
 102.5000000000    9.3793585144e-02
 103.0000000000    9.3797425120e-02
 103.5000000000    9.3801363985e-02
 104.0000000000    9.3805391593e-02
 104.5000000000    9.3809504883e-02
 105.0000000000    9.3813711186e-02
 105.5000000000    9.3818017257e-02
 106.0000000000    9.3822422929e-02
 106.5000000000    9.3826922156e-02
 107.0000000000    9.3831506926e-02
 107.5000000000    9.3836172142e-02
 108.0000000000    9.3840919062e-02
 108.5000000000    9.3845753547e-02
 109.0000000000    9.3850680977e-02
 109.5000000000    9.3855703129e-02
 110.0000000000    9.3860817544e-02
 110.5000000000    9.3866018443e-02
 111.0000000000    9.3871300467e-02
 111.5000000000    9.3876663364e-02
 112.0000000000    9.3882111925e-02
 112.5000000000    9.3887652020e-02
 113.0000000000    9.3893286078e-02
 113.5000000000    9.3899010853e-02
 114.0000000000    9.3904818924e-02
 114.5000000000    9.3910702588e-02
 115.0000000000    9.3916658094e-02
 115.5000000000    9.3922688031e-02
 116.0000000000    9.3928798384e-02
 116.5000000000    9.3934993065e-02
 117.0000000000    9.3941270811e-02
 117.5000000000    9.3947626730e-02
 118.0000000000    9.3954056370e-02
 118.5000000000    9.3960559421e-02
 119.0000000000    9.3967140840e-02
 119.5000000000    9.3973806695e-02
 120.0000000000    9.3980557968e-02
 120.5000000000    9.3987388436e-02
 121.0000000000    9.3994288660e-02
 121.5000000000    9.4001251890e-02
 122.0000000000    9.4008277786e-02
 122.5000000000    9.4015372224e-02
 123.0000000000    9.4022543325e-02
 123.5000000000    9.4029797181e-02
 124.0000000000    9.4037135143e-02
 124.5000000000    9.4044552294e-02
 125.0000000000    9.4052040901e-02
 125.5000000000    9.4059598093e-02
 126.0000000000    9.4067227754e-02
 126.5000000000    9.4074933559e-02
 127.0000000000    9.4082716813e-02
 127.5000000000    9.4090581178e-02
 128.0000000000    9.4098529766e-02
 128.5000000000    9.4106557782e-02
 129.0000000000    9.4114656475e-02
 129.5000000000    9.4122824450e-02
 130.0000000000    9.4131068422e-02
 130.5000000000    9.4139395040e-02
 131.0000000000    9.4147808611e-02
 131.5000000000    9.4156311655e-02
 132.0000000000    9.4164899886e-02
 132.5000000000    9.4173562806e-02
 133.0000000000    9.4182295446e-02
 133.5000000000    9.4191103283e-02
 134.0000000000    9.4199992687e-02
 134.5000000000    9.4208965174e-02
 135.0000000000    9.4218020969e-02
 135.5000000000    9.4227158999e-02
 136.0000000000    9.4236374075e-02
 136.5000000000    9.4245661792e-02
 137.0000000000    9.4255026117e-02
 137.5000000000    9.4264474424e-02
 138.0000000000    9.4274011254e-02
 138.5000000000    9.4283637888e-02
 139.0000000000    9.4293353258e-02
 139.5000000000    9.4303154668e-02
 140.0000000000    9.4313040237e-02
 140.5000000000    9.4323012154e-02
 141.0000000000    9.4333074152e-02
 141.5000000000    9.4343230045e-02
 142.0000000000    9.4353484023e-02
 142.5000000000    9.4363838406e-02
 143.0000000000    9.4374291117e-02
 143.5000000000    9.4384837732e-02
 144.0000000000    9.4395476194e-02
 144.5000000000    9.4406208133e-02
 145.0000000000    9.4417037776e-02
 145.5000000000    9.4427970066e-02
 146.0000000000    9.4439007634e-02
 146.5000000000    9.4450149264e-02
 147.0000000000    9.4461390396e-02
 147.5000000000    9.4472726078e-02
 148.0000000000    9.4484155647e-02
 148.5000000000    9.4495684529e-02
 149.0000000000    9.4507319183e-02
 149.5000000000    9.4519061727e-02
 150.0000000000    9.4530910170e-02
 150.5000000000    9.4542860584e-02
 151.0000000000    9.4554908535e-02
 151.5000000000    9.4567053161e-02
 152.0000000000    9.4579300059e-02
 152.5000000000    9.4591657259e-02
 153.0000000000    9.4604129014e-02
 153.5000000000    9.4616713956e-02
 154.0000000000    9.4629407875e-02
 154.5000000000    9.4642207252e-02
 155.0000000000    9.4655112970e-02
 155.5000000000    9.4668130957e-02
 156.0000000000    9.4681268857e-02
 156.5000000000    9.4694530542e-02
 157.0000000000    9.4707914553e-02
 157.5000000000    9.4721418376e-02
 158.0000000000    9.4735043051e-02
 158.5000000000    9.4748795113e-02
 159.0000000000    9.4762683460e-02
 159.5000000000    9.4776712664e-02
 160.0000000000    9.4790878162e-02
 160.5000000000    9.4805170712e-02
 161.0000000000    9.4819585649e-02
 161.5000000000    9.4834126083e-02
 162.0000000000    9.4848798874e-02
 162.5000000000    9.4863610050e-02
 163.0000000000    9.4878563742e-02
 163.5000000000    9.4893663125e-02
 164.0000000000    9.4908910869e-02
 164.5000000000    9.4924308095e-02
 165.0000000000    9.4939853634e-02
 165.5000000000    9.4955545772e-02
 166.0000000000    9.4971384641e-02
 166.5000000000    9.4987372581e-02
 167.0000000000    9.5003512425e-02
 167.5000000000    9.5019806283e-02
 168.0000000000    9.5036255634e-02
 168.5000000000    9.5052861940e-02
 169.0000000000    9.5069626513e-02
 169.5000000000    9.5086550339e-02
 170.0000000000    9.5103634576e-02
 170.5000000000    9.5120881698e-02
 171.0000000000    9.5138295380e-02
 171.5000000000    9.5155879305e-02
 172.0000000000    9.5173635539e-02
 172.5000000000    9.5191564048e-02
 173.0000000000    9.5209664154e-02
 173.5000000000    9.5227936645e-02
 174.0000000000    9.5246385294e-02
 174.5000000000    9.5265016881e-02
 175.0000000000    9.5283838805e-02
 175.5000000000    9.5302855425e-02
 176.0000000000    9.5322067217e-02
 176.5000000000    9.5341473361e-02
 177.0000000000    9.5361075242e-02
 177.5000000000    9.5380878513e-02
 178.0000000000    9.5400892584e-02
 178.5000000000    9.5421126914e-02
 179.0000000000    9.5441586680e-02
 179.5000000000    9.5462271263e-02
 180.0000000000    9.5483177771e-02
 180.5000000000    9.5504306203e-02
 181.0000000000    9.5525662208e-02
 181.5000000000    9.5547255352e-02
 182.0000000000    9.5569094165e-02
 182.5000000000    9.5591181432e-02
 183.0000000000    9.5613513663e-02
 183.5000000000    9.5636085438e-02
 184.0000000000    9.5658895368e-02
 184.5000000000    9.5681949421e-02
 185.0000000000    9.5705259154e-02
 185.5000000000    9.5728836483e-02
 186.0000000000    9.5752688944e-02
 186.5000000000    9.5776819760e-02
 187.0000000000    9.5801232080e-02
 187.5000000000    9.5825932895e-02
 188.0000000000    9.5850934330e-02
 188.5000000000    9.5876251541e-02
 189.0000000000    9.5901897452e-02
 189.5000000000    9.5927877491e-02
 190.0000000000    9.5954189252e-02
 190.5000000000    9.5980827243e-02
 191.0000000000    9.6007788621e-02
 191.5000000000    9.6035076679e-02
 192.0000000000    9.6062699967e-02
 192.5000000000    9.6090667576e-02
 193.0000000000    9.6118985399e-02
 193.5000000000    9.6147656699e-02
 194.0000000000    9.6176684405e-02
 194.5000000000    9.6206072823e-02
 195.0000000000    9.6235829396e-02
 195.5000000000    9.6265965184e-02
 196.0000000000    9.6296491343e-02
 196.5000000000    9.6327415634e-02
 197.0000000000    9.6358743611e-02
 197.5000000000    9.6390481605e-02
 198.0000000000    9.6422637206e-02
 198.5000000000    9.6455218996e-02
 199.0000000000    9.6488236991e-02
 199.5000000000    9.6521701880e-02
 200.0000000000    9.6555623034e-02
 200.5000000000    9.6590008170e-02
 201.0000000000    9.6624865464e-02
 201.5000000000    9.6660204486e-02
 202.0000000000    9.6696035130e-02
 202.5000000000    9.6732366697e-02
 203.0000000000    9.6769207816e-02
 203.5000000000    9.6806566578e-02
 204.0000000000    9.6844450804e-02
 204.5000000000    9.6882869095e-02
 205.0000000000    9.6921831365e-02
 205.5000000000    9.6961348260e-02
 206.0000000000    9.7001430686e-02
 206.5000000000    9.7042090397e-02
 207.0000000000    9.7083340475e-02
 207.5000000000    9.7125195166e-02
 208.0000000000    9.7167669399e-02
 208.5000000000    9.7210777772e-02
 209.0000000000    9.7254532489e-02
 209.5000000000    9.7298942537e-02
 210.0000000000    9.7344016404e-02
 210.5000000000    9.7389765437e-02
 211.0000000000    9.7436204847e-02
 211.5000000000    9.7483352401e-02
 212.0000000000    9.7531225998e-02
 212.5000000000    9.7579841027e-02
 213.0000000000    9.7629209162e-02
 213.5000000000    9.7679340635e-02
 214.0000000000    9.7730248790e-02
 214.5000000000    9.7781952706e-02
 215.0000000000    9.7834475294e-02
 215.5000000000    9.7887839069e-02
 216.0000000000    9.7942062889e-02
 216.5000000000    9.7997161142e-02
 217.0000000000    9.8053145894e-02
 217.5000000000    9.8110031519e-02
 218.0000000000    9.8167838012e-02
 218.5000000000    9.8226589925e-02
 219.0000000000    9.8286312710e-02
 219.5000000000    9.8347030328e-02
 220.0000000000    9.8408765330e-02
 220.5000000000    9.8471540907e-02
 221.0000000000    9.8535383636e-02
 221.5000000000    9.8600323684e-02
 222.0000000000    9.8666390930e-02
 222.5000000000    9.8733610068e-02
 223.0000000000    9.8801999528e-02
 223.5000000000    9.8871575228e-02
 224.0000000000    9.8942357331e-02
 224.5000000000    9.9014376565e-02
 225.0000000000    9.9087675034e-02
 225.5000000000    9.9162299999e-02
 226.0000000000    9.9238294604e-02
 226.5000000000    9.9315692071e-02
 227.0000000000    9.9394517121e-02
 227.5000000000    9.9474793072e-02
 228.0000000000    9.9556550413e-02
 228.5000000000    9.9639831075e-02
 229.0000000000    9.9724685152e-02
 229.5000000000    9.9811162827e-02
 230.0000000000    9.9899307114e-02
 230.5000000000    9.9989152073e-02
 231.0000000000    1.0008072788e-01
 231.5000000000    1.0017406997e-01
 232.0000000000    1.0026922653e-01
 232.5000000000    1.0036625957e-01
 233.0000000000    1.0046523962e-01
 233.5000000000    1.0056623714e-01
 234.0000000000    1.0066931511e-01
 234.5000000000    1.0077452680e-01
 235.0000000000    1.0088191891e-01
 235.5000000000    1.0099153755e-01
 236.0000000000    1.0110343363e-01
 236.5000000000    1.0121766531e-01
 237.0000000000    1.0133429740e-01
 237.5000000000    1.0145339893e-01
 238.0000000000    1.0157504120e-01
 238.5000000000    1.0169929772e-01
 239.0000000000    1.0182624586e-01
 239.5000000000    1.0195596912e-01
 240.0000000000    1.0208855932e-01
 240.5000000000    1.0222411757e-01
 241.0000000000    1.0236275271e-01
 241.5000000000    1.0250457636e-01
 242.0000000000    1.0264969553e-01
 242.5000000000    1.0279820597e-01
 243.0000000000    1.0295019045e-01
 243.5000000000    1.0310572550e-01
 244.0000000000    1.0326489591e-01
 244.5000000000    1.0342780972e-01
 245.0000000000    1.0359460487e-01
 245.5000000000    1.0376544275e-01
 246.0000000000    1.0394049189e-01
 246.5000000000    1.0411991056e-01
 247.0000000000    1.0430383833e-01
 247.5000000000    1.0449240215e-01
 248.0000000000    1.0468573255e-01
 248.5000000000    1.0488398026e-01
 249.0000000000    1.0508732362e-01
 249.5000000000    1.0529596279e-01
 250.0000000000    1.0551010504e-01
 250.5000000000    1.0572995194e-01
 251.0000000000    1.0595569670e-01
 251.5000000000    1.0618753209e-01
 252.0000000000    1.0642566236e-01
 252.5000000000    1.0667031090e-01
 253.0000000000    1.0692171828e-01
 253.5000000000    1.0718013330e-01
 254.0000000000    1.0744580443e-01
 254.5000000000    1.0771897736e-01
 255.0000000000    1.0799989938e-01
 255.5000000000    1.0828882705e-01
 256.0000000000    1.0858603038e-01
 256.5000000000    1.0889178850e-01
 257.0000000000    1.0920637823e-01
 257.5000000000    1.0953006338e-01
 258.0000000000    1.0986308916e-01
 258.5000000000    1.1020567990e-01
 259.0000000000    1.1055803545e-01
 259.5000000000    1.1092032332e-01
 260.0000000000    1.1129266619e-01
 260.5000000000    1.1167512532e-01
 261.0000000000    1.1206768138e-01
 261.5000000000    1.1247021314e-01
 262.0000000000    1.1288247001e-01
 262.5000000000    1.1330403007e-01
 263.0000000000    1.1373423659e-01
 263.5000000000    1.1417211160e-01
 264.0000000000    1.1461624673e-01
 264.5000000000    1.1506466969e-01
 265.0000000000    1.1551468043e-01
 265.5000000000    1.1596264430e-01
 266.0000000000    1.1640371475e-01
 266.5000000000    1.1683144509e-01
 267.0000000000    1.1723724727e-01
 267.5000000000    1.1760965190e-01
 268.0000000000    1.1793330415e-01
 268.5000000000    1.1818760479e-01
 269.0000000000    1.1834486804e-01
 269.5000000000    1.1836782334e-01
 270.0000000000    1.1820625267e-01
 270.5000000000    1.1779254299e-01
 271.0000000000    1.1703599764e-01
 271.5000000000    1.1581601425e-01
 272.0000000000    1.1397491893e-01
 272.5000000000    1.1131274015e-01
 273.0000000000    1.0758895411e-01
 273.5000000000    1.0254023010e-01
 274.0000000000    9.5926721563e-02
 274.5000000000    8.7616912625e-02
 275.0000000000    7.7703219669e-02
 275.5000000000    6.6603623585e-02
 276.0000000000    5.5069353505e-02
 276.5000000000    4.4035046996e-02
 277.0000000000    3.4343118642e-02
 277.5000000000    2.6483355894e-02
 278.0000000000    2.0501659172e-02
 278.5000000000    1.6116590641e-02
 279.0000000000    1.2929944418e-02
 279.5000000000    1.0583407313e-02
 280.0000000000    8.8133444668e-03
 280.5000000000    7.4426329307e-03
 281.0000000000    6.3553229010e-03
 281.5000000000    5.4748419778e-03
 282.0000000000    4.7494899007e-03
 282.5000000000    4.1435088513e-03
 283.0000000000    3.6315856322e-03
 283.5000000000    3.1953588078e-03
 284.0000000000    2.8211348745e-03
 284.5000000000    2.4983856600e-03
 285.0000000000    2.2187796179e-03
 285.5000000000    1.9755775827e-03
 286.0000000000    1.7632618826e-03
 286.5000000000    1.5772988157e-03
 287.0000000000    1.4139645649e-03
 287.5000000000    1.2701934807e-03
 288.0000000000    1.1434369147e-03
 288.5000000000    1.0315382373e-03
 289.0000000000    9.3263350443e-04
 289.5000000000    8.4508522466e-04
 290.0000000000    7.6744539841e-04
 290.5000000000    6.9843939431e-04
 291.0000000000    6.3695816529e-04
 291.5000000000    5.8204933663e-04
 292.0000000000    5.3290192590e-04
 292.5000000000    4.8882469802e-04
 293.0000000000    4.4922215056e-04
 293.5000000000    4.1357303495e-04
 294.0000000000    3.8141489884e-04
 294.5000000000    3.5233552206e-04
 295.0000000000    3.2596966892e-04
 295.5000000000    3.0199825235e-04
 296.0000000000    2.8014701996e-04
 296.5000000000    2.6018287150e-04
 297.0000000000    2.4190740725e-04
 297.5000000000    2.2514875551e-04
 298.0000000000    2.0975359509e-04
 298.5000000000    1.9558113432e-04
 299.0000000000    1.8249983629e-04
 299.5000000000    1.7038661779e-04
 300.0000000000    1.5912789403e-04
 300.5000000000    1.4862160226e-04
 301.0000000000    1.3877881893e-04
 301.5000000000    1.2952346883e-04
 302.0000000000    1.2078975980e-04
 302.5000000000    1.1251901017e-04
 303.0000000000    1.0465805079e-04
 303.5000000000    9.7159444506e-05
 304.0000000000    8.9982088795e-05
 304.5000000000    8.3091455686e-05
 305.0000000000    7.6460320486e-05
 305.5000000000    7.0070831049e-05
 306.0000000000    6.3917118514e-05
 306.5000000000    5.8006426856e-05
 307.0000000000    5.2357454783e-05
 307.5000000000    4.6996539997e-05
 308.0000000000    4.1953399500e-05
 308.5000000000    3.7257556291e-05
 309.0000000000    3.2935232791e-05
 309.5000000000    2.9005997646e-05
 310.0000000000    2.5479281645e-05
 310.5000000000    2.2351916776e-05
 311.0000000000    1.9607984282e-05
 311.5000000000    1.7221210778e-05
 312.0000000000    1.5158954925e-05
 312.5000000000    1.3386205086e-05
 313.0000000000    1.1867626821e-05
 313.5000000000    1.0571419558e-05
 314.0000000000    9.4632056052e-06
 314.5000000000    8.5154066002e-06
 315.0000000000    7.7041420322e-06
 315.5000000000    7.0056288703e-06
 316.0000000000    6.3995317528e-06
 316.5000000000    5.8702628545e-06
 317.0000000000    5.4058630510e-06
 317.5000000000    4.9965313694e-06
 318.0000000000    4.6337437199e-06
 318.5000000000    4.3100433000e-06
 319.0000000000    4.0191723560e-06
 319.5000000000    3.7561592988e-06
 320.0000000000    3.5171685856e-06
 320.5000000000    3.2991587585e-06
 321.0000000000    3.0995164753e-06
 321.5000000000    2.9158429952e-06
 322.0000000000    2.7459951292e-06
 322.5000000000    2.5882880823e-06
 323.0000000000    2.4415737121e-06
 323.5000000000    2.3050300594e-06
 324.0000000000    2.1778609665e-06
 324.5000000000    2.0591987390e-06
 325.0000000000    1.9481990735e-06
 325.5000000000    1.8440946237e-06
 326.0000000000    1.7461383570e-06
 326.5000000000    1.6536070319e-06
 327.0000000000    1.5659557842e-06
 327.5000000000    1.4829402261e-06
 328.0000000000    1.4044868709e-06
 328.5000000000    1.3303898668e-06
 329.0000000000    1.2601602763e-06
 329.5000000000    1.1932174846e-06
 330.0000000000    1.1292374714e-06
 330.5000000000    1.0682908334e-06
 331.0000000000    1.0106175917e-06
 331.5000000000    9.5625584928e-07
 332.0000000000    9.0488092601e-07
 332.5000000000    8.5599508449e-07
 333.0000000000    8.0927241924e-07
 333.5000000000    7.6473523549e-07
 334.0000000000    7.2261526777e-07
 334.5000000000    6.8304577635e-07
 335.0000000000    6.4586621265e-07
 335.5000000000    6.1069755544e-07
 336.0000000000    5.7720002769e-07
 336.5000000000    5.4527834905e-07
 337.0000000000    5.1506696712e-07
 337.5000000000    4.8672766243e-07
 338.0000000000    4.6024465894e-07
 338.5000000000    4.3538645371e-07
 339.0000000000    4.1185016389e-07
 339.5000000000    3.8945339409e-07
 340.0000000000    3.6821299792e-07
 340.5000000000    3.4825696324e-07
 341.0000000000    3.2965575309e-07
 341.5000000000    3.1231687483e-07
 342.0000000000    2.9602221611e-07
 342.5000000000    2.8056448749e-07
 343.0000000000    2.6586413246e-07
 343.5000000000    2.5197760936e-07
 344.0000000000    2.3900146617e-07
 344.5000000000    2.2695355344e-07
 345.0000000000    2.1572488205e-07
 345.5000000000    2.0513893840e-07
 346.0000000000    1.9506717950e-07
 346.5000000000    1.8550063721e-07
 347.0000000000    1.7651779628e-07
 347.5000000000    1.6818302310e-07
 348.0000000000    1.6046754164e-07
 348.5000000000    1.5325580205e-07
 349.0000000000    1.4642145512e-07
 349.5000000000    1.3990384994e-07
 350.0000000000    1.3372647201e-07
 350.5000000000    1.2795143348e-07
 351.0000000000    1.2261141731e-07
 351.5000000000    1.1767096715e-07
 352.0000000000    1.1304225380e-07
 352.5000000000    1.0864056364e-07
 353.0000000000    1.0443612265e-07
 353.5000000000    1.0046286986e-07
 354.0000000000    9.6777499740e-08
 354.5000000000    9.3401207006e-08
 355.0000000000    9.0291102580e-08
 355.5000000000    8.7364829827e-08
 356.0000000000    8.4558022529e-08
 356.5000000000    8.1866540925e-08
 357.0000000000    7.9338236773e-08
 357.5000000000    7.7021903324e-08
 358.0000000000    7.4917171433e-08
 358.5000000000    7.2967516071e-08
 359.0000000000    7.1101036983e-08
 359.5000000000    6.9283181431e-08
 360.0000000000    6.7536700954e-08
 360.5000000000    6.5913353832e-08
 361.0000000000    6.4442946512e-08
 361.5000000000    6.3103724615e-08
 362.0000000000    6.1836921704e-08
 362.5000000000    6.0592460658e-08
 363.0000000000    5.9365246612e-08
 363.5000000000    5.8192635672e-08
 364.0000000000    5.7117043191e-08
 364.5000000000    5.6146629792e-08
 365.0000000000    5.5246787380e-08
 365.5000000000    5.4367723891e-08
 366.0000000000    5.3483445608e-08
 366.5000000000    5.2609481086e-08
 367.0000000000    5.1785660980e-08
 367.5000000000    5.1039583744e-08
 368.0000000000    5.0361915078e-08
 368.5000000000    4.9713778922e-08
 369.0000000000    4.9058692104e-08
 369.5000000000    4.8390969855e-08
 370.0000000000    4.7736870625e-08
 370.5000000000    4.7129119760e-08
 371.0000000000    4.6577767854e-08
 371.5000000000    4.6061784960e-08
 372.0000000000    4.5546896955e-08
 372.5000000000    4.5013335664e-08
 373.0000000000    4.4470312838e-08
 373.5000000000    4.3946289757e-08
 374.0000000000    4.3464224168e-08
 374.5000000000    4.3022524691e-08
 375.0000000000    4.2596892813e-08
 375.5000000000    4.2160754596e-08
 376.0000000000    4.1706966707e-08
 376.5000000000    4.1252896674e-08
 377.0000000000    4.0825070838e-08
 377.5000000000    4.0436549261e-08
 378.0000000000    4.0075985948e-08
 378.5000000000    3.9717313728e-08
 379.0000000000    3.9341603228e-08
 379.5000000000    3.8952485520e-08
 380.0000000000    3.8572235144e-08
 380.5000000000    3.8222206377e-08
 381.0000000000    3.7904353204e-08
 381.5000000000    3.7599609887e-08
 382.0000000000    3.7284056605e-08
 382.5000000000    3.6948897781e-08
 383.0000000000    3.6607258759e-08
 383.5000000000    3.6282314951e-08
 384.0000000000    3.5987189778e-08
 384.5000000000    3.5713758445e-08
 385.0000000000    3.5439693019e-08
 385.5000000000    3.5147442931e-08
 386.0000000000    3.4838837173e-08
 386.5000000000    3.4532977753e-08
 387.0000000000    3.4249485916e-08
 387.5000000000    3.3991664338e-08
 388.0000000000    3.3743892539e-08
 388.5000000000    3.3485128700e-08
 389.0000000000    3.3206680474e-08
 389.5000000000    3.2919165585e-08
 390.0000000000    3.2643115428e-08
 390.5000000000    3.2391485785e-08
 391.0000000000    3.2158862639e-08
 391.5000000000    3.1926285504e-08
 392.0000000000    3.1677425018e-08
 392.5000000000    3.1412330246e-08
 393.0000000000    3.1147124316e-08
 393.5000000000    3.0900054433e-08
 394.0000000000    3.0675915956e-08
 394.5000000000    3.0462124021e-08
 395.0000000000    3.0239589659e-08
 395.5000000000    2.9998927803e-08
 396.0000000000    2.9748155161e-08
 396.5000000000    2.9505538290e-08
 397.0000000000    2.9283986935e-08
 397.5000000000    2.9080350913e-08
 398.0000000000    2.8878456147e-08
 398.5000000000    2.8662957684e-08
 399.0000000000    2.8432184872e-08
 399.5000000000    2.8199311342e-08
 400.0000000000    2.7981121281e-08
 400.5000000000    2.7783985429e-08
 401.0000000000    2.7598795675e-08
 401.5000000000    2.7408881455e-08
 402.0000000000    2.7204040998e-08
 402.5000000000    2.6988944614e-08
 403.0000000000    2.6779075573e-08
 403.5000000000    2.6587727494e-08
 404.0000000000    2.6414923263e-08
 404.5000000000    2.6247500791e-08
 405.0000000000    2.6070251005e-08
 405.5000000000    2.5878656858e-08
 406.0000000000    2.5682525124e-08
 406.5000000000    2.5497345374e-08
 407.0000000000    2.5332267676e-08
 407.5000000000    2.5181291840e-08
 408.0000000000    2.5029236973e-08
 408.5000000000    2.4864112660e-08
 409.0000000000    2.4687095642e-08
 409.5000000000    2.4511433323e-08
 410.0000000000    2.4351182800e-08
 410.5000000000    2.4209359003e-08
 411.0000000000    2.4075517574e-08
 411.5000000000    2.3934666702e-08
 412.0000000000    2.3779843157e-08
 412.5000000000    2.3617826954e-08
 413.0000000000    2.3463368873e-08
 413.5000000000    2.3326837216e-08
 414.0000000000    2.3205556831e-08
 414.5000000000    2.3086028086e-08
 415.0000000000    2.2955176362e-08
 415.5000000000    2.2811220376e-08
 416.0000000000    2.2665039606e-08
 416.5000000000    2.2530917675e-08
 417.0000000000    2.2414497858e-08
 417.5000000000    2.2308092783e-08
 418.0000000000    2.2197231597e-08
 418.5000000000    2.2072844436e-08
 419.0000000000    2.1938811786e-08
 419.5000000000    2.1808611538e-08
 420.0000000000    2.1693986032e-08
 420.5000000000    2.1595163567e-08
 421.0000000000    2.1500756023e-08
 421.5000000000    2.1397330135e-08
 422.0000000000    2.1280605571e-08
 422.5000000000    2.1158917232e-08
 423.0000000000    2.1046115607e-08
 423.5000000000    2.0949848188e-08
 424.0000000000    2.0865254187e-08
 424.5000000000    2.0779012305e-08
 425.0000000000    2.0680478603e-08
 425.5000000000    2.0570504040e-08
 426.0000000000    2.0460665328e-08
 426.5000000000    2.0363386336e-08
 427.0000000000    2.0281597050e-08
 427.5000000000    2.0206442380e-08
 428.0000000000    2.0124832005e-08
 428.5000000000    2.0030344930e-08
 429.0000000000    1.9928422301e-08
 429.5000000000    1.9831837639e-08
 430.0000000000    1.9749915829e-08
 430.5000000000    1.9680687243e-08
 431.0000000000    1.9612599690e-08
 431.5000000000    1.9534327874e-08
 432.0000000000    1.9444250880e-08
 432.5000000000    1.9351688155e-08
 433.0000000000    1.9269100797e-08
 433.5000000000    1.9201809550e-08
 434.0000000000    1.9143611464e-08
 434.5000000000    1.9081865829e-08
 435.0000000000    1.9007921569e-08
 435.5000000000    1.8924242441e-08
 436.0000000000    1.8842218065e-08
 436.5000000000    1.8772518854e-08
 437.0000000000    1.8716160925e-08
 437.5000000000    1.8663764630e-08
 438.0000000000    1.8603510654e-08
 438.5000000000    1.8531038643e-08
 439.0000000000    1.8453042334e-08
 439.5000000000    1.8381651484e-08
 440.0000000000    1.8324328457e-08
 440.5000000000    1.8277668743e-08
 441.0000000000    1.8230233030e-08
 441.5000000000    1.8172043095e-08
 442.0000000000    1.8102829270e-08
 442.5000000000    1.8032161315e-08
 443.0000000000    1.7971376694e-08
 443.5000000000    1.7924072144e-08
 444.0000000000    1.7883108959e-08
 444.5000000000    1.7836606640e-08
 445.0000000000    1.7777881531e-08
 445.5000000000    1.7711010021e-08
 446.0000000000    1.7647391278e-08
 446.5000000000    1.7596229016e-08
 447.0000000000    1.7556898962e-08
 447.5000000000    1.7519533291e-08
 448.0000000000    1.7473284721e-08
 448.5000000000    1.7415367270e-08
 449.0000000000    1.7353344213e-08
 449.5000000000    1.7298760201e-08
 450.0000000000    1.7257460641e-08
 450.5000000000    1.7224720143e-08
 451.0000000000    1.7189222881e-08
 451.5000000000    1.7142507851e-08
 452.0000000000    1.7085984157e-08
 452.5000000000    1.7029705577e-08
 453.0000000000    1.6983937355e-08
 453.5000000000    1.6950541821e-08
 454.0000000000    1.6921397027e-08
 454.5000000000    1.6885192308e-08
 455.0000000000    1.6836883862e-08
 455.5000000000    1.6781861692e-08
 456.0000000000    1.6731423231e-08
 456.5000000000    1.6693322544e-08
 457.0000000000    1.6665373930e-08
 457.5000000000    1.6637317303e-08
 458.0000000000    1.6599395452e-08
 458.5000000000    1.6550489784e-08
 459.0000000000    1.6499029846e-08
 459.5000000000    1.6455914567e-08
 460.0000000000    1.6425367508e-08
 460.5000000000    1.6401397172e-08
 461.0000000000    1.6372819391e-08
 461.5000000000    1.6332612661e-08
 462.0000000000    1.6283766620e-08
 462.5000000000    1.6236753934e-08
 463.0000000000    1.6200769082e-08
 463.5000000000    1.6176064019e-08
 464.0000000000    1.6153766416e-08
 464.5000000000    1.6123308901e-08
 465.0000000000    1.6081252870e-08
 465.5000000000    1.6034140543e-08
 466.0000000000    1.5993002222e-08
 466.5000000000    1.5964115887e-08
 467.0000000000    1.5943747535e-08
 467.5000000000    1.5921269608e-08
 468.0000000000    1.5888044054e-08
 468.5000000000    1.5844631869e-08
 469.0000000000    1.5800297478e-08
 469.5000000000    1.5765237970e-08
 470.0000000000    1.5742053628e-08
 470.5000000000    1.5723590407e-08
 471.0000000000    1.5698938449e-08
 471.5000000000    1.5662559841e-08
 472.0000000000    1.5618917419e-08
 472.5000000000    1.5578734636e-08
 473.0000000000    1.5550018628e-08
 473.5000000000    1.5531366980e-08
 474.0000000000    1.5513152796e-08
 474.5000000000    1.5485593064e-08
 475.0000000000    1.5446930132e-08
 475.5000000000    1.5404901670e-08
 476.0000000000    1.5370263553e-08
 476.5000000000    1.5347777577e-08
 477.0000000000    1.5332211487e-08
 477.5000000000    1.5312714261e-08
 478.0000000000    1.5281902846e-08
 478.5000000000    1.5242038505e-08
 479.0000000000    1.5203117092e-08
 479.5000000000    1.5174486533e-08
 480.0000000000    1.5157011564e-08
 480.5000000000    1.5142357706e-08
 481.0000000000    1.5119979173e-08
 481.5000000000    1.5085953408e-08
 482.0000000000    1.5046260546e-08
 482.5000000000    1.5011765367e-08
 483.0000000000    1.4989116376e-08
 483.5000000000    1.4975173851e-08
 484.0000000000    1.4959637390e-08
 484.5000000000    1.4933674798e-08
 485.0000000000    1.4897326192e-08
 485.5000000000    1.4859469689e-08
 486.0000000000    1.4830369802e-08
 486.5000000000    1.4813062861e-08
 487.0000000000    1.4800812750e-08
 487.5000000000    1.4782766143e-08
 488.0000000000    1.4753052463e-08
 488.5000000000    1.4715698483e-08
 489.0000000000    1.4681249569e-08
 489.5000000000    1.4657935166e-08
 490.0000000000    1.4644772486e-08
 490.5000000000    1.4632384445e-08
 491.0000000000    1.4610857537e-08
 491.5000000000    1.4578056805e-08
 492.0000000000    1.4541413838e-08
 492.5000000000    1.4511680912e-08
 493.0000000000    1.4493900586e-08
 493.5000000000    1.4483173029e-08
 494.0000000000    1.4468767596e-08
 494.5000000000    1.4443121106e-08
 495.0000000000    1.4408172706e-08
 495.5000000000    1.4373731517e-08
 496.0000000000    1.4349254393e-08
 496.5000000000    1.4335927324e-08
 497.0000000000    1.4325667726e-08
 497.5000000000    1.4307910598e-08
 498.0000000000    1.4278462068e-08
 498.5000000000    1.4243025832e-08
 499.0000000000    1.4212432301e-08
 499.5000000000    1.4193555425e-08
 500.0000000000    1.4183541101e-08
 500.5000000000    1.4172180700e-08
 501.0000000000    1.4150485111e-08
 501.5000000000    1.4118226874e-08
 502.0000000000    1.4084126760e-08
 502.5000000000    1.4058541391e-08
 503.0000000000    1.4044784686e-08
 503.5000000000    1.4036336994e-08
 504.0000000000    1.4022319943e-08
 504.5000000000    1.3996625564e-08
 505.0000000000    1.3963045298e-08
 505.5000000000    1.3932077558e-08
 506.0000000000    1.3912125082e-08
 506.5000000000    1.3902468725e-08
 507.0000000000    1.3893872204e-08
 507.5000000000    1.3876307706e-08
 508.0000000000    1.3847363004e-08
 508.5000000000    1.3814279009e-08
 509.0000000000    1.3787867224e-08
 509.5000000000    1.3773408913e-08
 510.0000000000    1.3766212879e-08
 510.5000000000    1.3755563992e-08
 511.0000000000    1.3733715047e-08
 511.5000000000    1.3702375314e-08
 512.0000000000    1.3671285023e-08
 512.5000000000    1.3650072023e-08
 513.0000000000    1.3640183702e-08
 513.5000000000    1.3633652081e-08
 514.0000000000    1.3619763845e-08
 514.5000000000    1.3594060712e-08
 515.0000000000    1.3562091107e-08
 515.5000000000    1.3534743751e-08
 516.0000000000    1.3519093094e-08
 516.5000000000    1.3512464037e-08
 517.0000000000    1.3504688137e-08
 517.5000000000    1.3486643326e-08
 518.0000000000    1.3457916370e-08
 518.5000000000    1.3427172360e-08
 519.0000000000    1.3404901566e-08
 519.5000000000    1.3394603978e-08
 520.0000000000    1.3389822121e-08
 520.5000000000    1.3379550403e-08
 521.0000000000    1.3357491333e-08
 521.5000000000    1.3327357131e-08
 522.0000000000    1.3299738078e-08
 522.5000000000    1.3283178051e-08
 523.0000000000    1.3276982347e-08
 523.5000000000    1.3271810798e-08
 524.0000000000    1.3257541839e-08
 524.5000000000    1.3231780003e-08
 525.0000000000    1.3201862054e-08
 525.5000000000    1.3178698900e-08
 526.0000000000    1.3167631700e-08
 526.5000000000    1.3163957416e-08
 527.0000000000    1.3156870267e-08
 527.5000000000    1.3138533707e-08
 528.0000000000    1.3110679373e-08
 528.5000000000    1.3083164751e-08
 529.0000000000    1.3065676295e-08
 529.5000000000    1.3059670360e-08
 530.0000000000    1.3056802606e-08
 530.5000000000    1.3046398643e-08
 531.0000000000    1.3024096060e-08
 531.5000000000    1.2995521193e-08
 532.0000000000    1.2971902890e-08
 532.5000000000    1.2960176411e-08
 533.0000000000    1.2957473863e-08
 533.5000000000    1.2953424970e-08
 534.0000000000    1.2938885778e-08
 534.5000000000    1.2913641810e-08
 535.0000000000    1.2886500156e-08
 535.5000000000    1.2868230844e-08
 536.0000000000    1.2862031456e-08
 536.5000000000    1.2861131429e-08
 537.0000000000    1.2854453300e-08
 537.5000000000    1.2835882865e-08
 538.0000000000    1.2809427876e-08
 538.5000000000    1.2785870594e-08
 539.0000000000    1.2773679928e-08
 539.5000000000    1.2771857254e-08
 540.0000000000    1.2770764055e-08
 540.5000000000    1.2760246052e-08
 541.0000000000    1.2738196204e-08
 541.5000000000    1.2712326208e-08
 542.0000000000    1.2693658108e-08
 542.5000000000    1.2687233306e-08
 543.0000000000    1.2687867720e-08
 543.5000000000    1.2684519735e-08
 544.0000000000    1.2669588965e-08
 544.5000000000    1.2645320929e-08
 545.0000000000    1.2621927705e-08
 545.5000000000    1.2608997419e-08
 546.0000000000    1.2607412845e-08
 546.5000000000    1.2608589255e-08
 547.0000000000    1.2601699210e-08
 547.5000000000    1.2582814967e-08
 548.0000000000    1.2558248982e-08
 548.5000000000    1.2539248749e-08
 549.0000000000    1.2532508774e-08
 549.5000000000    1.2534510995e-08
 550.0000000000    1.2534482848e-08
 550.5000000000    1.2523489895e-08
 551.0000000000    1.2501992586e-08
 551.5000000000    1.2479474179e-08
 552.0000000000    1.2466436062e-08
 552.5000000000    1.2465516167e-08
 553.0000000000    1.2469242572e-08
 553.5000000000    1.2466329027e-08
 554.0000000000    1.2451297789e-08
 554.5000000000    1.2428793643e-08
 555.0000000000    1.2410097694e-08
 555.5000000000    1.2403290352e-08
 556.0000000000    1.2406520979e-08
 556.5000000000    1.2409461279e-08
 557.0000000000    1.2402331459e-08
 557.5000000000    1.2383731634e-08
 558.0000000000    1.2362138667e-08
 558.5000000000    1.2348660617e-08
 559.0000000000    1.2347654181e-08
 559.5000000000    1.2353034883e-08
 560.0000000000    1.2353548334e-08
 560.5000000000    1.2342100916e-08
 561.0000000000    1.2321681107e-08
 561.5000000000    1.2303138179e-08
 562.0000000000    1.2295785627e-08
 562.5000000000    1.2299631578e-08
 563.0000000000    1.2305361987e-08
 563.5000000000    1.2302182642e-08
 564.0000000000    1.2286919423e-08
 564.5000000000    1.2266706528e-08
 565.0000000000    1.2252985807e-08
 565.5000000000    1.2251862712e-08
 566.0000000000    1.2258947280e-08
 566.5000000000    1.2263040567e-08
 567.0000000000    1.2255516276e-08
 567.5000000000    1.2237769565e-08
 568.0000000000    1.2219874536e-08
 568.5000000000    1.2212102476e-08
 569.0000000000    1.2216439033e-08
 569.5000000000    1.2224725628e-08
 570.0000000000    1.2225576532e-08
 570.5000000000    1.2213977755e-08
 571.0000000000    1.2195526281e-08
 571.5000000000    1.2181727193e-08
 572.0000000000    1.2180297143e-08
 572.5000000000    1.2188647070e-08
 573.0000000000    1.2196046642e-08
 573.5000000000    1.2192659563e-08
 574.0000000000    1.2177842508e-08
 574.5000000000    1.2160704580e-08
 575.0000000000    1.2152440502e-08
 575.5000000000    1.2156888428e-08
 576.0000000000    1.2167276475e-08
 576.5000000000    1.2171915617e-08
 577.0000000000    1.2164053353e-08
 577.5000000000    1.2147581056e-08
 578.0000000000    1.2133773202e-08
 578.5000000000    1.2131788086e-08
 579.0000000000    1.2140933766e-08
 579.5000000000    1.2151230038e-08
 580.0000000000    1.2151812652e-08
 580.5000000000    1.2140103761e-08
 581.0000000000    1.2124004987e-08
 581.5000000000    1.2115247756e-08
 582.0000000000    1.2119499189e-08
 582.5000000000    1.2131567721e-08
 583.0000000000    1.2139767076e-08
 583.5000000000    1.2135769222e-08
 584.0000000000    1.2121638761e-08
 584.5000000000    1.2108109830e-08
 585.0000000000    1.2105542668e-08
 585.5000000000    1.2115180436e-08
 586.0000000000    1.2128082430e-08
 586.5000000000    1.2132649509e-08
 587.0000000000    1.2124406102e-08
 587.5000000000    1.2109788841e-08
 588.0000000000    1.2100734537e-08
 588.5000000000    1.2104616217e-08
 589.0000000000    1.2118009520e-08
 589.5000000000    1.2129558327e-08
 590.0000000000    1.2129541610e-08
 590.5000000000    1.2118080709e-08
 591.0000000000    1.2105057579e-08
 591.5000000000    1.2101793767e-08
 592.0000000000    1.2111496897e-08
 592.5000000000    1.2126535572e-08
 593.0000000000    1.2134857954e-08
 593.5000000000    1.2130155861e-08
 594.0000000000    1.2117204021e-08
 594.5000000000    1.2107857471e-08
 595.0000000000    1.2111062765e-08
 595.5000000000    1.2125300460e-08
 596.0000000000    1.2139843510e-08
 596.5000000000    1.2143793790e-08
 597.0000000000    1.2135284753e-08
 597.5000000000    1.2123081048e-08
 598.0000000000    1.2119205129e-08
 598.5000000000    1.2128793563e-08
 599.0000000000    1.2145741528e-08
 599.5000000000    1.2157827869e-08
 600.0000000000    1.2157018389e-08
 600.5000000000    1.2146261404e-08
 601.0000000000    1.2137026215e-08
 601.5000000000    1.2139637217e-08
 602.0000000000    1.2154547627e-08
 602.5000000000    1.2171926510e-08
 603.0000000000    1.2179931766e-08
 603.5000000000    1.2174706159e-08
 604.0000000000    1.2163656659e-08
 604.5000000000    1.2159226071e-08
 605.0000000000    1.2168390575e-08
 605.5000000000    1.2186747224e-08
 606.0000000000    1.2202201241e-08
 606.5000000000    1.2205163153e-08
 607.0000000000    1.2196657226e-08
 607.5000000000    1.2187484684e-08
 608.0000000000    1.2189125532e-08
 608.5000000000    1.2204040445e-08
 609.0000000000    1.2223565495e-08
 609.5000000000    1.2235202095e-08
 610.0000000000    1.2233167821e-08
 610.5000000000    1.2223299514e-08
 611.0000000000    1.2218151377e-08
 611.5000000000    1.2226406098e-08
 612.0000000000    1.2245527948e-08
 612.5000000000    1.2263872250e-08
 613.0000000000    1.2270498184e-08
 613.5000000000    1.2264417778e-08
 614.0000000000    1.2255384075e-08
 614.5000000000    1.2255918067e-08
 615.0000000000    1.2270402660e-08
 615.5000000000    1.2291595985e-08
 616.0000000000    1.2306641756e-08
 616.5000000000    1.2307918215e-08
 617.0000000000    1.2299497474e-08
 617.5000000000    1.2293743071e-08
 618.0000000000    1.2300887129e-08
 618.5000000000    1.2320373281e-08
 619.0000000000    1.2341291733e-08
 619.5000000000    1.2351569420e-08
 620.0000000000    1.2348172774e-08
 620.5000000000    1.2339699283e-08
 621.0000000000    1.2339144843e-08
 621.5000000000    1.2352930462e-08
 622.0000000000    1.2375452813e-08
 622.5000000000    1.2393783280e-08
 623.0000000000    1.2398575817e-08
 623.5000000000    1.2391982325e-08
 624.0000000000    1.2385871287e-08
 624.5000000000    1.2391823377e-08
 625.0000000000    1.2411337811e-08
 625.5000000000    1.2434532615e-08
 626.0000000000    1.2448463900e-08
 626.5000000000    1.2448058805e-08
 627.0000000000    1.2440426707e-08
 627.5000000000    1.2438886033e-08
 628.0000000000    1.2451725376e-08
 628.5000000000    1.2475181049e-08
 629.0000000000    1.2496578178e-08
 629.5000000000    1.2505012991e-08
 630.0000000000    1.2500572808e-08
 630.5000000000    1.2494296507e-08
 631.0000000000    1.2498878553e-08
 631.5000000000    1.2517942459e-08
 632.0000000000    1.2542944350e-08
 632.5000000000    1.2560350021e-08
 633.0000000000    1.2563053899e-08
 633.5000000000    1.2556403392e-08
 634.0000000000    1.2553719857e-08
 634.5000000000    1.2565067555e-08
 635.0000000000    1.2588739171e-08
 635.5000000000    1.2612658371e-08
 636.0000000000    1.2624546006e-08
 636.5000000000    1.2622358328e-08
 637.0000000000    1.2615843878e-08
 637.5000000000    1.2618636624e-08
 638.0000000000    1.2636546516e-08
 638.5000000000    1.2662691218e-08
 639.0000000000    1.2683198850e-08
 639.5000000000    1.2689097494e-08
 640.0000000000    1.2683625193e-08
 640.5000000000    1.2679740339e-08
 641.0000000000    1.2689154155e-08
 641.5000000000    1.2712444622e-08
 642.0000000000    1.2738528377e-08
 642.5000000000    1.2753962276e-08
 643.0000000000    1.2754259702e-08
 643.5000000000    1.2747685043e-08
 644.0000000000    1.2748331290e-08
 644.5000000000    1.2764248621e-08
 645.0000000000    1.2790619270e-08
 645.5000000000    1.2813798903e-08
 646.0000000000    1.2822722433e-08
 646.5000000000    1.2818222168e-08
 647.0000000000    1.2812408920e-08
 647.5000000000    1.2818340781e-08
 648.0000000000    1.2839281010e-08
 648.5000000000    1.2865738388e-08
 649.0000000000    1.2883476179e-08
 649.5000000000    1.2885494441e-08
 650.0000000000    1.2878023155e-08
 650.5000000000    1.2875346655e-08
 651.0000000000    1.2887818810e-08
 651.5000000000    1.2913110956e-08
 652.0000000000    1.2938082217e-08
 652.5000000000    1.2949975469e-08
 653.0000000000    1.2947243884e-08
 653.5000000000    1.2940984505e-08
 654.0000000000    1.2945564839e-08
 654.5000000000    1.2966369502e-08
 655.0000000000    1.2995125190e-08
 655.5000000000    1.3016867272e-08
 656.0000000000    1.3022575941e-08
 656.5000000000    1.3017140072e-08
 657.0000000000    1.3014839636e-08
 657.5000000000    1.3027394612e-08
 658.0000000000    1.3053894078e-08
 658.5000000000    1.3081540585e-08
 659.0000000000    1.3096324796e-08
 659.5000000000    1.3095167951e-08
 660.0000000000    1.3088391896e-08
 660.5000000000    1.3091069975e-08
 661.0000000000    1.3110259386e-08
 661.5000000000    1.3138955012e-08
 662.0000000000    1.3162153225e-08
 662.5000000000    1.3169353007e-08
 663.0000000000    1.3163662413e-08
 663.5000000000    1.3159220893e-08
 664.0000000000    1.3169246354e-08
 664.5000000000    1.3194876075e-08
 665.0000000000    1.3223873609e-08
 665.5000000000    1.3241330511e-08
 666.0000000000    1.3242091285e-08
 666.5000000000    1.3235278645e-08
 667.0000000000    1.3236586595e-08
 667.5000000000    1.3254929011e-08
 668.0000000000    1.3284802070e-08
 668.5000000000    1.3310895928e-08
 669.0000000000    1.3320987324e-08
 669.5000000000    1.3316605275e-08
 670.0000000000    1.3311392277e-08
 670.5000000000    1.3319773893e-08
 671.0000000000    1.3344638345e-08
 671.5000000000    1.3374817004e-08
 672.0000000000    1.3394513750e-08
 672.5000000000    1.3396716003e-08
 673.0000000000    1.3389158806e-08
 673.5000000000    1.3387854478e-08
 674.0000000000    1.3403515200e-08
 674.5000000000    1.3432479724e-08
 675.0000000000    1.3459759542e-08
 675.5000000000    1.3471717179e-08
 676.0000000000    1.3467654547e-08
 676.5000000000    1.3460467187e-08
 677.0000000000    1.3465835398e-08
 677.5000000000    1.3488653843e-08
 678.0000000000    1.3519176134e-08
 678.5000000000    1.3540964519e-08
 679.0000000000    1.3544900455e-08
 679.5000000000    1.3536950684e-08
 680.0000000000    1.3533072303e-08
 680.5000000000    1.3545964942e-08
 681.0000000000    1.3573930084e-08
 681.5000000000    1.3602524903e-08
 682.0000000000    1.3616684395e-08
 682.5000000000    1.3613492667e-08
 683.0000000000    1.3604699662e-08
 683.5000000000    1.3606817824e-08
 684.0000000000    1.3627148208e-08
 684.5000000000    1.3657557839e-08
 685.0000000000    1.3681311127e-08
 685.5000000000    1.3687219283e-08
 686.0000000000    1.3679149017e-08
 686.5000000000    1.3672808042e-08
 687.0000000000    1.3682479349e-08
 687.5000000000    1.3708901564e-08
 688.0000000000    1.3738580729e-08
 688.5000000000    1.3755168846e-08
 689.0000000000    1.3753314428e-08
 689.5000000000    1.3743248009e-08
 690.0000000000    1.3742171719e-08
 690.5000000000    1.3759696318e-08
 691.0000000000    1.3789653703e-08
 691.5000000000    1.3815261126e-08
 692.0000000000    1.3823318109e-08
 692.5000000000    1.3815430001e-08
 693.0000000000    1.3806718326e-08
 693.5000000000    1.3813046928e-08
 694.0000000000    1.3837551812e-08
 694.5000000000    1.3867914035e-08
 695.0000000000    1.3886749908e-08
 695.5000000000    1.3886357742e-08
 696.0000000000    1.3875307755e-08
 696.5000000000    1.3871228946e-08
 697.0000000000    1.3885857466e-08
 697.5000000000    1.3915025754e-08
 698.0000000000    1.3942130355e-08
 698.5000000000    1.3952193481e-08
 699.0000000000    1.3944607128e-08
 699.5000000000    1.3933712673e-08
 700.0000000000    1.3936669428e-08
