#          time             Min_Chi
   0.0000000000    5.1915498562e-01
   0.5000000000    5.1898929342e-01
   1.0000000000    5.1866239291e-01
   1.5000000000    5.1833718156e-01
   2.0000000000    5.1806529532e-01
   2.5000000000    5.1785078914e-01
   3.0000000000    5.1765573448e-01
   3.5000000000    5.1746433903e-01
   4.0000000000    5.1727853806e-01
   4.5000000000    5.1707804976e-01
   5.0000000000    5.1688748658e-01
   5.5000000000    5.1667555735e-01
   6.0000000000    5.1647507952e-01
   6.5000000000    5.1625876468e-01
   7.0000000000    5.1604974150e-01
   7.5000000000    5.1583073500e-01
   8.0000000000    5.1561479066e-01
   8.5000000000    5.1539406911e-01
   9.0000000000    5.1517278399e-01
   9.5000000000    5.1495143969e-01
  10.0000000000    5.1472656577e-01
  10.5000000000    5.1450573883e-01
  11.0000000000    5.1427887079e-01
  11.5000000000    5.1405957631e-01
  12.0000000000    5.1383179716e-01
  12.5000000000    5.1361455481e-01
  13.0000000000    5.1338775070e-01
  13.5000000000    5.1317307848e-01
  14.0000000000    5.1294777823e-01
  14.5000000000    5.1273681135e-01
  15.0000000000    5.1251401767e-01
  15.5000000000    5.1230681537e-01
  16.0000000000    5.1208728748e-01
  16.5000000000    5.1188290198e-01
  17.0000000000    5.1166850099e-01
  17.5000000000    5.1147014872e-01
  18.0000000000    5.1125914097e-01
  18.5000000000    5.1106528605e-01
  19.0000000000    5.1085901830e-01
  19.5000000000    5.1066990202e-01
  20.0000000000    5.1046897517e-01
  20.5000000000    5.1028478698e-01
  21.0000000000    5.1008930069e-01
  21.5000000000    5.0991016879e-01
  22.0000000000    5.0972031055e-01
  22.5000000000    5.0954510174e-01
  23.0000000000    5.0936332155e-01
  23.5000000000    5.0919292673e-01
  24.0000000000    5.0901540664e-01
  24.5000000000    5.0885143747e-01
  25.0000000000    5.0867951352e-01
  25.5000000000    5.0852074686e-01
  26.0000000000    5.0835460551e-01
  26.5000000000    5.0820049694e-01
  27.0000000000    5.0804055250e-01
  27.5000000000    5.0789143203e-01
  28.0000000000    5.0773749746e-01
  28.5000000000    5.0759324123e-01
  29.0000000000    5.0744518707e-01
  29.5000000000    5.0730563149e-01
  30.0000000000    5.0716337222e-01
  30.5000000000    5.0702825963e-01
  31.0000000000    5.0689080153e-01
  31.5000000000    5.0676068529e-01
  32.0000000000    5.0663083207e-01
  32.5000000000    5.0650543596e-01
  33.0000000000    5.0637862116e-01
  33.5000000000    5.0625767902e-01
  34.0000000000    5.0613728289e-01
  34.5000000000    5.0602030795e-01
  35.0000000000    5.0590448136e-01
  35.5000000000    5.0579220828e-01
  36.0000000000    5.0568123305e-01
  36.5000000000    5.0557301031e-01
  37.0000000000    5.0546661453e-01
  37.5000000000    5.0536252276e-01
  38.0000000000    5.0526062107e-01
  38.5000000000    5.0516067805e-01
  39.0000000000    5.0506298607e-01
  39.5000000000    5.0496705657e-01
  40.0000000000    5.0487335853e-01
  40.5000000000    5.0478128089e-01
  41.0000000000    5.0469138594e-01
  41.5000000000    5.0460328216e-01
  42.0000000000    5.0451695807e-01
  42.5000000000    5.0443270915e-01
  43.0000000000    5.0434986845e-01
  43.5000000000    5.0426934296e-01
  44.0000000000    5.0418954411e-01
  44.5000000000    5.0411301750e-01
  45.0000000000    5.0403644849e-01
  45.5000000000    5.0396339609e-01
  46.0000000000    5.0388925988e-01
  46.5000000000    5.0382001127e-01
  47.0000000000    5.0374871628e-01
  47.5000000000    5.0368317696e-01
  48.0000000000    5.0361397544e-01
  48.5000000000    5.0355191865e-01
  49.0000000000    5.0348503075e-01
  49.5000000000    5.0342683952e-01
  50.0000000000    5.0336188603e-01
  50.5000000000    5.0330723866e-01
  51.0000000000    5.0324397057e-01
  51.5000000000    5.0319293090e-01
  52.0000000000    5.0313123233e-01
  52.5000000000    5.0308387092e-01
  53.0000000000    5.0302339458e-01
  53.5000000000    5.0297941417e-01
  54.0000000000    5.0291975893e-01
  54.5000000000    5.0287828885e-01
  55.0000000000    5.0281858428e-01
  55.5000000000    5.0277511140e-01
  56.0000000000    5.0271426360e-01
  56.5000000000    5.0266223603e-01
  57.0000000000    5.0259126359e-01
  57.5000000000    5.0252086150e-01
  58.0000000000    5.0243678219e-01
  58.5000000000    5.0236028097e-01
  59.0000000000    5.0229104112e-01
  59.5000000000    5.0224241910e-01
  60.0000000000    5.0220368443e-01
  60.5000000000    5.0217391138e-01
  61.0000000000    5.0214525668e-01
  61.5000000000    5.0211622969e-01
  62.0000000000    5.0209027855e-01
  62.5000000000    5.0205983560e-01
  63.0000000000    5.0203353171e-01
  63.5000000000    5.0199740906e-01
  64.0000000000    5.0197210096e-01
  64.5000000000    5.0193729089e-01
  65.0000000000    5.0191735750e-01
  65.5000000000    5.0188064489e-01
  66.0000000000    5.0186131307e-01
  66.5000000000    5.0182526430e-01
  67.0000000000    5.0180559531e-01
  67.5000000000    5.0177269274e-01
  68.0000000000    5.0175169438e-01
  68.5000000000    5.0172292673e-01
  69.0000000000    5.0170066805e-01
  69.5000000000    5.0167555879e-01
  70.0000000000    5.0165207176e-01
  70.5000000000    5.0163102554e-01
  71.0000000000    5.0160648024e-01
  71.5000000000    5.0158937343e-01
  72.0000000000    5.0156324602e-01
  72.5000000000    5.0155016467e-01
  73.0000000000    5.0152248329e-01
  73.5000000000    5.0151152077e-01
  74.0000000000    5.0148448475e-01
  74.5000000000    5.0147179159e-01
  75.0000000000    5.0144908955e-01
  75.5000000000    5.0143454484e-01
  76.0000000000    5.0141626971e-01
  76.5000000000    5.0139973984e-01
  77.0000000000    5.0138590171e-01
  77.5000000000    5.0136698365e-01
  78.0000000000    5.0135794079e-01
  78.5000000000    5.0133707328e-01
  79.0000000000    5.0133233437e-01
  79.5000000000    5.0130981454e-01
  80.0000000000    5.0130227223e-01
  80.5000000000    5.0128432394e-01
  81.0000000000    5.0127381069e-01
  81.5000000000    5.0126097254e-01
  82.0000000000    5.0124915928e-01
  82.5000000000    5.0124311705e-01
  83.0000000000    5.0122779730e-01
  83.5000000000    5.0122422807e-01
  84.0000000000    5.0120474633e-01
  84.5000000000    5.0120186704e-01
  85.0000000000    5.0118743975e-01
  85.5000000000    5.0118125438e-01
  86.0000000000    5.0117201851e-01
  86.5000000000    5.0116266100e-01
  87.0000000000    5.0115896449e-01
  87.5000000000    5.0114589364e-01
  88.0000000000    5.0114786023e-01
  88.5000000000    5.0113204408e-01
  89.0000000000    5.0113036931e-01
  89.5000000000    5.0112058825e-01
  90.0000000000    5.0111520810e-01
  90.5000000000    5.0111161274e-01
  91.0000000000    5.0110252259e-01
  91.5000000000    5.0110531300e-01
  92.0000000000    5.0109232716e-01
  92.5000000000    5.0109362723e-01
  93.0000000000    5.0108494010e-01
  93.5000000000    5.0108202707e-01
  94.0000000000    5.0108004478e-01
  94.5000000000    5.0107300055e-01
  95.0000000000    5.0107798634e-01
  95.5000000000    5.0106672174e-01
  96.0000000000    5.0106923310e-01
  96.5000000000    5.0106328366e-01
  97.0000000000    5.0106121332e-01
  97.5000000000    5.0106273144e-01
  98.0000000000    5.0105599784e-01
  98.5000000000    5.0106262731e-01
  99.0000000000    5.0105359876e-01
  99.5000000000    5.0105561330e-01
 100.0000000000    5.0105453126e-01
 100.5000000000    5.0105181140e-01
 101.0000000000    5.0105863293e-01
 101.5000000000    5.0105059669e-01
 102.0000000000    5.0105548263e-01
 102.5000000000    5.0105257590e-01
 103.0000000000    5.0105255452e-01
 103.5000000000    5.0105819729e-01
 104.0000000000    5.0105287375e-01
 104.5000000000    5.0105995298e-01
 105.0000000000    5.0105628320e-01
 105.5000000000    5.0105815658e-01
 106.0000000000    5.0106354841e-01
 106.5000000000    5.0105988104e-01
 107.0000000000    5.0106838787e-01
 107.5000000000    5.0106509668e-01
 108.0000000000    5.0106783446e-01
 108.5000000000    5.0107410245e-01
 109.0000000000    5.0107109908e-01
 109.5000000000    5.0107999631e-01
 110.0000000000    5.0107831121e-01
 110.5000000000    5.0108132627e-01
 111.0000000000    5.0108970185e-01
 111.5000000000    5.0108663611e-01
 112.0000000000    5.0109512665e-01
 112.5000000000    5.0109623991e-01
 113.0000000000    5.0109858282e-01
 113.5000000000    5.0111047853e-01
 114.0000000000    5.0110654888e-01
 114.5000000000    5.0111391091e-01
 115.0000000000    5.0111911537e-01
 115.5000000000    5.0111989037e-01
 116.0000000000    5.0113163173e-01
 116.5000000000    5.0113067823e-01
 117.0000000000    5.0113582374e-01
 117.5000000000    5.0114646013e-01
 118.0000000000    5.0114487558e-01
 118.5000000000    5.0115388838e-01
 119.0000000000    5.0115899826e-01
 119.5000000000    5.0116138719e-01
 120.0000000000    5.0117439160e-01
 120.5000000000    5.0117487225e-01
 121.0000000000    5.0118053598e-01
 121.5000000000    5.0119317754e-01
 122.0000000000    5.0119162404e-01
 122.5000000000    5.0120018159e-01
 123.0000000000    5.0120890834e-01
 123.5000000000    5.0121051002e-01
 124.0000000000    5.0122198517e-01
 124.5000000000    5.0122715660e-01
 125.0000000000    5.0123117055e-01
 125.5000000000    5.0124464849e-01
 126.0000000000    5.0124645226e-01
 126.5000000000    5.0125270437e-01
 127.0000000000    5.0126817798e-01
 127.5000000000    5.0126717030e-01
 128.0000000000    5.0127512899e-01
 128.5000000000    5.0128914182e-01
 129.0000000000    5.0128932975e-01
 129.5000000000    5.0129844364e-01
 130.0000000000    5.0131058926e-01
 130.5000000000    5.0131218719e-01
 131.0000000000    5.0132238908e-01
 131.5000000000    5.0133327356e-01
 132.0000000000    5.0133601734e-01
 132.5000000000    5.0134720882e-01
 133.0000000000    5.0135734409e-01
 133.5000000000    5.0136039565e-01
 134.0000000000    5.0137207930e-01
 134.5000000000    5.0138245654e-01
 135.0000000000    5.0138583261e-01
 135.5000000000    5.0139757814e-01
 136.0000000000    5.0140868544e-01
 136.5000000000    5.0141208770e-01
 137.0000000000    5.0142344217e-01
 137.5000000000    5.0143570853e-01
 138.0000000000    5.0143888301e-01
 138.5000000000    5.0144979651e-01
 139.0000000000    5.0146385420e-01
 139.5000000000    5.0146642365e-01
 140.0000000000    5.0147648869e-01
 140.5000000000    5.0149314825e-01
 141.0000000000    5.0149476081e-01
 141.5000000000    5.0150367070e-01
 142.0000000000    5.0151978549e-01
 142.5000000000    5.0152392429e-01
 143.0000000000    5.0153150222e-01
 143.5000000000    5.0154603895e-01
 144.0000000000    5.0155421774e-01
 144.5000000000    5.0156004779e-01
 145.0000000000    5.0157265554e-01
 145.5000000000    5.0158569374e-01
 146.0000000000    5.0158964157e-01
 146.5000000000    5.0160020410e-01
 147.0000000000    5.0161730324e-01
 147.5000000000    5.0162065927e-01
 148.0000000000    5.0162877863e-01
 148.5000000000    5.0164326744e-01
 149.0000000000    5.0165327613e-01
 149.5000000000    5.0165895595e-01
 150.0000000000    5.0167070902e-01
 150.5000000000    5.0168811224e-01
 151.0000000000    5.0169099250e-01
 151.5000000000    5.0169974983e-01
 152.0000000000    5.0171435479e-01
 152.5000000000    5.0172532678e-01
 153.0000000000    5.0173103077e-01
 153.5000000000    5.0174234663e-01
 154.0000000000    5.0175918453e-01
 154.5000000000    5.0176498808e-01
 155.0000000000    5.0177273059e-01
 155.5000000000    5.0178580329e-01
 156.0000000000    5.0180211472e-01
 156.5000000000    5.0180627063e-01
 157.0000000000    5.0181551947e-01
 157.5000000000    5.0182977438e-01
 158.0000000000    5.0184337784e-01
 158.5000000000    5.0184836610e-01
 159.0000000000    5.0185828911e-01
 159.5000000000    5.0187340395e-01
 160.0000000000    5.0188644386e-01
 160.5000000000    5.0189236642e-01
 161.0000000000    5.0190235824e-01
 161.5000000000    5.0191669453e-01
 162.0000000000    5.0192943810e-01
 162.5000000000    5.0193521339e-01
 163.0000000000    5.0194548769e-01
 163.5000000000    5.0195985406e-01
 164.0000000000    5.0197496506e-01
 164.5000000000    5.0198000158e-01
 165.0000000000    5.0198916862e-01
 165.5000000000    5.0200230828e-01
 166.0000000000    5.0201925608e-01
 166.5000000000    5.0202528184e-01
 167.0000000000    5.0203325677e-01
 167.5000000000    5.0204501130e-01
 168.0000000000    5.0206035184e-01
 168.5000000000    5.0207247570e-01
 169.0000000000    5.0207881159e-01
 169.5000000000    5.0208860847e-01
 170.0000000000    5.0210179263e-01
 170.5000000000    5.0211832026e-01
 171.0000000000    5.0212642307e-01
 171.5000000000    5.0213409342e-01
 172.0000000000    5.0214489944e-01
 172.5000000000    5.0215875324e-01
 173.0000000000    5.0217551623e-01
 173.5000000000    5.0218229078e-01
 174.0000000000    5.0219037799e-01
 174.5000000000    5.0220127188e-01
 175.0000000000    5.0221489900e-01
 175.5000000000    5.0223119118e-01
 176.0000000000    5.0223978822e-01
 176.5000000000    5.0224743169e-01
 177.0000000000    5.0225761131e-01
 177.5000000000    5.0227030572e-01
 178.0000000000    5.0228535665e-01
 178.5000000000    5.0229905396e-01
 179.0000000000    5.0230581533e-01
 179.5000000000    5.0231482155e-01
 180.0000000000    5.0232592691e-01
 180.5000000000    5.0233909233e-01
 181.0000000000    5.0235429137e-01
 181.5000000000    5.0236661246e-01
 182.0000000000    5.0237383233e-01
 182.5000000000    5.0238292101e-01
 183.0000000000    5.0239372934e-01
 183.5000000000    5.0240615020e-01
 184.0000000000    5.0242011474e-01
 184.5000000000    5.0243556472e-01
 185.0000000000    5.0244183572e-01
 185.5000000000    5.0244955742e-01
 186.0000000000    5.0245867897e-01
 186.5000000000    5.0246910996e-01
 187.0000000000    5.0248085193e-01
 187.5000000000    5.0249396642e-01
 188.0000000000    5.0250841475e-01
 188.5000000000    5.0251631538e-01
 189.0000000000    5.0252408619e-01
 189.5000000000    5.0253321977e-01
 190.0000000000    5.0254352596e-01
 190.5000000000    5.0255490852e-01
 191.0000000000    5.0256727325e-01
 191.5000000000    5.0258053304e-01
 192.0000000000    5.0259463130e-01
 192.5000000000    5.0260548889e-01
 193.0000000000    5.0261327399e-01
 193.5000000000    5.0262181745e-01
 194.0000000000    5.0263116766e-01
 194.5000000000    5.0264124349e-01
 195.0000000000    5.0265192304e-01
 195.5000000000    5.0266324746e-01
 196.0000000000    5.0267523328e-01
 196.5000000000    5.0268767156e-01
 197.0000000000    5.0270050154e-01
 197.5000000000    5.0271373112e-01
 198.0000000000    5.0272165883e-01
 198.5000000000    5.0273004550e-01
 199.0000000000    5.0273889501e-01
 199.5000000000    5.0274818711e-01
 200.0000000000    5.0275785129e-01
 200.5000000000    5.0276776064e-01
 201.0000000000    5.0277787717e-01
 201.5000000000    5.0278824527e-01
 202.0000000000    5.0279885001e-01
 202.5000000000    5.0280966341e-01
 203.0000000000    5.0282066052e-01
 203.5000000000    5.0283178585e-01
 204.0000000000    5.0284290205e-01
 204.5000000000    5.0285392766e-01
 205.0000000000    5.0286486181e-01
 205.5000000000    5.0287571948e-01
 206.0000000000    5.0288649779e-01
 206.5000000000    5.0289718769e-01
 207.0000000000    5.0290780236e-01
 207.5000000000    5.0291728467e-01
 208.0000000000    5.0292632199e-01
 208.5000000000    5.0293541197e-01
 209.0000000000    5.0294459485e-01
 209.5000000000    5.0295382566e-01
 210.0000000000    5.0296307719e-01
 210.5000000000    5.0297238724e-01
 211.0000000000    5.0298173948e-01
 211.5000000000    5.0299110023e-01
 212.0000000000    5.0300045461e-01
 212.5000000000    5.0300983335e-01
 213.0000000000    5.0301926982e-01
 213.5000000000    5.0302878450e-01
 214.0000000000    5.0303690190e-01
 214.5000000000    5.0304466859e-01
 215.0000000000    5.0305231676e-01
 215.5000000000    5.0305979400e-01
 216.0000000000    5.0306711810e-01
 216.5000000000    5.0307439137e-01
 217.0000000000    5.0308167014e-01
 217.5000000000    5.0308897780e-01
 218.0000000000    5.0309636716e-01
 218.5000000000    5.0310382093e-01
 219.0000000000    5.0311129871e-01
 219.5000000000    5.0311880535e-01
 220.0000000000    5.0312646224e-01
 220.5000000000    5.0313442820e-01
 221.0000000000    5.0314282950e-01
 221.5000000000    5.0315179081e-01
 222.0000000000    5.0316139306e-01
 222.5000000000    5.0317110640e-01
 223.0000000000    5.0317520459e-01
 223.5000000000    5.0317954280e-01
 224.0000000000    5.0318422186e-01
 224.5000000000    5.0318937467e-01
 225.0000000000    5.0319522374e-01
 225.5000000000    5.0320201093e-01
 226.0000000000    5.0320985589e-01
 226.5000000000    5.0321875115e-01
 227.0000000000    5.0322792353e-01
 227.5000000000    5.0322959734e-01
 228.0000000000    5.0323219070e-01
 228.5000000000    5.0323592775e-01
 229.0000000000    5.0324109445e-01
 229.5000000000    5.0324784034e-01
 230.0000000000    5.0325620124e-01
 230.5000000000    5.0326295319e-01
 231.0000000000    5.0326297643e-01
 231.5000000000    5.0326450698e-01
 232.0000000000    5.0326778992e-01
 232.5000000000    5.0327311950e-01
 233.0000000000    5.0328076706e-01
 233.5000000000    5.0328237008e-01
 234.0000000000    5.0328169384e-01
 234.5000000000    5.0328379664e-01
 235.0000000000    5.0328888526e-01
 235.5000000000    5.0329705628e-01
 236.0000000000    5.0329697035e-01
 236.5000000000    5.0329574935e-01
 237.0000000000    5.0329736477e-01
 237.5000000000    5.0330216575e-01
 238.0000000000    5.0330428361e-01
 238.5000000000    5.0329982245e-01
 239.0000000000    5.0329946682e-01
 239.5000000000    5.0330338719e-01
 240.0000000000    5.0330387841e-01
 240.5000000000    5.0329802771e-01
 241.0000000000    5.0329674716e-01
 241.5000000000    5.0330068469e-01
 242.0000000000    5.0329501008e-01
 242.5000000000    5.0329104138e-01
 243.0000000000    5.0329319060e-01
 243.5000000000    5.0329261376e-01
 244.0000000000    5.0328495491e-01
 244.5000000000    5.0328281942e-01
 245.0000000000    5.0328109782e-01
 245.5000000000    5.0326948083e-01
 246.0000000000    5.0326564028e-01
 246.5000000000    5.0326344688e-01
 247.0000000000    5.0325265134e-01
 247.5000000000    5.0325002196e-01
 248.0000000000    5.0324323614e-01
 248.5000000000    5.0323149647e-01
 249.0000000000    5.0322845599e-01
 249.5000000000    5.0321330202e-01
 250.0000000000    5.0320385086e-01
 250.5000000000    5.0319719644e-01
 251.0000000000    5.0318175982e-01
 251.5000000000    5.0317709710e-01
 252.0000000000    5.0315822578e-01
 252.5000000000    5.0314716313e-01
 253.0000000000    5.0313168515e-01
 253.5000000000    5.0311585699e-01
 254.0000000000    5.0310307167e-01
 254.5000000000    5.0308322260e-01
 255.0000000000    5.0307092561e-01
 255.5000000000    5.0304697778e-01
 256.0000000000    5.0303328035e-01
 256.5000000000    5.0300641689e-01
 257.0000000000    5.0299067848e-01
 257.5000000000    5.0296258348e-01
 258.0000000000    5.0294366359e-01
 258.5000000000    5.0291530139e-01
 259.0000000000    5.0289162043e-01
 259.5000000000    5.0286394371e-01
 260.0000000000    5.0283411002e-01
 260.5000000000    5.0280841363e-01
 261.0000000000    5.0277134259e-01
 261.5000000000    5.0274387216e-01
 262.0000000000    5.0270415752e-01
 262.5000000000    5.0266774303e-01
 263.0000000000    5.0263445757e-01
 263.5000000000    5.0258886167e-01
 264.0000000000    5.0255023109e-01
 264.5000000000    5.0250920515e-01
 265.0000000000    5.0245956768e-01
 265.5000000000    5.0241447282e-01
 266.0000000000    5.0236765144e-01
 266.5000000000    5.0230954213e-01
 267.0000000000    5.0225450898e-01
 267.5000000000    5.0220197069e-01
 268.0000000000    5.0213913740e-01
 268.5000000000    5.0207327118e-01
 269.0000000000    5.0200831017e-01
 269.5000000000    5.0194335706e-01
 270.0000000000    5.0187210137e-01
 270.5000000000    5.0179214486e-01
 271.0000000000    5.0171080784e-01
 271.5000000000    5.0162747226e-01
 272.0000000000    5.0154161489e-01
 272.5000000000    5.0145276736e-01
 273.0000000000    5.0135940367e-01
 273.5000000000    5.0125652232e-01
 274.0000000000    5.0115021697e-01
 274.5000000000    5.0103974041e-01
 275.0000000000    5.0092423984e-01
 275.5000000000    5.0080287236e-01
 276.0000000000    5.0067505893e-01
 276.5000000000    5.0054068074e-01
 277.0000000000    5.0040005615e-01
 277.5000000000    5.0025367774e-01
 278.0000000000    5.0010177061e-01
 278.5000000000    4.9994390625e-01
 279.0000000000    4.9977906141e-01
 279.5000000000    4.9960619323e-01
 280.0000000000    4.9942111689e-01
 280.5000000000    4.9922292193e-01
 281.0000000000    4.9901700726e-01
 281.5000000000    4.9880449876e-01
 282.0000000000    4.9858567504e-01
 282.5000000000    4.9836003599e-01
 283.0000000000    4.9811213795e-01
 283.5000000000    4.9785498463e-01
 284.0000000000    4.9759068892e-01
 284.5000000000    4.9731288498e-01
 285.0000000000    4.9701794946e-01
 285.5000000000    4.9671840496e-01
 286.0000000000    4.9639968661e-01
 286.5000000000    4.9606665631e-01
 287.0000000000    4.9572328614e-01
 287.5000000000    4.9535704709e-01
 288.0000000000    4.9498451857e-01
 288.5000000000    4.9458739109e-01
 289.0000000000    4.9417990586e-01
 289.5000000000    4.9375268175e-01
 290.0000000000    4.9330446993e-01
 290.5000000000    4.9284477554e-01
 291.0000000000    4.9235880247e-01
 291.5000000000    4.9185200657e-01
 292.0000000000    4.9132691670e-01
 292.5000000000    4.9078026446e-01
 293.0000000000    4.9020852046e-01
 293.5000000000    4.8960368744e-01
 294.0000000000    4.8896970205e-01
 294.5000000000    4.8830232414e-01
 295.0000000000    4.8759666756e-01
 295.5000000000    4.8683995352e-01
 296.0000000000    4.8602714044e-01
 296.5000000000    4.8515086101e-01
 297.0000000000    4.8419345325e-01
 297.5000000000    4.8312853795e-01
 298.0000000000    4.8193368454e-01
 298.5000000000    4.8057169626e-01
 299.0000000000    4.7898950902e-01
 299.5000000000    4.7711165224e-01
 300.0000000000    4.7482584636e-01
 300.5000000000    4.7194971185e-01
 301.0000000000    4.6761349172e-01
 301.5000000000    4.5042678910e-01
 302.0000000000    4.3274262590e-01
 302.5000000000    4.1459426468e-01
 303.0000000000    3.9602099787e-01
 303.5000000000    3.7706758263e-01
 304.0000000000    3.5778337346e-01
 304.5000000000    3.3822128615e-01
 305.0000000000    3.1843681551e-01
 305.5000000000    2.9848733099e-01
 306.0000000000    2.7843189167e-01
 306.5000000000    2.5833180697e-01
 307.0000000000    2.3825211450e-01
 307.5000000000    2.1826409428e-01
 308.0000000000    1.9844874313e-01
 308.5000000000    1.7890091955e-01
 309.0000000000    1.5973349428e-01
 309.5000000000    1.4108049282e-01
 310.0000000000    1.2309790718e-01
 310.5000000000    1.0596075502e-01
 311.0000000000    8.9855282695e-02
 311.5000000000    7.4966039128e-02
 312.0000000000    6.1458874099e-02
 312.5000000000    4.9462408292e-02
 313.0000000000    3.9051634579e-02
 313.5000000000    3.0237423447e-02
 314.0000000000    2.2964570572e-02
 314.5000000000    1.7118926804e-02
 315.0000000000    1.2541874296e-02
 315.5000000000    9.0488068909e-03
 316.0000000000    6.4478316058e-03
 316.5000000000    4.5555572109e-03
 317.0000000000    3.2081277400e-03
 317.5000000000    2.2670875636e-03
 318.0000000000    1.6208234009e-03
 318.5000000000    1.1829355250e-03
 319.0000000000    8.8890902692e-04
 319.5000000000    6.9213058051e-04
 320.0000000000    5.5992444738e-04
 320.5000000000    4.7000035694e-04
 321.0000000000    4.0750878954e-04
 321.5000000000    3.6275367957e-04
 322.0000000000    3.2951124500e-04
 322.5000000000    3.0384836003e-04
 323.0000000000    2.8331850420e-04
 323.5000000000    2.6642471014e-04
 324.0000000000    2.5226324795e-04
 324.5000000000    2.4028792797e-04
 325.0000000000    2.3015608941e-04
 325.5000000000    2.2163138077e-04
 326.0000000000    2.1452639310e-04
 326.5000000000    2.0867252519e-04
 327.0000000000    2.0390725889e-04
 327.5000000000    2.0007142031e-04
 328.0000000000    1.9701124587e-04
 328.5000000000    1.9458201835e-04
 329.0000000000    1.9265153446e-04
 329.5000000000    1.9110266004e-04
 330.0000000000    1.8983476752e-04
 330.5000000000    1.8876413865e-04
 331.0000000000    1.8782351471e-04
 331.5000000000    1.8696099011e-04
 332.0000000000    1.8613845010e-04
 332.5000000000    1.8532973517e-04
 333.0000000000    1.8451869059e-04
 333.5000000000    1.8369723130e-04
 334.0000000000    1.8286352312e-04
 334.5000000000    1.8202034301e-04
 335.0000000000    1.8117365054e-04
 335.5000000000    1.8033137961e-04
 336.0000000000    1.7950244323e-04
 336.5000000000    1.7869594604e-04
 337.0000000000    1.7792058873e-04
 337.5000000000    1.7718424761e-04
 338.0000000000    1.7649370666e-04
 338.5000000000    1.7585451641e-04
 339.0000000000    1.7527095453e-04
 339.5000000000    1.7474606090e-04
 340.0000000000    1.7428171791e-04
 340.5000000000    1.7387876301e-04
 341.0000000000    1.7353711252e-04
 341.5000000000    1.7325588864e-04
 342.0000000000    1.7303353783e-04
 342.5000000000    1.7286793519e-04
 343.0000000000    1.7275647052e-04
 343.5000000000    1.7269611699e-04
 344.0000000000    1.7268348260e-04
 344.5000000000    1.7271485046e-04
 345.0000000000    1.7278621051e-04
 345.5000000000    1.7289328762e-04
 346.0000000000    1.7303157319e-04
 346.5000000000    1.7319636274e-04
 347.0000000000    1.7338280025e-04
 347.5000000000    1.7358593324e-04
 348.0000000000    1.7380078282e-04
 348.5000000000    1.7402242671e-04
 349.0000000000    1.7424608661e-04
 349.5000000000    1.7446721868e-04
 350.0000000000    1.7468160587e-04
 350.5000000000    1.7488544001e-04
 351.0000000000    1.7507539082e-04
 351.5000000000    1.7524866215e-04
 352.0000000000    1.7540303222e-04
 352.5000000000    1.7553687919e-04
 353.0000000000    1.7564919104e-04
 353.5000000000    1.7573956793e-04
 354.0000000000    1.7580820399e-04
 354.5000000000    1.7585583989e-04
 355.0000000000    1.7588369296e-04
 355.5000000000    1.7589337208e-04
 356.0000000000    1.7588679294e-04
 356.5000000000    1.7586610735e-04
 357.0000000000    1.7583364749e-04
 357.5000000000    1.7579186788e-04
 358.0000000000    1.7574327478e-04
 358.5000000000    1.7569033788e-04
 359.0000000000    1.7563539551e-04
 359.5000000000    1.7558057782e-04
 360.0000000000    1.7552777202e-04
 360.5000000000    1.7547862996e-04
 361.0000000000    1.7543459197e-04
 361.5000000000    1.7539689800e-04
 362.0000000000    1.7536657205e-04
 362.5000000000    1.7534438887e-04
 363.0000000000    1.7533085404e-04
 363.5000000000    1.7532621856e-04
 364.0000000000    1.7533052466e-04
 364.5000000000    1.7534365434e-04
 365.0000000000    1.7536535825e-04
 365.5000000000    1.7539525408e-04
 366.0000000000    1.7543281399e-04
 366.5000000000    1.7547736307e-04
 367.0000000000    1.7552810356e-04
 367.5000000000    1.7558415521e-04
 368.0000000000    1.7564459603e-04
 368.5000000000    1.7570848509e-04
 369.0000000000    1.7577487007e-04
 369.5000000000    1.7584279274e-04
 370.0000000000    1.7591129921e-04
 370.5000000000    1.7597946178e-04
 371.0000000000    1.7604639889e-04
 371.5000000000    1.7611129318e-04
 372.0000000000    1.7617340053e-04
 372.5000000000    1.7623205850e-04
 373.0000000000    1.7628669896e-04
 373.5000000000    1.7633686661e-04
 374.0000000000    1.7638223946e-04
 374.5000000000    1.7642264992e-04
 375.0000000000    1.7645810100e-04
 375.5000000000    1.7648877505e-04
 376.0000000000    1.7651502629e-04
 376.5000000000    1.7653735586e-04
 377.0000000000    1.7655636507e-04
 377.5000000000    1.7657269129e-04
 378.0000000000    1.7658693402e-04
 378.5000000000    1.7659957962e-04
 379.0000000000    1.7661093805e-04
 379.5000000000    1.7662109971e-04
 380.0000000000    1.7662992649e-04
 380.5000000000    1.7663708276e-04
 381.0000000000    1.7664211196e-04
 381.5000000000    1.7664455625e-04
 382.0000000000    1.7664410190e-04
 382.5000000000    1.7664071372e-04
 383.0000000000    1.7663474446e-04
 383.5000000000    1.7662700032e-04
 384.0000000000    1.7661873600e-04
 384.5000000000    1.7661156886e-04
 385.0000000000    1.7660732627e-04
 385.5000000000    1.7660784371e-04
 386.0000000000    1.7661473044e-04
 386.5000000000    1.7662914399e-04
 387.0000000000    1.7665162267e-04
 387.5000000000    1.7668199908e-04
 388.0000000000    1.7671941004e-04
 388.5000000000    1.7676240907e-04
 389.0000000000    1.7680916191e-04
 389.5000000000    1.7685769030e-04
 390.0000000000    1.7690612741e-04
 390.5000000000    1.7695294522e-04
 391.0000000000    1.7699711356e-04
 391.5000000000    1.7703816636e-04
 392.0000000000    1.7707616658e-04
 392.5000000000    1.7711158588e-04
 393.0000000000    1.7714512651e-04
 393.5000000000    1.7717752419e-04
 394.0000000000    1.7720937081e-04
 394.5000000000    1.7724099123e-04
 395.0000000000    1.7727239090e-04
 395.5000000000    1.7730327930e-04
 396.0000000000    1.7733315599e-04
 396.5000000000    1.7736143784e-04
 397.0000000000    1.7738759229e-04
 397.5000000000    1.7741125154e-04
 398.0000000000    1.7743228202e-04
 398.5000000000    1.7745080470e-04
 399.0000000000    1.7746716087e-04
 399.5000000000    1.7748184125e-04
 400.0000000000    1.7749539717e-04
 400.5000000000    1.7750835413e-04
 401.0000000000    1.7752114403e-04
 401.5000000000    1.7753406830e-04
 402.0000000000    1.7754729648e-04
 402.5000000000    1.7756089207e-04
 403.0000000000    1.7757485324e-04
 403.5000000000    1.7758915754e-04
 404.0000000000    1.7760379898e-04
 404.5000000000    1.7761881044e-04
 405.0000000000    1.7763426785e-04
 405.5000000000    1.7765028006e-04
 406.0000000000    1.7766696822e-04
 406.5000000000    1.7768444042e-04
 407.0000000000    1.7770276901e-04
 407.5000000000    1.7772197364e-04
 408.0000000000    1.7774201413e-04
 408.5000000000    1.7776279108e-04
 409.0000000000    1.7778415215e-04
 409.5000000000    1.7780590084e-04
 410.0000000000    1.7782780830e-04
 410.5000000000    1.7784962854e-04
 411.0000000000    1.7787111707e-04
 411.5000000000    1.7789205204e-04
 412.0000000000    1.7791225703e-04
 412.5000000000    1.7793162044e-04
 413.0000000000    1.7795010925e-04
 413.5000000000    1.7796777190e-04
 414.0000000000    1.7798473345e-04
 414.5000000000    1.7800117851e-04
 415.0000000000    1.7801732422e-04
 415.5000000000    1.7803339129e-04
 416.0000000000    1.7804957405e-04
 416.5000000000    1.7806601567e-04
 417.0000000000    1.7808279451e-04
 417.5000000000    1.7809992453e-04
 418.0000000000    1.7811736642e-04
 418.5000000000    1.7813504710e-04
 419.0000000000    1.7815288216e-04
 419.5000000000    1.7817079635e-04
 420.0000000000    1.7818873721e-04
 420.5000000000    1.7820668173e-04
 421.0000000000    1.7822463363e-04
 421.5000000000    1.7824261342e-04
 422.0000000000    1.7826064443e-04
 422.5000000000    1.7827873849e-04
 423.0000000000    1.7829688448e-04
 423.5000000000    1.7831504359e-04
 424.0000000000    1.7833315338e-04
 424.5000000000    1.7835113674e-04
 425.0000000000    1.7836891580e-04
 425.5000000000    1.7838642751e-04
 426.0000000000    1.7840363632e-04
 426.5000000000    1.7842054170e-04
 427.0000000000    1.7843718000e-04
 427.5000000000    1.7845362021e-04
 428.0000000000    1.7846995376e-04
 428.5000000000    1.7848627932e-04
 429.0000000000    1.7850268642e-04
 429.5000000000    1.7851924030e-04
 430.0000000000    1.7853597047e-04
 430.5000000000    1.7855286643e-04
 431.0000000000    1.7856988035e-04
 431.5000000000    1.7858693605e-04
 432.0000000000    1.7860394265e-04
 432.5000000000    1.7862081006e-04
 433.0000000000    1.7863746443e-04
 433.5000000000    1.7865386007e-04
 434.0000000000    1.7866998456e-04
 434.5000000000    1.7868585824e-04
 435.0000000000    1.7870152715e-04
 435.5000000000    1.7871705236e-04
 436.0000000000    1.7873249612e-04
 436.5000000000    1.7874791124e-04
 437.0000000000    1.7876333138e-04
 437.5000000000    1.7877876488e-04
 438.0000000000    1.7879419323e-04
 438.5000000000    1.7880957486e-04
 439.0000000000    1.7882485310e-04
 439.5000000000    1.7883996738e-04
 440.0000000000    1.7885486503e-04
 440.5000000000    1.7886951212e-04
 441.0000000000    1.7888390106e-04
 441.5000000000    1.7889805357e-04
 442.0000000000    1.7891202021e-04
 442.5000000000    1.7892587544e-04
 443.0000000000    1.7893970881e-04
 443.5000000000    1.7895361326e-04
 444.0000000000    1.7896767302e-04
 444.5000000000    1.7898195342e-04
 445.0000000000    1.7899649347e-04
 445.5000000000    1.7901130257e-04
 446.0000000000    1.7902636098e-04
 446.5000000000    1.7904162294e-04
 447.0000000000    1.7905702374e-04
 447.5000000000    1.7907248887e-04
 448.0000000000    1.7908794131e-04
 448.5000000000    1.7910330883e-04
 449.0000000000    1.7911853570e-04
 449.5000000000    1.7913358830e-04
 450.0000000000    1.7914845280e-04
 450.5000000000    1.7916313463e-04
 451.0000000000    1.7917765861e-04
 451.5000000000    1.7919206193e-04
 452.0000000000    1.7920638380e-04
 452.5000000000    1.7922065650e-04
 453.0000000000    1.7923490035e-04
 453.5000000000    1.7924912110e-04
 454.0000000000    1.7926331288e-04
 454.5000000000    1.7927746104e-04
 455.0000000000    1.7929154651e-04
 455.5000000000    1.7930554892e-04
 456.0000000000    1.7931944938e-04
 456.5000000000    1.7933323382e-04
 457.0000000000    1.7934689618e-04
 457.5000000000    1.7936043975e-04
 458.0000000000    1.7937387824e-04
 458.5000000000    1.7938723410e-04
 459.0000000000    1.7940053368e-04
 459.5000000000    1.7941380200e-04
 460.0000000000    1.7942705853e-04
 460.5000000000    1.7944031458e-04
 461.0000000000    1.7945357318e-04
 461.5000000000    1.7946683112e-04
 462.0000000000    1.7948008194e-04
 462.5000000000    1.7949331844e-04
 463.0000000000    1.7950653391e-04
 463.5000000000    1.7951972280e-04
 464.0000000000    1.7953288129e-04
 464.5000000000    1.7954600791e-04
 465.0000000000    1.7955910345e-04
 465.5000000000    1.7957217044e-04
 466.0000000000    1.7958521251e-04
 466.5000000000    1.7959823289e-04
 467.0000000000    1.7961123271e-04
 467.5000000000    1.7962420964e-04
 468.0000000000    1.7963715956e-04
 468.5000000000    1.7965007858e-04
 469.0000000000    1.7966296261e-04
 469.5000000000    1.7967580627e-04
 470.0000000000    1.7968860507e-04
 470.5000000000    1.7970135504e-04
 471.0000000000    1.7971404786e-04
 471.5000000000    1.7972667461e-04
 472.0000000000    1.7973923148e-04
 472.5000000000    1.7975171807e-04
 473.0000000000    1.7976413704e-04
 473.5000000000    1.7977649492e-04
 474.0000000000    1.7978880113e-04
 474.5000000000    1.7980106614e-04
 475.0000000000    1.7981329932e-04
 475.5000000000    1.7982550751e-04
 476.0000000000    1.7983769300e-04
 476.5000000000    1.7984985263e-04
 477.0000000000    1.7986197941e-04
 477.5000000000    1.7987406597e-04
 478.0000000000    1.7988610931e-04
 478.5000000000    1.7989811305e-04
 479.0000000000    1.7991008717e-04
 479.5000000000    1.7992204566e-04
 480.0000000000    1.7993400174e-04
 480.5000000000    1.7994596302e-04
 481.0000000000    1.7995792866e-04
 481.5000000000    1.7996988942e-04
 482.0000000000    1.7998183115e-04
 482.5000000000    1.7999374060e-04
 483.0000000000    1.8000561066e-04
 483.5000000000    1.8001744244e-04
 484.0000000000    1.8002924382e-04
 484.5000000000    1.8004102449e-04
 485.0000000000    1.8005278990e-04
 485.5000000000    1.8006453737e-04
 486.0000000000    1.8007625617e-04
 486.5000000000    1.8008793223e-04
 487.0000000000    1.8009955491e-04
 487.5000000000    1.8011112199e-04
 488.0000000000    1.8012264027e-04
 488.5000000000    1.8013412219e-04
 489.0000000000    1.8014557919e-04
 489.5000000000    1.8015701493e-04
 490.0000000000    1.8016842400e-04
 490.5000000000    1.8017979244e-04
 491.0000000000    1.8019110503e-04
 491.5000000000    1.8020235017e-04
 492.0000000000    1.8021352705e-04
 492.5000000000    1.8022464433e-04
 493.0000000000    1.8023571684e-04
 493.5000000000    1.8024675892e-04
 494.0000000000    1.8025777992e-04
 494.5000000000    1.8026878198e-04
 495.0000000000    1.8027976256e-04
 495.5000000000    1.8029071787e-04
 496.0000000000    1.8030164598e-04
 496.5000000000    1.8031254633e-04
 497.0000000000    1.8032341668e-04
 497.5000000000    1.8033424986e-04
 498.0000000000    1.8034503094e-04
 498.5000000000    1.8035573732e-04
 499.0000000000    1.8036634170e-04
 499.5000000000    1.8037681709e-04
 500.0000000000    1.8038714220e-04
 500.5000000000    1.8039730509e-04
 501.0000000000    1.8040730653e-04
 501.5000000000    1.8041716431e-04
 502.0000000000    1.8042691928e-04
 502.5000000000    1.8043664261e-04
 503.0000000000    1.8044644122e-04
 503.5000000000    1.8045645814e-04
 504.0000000000    1.8046686412e-04
 504.5000000000    1.8047783767e-04
 505.0000000000    1.8048953559e-04
 505.5000000000    1.8050205906e-04
 506.0000000000    1.8051541870e-04
 506.5000000000    1.8052950220e-04
 507.0000000000    1.8054405546e-04
 507.5000000000    1.8055868352e-04
 508.0000000000    1.8057286446e-04
 508.5000000000    1.8058597995e-04
 509.0000000000    1.8059736747e-04
 509.5000000000    1.8060639849e-04
 510.0000000000    1.8061256468e-04
 510.5000000000    1.8061556165e-04
 511.0000000000    1.8061536643e-04
 511.5000000000    1.8061228777e-04
 512.0000000000    1.8060697298e-04
 512.5000000000    1.8060036479e-04
 513.0000000000    1.8059360735e-04
 513.5000000000    1.8058791148e-04
 514.0000000000    1.8058440037e-04
 514.5000000000    1.8058396655e-04
 515.0000000000    1.8058716809e-04
 515.5000000000    1.8059418129e-04
 516.0000000000    1.8060481255e-04
 516.5000000000    1.8061856579e-04
 517.0000000000    1.8063474744e-04
 517.5000000000    1.8065258857e-04
 518.0000000000    1.8067136123e-04
 518.5000000000    1.8069047149e-04
 519.0000000000    1.8070951316e-04
 519.5000000000    1.8072827455e-04
 520.0000000000    1.8074670375e-04
 520.5000000000    1.8076484187e-04
 521.0000000000    1.8078274570e-04
 521.5000000000    1.8080042298e-04
 522.0000000000    1.8081779866e-04
 522.5000000000    1.8083471908e-04
 523.0000000000    1.8085098813e-04
 523.5000000000    1.8086641994e-04
 524.0000000000    1.8088088920e-04
 524.5000000000    1.8089436422e-04
 525.0000000000    1.8090691279e-04
 525.5000000000    1.8091868093e-04
 526.0000000000    1.8092985937e-04
 526.5000000000    1.8094064265e-04
 527.0000000000    1.8095119128e-04
 527.5000000000    1.8096160545e-04
 528.0000000000    1.8097192167e-04
 528.5000000000    1.8098211894e-04
 529.0000000000    1.8099213613e-04
 529.5000000000    1.8100190586e-04
 530.0000000000    1.8101138188e-04
 530.5000000000    1.8102054902e-04
 531.0000000000    1.8102942757e-04
 531.5000000000    1.8103807057e-04
 532.0000000000    1.8104655025e-04
 532.5000000000    1.8105494132e-04
 533.0000000000    1.8106331379e-04
 533.5000000000    1.8107173011e-04
 534.0000000000    1.8108024136e-04
 534.5000000000    1.8108888340e-04
 535.0000000000    1.8109767403e-04
 535.5000000000    1.8110661267e-04
 536.0000000000    1.8111568326e-04
 536.5000000000    1.8112485966e-04
 537.0000000000    1.8113411338e-04
 537.5000000000    1.8114342234e-04
 538.0000000000    1.8115277968e-04
 538.5000000000    1.8116220280e-04
 539.0000000000    1.8117174068e-04
 539.5000000000    1.8118147784e-04
 540.0000000000    1.8119153307e-04
 540.5000000000    1.8120204822e-04
 541.0000000000    1.8121316159e-04
 541.5000000000    1.8122497376e-04
 542.0000000000    1.8123751474e-04
 542.5000000000    1.8125070732e-04
 543.0000000000    1.8126433449e-04
 543.5000000000    1.8127802900e-04
 544.0000000000    1.8129128620e-04
 544.5000000000    1.8130349759e-04
 545.0000000000    1.8131400349e-04
 545.5000000000    1.8132218058e-04
 546.0000000000    1.8132754917e-04
 546.5000000000    1.8132987567e-04
 547.0000000000    1.8132926745e-04
 547.5000000000    1.8132624260e-04
 548.0000000000    1.8132175250e-04
 548.5000000000    1.8131714874e-04
 549.0000000000    1.8131409113e-04
 549.5000000000    1.8131440131e-04
 550.0000000000    1.8131986637e-04
 550.5000000000    1.8133201417e-04
 551.0000000000    1.8135189016e-04
 551.5000000000    1.8137986882e-04
 552.0000000000    1.8141553634e-04
 552.5000000000    1.8145766897e-04
 553.0000000000    1.8150432852e-04
 553.5000000000    1.8155306078e-04
 554.0000000000    1.8160117356e-04
 554.5000000000    1.8164604647e-04
 555.0000000000    1.8168543172e-04
 555.5000000000    1.8171770028e-04
 556.0000000000    1.8174199073e-04
 556.5000000000    1.8175824689e-04
 557.0000000000    1.8176713341e-04
 557.5000000000    1.8176984822e-04
 558.0000000000    1.8176786703e-04
 558.5000000000    1.8176266715e-04
 559.0000000000    1.8175549671e-04
 559.5000000000    1.8174723237e-04
 560.0000000000    1.8173835131e-04
 560.5000000000    1.8172901374e-04
 561.0000000000    1.8171921647e-04
 561.5000000000    1.8170896706e-04
 562.0000000000    1.8169842444e-04
 562.5000000000    1.8168796619e-04
 563.0000000000    1.8167816821e-04
 563.5000000000    1.8166970828e-04
 564.0000000000    1.8166322696e-04
 564.5000000000    1.8165918505e-04
 565.0000000000    1.8165775976e-04
 565.5000000000    1.8165880671e-04
 566.0000000000    1.8166189510e-04
 566.5000000000    1.8166641621e-04
 567.0000000000    1.8167173579e-04
 567.5000000000    1.8167733798e-04
 568.0000000000    1.8168293142e-04
 568.5000000000    1.8168849516e-04
 569.0000000000    1.8169424976e-04
 569.5000000000    1.8170057279e-04
 570.0000000000    1.8170788800e-04
 570.5000000000    1.8171654935e-04
 571.0000000000    1.8172675704e-04
 571.5000000000    1.8173851976e-04
 572.0000000000    1.8175165289e-04
 572.5000000000    1.8176580901e-04
 573.0000000000    1.8178053331e-04
 573.5000000000    1.8179532873e-04
 574.0000000000    1.8180971978e-04
 574.5000000000    1.8182330623e-04
 575.0000000000    1.8183580111e-04
 575.5000000000    1.8184704824e-04
 576.0000000000    1.8185702419e-04
 576.5000000000    1.8186582207e-04
 577.0000000000    1.8187363169e-04
 577.5000000000    1.8188070426e-04
 578.0000000000    1.8188731497e-04
 578.5000000000    1.8189372563e-04
 579.0000000000    1.8190014861e-04
 579.5000000000    1.8190672059e-04
 580.0000000000    1.8191349371e-04
 580.5000000000    1.8192044109e-04
 581.0000000000    1.8192748131e-04
 581.5000000000    1.8193450860e-04
 582.0000000000    1.8194142524e-04
 582.5000000000    1.8194816860e-04
 583.0000000000    1.8195472432e-04
 583.5000000000    1.8196112572e-04
 584.0000000000    1.8196744404e-04
 584.5000000000    1.8197376723e-04
 585.0000000000    1.8198018174e-04
 585.5000000000    1.8198675372e-04
 586.0000000000    1.8199352142e-04
 586.5000000000    1.8200048947e-04
 587.0000000000    1.8200763910e-04
 587.5000000000    1.8201493263e-04
 588.0000000000    1.8202232529e-04
 588.5000000000    1.8202977465e-04
 589.0000000000    1.8203724776e-04
 589.5000000000    1.8204472364e-04
 590.0000000000    1.8205218969e-04
 590.5000000000    1.8205964496e-04
 591.0000000000    1.8206709290e-04
 591.5000000000    1.8207453726e-04
 592.0000000000    1.8208198552e-04
 592.5000000000    1.8208944888e-04
 593.0000000000    1.8209693550e-04
 593.5000000000    1.8210444825e-04
 594.0000000000    1.8211198796e-04
 594.5000000000    1.8211955595e-04
 595.0000000000    1.8212714984e-04
 595.5000000000    1.8213475832e-04
 596.0000000000    1.8214236782e-04
 596.5000000000    1.8214996570e-04
 597.0000000000    1.8215753697e-04
 597.5000000000    1.8216506748e-04
 598.0000000000    1.8217254600e-04
 598.5000000000    1.8217996203e-04
 599.0000000000    1.8218730290e-04
 599.5000000000    1.8219455478e-04
 600.0000000000    1.8220169907e-04
 600.5000000000    1.8220871220e-04
 601.0000000000    1.8221556446e-04
 601.5000000000    1.8222221942e-04
 602.0000000000    1.8222863748e-04
 602.5000000000    1.8223477815e-04
 603.0000000000    1.8224060962e-04
 603.5000000000    1.8224610941e-04
 604.0000000000    1.8225126874e-04
 604.5000000000    1.8225609530e-04
 605.0000000000    1.8226061610e-04
 605.5000000000    1.8226487485e-04
 606.0000000000    1.8226893321e-04
 606.5000000000    1.8227287116e-04
 607.0000000000    1.8227677887e-04
 607.5000000000    1.8228075865e-04
 608.0000000000    1.8228491991e-04
 608.5000000000    1.8228937202e-04
 609.0000000000    1.8229422070e-04
 609.5000000000    1.8229956235e-04
 610.0000000000    1.8230547672e-04
 610.5000000000    1.8231202361e-04
 611.0000000000    1.8231924113e-04
 611.5000000000    1.8232714095e-04
 612.0000000000    1.8233571100e-04
 612.5000000000    1.8234492006e-04
 613.0000000000    1.8235471967e-04
 613.5000000000    1.8236505019e-04
 614.0000000000    1.8237584862e-04
 614.5000000000    1.8238705049e-04
 615.0000000000    1.8239859514e-04
 615.5000000000    1.8241042725e-04
 616.0000000000    1.8242249325e-04
 616.5000000000    1.8243474049e-04
 617.0000000000    1.8244711061e-04
 617.5000000000    1.8245953679e-04
 618.0000000000    1.8247193912e-04
 618.5000000000    1.8248421992e-04
 619.0000000000    1.8249626209e-04
 619.5000000000    1.8250793084e-04
 620.0000000000    1.8251907791e-04
 620.5000000000    1.8252954736e-04
 621.0000000000    1.8253918470e-04
 621.5000000000    1.8254785066e-04
 622.0000000000    1.8255542937e-04
 622.5000000000    1.8256184291e-04
 623.0000000000    1.8256705851e-04
 623.5000000000    1.8257109461e-04
 624.0000000000    1.8257402411e-04
 624.5000000000    1.8257597326e-04
 625.0000000000    1.8257711825e-04
 625.5000000000    1.8257767357e-04
 626.0000000000    1.8257788229e-04
 626.5000000000    1.8257799865e-04
 627.0000000000    1.8257826770e-04
 627.5000000000    1.8257891079e-04
 628.0000000000    1.8258011296e-04
 628.5000000000    1.8258201048e-04
 629.0000000000    1.8258468386e-04
 629.5000000000    1.8258816277e-04
 630.0000000000    1.8259242971e-04
 630.5000000000    1.8259742725e-04
 631.0000000000    1.8260307486e-04
 631.5000000000    1.8260928578e-04
 632.0000000000    1.8261597740e-04
 632.5000000000    1.8262308691e-04
 633.0000000000    1.8263057747e-04
 633.5000000000    1.8263843820e-04
 634.0000000000    1.8264668027e-04
 634.5000000000    1.8265532424e-04
 635.0000000000    1.8266439009e-04
 635.5000000000    1.8267388821e-04
 636.0000000000    1.8268380473e-04
 636.5000000000    1.8269409383e-04
 637.0000000000    1.8270467700e-04
 637.5000000000    1.8271544377e-04
 638.0000000000    1.8272625588e-04
 638.5000000000    1.8273695719e-04
 639.0000000000    1.8274738469e-04
 639.5000000000    1.8275738064e-04
 640.0000000000    1.8276680722e-04
 640.5000000000    1.8277555703e-04
 641.0000000000    1.8278356288e-04
 641.5000000000    1.8279080639e-04
 642.0000000000    1.8279731880e-04
 642.5000000000    1.8280318117e-04
 643.0000000000    1.8280852036e-04
 643.5000000000    1.8281349504e-04
 644.0000000000    1.8281828227e-04
 644.5000000000    1.8282306339e-04
 645.0000000000    1.8282800603e-04
 645.5000000000    1.8283325198e-04
 646.0000000000    1.8283890879e-04
 646.5000000000    1.8284504595e-04
 647.0000000000    1.8285169654e-04
 647.5000000000    1.8285886556e-04
 648.0000000000    1.8286653718e-04
 648.5000000000    1.8287468600e-04
 649.0000000000    1.8288328625e-04
 649.5000000000    1.8289231177e-04
 650.0000000000    1.8290173827e-04
 650.5000000000    1.8291153598e-04
 651.0000000000    1.8292166276e-04
 651.5000000000    1.8293205400e-04
 652.0000000000    1.8294261661e-04
 652.5000000000    1.8295322192e-04
 653.0000000000    1.8296370952e-04
 653.5000000000    1.8297388885e-04
 654.0000000000    1.8298354959e-04
 654.5000000000    1.8299247327e-04
 655.0000000000    1.8300044624e-04
 655.5000000000    1.8300727353e-04
 656.0000000000    1.8301278933e-04
 656.5000000000    1.8301686691e-04
 657.0000000000    1.8301942430e-04
 657.5000000000    1.8302042881e-04
 658.0000000000    1.8301989786e-04
 658.5000000000    1.8301790008e-04
 659.0000000000    1.8301455220e-04
 659.5000000000    1.8301001769e-04
 660.0000000000    1.8300450703e-04
 660.5000000000    1.8299827297e-04
 661.0000000000    1.8299160762e-04
 661.5000000000    1.8298483583e-04
 662.0000000000    1.8297830718e-04
 662.5000000000    1.8297238038e-04
 663.0000000000    1.8296741028e-04
 663.5000000000    1.8296372952e-04
 664.0000000000    1.8296163057e-04
 664.5000000000    1.8296135118e-04
 665.0000000000    1.8296305972e-04
 665.5000000000    1.8296684871e-04
 666.0000000000    1.8297273155e-04
 666.5000000000    1.8298064688e-04
 667.0000000000    1.8299046813e-04
 667.5000000000    1.8300201765e-04
 668.0000000000    1.8301508093e-04
 668.5000000000    1.8302942270e-04
 669.0000000000    1.8304480110e-04
 669.5000000000    1.8306097805e-04
 670.0000000000    1.8307772457e-04
 670.5000000000    1.8309482186e-04
 671.0000000000    1.8311205626e-04
 671.5000000000    1.8312921186e-04
 672.0000000000    1.8314606242e-04
 672.5000000000    1.8316236401e-04
 673.0000000000    1.8317785101e-04
 673.5000000000    1.8319223741e-04
 674.0000000000    1.8320522547e-04
 674.5000000000    1.8321652117e-04
 675.0000000000    1.8322585236e-04
 675.5000000000    1.8323299451e-04
 676.0000000000    1.8323779506e-04
 676.5000000000    1.8324019315e-04
 677.0000000000    1.8324023684e-04
 677.5000000000    1.8323809163e-04
 678.0000000000    1.8323403627e-04
 678.5000000000    1.8322845067e-04
 679.0000000000    1.8322179383e-04
 679.5000000000    1.8321457107e-04
 680.0000000000    1.8320729974e-04
 680.5000000000    1.8320047123e-04
 681.0000000000    1.8319451255e-04
 681.5000000000    1.8318975868e-04
 682.0000000000    1.8318643062e-04
 682.5000000000    1.8318462239e-04
 683.0000000000    1.8318430416e-04
 683.5000000000    1.8318533228e-04
 684.0000000000    1.8318746838e-04
 684.5000000000    1.8319040662e-04
 685.0000000000    1.8319380296e-04
 685.5000000000    1.8319730440e-04
 686.0000000000    1.8320057539e-04
 686.5000000000    1.8320331790e-04
 687.0000000000    1.8320528565e-04
 687.5000000000    1.8320629061e-04
 688.0000000000    1.8320620264e-04
 688.5000000000    1.8320494344e-04
 689.0000000000    1.8320247746e-04
 689.5000000000    1.8319880141e-04
 690.0000000000    1.8319393092e-04
 690.5000000000    1.8318789052e-04
 691.0000000000    1.8318070532e-04
 691.5000000000    1.8317239519e-04
 692.0000000000    1.8316297509e-04
 692.5000000000    1.8315246022e-04
 693.0000000000    1.8314087549e-04
 693.5000000000    1.8312826983e-04
 694.0000000000    1.8311473014e-04
 694.5000000000    1.8310039727e-04
 695.0000000000    1.8308548026e-04
 695.5000000000    1.8307026783e-04
 696.0000000000    1.8305513480e-04
 696.5000000000    1.8304054185e-04
 697.0000000000    1.8302702763e-04
 697.5000000000    1.8301519039e-04
 698.0000000000    1.8300566218e-04
 698.5000000000    1.8299907674e-04
 699.0000000000    1.8299603293e-04
 699.5000000000    1.8299705751e-04
 700.0000000000    1.8300257009e-04
