#          time         max mod phi
   0.0000000000    8.0990498387e-02
   0.5000000000    8.0996197458e-02
   1.0000000000    8.0993795513e-02
   1.5000000000    8.0996066957e-02
   2.0000000000    8.0995265873e-02
   2.5000000000    8.0995395730e-02
   3.0000000000    8.0996080547e-02
   3.5000000000    8.0993983966e-02
   4.0000000000    8.0996401225e-02
   4.5000000000    8.0992965081e-02
   5.0000000000    8.0996558662e-02
   5.5000000000    8.0994619702e-02
   6.0000000000    8.0996076169e-02
   6.5000000000    8.0995523263e-02
   7.0000000000    8.0995150973e-02
   7.5000000000    8.0996313028e-02
   8.0000000000    8.0994305817e-02
   8.5000000000    8.0996960731e-02
   9.0000000000    8.0993184733e-02
   9.5000000000    8.0996872751e-02
  10.0000000000    8.0994350871e-02
  10.5000000000    8.0996535726e-02
  11.0000000000    8.0995589772e-02
  11.5000000000    8.0996366174e-02
  12.0000000000    8.0996656930e-02
  12.5000000000    8.0995708734e-02
  13.0000000000    8.0996998228e-02
  13.5000000000    8.0994572070e-02
  14.0000000000    8.0997232350e-02
  14.5000000000    8.0993686838e-02
  15.0000000000    8.0997670958e-02
  15.5000000000    8.0994795017e-02
  16.0000000000    8.0997602216e-02
  16.5000000000    8.0995563923e-02
  17.0000000000    8.0997117783e-02
  17.5000000000    8.0996320376e-02
  18.0000000000    8.0996925634e-02
  18.5000000000    8.0997275709e-02
  19.0000000000    8.0996686927e-02
  19.5000000000    8.0997724922e-02
  20.0000000000    8.0995850155e-02
  20.5000000000    8.0997809979e-02
  21.0000000000    8.0995068011e-02
  21.5000000000    8.0998210081e-02
  22.0000000000    8.0994598455e-02
  22.5000000000    8.0998538619e-02
  23.0000000000    8.0995141377e-02
  23.5000000000    8.0998303434e-02
  24.0000000000    8.0995706120e-02
  24.5000000000    8.0998138011e-02
  25.0000000000    8.0996595896e-02
  25.5000000000    8.0998301729e-02
  26.0000000000    8.0997426762e-02
  26.5000000000    8.0998005345e-02
  27.0000000000    8.0997712398e-02
  27.5000000000    8.0997446191e-02
  28.0000000000    8.0998064845e-02
  28.5000000000    8.0997213398e-02
  29.0000000000    8.0998699582e-02
  29.5000000000    8.0996987581e-02
  30.0000000000    8.0998984225e-02
  30.5000000000    8.0996291983e-02
  31.0000000000    8.0998954682e-02
  31.5000000000    8.0995638736e-02
  32.0000000000    8.0999229894e-02
  32.5000000000    8.0995340125e-02
  33.0000000000    8.0999534376e-02
  33.5000000000    8.0996118031e-02
  34.0000000000    8.0999388531e-02
  34.5000000000    8.0996599633e-02
  35.0000000000    8.0999205312e-02
  35.5000000000    8.0997341201e-02
  36.0000000000    8.0999373527e-02
  36.5000000000    8.0998125540e-02
  37.0000000000    8.0999249868e-02
  37.5000000000    8.0998479127e-02
  38.0000000000    8.0998794420e-02
  38.5000000000    8.0998822222e-02
  39.0000000000    8.0998595064e-02
  39.5000000000    8.0999468890e-02
  40.0000000000    8.0998464380e-02
  40.5000000000    8.0999866426e-02
  41.0000000000    8.0997898356e-02
  41.5000000000    8.0999927774e-02
  42.0000000000    8.0997269356e-02
  42.5000000000    8.1000219164e-02
  43.0000000000    8.0996921560e-02
  43.5000000000    8.1000604170e-02
  44.0000000000    8.0996615062e-02
  44.5000000000    8.1000570318e-02
  45.0000000000    8.0997244840e-02
  45.5000000000    8.1000443410e-02
  46.0000000000    8.0998072671e-02
  46.5000000000    8.1000583321e-02
  47.0000000000    8.0999048838e-02
  47.5000000000    8.1000547628e-02
  48.0000000000    8.0999597329e-02
  48.5000000000    8.1000062900e-02
  49.0000000000    8.1000013811e-02
  49.5000000000    8.0999752575e-02
  50.0000000000    8.1000732849e-02
  50.5000000000    8.0999527759e-02
  51.0000000000    8.1001256876e-02
  51.5000000000    8.0998873100e-02
  52.0000000000    8.1001380504e-02
  52.5000000000    8.0998001992e-02
  53.0000000000    8.1001597354e-02
  53.5000000000    8.0997867142e-02
  54.0000000000    8.1001934391e-02
  54.5000000000    8.0999080889e-02
  55.0000000000    8.1001864042e-02
  55.5000000000    8.0999865250e-02
  56.0000000000    8.1001517848e-02
  56.5000000000    8.1000675839e-02
  57.0000000000    8.1001365805e-02
  57.5000000000    8.1001631689e-02
  58.0000000000    8.1001123154e-02
  58.5000000000    8.1002171482e-02
  59.0000000000    8.1000443049e-02
  59.5000000000    8.1002414579e-02
  60.0000000000    8.0999769253e-02
  60.5000000000    8.1002874855e-02
  61.0000000000    8.0999219423e-02
  61.5000000000    8.1003257735e-02
  62.0000000000    8.0999845526e-02
  62.5000000000    8.1003168994e-02
  63.0000000000    8.1000781245e-02
  63.5000000000    8.1003001303e-02
  64.0000000000    8.1001890003e-02
  64.5000000000    8.1002963742e-02
  65.0000000000    8.1002945206e-02
  65.5000000000    8.1002552532e-02
  66.0000000000    8.1003512748e-02
  66.5000000000    8.1001707099e-02
  67.0000000000    8.1003941043e-02
  67.5000000000    8.1000910294e-02
  68.0000000000    8.1004489809e-02
  68.5000000000    8.1000897179e-02
  69.0000000000    8.1004683134e-02
  69.5000000000    8.1002186543e-02
  70.0000000000    8.1004388965e-02
  70.5000000000    8.1003268356e-02
  71.0000000000    8.1004093407e-02
  71.5000000000    8.1004455206e-02
  72.0000000000    8.1003681607e-02
  72.5000000000    8.1005291199e-02
  73.0000000000    8.1002677990e-02
  73.5000000000    8.1005584643e-02
  74.0000000000    8.1001630165e-02
  74.5000000000    8.1005793475e-02
  75.0000000000    8.1003470498e-02
  75.5000000000    8.1005904319e-02
  76.0000000000    8.1004994580e-02
  76.5000000000    8.1005415482e-02
  77.0000000000    8.1005893843e-02
  77.5000000000    8.1004390410e-02
  78.0000000000    8.1006564053e-02
  78.5000000000    8.1003294167e-02
  79.0000000000    8.1007193918e-02
  79.5000000000    8.1004319883e-02
  80.0000000000    8.1007177884e-02
  80.5000000000    8.1005799483e-02
  81.0000000000    8.1006540575e-02
  81.5000000000    8.1007005055e-02
  82.0000000000    8.1005755948e-02
  82.5000000000    8.1008047825e-02
  83.0000000000    8.1004503326e-02
  83.5000000000    8.1008412110e-02
  84.0000000000    8.1005770698e-02
  84.5000000000    8.1008096150e-02
  85.0000000000    8.1007412031e-02
  85.5000000000    8.1007527124e-02
  86.0000000000    8.1008835043e-02
  86.5000000000    8.1006439551e-02
  87.0000000000    8.1009496366e-02
  87.5000000000    8.1006172318e-02
  88.0000000000    8.1009378764e-02
  88.5000000000    8.1008140000e-02
  89.0000000000    8.1008883294e-02
  89.5000000000    8.1009782694e-02
  90.0000000000    8.1007803343e-02
  90.5000000000    8.1010624645e-02
  91.0000000000    8.1007224365e-02
  91.5000000000    8.1010543070e-02
  92.0000000000    8.1009346220e-02
  92.5000000000    8.1009939822e-02
  93.0000000000    8.1011039091e-02
  93.5000000000    8.1008669342e-02
  94.0000000000    8.1011847412e-02
  94.5000000000    8.1008976099e-02
  95.0000000000    8.1011583594e-02
  95.5000000000    8.1011037959e-02
  96.0000000000    8.1010635665e-02
  96.5000000000    8.1012539057e-02
  97.0000000000    8.1008910188e-02
  97.5000000000    8.1013049047e-02
  98.0000000000    8.1011311356e-02
  98.5000000000    8.1012304038e-02
  99.0000000000    8.1013006436e-02
  99.5000000000    8.1010698955e-02
 100.0000000000    8.1014041240e-02
 100.5000000000    8.1011718470e-02
 101.0000000000    8.1013936051e-02
 101.5000000000    8.1013897164e-02
 102.0000000000    8.1012297367e-02
 102.5000000000    8.1014876193e-02
 103.0000000000    8.1012050231e-02
 103.5000000000    8.1015001935e-02
 104.0000000000    8.1014841299e-02
 104.5000000000    8.1013804072e-02
 105.0000000000    8.1016155249e-02
 105.5000000000    8.1013098483e-02
 106.0000000000    8.1016012303e-02
 106.5000000000    8.1015799676e-02
 107.0000000000    8.1014725133e-02
 107.5000000000    8.1017360170e-02
 108.0000000000    8.1014708761e-02
 108.5000000000    8.1017242304e-02
 109.0000000000    8.1017275062e-02
 109.5000000000    8.1015373816e-02
 110.0000000000    8.1018363838e-02
 110.5000000000    8.1016355742e-02
 111.0000000000    8.1018086542e-02
 111.5000000000    8.1018983743e-02
 112.0000000000    8.1015907387e-02
 112.5000000000    8.1019607968e-02
 113.0000000000    8.1018382353e-02
 113.5000000000    8.1018458924e-02
 114.0000000000    8.1020426775e-02
 114.5000000000    8.1017592912e-02
 115.0000000000    8.1020696464e-02
 115.5000000000    8.1020829249e-02
 116.0000000000    8.1018673736e-02
 116.5000000000    8.1021847189e-02
 117.0000000000    8.1020390000e-02
 117.5000000000    8.1020978627e-02
 118.0000000000    8.1022833764e-02
 118.5000000000    8.1020061179e-02
 119.0000000000    8.1022973846e-02
 119.5000000000    8.1023279047e-02
 120.0000000000    8.1020515088e-02
 120.5000000000    8.1024111642e-02
 121.0000000000    8.1023342422e-02
 121.5000000000    8.1022798717e-02
 122.0000000000    8.1025402993e-02
 122.5000000000    8.1023572258e-02
 123.0000000000    8.1024647225e-02
 123.5000000000    8.1026079521e-02
 124.0000000000    8.1023298139e-02
 124.5000000000    8.1026059443e-02
 125.0000000000    8.1026894906e-02
 125.5000000000    8.1023571367e-02
 126.0000000000    8.1027692648e-02
 126.5000000000    8.1027705591e-02
 127.0000000000    8.1025225905e-02
 127.5000000000    8.1028739518e-02
 128.0000000000    8.1028321292e-02
 128.5000000000    8.1026970864e-02
 129.0000000000    8.1030211029e-02
 129.5000000000    8.1029453184e-02
 130.0000000000    8.1028618420e-02
 130.5000000000    8.1031316764e-02
 131.0000000000    8.1030197943e-02
 131.5000000000    8.1029820165e-02
 132.0000000000    8.1032520087e-02
 132.5000000000    8.1031498208e-02
 133.0000000000    8.1031314435e-02
 133.5000000000    8.1033844800e-02
 134.0000000000    8.1032656046e-02
 134.5000000000    8.1032188452e-02
 135.0000000000    8.1034815685e-02
 135.5000000000    8.1033969541e-02
 136.0000000000    8.1033287091e-02
 136.5000000000    8.1036228497e-02
 137.0000000000    8.1035621687e-02
 137.5000000000    8.1034046050e-02
 138.0000000000    8.1037173691e-02
 138.5000000000    8.1036986366e-02
 139.0000000000    8.1034548691e-02
 139.5000000000    8.1038362233e-02
 140.0000000000    8.1038884088e-02
 140.5000000000    8.1036105979e-02
 141.0000000000    8.1039374158e-02
 141.5000000000    8.1040408184e-02
 142.0000000000    8.1038344469e-02
 142.5000000000    8.1040030982e-02
 143.0000000000    8.1042083847e-02
 143.5000000000    8.1041087554e-02
 144.0000000000    8.1040761963e-02
 144.5000000000    8.1043572603e-02
 145.0000000000    8.1043371717e-02
 145.5000000000    8.1040585474e-02
 146.0000000000    8.1044498546e-02
 146.5000000000    8.1045609964e-02
 147.0000000000    8.1043899644e-02
 147.5000000000    8.1045342052e-02
 148.0000000000    8.1047498535e-02
 148.5000000000    8.1046849069e-02
 149.0000000000    8.1044996705e-02
 149.5000000000    8.1048499644e-02
 150.0000000000    8.1049424502e-02
 150.5000000000    8.1047754686e-02
 151.0000000000    8.1049146169e-02
 151.5000000000    8.1051388925e-02
 152.0000000000    8.1051034770e-02
 152.5000000000    8.1048248612e-02
 153.0000000000    8.1052072296e-02
 153.5000000000    8.1053532645e-02
 154.0000000000    8.1052618552e-02
 154.5000000000    8.1052008034e-02
 155.0000000000    8.1055051555e-02
 155.5000000000    8.1055709770e-02
 156.0000000000    8.1054104408e-02
 156.5000000000    8.1054814711e-02
 157.0000000000    8.1057492290e-02
 157.5000000000    8.1058014737e-02
 158.0000000000    8.1056356620e-02
 158.5000000000    8.1057809279e-02
 159.0000000000    8.1060130924e-02
 159.5000000000    8.1060381249e-02
 160.0000000000    8.1058674003e-02
 160.5000000000    8.1060246999e-02
 161.0000000000    8.1062797548e-02
 161.5000000000    8.1063380636e-02
 162.0000000000    8.1061994825e-02
 162.5000000000    8.1062765762e-02
 163.0000000000    8.1065402337e-02
 163.5000000000    8.1066253308e-02
 164.0000000000    8.1065397539e-02
 164.5000000000    8.1064878036e-02
 165.0000000000    8.1068164586e-02
 165.5000000000    8.1069673767e-02
 166.0000000000    8.1069434495e-02
 166.5000000000    8.1067528770e-02
 167.0000000000    8.1070267033e-02
 167.5000000000    8.1072523017e-02
 168.0000000000    8.1073282188e-02
 168.5000000000    8.1072537166e-02
 169.0000000000    8.1072114102e-02
 169.5000000000    8.1075247539e-02
 170.0000000000    8.1076861293e-02
 170.5000000000    8.1077061931e-02
 171.0000000000    8.1075954444e-02
 171.5000000000    8.1076686088e-02
 172.0000000000    8.1079647143e-02
 172.5000000000    8.1081252255e-02
 173.0000000000    8.1081495449e-02
 173.5000000000    8.1080428337e-02
 174.0000000000    8.1080779418e-02
 174.5000000000    8.1083637031e-02
 175.0000000000    8.1085401864e-02
 175.5000000000    8.1086079980e-02
 176.0000000000    8.1085635250e-02
 176.5000000000    8.1084453335e-02
 177.0000000000    8.1087605293e-02
 177.5000000000    8.1089674113e-02
 178.0000000000    8.1090784334e-02
 178.5000000000    8.1091021087e-02
 179.0000000000    8.1090395785e-02
 179.5000000000    8.1090750751e-02
 180.0000000000    8.1093677800e-02
 180.5000000000    8.1095606511e-02
 181.0000000000    8.1096635307e-02
 181.5000000000    8.1096893031e-02
 182.0000000000    8.1096472993e-02
 182.5000000000    8.1096073725e-02
 183.0000000000    8.1099224864e-02
 183.5000000000    8.1101539893e-02
 184.0000000000    8.1103030130e-02
 184.5000000000    8.1103784209e-02
 185.0000000000    8.1103928993e-02
 185.5000000000    8.1103563740e-02
 186.0000000000    8.1103897461e-02
 186.5000000000    8.1106897074e-02
 187.0000000000    8.1109227301e-02
 187.5000000000    8.1110885706e-02
 188.0000000000    8.1111948497e-02
 188.5000000000    8.1112537491e-02
 189.0000000000    8.1112754914e-02
 189.5000000000    8.1112632662e-02
 190.0000000000    8.1113716329e-02
 190.5000000000    8.1116489634e-02
 191.0000000000    8.1118723358e-02
 191.5000000000    8.1120479022e-02
 192.0000000000    8.1121867936e-02
 192.5000000000    8.1122990821e-02
 193.0000000000    8.1123886493e-02
 193.5000000000    8.1124525803e-02
 194.0000000000    8.1124851692e-02
 194.5000000000    8.1124838491e-02
 195.0000000000    8.1127114972e-02
 195.5000000000    8.1129437622e-02
 196.0000000000    8.1131566873e-02
 196.5000000000    8.1133549760e-02
 197.0000000000    8.1135365568e-02
 197.5000000000    8.1136960448e-02
 198.0000000000    8.1138299514e-02
 198.5000000000    8.1139406576e-02
 199.0000000000    8.1140359028e-02
 199.5000000000    8.1141247472e-02
 200.0000000000    8.1142125898e-02
 200.5000000000    8.1142989051e-02
 201.0000000000    8.1143790209e-02
 201.5000000000    8.1144641023e-02
 202.0000000000    8.1146845806e-02
 202.5000000000    8.1148906573e-02
 203.0000000000    8.1150902561e-02
 203.5000000000    8.1152890664e-02
 204.0000000000    8.1154876350e-02
 204.5000000000    8.1156820097e-02
 205.0000000000    8.1158671361e-02
 205.5000000000    8.1160413176e-02
 206.0000000000    8.1162079019e-02
 206.5000000000    8.1163734415e-02
 207.0000000000    8.1165437516e-02
 207.5000000000    8.1167204534e-02
 208.0000000000    8.1169005583e-02
 208.5000000000    8.1170786657e-02
 209.0000000000    8.1172510425e-02
 209.5000000000    8.1174182294e-02
 210.0000000000    8.1175849694e-02
 210.5000000000    8.1177570044e-02
 211.0000000000    8.1179370321e-02
 211.5000000000    8.1181226737e-02
 212.0000000000    8.1183081209e-02
 212.5000000000    8.1184877453e-02
 213.0000000000    8.1186595934e-02
 213.5000000000    8.1188262628e-02
 214.0000000000    8.1189927243e-02
 214.5000000000    8.1191623364e-02
 215.0000000000    8.1193336425e-02
 215.5000000000    8.1195004988e-02
 216.0000000000    8.1196554072e-02
 216.5000000000    8.1197936615e-02
 217.0000000000    8.1199155678e-02
 217.5000000000    8.1200907588e-02
 218.0000000000    8.1203808449e-02
 218.5000000000    8.1206736076e-02
 219.0000000000    8.1209628781e-02
 219.5000000000    8.1212395527e-02
 220.0000000000    8.1214958635e-02
 220.5000000000    8.1217294545e-02
 221.0000000000    8.1219428233e-02
 221.5000000000    8.1221395813e-02
 222.0000000000    8.1223194163e-02
 222.5000000000    8.1224759938e-02
 223.0000000000    8.1225985670e-02
 223.5000000000    8.1227054185e-02
 224.0000000000    8.1230783661e-02
 224.5000000000    8.1234153971e-02
 225.0000000000    8.1237195837e-02
 225.5000000000    8.1239909415e-02
 226.0000000000    8.1242230637e-02
 226.5000000000    8.1244038579e-02
 227.0000000000    8.1245201808e-02
 227.5000000000    8.1245984064e-02
 228.0000000000    8.1250228408e-02
 228.5000000000    8.1253880462e-02
 229.0000000000    8.1256939226e-02
 229.5000000000    8.1259339744e-02
 230.0000000000    8.1260948665e-02
 230.5000000000    8.1261608005e-02
 231.0000000000    8.1265319030e-02
 231.5000000000    8.1269384461e-02
 232.0000000000    8.1272472117e-02
 232.5000000000    8.1274573691e-02
 233.0000000000    8.1275620417e-02
 233.5000000000    8.1277999174e-02
 234.0000000000    8.1282848419e-02
 234.5000000000    8.1286314480e-02
 235.0000000000    8.1288304087e-02
 235.5000000000    8.1288786108e-02
 236.0000000000    8.1292753667e-02
 236.5000000000    8.1297296112e-02
 237.0000000000    8.1300245637e-02
 237.5000000000    8.1301393182e-02
 238.0000000000    8.1304391756e-02
 238.5000000000    8.1309276448e-02
 239.0000000000    8.1312122108e-02
 239.5000000000    8.1312883816e-02
 240.0000000000    8.1317002620e-02
 240.5000000000    8.1321838185e-02
 241.0000000000    8.1324283899e-02
 241.5000000000    8.1325099167e-02
 242.0000000000    8.1331222321e-02
 242.5000000000    8.1334587728e-02
 243.0000000000    8.1335113171e-02
 243.5000000000    8.1340585745e-02
 244.0000000000    8.1344917949e-02
 244.5000000000    8.1346057717e-02
 245.0000000000    8.1351161946e-02
 245.5000000000    8.1355571051e-02
 246.0000000000    8.1356271350e-02
 246.5000000000    8.1361962748e-02
 247.0000000000    8.1365916561e-02
 247.5000000000    8.1366511560e-02
 248.0000000000    8.1373714875e-02
 248.5000000000    8.1376545232e-02
 249.0000000000    8.1379899310e-02
 249.5000000000    8.1385226676e-02
 250.0000000000    8.1385635629e-02
 250.5000000000    8.1392735427e-02
 251.0000000000    8.1395485454e-02
 251.5000000000    8.1399999985e-02
 252.0000000000    8.1404754217e-02
 252.5000000000    8.1407117839e-02
 253.0000000000    8.1413324796e-02
 253.5000000000    8.1414124233e-02
 254.0000000000    8.1421588844e-02
 254.5000000000    8.1422438732e-02
 255.0000000000    8.1430230000e-02
 255.5000000000    8.1431599307e-02
 256.0000000000    8.1439151762e-02
 256.5000000000    8.1440271001e-02
 257.0000000000    8.1447973946e-02
 257.5000000000    8.1448953178e-02
 258.0000000000    8.1456911241e-02
 258.5000000000    8.1459335878e-02
 259.0000000000    8.1466037991e-02
 259.5000000000    8.1470180327e-02
 260.0000000000    8.1474627384e-02
 260.5000000000    8.1480656998e-02
 261.0000000000    8.1482001153e-02
 261.5000000000    8.1490373386e-02
 262.0000000000    8.1494377108e-02
 262.5000000000    8.1498973051e-02
 263.0000000000    8.1505996240e-02
 263.5000000000    8.1509292096e-02
 264.0000000000    8.1515270083e-02
 264.5000000000    8.1521851685e-02
 265.0000000000    8.1525466501e-02
 265.5000000000    8.1531085580e-02
 266.0000000000    8.1538535664e-02
 266.5000000000    8.1543668389e-02
 267.0000000000    8.1546741693e-02
 267.5000000000    8.1555548796e-02
 268.0000000000    8.1562478419e-02
 268.5000000000    8.1567846434e-02
 269.0000000000    8.1571984318e-02
 269.5000000000    8.1579790490e-02
 270.0000000000    8.1587908986e-02
 270.5000000000    8.1595108257e-02
 271.0000000000    8.1601556989e-02
 271.5000000000    8.1607442143e-02
 272.0000000000    8.1612981547e-02
 272.5000000000    8.1621395744e-02
 273.0000000000    8.1630021957e-02
 273.5000000000    8.1638452570e-02
 274.0000000000    8.1646773857e-02
 274.5000000000    8.1655033653e-02
 275.0000000000    8.1663274573e-02
 275.5000000000    8.1671554973e-02
 276.0000000000    8.1679943902e-02
 276.5000000000    8.1688494795e-02
 277.0000000000    8.1697213372e-02
 277.5000000000    8.1706039966e-02
 278.0000000000    8.1714854716e-02
 278.5000000000    8.1723499385e-02
 279.0000000000    8.1731800435e-02
 279.5000000000    8.1739578538e-02
 280.0000000000    8.1746637319e-02
 280.5000000000    8.1756332415e-02
 281.0000000000    8.1765817296e-02
 281.5000000000    8.1774187444e-02
 282.0000000000    8.1780986256e-02
 282.5000000000    8.1785695080e-02
 283.0000000000    8.1791793747e-02
 283.5000000000    8.1797989433e-02
 284.0000000000    8.1800840763e-02
 284.5000000000    8.1799632553e-02
 285.0000000000    8.1802419975e-02
 285.5000000000    8.1800159886e-02
 286.0000000000    8.1792359833e-02
 286.5000000000    8.1787093896e-02
 287.0000000000    8.1773659055e-02
 287.5000000000    8.1757651376e-02
 288.0000000000    8.1736210939e-02
 288.5000000000    8.1707419813e-02
 289.0000000000    8.1673806424e-02
 289.5000000000    8.1629601189e-02
 290.0000000000    8.1578083759e-02
 290.5000000000    8.1514028814e-02
 291.0000000000    8.1437159137e-02
 291.5000000000    8.1346979269e-02
 292.0000000000    8.1235612770e-02
 292.5000000000    8.1110952630e-02
 293.0000000000    8.0959977814e-02
 293.5000000000    8.0783455046e-02
 294.0000000000    8.0580236403e-02
 294.5000000000    8.0340242850e-02
 295.0000000000    8.0063599477e-02
 295.5000000000    7.9745074615e-02
 296.0000000000    7.9374430253e-02
 296.5000000000    7.8950777191e-02
 297.0000000000    7.8465279521e-02
 297.5000000000    7.7906082462e-02
 298.0000000000    7.7274261390e-02
 298.5000000000    7.6551098598e-02
 299.0000000000    7.5734654301e-02
 299.5000000000    7.4808144809e-02
 300.0000000000    7.3771619329e-02
 300.5000000000    7.2608782039e-02
 301.0000000000    7.1313645416e-02
 301.5000000000    7.4052589155e-02
 302.0000000000    7.8342383941e-02
 302.5000000000    8.2814449571e-02
 303.0000000000    8.7463820317e-02
 303.5000000000    9.2283992313e-02
 304.0000000000    9.7267172862e-02
 304.5000000000    1.0240463713e-01
 305.0000000000    1.0768715972e-01
 305.5000000000    1.1310545419e-01
 306.0000000000    1.1865052702e-01
 306.5000000000    1.2431382665e-01
 307.0000000000    1.3008705601e-01
 307.5000000000    1.3596153405e-01
 308.0000000000    1.4192701268e-01
 308.5000000000    1.4796995044e-01
 309.0000000000    1.5407133704e-01
 309.5000000000    1.6020432936e-01
 310.0000000000    1.6633210667e-01
 310.5000000000    1.7240648571e-01
 311.0000000000    1.7836784106e-01
 311.5000000000    1.8414671458e-01
 312.0000000000    1.8966712641e-01
 312.5000000000    1.9485110134e-01
 313.0000000000    1.9962346154e-01
 313.5000000000    2.0391567053e-01
 314.0000000000    2.0766722812e-01
 314.5000000000    2.1082164209e-01
 315.0000000000    2.1330951134e-01
 315.5000000000    2.1500571874e-01
 316.0000000000    2.1565472499e-01
 316.5000000000    2.1479434037e-01
 317.0000000000    2.1175426968e-01
 317.5000000000    2.0579340362e-01
 318.0000000000    1.9634374377e-01
 318.5000000000    1.8323689085e-01
 319.0000000000    1.6679853638e-01
 319.5000000000    1.4778706863e-01
 320.0000000000    1.2723246809e-01
 320.5000000000    1.0625167055e-01
 321.0000000000    8.5892586695e-02
 321.5000000000    6.7026555304e-02
 322.0000000000    5.3933130468e-02
 322.5000000000    5.1096185138e-02
 323.0000000000    4.8628776582e-02
 323.5000000000    4.6389604712e-02
 324.0000000000    4.4086361421e-02
 324.5000000000    4.1765843070e-02
 325.0000000000    3.9463518755e-02
 325.5000000000    3.7253369339e-02
 326.0000000000    3.5209406356e-02
 326.5000000000    3.3210538759e-02
 327.0000000000    3.1263183130e-02
 327.5000000000    2.9377179832e-02
 328.0000000000    2.7562976543e-02
 328.5000000000    2.5829522897e-02
 329.0000000000    2.4183061913e-02
 329.5000000000    2.2626761640e-02
 330.0000000000    2.1160981591e-02
 330.5000000000    1.9783910919e-02
 331.0000000000    1.8492329160e-02
 331.5000000000    1.7282298869e-02
 332.0000000000    1.6149676654e-02
 332.5000000000    1.5090404708e-02
 333.0000000000    1.4100605541e-02
 333.5000000000    1.3176541835e-02
 334.0000000000    1.2314519502e-02
 334.5000000000    1.1510805661e-02
 335.0000000000    1.0878660278e-02
 335.5000000000    1.0288217788e-02
 336.0000000000    9.7276396642e-03
 336.5000000000    9.1945532472e-03
 337.0000000000    8.6869237647e-03
 337.5000000000    8.2030323784e-03
 338.0000000000    7.7414443485e-03
 338.5000000000    7.3009670666e-03
 339.0000000000    6.8805993785e-03
 339.5000000000    6.4794745145e-03
 340.0000000000    6.0968033113e-03
 340.5000000000    5.7318305602e-03
 341.0000000000    5.3838177399e-03
 341.5000000000    5.0520554598e-03
 342.0000000000    4.7358928170e-03
 342.5000000000    4.4347600696e-03
 343.0000000000    4.1481653006e-03
 343.5000000000    3.8900670511e-03
 344.0000000000    3.6453896008e-03
 344.5000000000    3.4128894255e-03
 345.0000000000    3.1922524854e-03
 345.5000000000    2.9831554268e-03
 346.0000000000    2.7852969254e-03
 346.5000000000    2.5984341768e-03
 347.0000000000    2.4224061168e-03
 347.5000000000    2.2573714029e-03
 348.0000000000    2.1203782541e-03
 348.5000000000    1.9918892627e-03
 349.0000000000    1.8718433886e-03
 349.5000000000    1.7601531859e-03
 350.0000000000    1.6566982624e-03
 350.5000000000    1.5613360258e-03
 351.0000000000    1.4739151371e-03
 351.5000000000    1.3942768633e-03
 352.0000000000    1.3222392683e-03
 352.5000000000    1.2575712041e-03
 353.0000000000    1.1999693938e-03
 353.5000000000    1.1490496678e-03
 354.0000000000    1.1043552452e-03
 354.5000000000    1.0653766056e-03
 355.0000000000    1.0315737704e-03
 355.5000000000    1.0023936734e-03
 356.0000000000    9.8460829260e-04
 356.5000000000    9.7645993538e-04
 357.0000000000    9.7083049615e-04
 357.5000000000    9.6699136015e-04
 358.0000000000    9.6468112806e-04
 358.5000000000    9.7016535497e-04
 359.0000000000    9.7508882286e-04
 359.5000000000    9.7917286962e-04
 360.0000000000    9.8284686504e-04
 360.5000000000    9.8603058144e-04
 361.0000000000    9.8765225404e-04
 361.5000000000    9.8772921168e-04
 362.0000000000    9.8631061621e-04
 362.5000000000    9.8347361844e-04
 363.0000000000    9.7931243358e-04
 363.5000000000    9.7392309858e-04
 364.0000000000    9.6739217432e-04
 364.5000000000    9.5979661605e-04
 365.0000000000    9.5121410904e-04
 365.5000000000    9.4173462063e-04
 366.0000000000    9.3146218404e-04
 366.5000000000    9.2050331407e-04
 367.0000000000    9.0894977799e-04
 367.5000000000    8.9686927737e-04
 368.0000000000    8.8431235112e-04
 368.5000000000    8.7133078197e-04
 369.0000000000    8.5799257017e-04
 369.5000000000    8.4438023676e-04
 370.0000000000    8.3057236804e-04
 370.5000000000    8.1662263413e-04
 371.0000000000    8.0255370897e-04
 371.5000000000    7.8837206113e-04
 372.0000000000    7.7409228772e-04
 372.5000000000    7.5975102634e-04
 373.0000000000    7.4539819058e-04
 373.5000000000    7.3107196107e-04
 374.0000000000    7.1677827338e-04
 374.5000000000    7.0249282671e-04
 375.0000000000    6.8818562673e-04
 375.5000000000    6.7384903149e-04
 376.0000000000    6.5950643318e-04
 376.5000000000    6.4519407649e-04
 377.0000000000    6.3093082339e-04
 377.5000000000    6.1670141170e-04
 378.0000000000    6.0246833788e-04
 378.5000000000    5.8820378175e-04
 379.0000000000    5.7391563316e-04
 379.5000000000    5.5964563784e-04
 380.0000000000    5.4544024196e-04
 380.5000000000    5.3131769211e-04
 381.0000000000    5.1725905446e-04
 381.5000000000    5.0323163489e-04
 382.0000000000    4.8922605139e-04
 382.5000000000    4.7527573279e-04
 383.0000000000    4.6144140441e-04
 383.5000000000    4.4777263945e-04
 384.0000000000    4.3427813371e-04
 384.5000000000    4.2093038213e-04
 385.0000000000    4.0770199145e-04
 385.5000000000    3.9460308986e-04
 386.0000000000    3.8168746391e-04
 386.5000000000    3.6902116780e-04
 387.0000000000    3.5663938066e-04
 387.5000000000    3.4452855613e-04
 388.0000000000    3.3376494176e-04
 388.5000000000    3.2918295656e-04
 389.0000000000    3.2485645030e-04
 389.5000000000    3.2069061836e-04
 390.0000000000    3.1662567318e-04
 390.5000000000    3.1267205434e-04
 391.0000000000    3.0887732930e-04
 391.5000000000    3.0526821639e-04
 392.0000000000    3.0181281198e-04
 392.5000000000    2.9844825287e-04
 393.0000000000    2.9512421260e-04
 393.5000000000    2.9184106504e-04
 394.0000000000    2.8863754385e-04
 394.5000000000    2.8554903202e-04
 395.0000000000    2.8257542017e-04
 395.5000000000    2.7968028347e-04
 396.0000000000    2.7681641176e-04
 396.5000000000    2.7396504328e-04
 397.0000000000    2.7114768806e-04
 397.5000000000    2.6840098859e-04
 398.0000000000    2.6574558635e-04
 398.5000000000    2.6316809548e-04
 399.0000000000    2.6063512876e-04
 399.5000000000    2.5811426910e-04
 400.0000000000    2.5560452385e-04
 400.5000000000    2.5313244894e-04
 401.0000000000    2.5072884815e-04
 401.5000000000    2.4840310856e-04
 402.0000000000    2.4613604300e-04
 402.5000000000    2.4389591870e-04
 403.0000000000    2.4166387817e-04
 403.5000000000    2.3944796966e-04
 404.0000000000    2.3727512996e-04
 404.5000000000    2.3517079568e-04
 405.0000000000    2.3313399343e-04
 405.5000000000    2.3114219033e-04
 406.0000000000    2.2916881495e-04
 406.5000000000    2.2720208956e-04
 407.0000000000    2.2525868432e-04
 407.5000000000    2.2336400785e-04
 408.0000000000    2.2153464274e-04
 408.5000000000    2.1976503185e-04
 409.0000000000    2.1802808736e-04
 409.5000000000    2.1630051459e-04
 410.0000000000    2.1458059076e-04
 410.5000000000    2.1288890082e-04
 411.0000000000    2.1124916288e-04
 411.5000000000    2.0967041736e-04
 412.0000000000    2.0813795789e-04
 412.5000000000    2.0662512470e-04
 413.0000000000    2.0511476996e-04
 413.5000000000    2.0361268898e-04
 414.0000000000    2.0214204376e-04
 414.5000000000    2.0072352296e-04
 415.0000000000    1.9935765721e-04
 415.5000000000    1.9802386725e-04
 416.0000000000    1.9669693805e-04
 416.5000000000    1.9536723717e-04
 417.0000000000    1.9404798658e-04
 417.5000000000    1.9276361496e-04
 418.0000000000    1.9152889615e-04
 418.5000000000    1.9033614636e-04
 419.0000000000    1.8916107295e-04
 419.5000000000    1.8798236925e-04
 420.0000000000    1.8758395719e-04
 420.5000000000    1.8830800411e-04
 421.0000000000    1.8893974772e-04
 421.5000000000    1.8954076709e-04
 422.0000000000    1.9014972468e-04
 422.5000000000    1.9075071493e-04
 423.0000000000    1.9133926969e-04
 423.5000000000    1.9188640146e-04
 424.0000000000    1.9231753255e-04
 424.5000000000    1.9265073138e-04
 425.0000000000    1.9294377354e-04
 425.5000000000    1.9324667318e-04
 426.0000000000    1.9356106845e-04
 426.5000000000    1.9384083895e-04
 427.0000000000    1.9403309317e-04
 427.5000000000    1.9412448886e-04
 428.0000000000    1.9415383973e-04
 428.5000000000    1.9418067160e-04
 429.0000000000    1.9423637550e-04
 429.5000000000    1.9429923272e-04
 430.0000000000    1.9431431763e-04
 430.5000000000    1.9424113737e-04
 431.0000000000    1.9408863414e-04
 431.5000000000    1.9390825947e-04
 432.0000000000    1.9375121192e-04
 432.5000000000    1.9362601723e-04
 433.0000000000    1.9349230723e-04
 433.5000000000    1.9329581713e-04
 434.0000000000    1.9301472494e-04
 434.5000000000    1.9267832738e-04
 435.0000000000    1.9234261804e-04
 435.5000000000    1.9204347322e-04
 436.0000000000    1.9176697605e-04
 436.5000000000    1.9146186896e-04
 437.0000000000    1.9108330584e-04
 437.5000000000    1.9063080230e-04
 438.0000000000    1.9014862386e-04
 438.5000000000    1.8968853187e-04
 439.0000000000    1.8926635985e-04
 439.5000000000    1.8884910671e-04
 440.0000000000    1.8838329084e-04
 440.5000000000    1.8784029412e-04
 441.0000000000    1.8724042244e-04
 441.5000000000    1.8663570771e-04
 442.0000000000    1.8606611666e-04
 442.5000000000    1.8552614248e-04
 443.0000000000    1.8496997523e-04
 443.5000000000    1.8435062533e-04
 444.0000000000    1.8365972013e-04
 444.5000000000    1.8293453096e-04
 445.0000000000    1.8222663096e-04
 445.5000000000    1.8155871776e-04
 446.0000000000    1.8090600636e-04
 446.5000000000    1.8021794463e-04
 447.0000000000    1.7946144407e-04
 447.5000000000    1.7864898518e-04
 448.0000000000    1.7782837088e-04
 448.5000000000    1.7704275305e-04
 449.0000000000    1.7629483672e-04
 449.5000000000    1.7554548506e-04
 450.0000000000    1.7474759923e-04
 450.5000000000    1.7388641937e-04
 451.0000000000    1.7299227114e-04
 451.5000000000    1.7211530066e-04
 452.0000000000    1.7128370777e-04
 452.5000000000    1.7048074822e-04
 453.0000000000    1.6965982503e-04
 453.5000000000    1.6878458692e-04
 454.0000000000    1.6786000166e-04
 454.5000000000    1.6692843380e-04
 455.0000000000    1.6603429815e-04
 455.5000000000    1.6518718265e-04
 456.0000000000    1.6435456800e-04
 456.5000000000    1.6349009363e-04
 457.0000000000    1.6257316022e-04
 457.5000000000    1.6162645797e-04
 458.0000000000    1.6069694571e-04
 458.5000000000    1.5981649364e-04
 459.0000000000    1.5897544771e-04
 459.5000000000    1.5813138210e-04
 460.0000000000    1.5724534820e-04
 460.5000000000    1.5631480881e-04
 461.0000000000    1.5537564800e-04
 461.5000000000    1.5447182970e-04
 462.0000000000    1.5361840959e-04
 462.5000000000    1.5278917127e-04
 463.0000000000    1.5193919091e-04
 463.5000000000    1.5104293497e-04
 464.0000000000    1.5011566985e-04
 464.5000000000    1.4920038709e-04
 465.0000000000    1.4833146985e-04
 465.5000000000    1.4750584698e-04
 466.0000000000    1.4668601285e-04
 466.5000000000    1.4583207898e-04
 467.0000000000    1.4493548365e-04
 467.5000000000    1.4402601304e-04
 468.0000000000    1.4314650580e-04
 468.5000000000    1.4231671275e-04
 469.0000000000    1.4151693547e-04
 469.5000000000    1.4070510426e-04
 470.0000000000    1.3985256279e-04
 470.5000000000    1.3896817241e-04
 471.0000000000    1.3809042357e-04
 471.5000000000    1.3725493271e-04
 472.0000000000    1.3646458489e-04
 472.5000000000    1.3568716320e-04
 473.0000000000    1.3488312272e-04
 473.5000000000    1.3403900686e-04
 474.0000000000    1.3317836880e-04
 474.5000000000    1.3234163738e-04
 475.0000000000    1.3155192143e-04
 475.5000000000    1.3079571581e-04
 476.0000000000    1.3003455268e-04
 476.5000000000    1.2923758650e-04
 477.0000000000    1.2840753078e-04
 477.5000000000    1.2757806104e-04
 478.0000000000    1.2678515822e-04
 478.5000000000    1.2603681453e-04
 479.0000000000    1.2530661678e-04
 479.5000000000    1.2455642931e-04
 480.0000000000    1.2376877877e-04
 480.5000000000    1.2296152993e-04
 481.0000000000    1.2217264562e-04
 481.5000000000    1.2142808961e-04
 482.0000000000    1.2072013092e-04
 482.5000000000    1.2001436515e-04
 483.0000000000    1.1927917777e-04
 483.5000000000    1.1851246376e-04
 484.0000000000    1.1774317588e-04
 484.5000000000    1.1700669556e-04
 485.0000000000    1.1631499045e-04
 485.5000000000    1.1564682441e-04
 486.0000000000    1.1496610391e-04
 486.5000000000    1.1425248404e-04
 487.0000000000    1.1351831579e-04
 487.5000000000    1.1279791621e-04
 488.0000000000    1.1211842828e-04
 488.5000000000    1.1147697138e-04
 489.0000000000    1.1084341200e-04
 489.5000000000    1.1018609628e-04
 490.0000000000    1.0949852200e-04
 490.5000000000    1.0880454357e-04
 491.0000000000    1.0813797445e-04
 491.5000000000    1.0751397608e-04
 492.0000000000    1.0699560424e-04
 492.5000000000    1.0676324435e-04
 493.0000000000    1.0653026648e-04
 493.5000000000    1.0631038531e-04
 494.0000000000    1.0610835131e-04
 494.5000000000    1.0591592479e-04
 495.0000000000    1.0571917029e-04
 495.5000000000    1.0550967568e-04
 496.0000000000    1.0529185466e-04
 496.5000000000    1.0507901052e-04
 497.0000000000    1.0488201703e-04
 497.5000000000    1.0470028037e-04
 498.0000000000    1.0452216913e-04
 498.5000000000    1.0433492752e-04
 499.0000000000    1.0413530942e-04
 499.5000000000    1.0393209793e-04
 500.0000000000    1.0373867803e-04
 500.5000000000    1.0356177479e-04
 501.0000000000    1.0339563358e-04
 501.5000000000    1.0322713319e-04
 502.0000000000    1.0304681438e-04
 502.5000000000    1.0285662809e-04
 503.0000000000    1.0266820318e-04
 503.5000000000    1.0249303773e-04
 504.0000000000    1.0233285001e-04
 504.5000000000    1.0217820947e-04
 505.0000000000    1.0201667845e-04
 505.5000000000    1.0184302907e-04
 506.0000000000    1.0166376922e-04
 506.5000000000    1.0149154211e-04
 507.0000000000    1.0133449454e-04
 507.5000000000    1.0118945371e-04
 508.0000000000    1.0104468036e-04
 508.5000000000    1.0088983439e-04
 509.0000000000    1.0072466362e-04
 509.5000000000    1.0055914275e-04
 510.0000000000    1.0040502532e-04
 510.5000000000    1.0026593692e-04
 511.0000000000    1.0013444812e-04
 511.5000000000    9.9998366743e-05
 512.0000000000    9.9851161561e-05
 512.5000000000    9.9697146689e-05
 513.0000000000    9.9547911804e-05
 513.5000000000    9.9412480844e-05
 514.0000000000    9.9289758054e-05
 514.5000000000    9.9169548961e-05
 515.0000000000    9.9041184151e-05
 515.5000000000    9.8902490763e-05
 516.0000000000    9.8761486163e-05
 516.5000000000    9.8629595211e-05
 517.0000000000    9.8511994045e-05
 517.5000000000    9.8403326110e-05
 518.0000000000    9.8292243133e-05
 518.5000000000    9.8171104848e-05
 519.0000000000    9.8042164562e-05
 519.5000000000    9.7915663110e-05
 520.0000000000    9.7801144250e-05
 520.5000000000    9.7699490092e-05
 521.0000000000    9.7602252930e-05
 521.5000000000    9.7498626616e-05
 522.0000000000    9.7384759046e-05
 522.5000000000    9.7266846327e-05
 523.0000000000    9.7155764777e-05
 523.5000000000    9.7057960974e-05
 524.0000000000    9.6970044375e-05
 524.5000000000    9.6881712387e-05
 525.0000000000    9.6784409402e-05
 525.5000000000    9.6678499927e-05
 526.0000000000    9.6572843885e-05
 526.5000000000    9.6477266933e-05
 527.0000000000    9.6394296730e-05
 527.5000000000    9.6317062616e-05
 528.0000000000    9.6235127194e-05
 528.5000000000    9.6143242588e-05
 529.0000000000    9.6045625496e-05
 529.5000000000    9.5952488441e-05
 530.0000000000    9.5871226930e-05
 530.5000000000    9.5800242658e-05
 531.0000000000    9.5730308406e-05
 531.5000000000    9.5652370906e-05
 532.0000000000    9.5565155163e-05
 532.5000000000    9.5476205846e-05
 533.0000000000    9.5395388567e-05
 533.5000000000    9.5326653705e-05
 534.0000000000    9.5264895293e-05
 534.5000000000    9.5199896927e-05
 535.0000000000    9.5125500846e-05
 535.5000000000    9.5044530094e-05
 536.0000000000    9.4966364523e-05
 536.5000000000    9.4898921022e-05
 537.0000000000    9.4842163080e-05
 537.5000000000    9.4788291324e-05
 538.0000000000    9.4727919888e-05
 538.5000000000    9.4658615639e-05
 539.0000000000    9.4586534741e-05
 539.5000000000    9.4521131616e-05
 540.0000000000    9.4467223181e-05
 540.5000000000    9.4421252078e-05
 541.0000000000    9.4373689439e-05
 541.5000000000    9.4317777679e-05
 542.0000000000    9.4254824419e-05
 542.5000000000    9.4193016323e-05
 543.0000000000    9.4140633494e-05
 543.5000000000    9.4098909282e-05
 544.0000000000    9.4061005887e-05
 544.5000000000    9.4018050917e-05
 545.0000000000    9.3966457259e-05
 545.5000000000    9.3911082810e-05
 546.0000000000    9.3860751325e-05
 546.5000000000    9.3821156431e-05
 547.0000000000    9.3789875645e-05
 547.5000000000    9.3758749972e-05
 548.0000000000    9.3720568703e-05
 548.5000000000    9.3675120471e-05
 549.0000000000    9.3629601818e-05
 549.5000000000    9.3592223892e-05
 550.0000000000    9.3565488268e-05
 550.5000000000    9.3543964035e-05
 551.0000000000    9.3518749791e-05
 551.5000000000    9.3485446305e-05
 552.0000000000    9.3447482266e-05
 552.5000000000    9.3413331256e-05
 553.0000000000    9.3388966223e-05
 553.5000000000    9.3373055940e-05
 554.0000000000    9.3358154847e-05
 554.5000000000    9.3337210938e-05
 555.0000000000    9.3308814069e-05
 555.5000000000    9.3278941804e-05
 556.0000000000    9.3255571093e-05
 556.5000000000    9.3241966511e-05
 557.0000000000    9.3234191562e-05
 557.5000000000    9.3223741211e-05
 558.0000000000    9.3205558253e-05
 558.5000000000    9.3181851834e-05
 559.0000000000    9.3160361696e-05
 559.5000000000    9.3147471335e-05
 560.0000000000    9.3143014021e-05
 560.5000000000    9.3140527273e-05
 561.0000000000    9.3132970939e-05
 561.5000000000    9.3118054253e-05
 562.0000000000    9.3100785248e-05
 562.5000000000    9.3088805099e-05
 563.0000000000    9.3086333333e-05
 563.5000000000    9.3090050601e-05
 564.0000000000    9.3092457026e-05
 564.5000000000    9.3088365672e-05
 565.0000000000    9.3079001937e-05
 565.5000000000    9.3070695160e-05
 566.0000000000    9.3069801216e-05
 566.5000000000    9.3077358269e-05
 567.0000000000    9.3088227275e-05
 567.5000000000    9.3095062316e-05
 568.0000000000    9.3095049922e-05
 568.5000000000    9.3091978058e-05
 569.0000000000    9.3092792887e-05
 569.5000000000    9.3101757414e-05
 570.0000000000    9.3117003889e-05
 570.5000000000    9.3132508934e-05
 571.0000000000    9.3142142472e-05
 571.5000000000    9.3145859290e-05
 572.0000000000    9.3149201057e-05
 572.5000000000    9.3158946874e-05
 573.0000000000    9.3176800352e-05
 573.5000000000    9.3198500391e-05
 574.0000000000    9.3217758899e-05
 574.5000000000    9.3230743815e-05
 575.0000000000    9.3240077722e-05
 575.5000000000    9.3252195955e-05
 576.0000000000    9.3272389019e-05
 576.5000000000    9.3299278564e-05
 577.0000000000    9.3327215897e-05
 577.5000000000    9.3350845386e-05
 578.0000000000    9.3368883998e-05
 578.5000000000    9.3385920122e-05
 579.0000000000    9.3408180113e-05
 579.5000000000    9.3438245294e-05
 580.0000000000    9.3472553158e-05
 580.5000000000    9.3505310828e-05
 581.0000000000    9.3532589213e-05
 581.5000000000    9.3555731071e-05
 582.0000000000    9.3580297301e-05
 582.5000000000    9.3611355788e-05
 583.0000000000    9.3648911105e-05
 583.5000000000    9.3687991929e-05
 584.0000000000    9.3723423332e-05
 584.5000000000    9.3753464593e-05
 585.0000000000    9.3781531286e-05
 585.5000000000    9.3813207019e-05
 586.0000000000    9.3851778337e-05
 586.5000000000    9.3895129065e-05
 587.0000000000    9.3937595941e-05
 587.5000000000    9.3975399216e-05
 588.0000000000    9.4009174456e-05
 588.5000000000    9.4043523212e-05
 589.0000000000    9.4083256700e-05
 589.5000000000    9.4129571663e-05
 590.0000000000    9.4178450559e-05
 590.5000000000    9.4224565404e-05
 591.0000000000    9.4266091690e-05
 591.5000000000    9.4305628674e-05
 592.0000000000    9.4348073786e-05
 592.5000000000    9.4396549658e-05
 593.0000000000    9.4450232568e-05
 593.5000000000    9.4503930013e-05
 594.0000000000    9.4553675303e-05
 594.5000000000    9.4599750671e-05
 595.0000000000    9.4645936797e-05
 595.5000000000    9.4696398937e-05
 596.0000000000    9.4752273759e-05
 596.5000000000    9.4811229772e-05
 597.0000000000    9.4868224447e-05
 597.5000000000    9.4921055134e-05
 598.0000000000    9.4971504001e-05
 598.5000000000    9.5023869304e-05
 599.0000000000    9.5080967384e-05
 599.5000000000    9.5142282934e-05
 600.0000000000    9.5204786677e-05
 600.5000000000    9.5264218164e-05
 601.0000000000    9.5319973407e-05
 601.5000000000    9.5374899164e-05
 602.0000000000    9.5433262378e-05
 602.5000000000    9.5496351931e-05
 603.0000000000    9.5562357559e-05
 603.5000000000    9.5627911256e-05
 604.0000000000    9.5689968105e-05
 604.5000000000    9.5749511561e-05
 605.0000000000    9.5810103352e-05
 605.5000000000    9.5875148439e-05
 606.0000000000    9.5944336102e-05
 606.5000000000    9.6015003558e-05
 607.0000000000    9.6083907362e-05
 607.5000000000    9.6149740104e-05
 608.0000000000    9.6214687418e-05
 608.5000000000    9.6282332499e-05
 609.0000000000    9.6354486075e-05
 609.5000000000    9.6429447907e-05
 610.0000000000    9.6504403626e-05
 610.5000000000    9.6576981586e-05
 611.0000000000    9.6647511739e-05
 611.5000000000    9.6718665619e-05
 612.0000000000    9.6793163404e-05
 612.5000000000    9.6871222810e-05
 613.0000000000    9.6950442133e-05
 613.5000000000    9.7028505864e-05
 614.0000000000    9.7104520623e-05
 614.5000000000    9.7179619201e-05
 615.0000000000    9.7256129596e-05
 615.5000000000    9.7335513961e-05
 616.0000000000    9.7417444594e-05
 616.5000000000    9.7499443082e-05
 617.0000000000    9.7579890052e-05
 617.5000000000    9.7658935341e-05
 618.0000000000    9.7738101507e-05
 618.5000000000    9.7819019985e-05
 619.0000000000    9.7902252282e-05
 619.5000000000    9.7987298065e-05
 620.0000000000    9.8072002701e-05
 620.5000000000    9.8155287217e-05
 621.0000000000    9.8237613454e-05
 621.5000000000    9.8320683614e-05
 622.0000000000    9.8405864522e-05
 622.5000000000    9.8492825221e-05
 623.0000000000    9.8580486199e-05
 623.5000000000    9.8667709643e-05
 624.0000000000    9.8753721152e-05
 624.5000000000    9.8839383257e-05
 625.0000000000    9.8925953864e-05
 625.5000000000    9.9014486827e-05
 626.0000000000    9.9104271170e-05
 626.5000000000    9.9194016718e-05
 627.0000000000    9.9283051347e-05
 627.5000000000    9.9371833624e-05
 628.0000000000    9.9461095715e-05
 628.5000000000    9.9551439270e-05
 629.0000000000    9.9642930024e-05
 629.5000000000    9.9735587213e-05
 630.0000000000    9.9828263333e-05
 630.5000000000    9.9920932222e-05
 631.0000000000    1.0001391051e-04
 631.5000000000    1.0010787926e-04
 632.0000000000    1.0020276332e-04
 632.5000000000    1.0029821148e-04
 633.0000000000    1.0039455389e-04
 633.5000000000    1.0049167283e-04
 634.0000000000    1.0058942669e-04
 634.5000000000    1.0068759900e-04
 635.0000000000    1.0078602690e-04
 635.5000000000    1.0088478938e-04
 636.0000000000    1.0098384571e-04
 636.5000000000    1.0108380028e-04
 637.0000000000    1.0118524665e-04
 637.5000000000    1.0128731218e-04
 638.0000000000    1.0138910380e-04
 638.5000000000    1.0149003834e-04
 639.0000000000    1.0159118689e-04
 639.5000000000    1.0169295098e-04
 640.0000000000    1.0179620857e-04
 640.5000000000    1.0190078501e-04
 641.0000000000    1.0200582128e-04
 641.5000000000    1.0210988396e-04
 642.0000000000    1.0221270302e-04
 642.5000000000    1.0231573579e-04
 643.0000000000    1.0242051096e-04
 643.5000000000    1.0252743969e-04
 644.0000000000    1.0263561797e-04
 644.5000000000    1.0274318455e-04
 645.0000000000    1.0284962510e-04
 645.5000000000    1.0295488514e-04
 646.0000000000    1.0306096348e-04
 646.5000000000    1.0316990844e-04
 647.0000000000    1.0328168250e-04
 647.5000000000    1.0339423968e-04
 648.0000000000    1.0350524450e-04
 648.5000000000    1.0361419620e-04
 649.0000000000    1.0372294749e-04
 649.5000000000    1.0383373414e-04
 650.0000000000    1.0394804894e-04
 650.5000000000    1.0406472239e-04
 651.0000000000    1.0418113128e-04
 651.5000000000    1.0429458107e-04
 652.0000000000    1.0440535618e-04
 652.5000000000    1.0451662368e-04
 653.0000000000    1.0463133958e-04
 653.5000000000    1.0474961207e-04
 654.0000000000    1.0486868515e-04
 654.5000000000    1.0498481562e-04
 655.0000000000    1.0509689858e-04
 655.5000000000    1.0520706714e-04
 656.0000000000    1.0531904102e-04
 656.5000000000    1.0543537298e-04
 657.0000000000    1.0555473581e-04
 657.5000000000    1.0567319410e-04
 658.0000000000    1.0578755971e-04
 658.5000000000    1.0589788568e-04
 659.0000000000    1.0600825596e-04
 659.5000000000    1.0612338237e-04
 660.0000000000    1.0624412295e-04
 660.5000000000    1.0636701793e-04
 661.0000000000    1.0648716129e-04
 661.5000000000    1.0660254888e-04
 662.0000000000    1.0671608133e-04
 662.5000000000    1.0683242042e-04
 663.0000000000    1.0695510724e-04
 663.5000000000    1.0708279713e-04
 664.0000000000    1.0721074920e-04
 664.5000000000    1.0733391709e-04
 665.0000000000    1.0745196757e-04
 665.5000000000    1.0756978213e-04
 666.0000000000    1.0769283950e-04
 666.5000000000    1.0782259386e-04
 667.0000000000    1.0795532441e-04
 667.5000000000    1.0808482533e-04
 668.0000000000    1.0820832695e-04
 668.5000000000    1.0832776373e-04
 669.0000000000    1.0844924743e-04
 669.5000000000    1.0857771903e-04
 670.0000000000    1.0871259424e-04
 670.5000000000    1.0884807753e-04
 671.0000000000    1.0897769861e-04
 671.5000000000    1.0910028199e-04
 672.0000000000    1.0922134380e-04
 672.5000000000    1.0934756655e-04
 673.0000000000    1.0948185153e-04
 673.5000000000    1.0962040925e-04
 674.0000000000    1.0975557837e-04
 674.5000000000    1.0988282135e-04
 675.0000000000    1.1000384506e-04
 675.5000000000    1.1012582508e-04
 676.0000000000    1.1025542104e-04
 676.5000000000    1.1039263688e-04
 677.0000000000    1.1053076663e-04
 677.5000000000    1.1066217723e-04
 678.0000000000    1.1078422288e-04
 678.5000000000    1.1090248109e-04
 679.0000000000    1.1102583741e-04
 679.5000000000    1.1115906669e-04
 680.0000000000    1.1129841033e-04
 680.5000000000    1.1143478368e-04
 681.0000000000    1.1156155155e-04
 681.5000000000    1.1168029142e-04
 682.0000000000    1.1180000567e-04
 682.5000000000    1.1192852140e-04
 683.0000000000    1.1206694190e-04
 683.5000000000    1.1220782653e-04
 684.0000000000    1.1234140673e-04
 684.5000000000    1.1246444523e-04
 685.0000000000    1.1258217675e-04
 685.5000000000    1.1270464575e-04
 686.0000000000    1.1283819209e-04
 686.5000000000    1.1297955849e-04
 687.0000000000    1.1311850062e-04
 687.5000000000    1.1324712517e-04
 688.0000000000    1.1336530512e-04
 688.5000000000    1.1348228315e-04
 689.0000000000    1.1360849484e-04
 689.5000000000    1.1374651762e-04
 690.0000000000    1.1388896476e-04
 690.5000000000    1.1402455129e-04
 691.0000000000    1.1414743090e-04
 691.5000000000    1.1426287548e-04
 692.0000000000    1.1438286266e-04
 692.5000000000    1.1451588047e-04
 693.0000000000    1.1465929172e-04
 693.5000000000    1.1480183984e-04
 694.0000000000    1.1493288510e-04
 694.5000000000    1.1505212121e-04
 695.0000000000    1.1516924285e-04
 695.5000000000    1.1529624296e-04
 696.0000000000    1.1543733105e-04
 696.5000000000    1.1558473445e-04
 697.0000000000    1.1572574634e-04
 697.5000000000    1.1585292160e-04
 698.0000000000    1.1597082201e-04
 698.5000000000    1.1609264678e-04
 699.0000000000    1.1622877723e-04
 699.5000000000    1.1637756301e-04
 700.0000000000    1.1652646686e-04
