#          time               M_ADM
   0.0000000000    9.4954746817e-02
   0.5000000000    9.4942720832e-02
   1.0000000000    9.4913148991e-02
   1.5000000000    9.4873307088e-02
   2.0000000000    9.4829868296e-02
   2.5000000000    9.4786772545e-02
   3.0000000000    9.4745407081e-02
   3.5000000000    9.4705650911e-02
   4.0000000000    9.4666799545e-02
   4.5000000000    9.4628103697e-02
   5.0000000000    9.4588993488e-02
   5.5000000000    9.4549120655e-02
   6.0000000000    9.4508318824e-02
   6.5000000000    9.4466541190e-02
   7.0000000000    9.4423806220e-02
   7.5000000000    9.4380163594e-02
   8.0000000000    9.4335679462e-02
   8.5000000000    9.4290431996e-02
   9.0000000000    9.4244507063e-02
   9.5000000000    9.4197989692e-02
  10.0000000000    9.4150954710e-02
  10.5000000000    9.4103463196e-02
  11.0000000000    9.4055567748e-02
  11.5000000000    9.4007322599e-02
  12.0000000000    9.3958788071e-02
  12.5000000000    9.3910029646e-02
  13.0000000000    9.3861109195e-02
  13.5000000000    9.3812071546e-02
  14.0000000000    9.3762948875e-02
  14.5000000000    9.3713770117e-02
  15.0000000000    9.3664570524e-02
  15.5000000000    9.3615395344e-02
  16.0000000000    9.3566293818e-02
  16.5000000000    9.3517309194e-02
  17.0000000000    9.3468469521e-02
  17.5000000000    9.3419783450e-02
  18.0000000000    9.3371269330e-02
  18.5000000000    9.3322945396e-02
  19.0000000000    9.3274849797e-02
  19.5000000000    9.3227018967e-02
  20.0000000000    9.3179478182e-02
  20.5000000000    9.3132236824e-02
  21.0000000000    9.3085316014e-02
  21.5000000000    9.3038708529e-02
  22.0000000000    9.2992435037e-02
  22.5000000000    9.2946531071e-02
  23.0000000000    9.2901027355e-02
  23.5000000000    9.2855932966e-02
  24.0000000000    9.2811254737e-02
  24.5000000000    9.2766990246e-02
  25.0000000000    9.2723140859e-02
  25.5000000000    9.2679717167e-02
  26.0000000000    9.2636739105e-02
  26.5000000000    9.2594233590e-02
  27.0000000000    9.2552214459e-02
  27.5000000000    9.2510681429e-02
  28.0000000000    9.2469627588e-02
  28.5000000000    9.2429048909e-02
  29.0000000000    9.2388952625e-02
  29.5000000000    9.2349356016e-02
  30.0000000000    9.2310277496e-02
  30.5000000000    9.2271726585e-02
  31.0000000000    9.2233704447e-02
  31.5000000000    9.2196207340e-02
  32.0000000000    9.2159226899e-02
  32.5000000000    9.2122755309e-02
  33.0000000000    9.2086804924e-02
  33.5000000000    9.2051395752e-02
  34.0000000000    9.2016533124e-02
  34.5000000000    9.1982202758e-02
  35.0000000000    9.1948398178e-02
  35.5000000000    9.1915112782e-02
  36.0000000000    9.1882344286e-02
  36.5000000000    9.1850107548e-02
  37.0000000000    9.1818413345e-02
  37.5000000000    9.1787264591e-02
  38.0000000000    9.1756652118e-02
  38.5000000000    9.1726560562e-02
  39.0000000000    9.1696978972e-02
  39.5000000000    9.1667907174e-02
  40.0000000000    9.1639353995e-02
  40.5000000000    9.1611329210e-02
  41.0000000000    9.1583834134e-02
  41.5000000000    9.1556858137e-02
  42.0000000000    9.1530385192e-02
  42.5000000000    9.1504403667e-02
  43.0000000000    9.1478910841e-02
  43.5000000000    9.1453914106e-02
  44.0000000000    9.1429422921e-02
  44.5000000000    9.1405436964e-02
  45.0000000000    9.1381942951e-02
  45.5000000000    9.1358922513e-02
  46.0000000000    9.1336363467e-02
  46.5000000000    9.1314264225e-02
  47.0000000000    9.1292628413e-02
  47.5000000000    9.1271459701e-02
  48.0000000000    9.1250758787e-02
  48.5000000000    9.1230518439e-02
  49.0000000000    9.1210722409e-02
  49.5000000000    9.1191352237e-02
  50.0000000000    9.1172398233e-02
  50.5000000000    9.1153860963e-02
  51.0000000000    9.1135740909e-02
  51.5000000000    9.1118030755e-02
  52.0000000000    9.1100699466e-02
  52.5000000000    9.1083704356e-02
  53.0000000000    9.1066983835e-02
  53.5000000000    9.1050461662e-02
  54.0000000000    9.1034038392e-02
  54.5000000000    9.1017578516e-02
  55.0000000000    9.1000904368e-02
  55.5000000000    9.0983809847e-02
  56.0000000000    9.0966105342e-02
  56.5000000000    9.0947693594e-02
  57.0000000000    9.0928654835e-02
  57.5000000000    9.0909301793e-02
  58.0000000000    9.0890160562e-02
  58.5000000000    9.0871854475e-02
  59.0000000000    9.0854927484e-02
  59.5000000000    9.0839692482e-02
  60.0000000000    9.0826177231e-02
  60.5000000000    9.0814179118e-02
  61.0000000000    9.0803373543e-02
  61.5000000000    9.0793413709e-02
  62.0000000000    9.0783990880e-02
  62.5000000000    9.0774861809e-02
  63.0000000000    9.0765867969e-02
  63.5000000000    9.0756946622e-02
  64.0000000000    9.0748110785e-02
  64.5000000000    9.0739401788e-02
  65.0000000000    9.0730852189e-02
  65.5000000000    9.0722484474e-02
  66.0000000000    9.0714316540e-02
  66.5000000000    9.0706357255e-02
  67.0000000000    9.0698604843e-02
  67.5000000000    9.0691057838e-02
  68.0000000000    9.0683724279e-02
  68.5000000000    9.0676614385e-02
  69.0000000000    9.0669735640e-02
  69.5000000000    9.0663087947e-02
  70.0000000000    9.0656663579e-02
  70.5000000000    9.0650451846e-02
  71.0000000000    9.0644441159e-02
  71.5000000000    9.0638630486e-02
  72.0000000000    9.0633025968e-02
  72.5000000000    9.0627634001e-02
  73.0000000000    9.0622454815e-02
  73.5000000000    9.0617480750e-02
  74.0000000000    9.0612699799e-02
  74.5000000000    9.0608102343e-02
  75.0000000000    9.0603686752e-02
  75.5000000000    9.0599456609e-02
  76.0000000000    9.0595415146e-02
  76.5000000000    9.0591560565e-02
  77.0000000000    9.0587886058e-02
  77.5000000000    9.0584384849e-02
  78.0000000000    9.0581053120e-02
  78.5000000000    9.0577888721e-02
  79.0000000000    9.0574889806e-02
  79.5000000000    9.0572054579e-02
  80.0000000000    9.0569384300e-02
  80.5000000000    9.0566881594e-02
  81.0000000000    9.0564546888e-02
  81.5000000000    9.0562375939e-02
  82.0000000000    9.0560357923e-02
  82.5000000000    9.0558477706e-02
  83.0000000000    9.0556727198e-02
  83.5000000000    9.0555113318e-02
  84.0000000000    9.0553649552e-02
  84.5000000000    9.0552340214e-02
  85.0000000000    9.0551177504e-02
  85.5000000000    9.0550151463e-02
  86.0000000000    9.0549259324e-02
  86.5000000000    9.0548504445e-02
  87.0000000000    9.0547889301e-02
  87.5000000000    9.0547411583e-02
  88.0000000000    9.0547063897e-02
  88.5000000000    9.0546837486e-02
  89.0000000000    9.0546727001e-02
  89.5000000000    9.0546735093e-02
  90.0000000000    9.0546868299e-02
  90.5000000000    9.0547131733e-02
  91.0000000000    9.0547524296e-02
  91.5000000000    9.0548038324e-02
  92.0000000000    9.0548664617e-02
  92.5000000000    9.0549398250e-02
  93.0000000000    9.0550240104e-02
  93.5000000000    9.0551195854e-02
  94.0000000000    9.0552271747e-02
  94.5000000000    9.0553467923e-02
  95.0000000000    9.0554777838e-02
  95.5000000000    9.0556192471e-02
  96.0000000000    9.0557705408e-02
  96.5000000000    9.0559316394e-02
  97.0000000000    9.0561031594e-02
  97.5000000000    9.0562857284e-02
  98.0000000000    9.0564794133e-02
  98.5000000000    9.0566837473e-02
  99.0000000000    9.0568979446e-02
  99.5000000000    9.0571213715e-02
 100.0000000000    9.0573540220e-02
 100.5000000000    9.0575963780e-02
 101.0000000000    9.0578488050e-02
 101.5000000000    9.0581111422e-02
 102.0000000000    9.0583829073e-02
 102.5000000000    9.0586636684e-02
 103.0000000000    9.0589531332e-02
 103.5000000000    9.0592511695e-02
 104.0000000000    9.0595579739e-02
 104.5000000000    9.0598740997e-02
 105.0000000000    9.0601998997e-02
 105.5000000000    9.0605351215e-02
 106.0000000000    9.0608789214e-02
 106.5000000000    9.0612304733e-02
 107.0000000000    9.0615894657e-02
 107.5000000000    9.0619563005e-02
 108.0000000000    9.0623317269e-02
 108.5000000000    9.0627162235e-02
 109.0000000000    9.0631096030e-02
 109.5000000000    9.0635112178e-02
 110.0000000000    9.0639204154e-02
 110.5000000000    9.0643369529e-02
 111.0000000000    9.0647611477e-02
 111.5000000000    9.0651936527e-02
 112.0000000000    9.0656349503e-02
 112.5000000000    9.0660849436e-02
 113.0000000000    9.0665429581e-02
 113.5000000000    9.0670081568e-02
 114.0000000000    9.0674800293e-02
 114.5000000000    9.0679586500e-02
 115.0000000000    9.0684444872e-02
 115.5000000000    9.0689379929e-02
 116.0000000000    9.0694391424e-02
 116.5000000000    9.0699473660e-02
 117.0000000000    9.0704619114e-02
 117.5000000000    9.0709824091e-02
 118.0000000000    9.0715091364e-02
 118.5000000000    9.0720428281e-02
 119.0000000000    9.0725841346e-02
 119.5000000000    9.0731330805e-02
 120.0000000000    9.0736889150e-02
 120.5000000000    9.0742505273e-02
 121.0000000000    9.0748171671e-02
 121.5000000000    9.0753888466e-02
 122.0000000000    9.0759662394e-02
 122.5000000000    9.0765501533e-02
 123.0000000000    9.0771409814e-02
 123.5000000000    9.0777384984e-02
 124.0000000000    9.0783419979e-02
 124.5000000000    9.0789506805e-02
 125.0000000000    9.0795642140e-02
 125.5000000000    9.0801830067e-02
 126.0000000000    9.0808077816e-02
 126.5000000000    9.0814388460e-02
 127.0000000000    9.0820759059e-02
 127.5000000000    9.0827184273e-02
 128.0000000000    9.0833659823e-02
 128.5000000000    9.0840183547e-02
 129.0000000000    9.0846757414e-02
 129.5000000000    9.0853387934e-02
 130.0000000000    9.0860080555e-02
 130.5000000000    9.0866834089e-02
 131.0000000000    9.0873642820e-02
 131.5000000000    9.0880501428e-02
 132.0000000000    9.0887406879e-02
 132.5000000000    9.0894360166e-02
 133.0000000000    9.0901367325e-02
 133.5000000000    9.0908434550e-02
 134.0000000000    9.0915561231e-02
 134.5000000000    9.0922740263e-02
 135.0000000000    9.0929964703e-02
 135.5000000000    9.0937232216e-02
 136.0000000000    9.0944544350e-02
 136.5000000000    9.0951905662e-02
 137.0000000000    9.0959320499e-02
 137.5000000000    9.0966789290e-02
 138.0000000000    9.0974307043e-02
 138.5000000000    9.0981867661e-02
 139.0000000000    9.0989468987e-02
 139.5000000000    9.0997112904e-02
 140.0000000000    9.1004804455e-02
 140.5000000000    9.1012548139e-02
 141.0000000000    9.1020344935e-02
 141.5000000000    9.1028192173e-02
 142.0000000000    9.1036086662e-02
 142.5000000000    9.1044026643e-02
 143.0000000000    9.1052012532e-02
 143.5000000000    9.1060047499e-02
 144.0000000000    9.1068135922e-02
 144.5000000000    9.1076280686e-02
 145.0000000000    9.1084481567e-02
 145.5000000000    9.1092735657e-02
 146.0000000000    9.1101039572e-02
 146.5000000000    9.1109392385e-02
 147.0000000000    9.1117796481e-02
 147.5000000000    9.1126256058e-02
 148.0000000000    9.1134774952e-02
 148.5000000000    9.1143353889e-02
 149.0000000000    9.1151988996e-02
 149.5000000000    9.1160674423e-02
 150.0000000000    9.1169407179e-02
 150.5000000000    9.1178189194e-02
 151.0000000000    9.1187025076e-02
 151.5000000000    9.1195919045e-02
 152.0000000000    9.1204871903e-02
 152.5000000000    9.1213879560e-02
 153.0000000000    9.1222935432e-02
 153.5000000000    9.1232035775e-02
 154.0000000000    9.1241182293e-02
 154.5000000000    9.1250380471e-02
 155.0000000000    9.1259635066e-02
 155.5000000000    9.1268946563e-02
 156.0000000000    9.1278310666e-02
 156.5000000000    9.1287721022e-02
 157.0000000000    9.1297174364e-02
 157.5000000000    9.1306674257e-02
 158.0000000000    9.1316229425e-02
 158.5000000000    9.1325847687e-02
 159.0000000000    9.1335530797e-02
 159.5000000000    9.1345272437e-02
 160.0000000000    9.1355061959e-02
 160.5000000000    9.1364892655e-02
 161.0000000000    9.1374767779e-02
 161.5000000000    9.1384698029e-02
 162.0000000000    9.1394693747e-02
 162.5000000000    9.1404758642e-02
 163.0000000000    9.1414888928e-02
 163.5000000000    9.1425078054e-02
 164.0000000000    9.1435322372e-02
 164.5000000000    9.1445623384e-02
 165.0000000000    9.1455985557e-02
 165.5000000000    9.1466412782e-02
 166.0000000000    9.1476906435e-02
 166.5000000000    9.1487465638e-02
 167.0000000000    9.1498088513e-02
 167.5000000000    9.1508773858e-02
 168.0000000000    9.1519522153e-02
 168.5000000000    9.1530335015e-02
 169.0000000000    9.1541213688e-02
 169.5000000000    9.1552158441e-02
 170.0000000000    9.1563168406e-02
 170.5000000000    9.1574241958e-02
 171.0000000000    9.1585377338e-02
 171.5000000000    9.1596573107e-02
 172.0000000000    9.1607828474e-02
 172.5000000000    9.1619143296e-02
 173.0000000000    9.1630518094e-02
 173.5000000000    9.1641953372e-02
 174.0000000000    9.1653448573e-02
 174.5000000000    9.1665001918e-02
 175.0000000000    9.1676611153e-02
 175.5000000000    9.1688274700e-02
 176.0000000000    9.1699992951e-02
 176.5000000000    9.1711768613e-02
 177.0000000000    9.1723604975e-02
 177.5000000000    9.1735503496e-02
 178.0000000000    9.1747462725e-02
 178.5000000000    9.1759479517e-02
 179.0000000000    9.1771551556e-02
 179.5000000000    9.1783679539e-02
 180.0000000000    9.1795867125e-02
 180.5000000000    9.1808118657e-02
 181.0000000000    9.1820435594e-02
 181.5000000000    9.1832814949e-02
 182.0000000000    9.1845250965e-02
 182.5000000000    9.1857738931e-02
 183.0000000000    9.1870278276e-02
 183.5000000000    9.1882872577e-02
 184.0000000000    9.1895526441e-02
 184.5000000000    9.1908241715e-02
 185.0000000000    9.1921016375e-02
 185.5000000000    9.1933846993e-02
 186.0000000000    9.1946733309e-02
 186.5000000000    9.1959681398e-02
 187.0000000000    9.1972702687e-02
 187.5000000000    9.1985808865e-02
 188.0000000000    9.1999006725e-02
 188.5000000000    9.2012296764e-02
 189.0000000000    9.2025675728e-02
 189.5000000000    9.2039140701e-02
 190.0000000000    9.2052691860e-02
 190.5000000000    9.2066331920e-02
 191.0000000000    9.2080062785e-02
 191.5000000000    9.2093882424e-02
 192.0000000000    9.2107784724e-02
 192.5000000000    9.2121762656e-02
 193.0000000000    9.2135812849e-02
 193.5000000000    9.2149937978e-02
 194.0000000000    9.2164144570e-02
 194.5000000000    9.2178438179e-02
 195.0000000000    9.2192820244e-02
 195.5000000000    9.2207288201e-02
 196.0000000000    9.2221838044e-02
 196.5000000000    9.2236467937e-02
 197.0000000000    9.2251180605e-02
 197.5000000000    9.2265981833e-02
 198.0000000000    9.2280876186e-02
 198.5000000000    9.2295864157e-02
 199.0000000000    9.2310943295e-02
 199.5000000000    9.2326110882e-02
 200.0000000000    9.2341366296e-02
 200.5000000000    9.2356712229e-02
 201.0000000000    9.2372153539e-02
 201.5000000000    9.2387694159e-02
 202.0000000000    9.2403334664e-02
 202.5000000000    9.2419072873e-02
 203.0000000000    9.2434906135e-02
 203.5000000000    9.2450833082e-02
 204.0000000000    9.2466854246e-02
 204.5000000000    9.2482971361e-02
 205.0000000000    9.2499186007e-02
 205.5000000000    9.2515498946e-02
 206.0000000000    9.2531910907e-02
 206.5000000000    9.2548424024e-02
 207.0000000000    9.2565042016e-02
 207.5000000000    9.2581769190e-02
 208.0000000000    9.2598609026e-02
 208.5000000000    9.2615563311e-02
 209.0000000000    9.2632632294e-02
 209.5000000000    9.2649816096e-02
 210.0000000000    9.2667116221e-02
 210.5000000000    9.2684535530e-02
 211.0000000000    9.2702076722e-02
 211.5000000000    9.2719741132e-02
 212.0000000000    9.2737528929e-02
 212.5000000000    9.2755440597e-02
 213.0000000000    9.2773478192e-02
 213.5000000000    9.2791645565e-02
 214.0000000000    9.2809947083e-02
 214.5000000000    9.2828385750e-02
 215.0000000000    9.2846962045e-02
 215.5000000000    9.2865674909e-02
 216.0000000000    9.2884524360e-02
 216.5000000000    9.2903512907e-02
 217.0000000000    9.2922644532e-02
 217.5000000000    9.2941922389e-02
 218.0000000000    9.2961346834e-02
 218.5000000000    9.2980915245e-02
 219.0000000000    9.3000624826e-02
 219.5000000000    9.3020476616e-02
 220.0000000000    9.3040477281e-02
 220.5000000000    9.3060636969e-02
 221.0000000000    9.3080964496e-02
 221.5000000000    9.3101462858e-02
 222.0000000000    9.3122127760e-02
 222.5000000000    9.3142950505e-02
 223.0000000000    9.3163923905e-02
 223.5000000000    9.3185047084e-02
 224.0000000000    9.3206326022e-02
 224.5000000000    9.3227769985e-02
 225.0000000000    9.3249386676e-02
 225.5000000000    9.3271178919e-02
 226.0000000000    9.3293144857e-02
 226.5000000000    9.3315281800e-02
 227.0000000000    9.3337590252e-02
 227.5000000000    9.3360074766e-02
 228.0000000000    9.3382741417e-02
 228.5000000000    9.3405594252e-02
 229.0000000000    9.3428633070e-02
 229.5000000000    9.3451854311e-02
 230.0000000000    9.3475254670e-02
 230.5000000000    9.3498834556e-02
 231.0000000000    9.3522598655e-02
 231.5000000000    9.3546553660e-02
 232.0000000000    9.3570705557e-02
 232.5000000000    9.3595058695e-02
 233.0000000000    9.3619617493e-02
 233.5000000000    9.3644389007e-02
 234.0000000000    9.3669383450e-02
 234.5000000000    9.3694611019e-02
 235.0000000000    9.3720076704e-02
 235.5000000000    9.3745776931e-02
 236.0000000000    9.3771701145e-02
 236.5000000000    9.3797837982e-02
 237.0000000000    9.3824182313e-02
 237.5000000000    9.3850738474e-02
 238.0000000000    9.3877517580e-02
 238.5000000000    9.3904531112e-02
 239.0000000000    9.3931785710e-02
 239.5000000000    9.3959283228e-02
 240.0000000000    9.3987026098e-02
 240.5000000000    9.4015023780e-02
 241.0000000000    9.4043294668e-02
 241.5000000000    9.4071860745e-02
 242.0000000000    9.4100737381e-02
 242.5000000000    9.4129924644e-02
 243.0000000000    9.4159406537e-02
 243.5000000000    9.4189159942e-02
 244.0000000000    9.4219168783e-02
 244.5000000000    9.4249435171e-02
 245.0000000000    9.4279980678e-02
 245.5000000000    9.4310836700e-02
 246.0000000000    9.4342029558e-02
 246.5000000000    9.4373569289e-02
 247.0000000000    9.4405448623e-02
 247.5000000000    9.4437652267e-02
 248.0000000000    9.4470170095e-02
 248.5000000000    9.4503005874e-02
 249.0000000000    9.4536176515e-02
 249.5000000000    9.4569703073e-02
 250.0000000000    9.4603600108e-02
 250.5000000000    9.4637870719e-02
 251.0000000000    9.4672509952e-02
 251.5000000000    9.4707513210e-02
 252.0000000000    9.4742883328e-02
 252.5000000000    9.4778631625e-02
 253.0000000000    9.4814772772e-02
 253.5000000000    9.4851317887e-02
 254.0000000000    9.4888271344e-02
 254.5000000000    9.4925633206e-02
 255.0000000000    9.4963404907e-02
 255.5000000000    9.5001593892e-02
 256.0000000000    9.5040214017e-02
 256.5000000000    9.5079281490e-02
 257.0000000000    9.5118809600e-02
 257.5000000000    9.5158806126e-02
 258.0000000000    9.5199274556e-02
 258.5000000000    9.5240217170e-02
 259.0000000000    9.5281637497e-02
 259.5000000000    9.5323541011e-02
 260.0000000000    9.5365934356e-02
 260.5000000000    9.5408824543e-02
 261.0000000000    9.5452219526e-02
 261.5000000000    9.5496130179e-02
 262.0000000000    9.5540571816e-02
 262.5000000000    9.5585563368e-02
 263.0000000000    9.5631124092e-02
 263.5000000000    9.5677269496e-02
 264.0000000000    9.5724008564e-02
 264.5000000000    9.5771343984e-02
 265.0000000000    9.5819275704e-02
 265.5000000000    9.5867806103e-02
 266.0000000000    9.5916943663e-02
 266.5000000000    9.5966703363e-02
 267.0000000000    9.6017104368e-02
 267.5000000000    9.6068166657e-02
 268.0000000000    9.6119908063e-02
 268.5000000000    9.6172342532e-02
 269.0000000000    9.6225479900e-02
 269.5000000000    9.6279326869e-02
 270.0000000000    9.6333889009e-02
 270.5000000000    9.6389173716e-02
 271.0000000000    9.6445193559e-02
 271.5000000000    9.6501968332e-02
 272.0000000000    9.6559523694e-02
 272.5000000000    9.6617886522e-02
 273.0000000000    9.6677077651e-02
 273.5000000000    9.6737105234e-02
 274.0000000000    9.6797962242e-02
 274.5000000000    9.6859630512e-02
 275.0000000000    9.6922090927e-02
 275.5000000000    9.6985335937e-02
 276.0000000000    9.7049378204e-02
 276.5000000000    9.7114249461e-02
 277.0000000000    9.7179987833e-02
 277.5000000000    9.7246618379e-02
 278.0000000000    9.7314136683e-02
 278.5000000000    9.7382505725e-02
 279.0000000000    9.7451669389e-02
 279.5000000000    9.7521575112e-02
 280.0000000000    9.7592190883e-02
 280.5000000000    9.7663504625e-02
 281.0000000000    9.7735505773e-02
 281.5000000000    9.7808161292e-02
 282.0000000000    9.7881402339e-02
 282.5000000000    9.7955129475e-02
 283.0000000000    9.8029229614e-02
 283.5000000000    9.8103588943e-02
 284.0000000000    9.8178090113e-02
 284.5000000000    9.8252595148e-02
 285.0000000000    9.8326926732e-02
 285.5000000000    9.8400860198e-02
 286.0000000000    9.8474127977e-02
 286.5000000000    9.8546427071e-02
 287.0000000000    9.8617417805e-02
 287.5000000000    9.8686710046e-02
 288.0000000000    9.8753843251e-02
 288.5000000000    9.8818269900e-02
 289.0000000000    9.8879346411e-02
 289.5000000000    9.8936327770e-02
 290.0000000000    9.8988358585e-02
 290.5000000000    9.9034455838e-02
 291.0000000000    9.9073484295e-02
 291.5000000000    9.9104128853e-02
 292.0000000000    9.9124867085e-02
 292.5000000000    9.9133942254e-02
 293.0000000000    9.9129335419e-02
 293.5000000000    9.9108734883e-02
 294.0000000000    9.9069501623e-02
 294.5000000000    9.9008630119e-02
 295.0000000000    9.8922705619e-02
 295.5000000000    9.8807860563e-02
 296.0000000000    9.8659734112e-02
 296.5000000000    9.8473438419e-02
 297.0000000000    9.8243534465e-02
 297.5000000000    9.7964019673e-02
 298.0000000000    9.7628330615e-02
 298.5000000000    9.7229366679e-02
 299.0000000000    9.6759542400e-02
 299.5000000000    9.6210876361e-02
 300.0000000000    9.5575124099e-02
 300.5000000000    9.4843961178e-02
 301.0000000000    9.4009219429e-02
 301.5000000000    9.3063173352e-02
 302.0000000000    9.1998865373e-02
 302.5000000000    9.0810449332e-02
 303.0000000000    8.9493523428e-02
 303.5000000000    8.8045417648e-02
 304.0000000000    8.6465396363e-02
 304.5000000000    8.4754735566e-02
 305.0000000000    8.2916638301e-02
 305.5000000000    8.0955963787e-02
 306.0000000000    7.8878766529e-02
 306.5000000000    7.6691670164e-02
 307.0000000000    7.4401133865e-02
 307.5000000000    7.2012702831e-02
 308.0000000000    6.9530363739e-02
 308.5000000000    6.6956146727e-02
 309.0000000000    6.4290123619e-02
 309.5000000000    6.1530941109e-02
 310.0000000000    5.8676985044e-02
 310.5000000000    5.5728181443e-02
 311.0000000000    5.2688290266e-02
 311.5000000000    4.9567347037e-02
 312.0000000000    4.6383705093e-02
 312.5000000000    4.3165017588e-02
 313.0000000000    3.9947579487e-02
 313.5000000000    3.6773779402e-02
 314.0000000000    3.3687935269e-02
 314.5000000000    3.0731326257e-02
 315.0000000000    2.7937560015e-02
 315.5000000000    2.5329371504e-02
 316.0000000000    2.2917544379e-02
 316.5000000000    2.0702027298e-02
 317.0000000000    1.8674692262e-02
 317.5000000000    1.6822757668e-02
 318.0000000000    1.5131865635e-02
 318.5000000000    1.3588185380e-02
 319.0000000000    1.2179448953e-02
 319.5000000000    1.0895182995e-02
 320.0000000000    9.7264835482e-03
 320.5000000000    8.6656068573e-03
 321.0000000000    7.7055483944e-03
 321.5000000000    6.8397049497e-03
 322.0000000000    6.0616569026e-03
 322.5000000000    5.3650629201e-03
 323.0000000000    4.7436334233e-03
 323.5000000000    4.1911470051e-03
 324.0000000000    3.7014874412e-03
 324.5000000000    3.2686932216e-03
 325.0000000000    2.8870171174e-03
 325.5000000000    2.5509912454e-03
 326.0000000000    2.2554892197e-03
 326.5000000000    1.9957760540e-03
 327.0000000000    1.7675394131e-03
 327.5000000000    1.5669003650e-03
 328.0000000000    1.3904059168e-03
 328.5000000000    1.2350079398e-03
 329.0000000000    1.0980334897e-03
 329.5000000000    9.7715057628e-04
 330.0000000000    8.7033218681e-04
 330.5000000000    7.7582044484e-04
 331.0000000000    6.9209230132e-04
 331.5000000000    6.1782791699e-04
 332.0000000000    5.5188254352e-04
 332.5000000000    4.9326217718e-04
 333.0000000000    4.4110267934e-04
 333.5000000000    3.9465175009e-04
 334.0000000000    3.5325318798e-04
 334.5000000000    3.1633315445e-04
 335.0000000000    2.8338839703e-04
 335.5000000000    2.5397640519e-04
 336.0000000000    2.2770731477e-04
 336.5000000000    2.0423715833e-04
 337.0000000000    1.8326203248e-04
 337.5000000000    1.6451291254e-04
 338.0000000000    1.4775106628e-04
 338.5000000000    1.3276415261e-04
 339.0000000000    1.1936304285e-04
 339.5000000000    1.0737924862e-04
 340.0000000000    9.6662726080e-05
 340.5000000000    8.7079846924e-05
 341.0000000000    7.8511467633e-05
 341.5000000000    7.0851167768e-05
 342.0000000000    6.4003772184e-05
 342.5000000000    5.7884189773e-05
 343.0000000000    5.2416471931e-05
 343.5000000000    4.7532936751e-05
 344.0000000000    4.3173257792e-05
 344.5000000000    3.9283535889e-05
 345.0000000000    3.5815460913e-05
 345.5000000000    3.2725659140e-05
 346.0000000000    2.9975223748e-05
 346.5000000000    2.7529328213e-05
 347.0000000000    2.5356806917e-05
 347.5000000000    2.3429664780e-05
 348.0000000000    2.1722584257e-05
 348.5000000000    2.0212540362e-05
 349.0000000000    1.8878581482e-05
 349.5000000000    1.7701727082e-05
 350.0000000000    1.6664865590e-05
 350.5000000000    1.5752564900e-05
 351.0000000000    1.4950817833e-05
 351.5000000000    1.4246802502e-05
 352.0000000000    1.3628779317e-05
 352.5000000000    1.3086105594e-05
 353.0000000000    1.2609278979e-05
 353.5000000000    1.2189895675e-05
 354.0000000000    1.1820492565e-05
 354.5000000000    1.1494349900e-05
 355.0000000000    1.1205372070e-05
 355.5000000000    1.0948090617e-05
 356.0000000000    1.0717739643e-05
 356.5000000000    1.0510273653e-05
 357.0000000000    1.0322271145e-05
 357.5000000000    1.0150754365e-05
 358.0000000000    9.9930407386e-06
 358.5000000000    9.8467116453e-06
 359.0000000000    9.7096834418e-06
 359.5000000000    9.5802794190e-06
 360.0000000000    9.4572049482e-06
 360.5000000000    9.3394167177e-06
 361.0000000000    9.2259725437e-06
 361.5000000000    9.1159669557e-06
 362.0000000000    9.0085840751e-06
 362.5000000000    8.9032003677e-06
 363.0000000000    8.7994302551e-06
 363.5000000000    8.6970610582e-06
 364.0000000000    8.5959218227e-06
 364.5000000000    8.4957884783e-06
 365.0000000000    8.3963960257e-06
 365.5000000000    8.2975365978e-06
 366.0000000000    8.1991499427e-06
 366.5000000000    8.1013222885e-06
 367.0000000000    8.0041897430e-06
 367.5000000000    7.9078245782e-06
 368.0000000000    7.8121961911e-06
 368.5000000000    7.7172331170e-06
 369.0000000000    7.6229266237e-06
 369.5000000000    7.5293826364e-06
 370.0000000000    7.4367750194e-06
 370.5000000000    7.3452387425e-06
 371.0000000000    7.2547917500e-06
 371.5000000000    7.1653494368e-06
 372.0000000000    7.0768152540e-06
 372.5000000000    6.9891755029e-06
 373.0000000000    6.9025048731e-06
 373.5000000000    6.8168996263e-06
 374.0000000000    6.7323832699e-06
 374.5000000000    6.6488731553e-06
 375.0000000000    6.5662358687e-06
 375.5000000000    6.4843851826e-06
 376.0000000000    6.4033410328e-06
 376.5000000000    6.3232014767e-06
 377.0000000000    6.2440530744e-06
 377.5000000000    6.1658956780e-06
 378.0000000000    6.0886440878e-06
 378.5000000000    6.0122037636e-06
 379.0000000000    5.9365543071e-06
 379.5000000000    5.8617694172e-06
 380.0000000000    5.7879564458e-06
 380.5000000000    5.7151654749e-06
 381.0000000000    5.6433551083e-06
 381.5000000000    5.5724222295e-06
 382.0000000000    5.5022979402e-06
 382.5000000000    5.4330068032e-06
 383.0000000000    5.3646493684e-06
 383.5000000000    5.2973225975e-06
 384.0000000000    5.2310465605e-06
 384.5000000000    5.1657589809e-06
 385.0000000000    5.1013807404e-06
 385.5000000000    5.0378947547e-06
 386.0000000000    4.9753699483e-06
 386.5000000000    4.9139102416e-06
 387.0000000000    4.8535726031e-06
 387.5000000000    4.7943239973e-06
 388.0000000000    4.7360733277e-06
 388.5000000000    4.6787504070e-06
 389.0000000000    4.6223644233e-06
 389.5000000000    4.5669929056e-06
 390.0000000000    4.5127124562e-06
 390.5000000000    4.4595315807e-06
 391.0000000000    4.4073826118e-06
 391.5000000000    4.3561783972e-06
 392.0000000000    4.3058841030e-06
 392.5000000000    4.2565424397e-06
 393.0000000000    4.2082317742e-06
 393.5000000000    4.1609941583e-06
 394.0000000000    4.1147948772e-06
 394.5000000000    4.0695471230e-06
 395.0000000000    4.0251794416e-06
 395.5000000000    3.9816879918e-06
 396.0000000000    3.9391295721e-06
 396.5000000000    3.8975629480e-06
 397.0000000000    3.8569894438e-06
 397.5000000000    3.8173428174e-06
 398.0000000000    3.7785357378e-06
 398.5000000000    3.7405220633e-06
 399.0000000000    3.7033219560e-06
 399.5000000000    3.6669895814e-06
 400.0000000000    3.6315522622e-06
 400.5000000000    3.5969732813e-06
 401.0000000000    3.5631692938e-06
 401.5000000000    3.5300663733e-06
 402.0000000000    3.4976466085e-06
 402.5000000000    3.4659463233e-06
 403.0000000000    3.4350086651e-06
 403.5000000000    3.4048313926e-06
 404.0000000000    3.3753542537e-06
 404.5000000000    3.3464955302e-06
 405.0000000000    3.3182057214e-06
 405.5000000000    3.2904928506e-06
 406.0000000000    3.2633987777e-06
 406.5000000000    3.2369475876e-06
 407.0000000000    3.2111102862e-06
 407.5000000000    3.1858153715e-06
 408.0000000000    3.1609953828e-06
 408.5000000000    3.1366293033e-06
 409.0000000000    3.1127451193e-06
 409.5000000000    3.0893813015e-06
 410.0000000000    3.0665405997e-06
 410.5000000000    3.0441752859e-06
 411.0000000000    3.0222156655e-06
 411.5000000000    3.0006168661e-06
 412.0000000000    2.9793839453e-06
 412.5000000000    2.9585546094e-06
 413.0000000000    2.9381551237e-06
 413.5000000000    2.9181672156e-06
 414.0000000000    2.8985337578e-06
 414.5000000000    2.8791976574e-06
 415.0000000000    2.8601403095e-06
 415.5000000000    2.8413870969e-06
 416.0000000000    2.8229759568e-06
 416.5000000000    2.8049164955e-06
 417.0000000000    2.7871743662e-06
 417.5000000000    2.7696935793e-06
 418.0000000000    2.7524370429e-06
 418.5000000000    2.7354105547e-06
 419.0000000000    2.7186502953e-06
 419.5000000000    2.7021853192e-06
 420.0000000000    2.6860073606e-06
 420.5000000000    2.6700732607e-06
 421.0000000000    2.6543371689e-06
 421.5000000000    2.6387846170e-06
 422.0000000000    2.6234416154e-06
 422.5000000000    2.6083411769e-06
 423.0000000000    2.5935001479e-06
 423.5000000000    2.5788955635e-06
 424.0000000000    2.5644836833e-06
 424.5000000000    2.5502342817e-06
 425.0000000000    2.5361528373e-06
 425.5000000000    2.5222721265e-06
 426.0000000000    2.5086211016e-06
 426.5000000000    2.4951978698e-06
 427.0000000000    2.4819694103e-06
 427.5000000000    2.4688975379e-06
 428.0000000000    2.4559685571e-06
 428.5000000000    2.4432015209e-06
 429.0000000000    2.4306286740e-06
 429.5000000000    2.4182653036e-06
 430.0000000000    2.4060946382e-06
 430.5000000000    2.3940801349e-06
 431.0000000000    2.3821940945e-06
 431.5000000000    2.3704381127e-06
 432.0000000000    2.3588383820e-06
 432.5000000000    2.3474050131e-06
 433.0000000000    2.3361697205e-06
 433.5000000000    2.3250909508e-06
 434.0000000000    2.3141356210e-06
 434.5000000000    2.3032894598e-06
 435.0000000000    2.2925661855e-06
 435.5000000000    2.2819929554e-06
 436.0000000000    2.2715849183e-06
 436.5000000000    2.2613305265e-06
 437.0000000000    2.2511996738e-06
 437.5000000000    2.2411672099e-06
 438.0000000000    2.2312316794e-06
 438.5000000000    2.2214136369e-06
 439.0000000000    2.2117355601e-06
 439.5000000000    2.2022007085e-06
 440.0000000000    2.1927886828e-06
 440.5000000000    2.1834710202e-06
 441.0000000000    2.1742332057e-06
 441.5000000000    2.1650844156e-06
 442.0000000000    2.1560471650e-06
 442.5000000000    2.1471360915e-06
 443.0000000000    2.1383439648e-06
 443.5000000000    2.1296465003e-06
 444.0000000000    2.1210214293e-06
 444.5000000000    2.1124654087e-06
 445.0000000000    2.1039936657e-06
 445.5000000000    2.0956282005e-06
 446.0000000000    2.0873734957e-06
 446.5000000000    2.0792148598e-06
 447.0000000000    2.0711290282e-06
 447.5000000000    2.0631027203e-06
 448.0000000000    2.0551423862e-06
 448.5000000000    2.0472672473e-06
 449.0000000000    2.0394919479e-06
 449.5000000000    2.0318136586e-06
 450.0000000000    2.0242142975e-06
 450.5000000000    2.0166754404e-06
 451.0000000000    2.0091932194e-06
 451.5000000000    2.0017805063e-06
 452.0000000000    1.9944551110e-06
 452.5000000000    1.9872241771e-06
 453.0000000000    1.9800780259e-06
 453.5000000000    1.9729981018e-06
 454.0000000000    1.9659721570e-06
 454.5000000000    1.9590035892e-06
 455.0000000000    1.9521074275e-06
 455.5000000000    1.9452967533e-06
 456.0000000000    1.9385710914e-06
 456.5000000000    1.9319166077e-06
 457.0000000000    1.9253173106e-06
 457.5000000000    1.9187677821e-06
 458.0000000000    1.9122766843e-06
 458.5000000000    1.9058584144e-06
 459.0000000000    1.8995203495e-06
 459.5000000000    1.8932563765e-06
 460.0000000000    1.8870518318e-06
 460.5000000000    1.8808954850e-06
 461.0000000000    1.8747882046e-06
 461.5000000000    1.8687412932e-06
 462.0000000000    1.8627662735e-06
 462.5000000000    1.8568647856e-06
 463.0000000000    1.8510270421e-06
 463.5000000000    1.8452398684e-06
 464.0000000000    1.8394972869e-06
 464.5000000000    1.8338049520e-06
 465.0000000000    1.8281740468e-06
 465.5000000000    1.8226121763e-06
 466.0000000000    1.8171162696e-06
 466.5000000000    1.8116753106e-06
 467.0000000000    1.8062793387e-06
 467.5000000000    1.8009271939e-06
 468.0000000000    1.7956266658e-06
 468.5000000000    1.7903872248e-06
 469.0000000000    1.7852267157e-06
 469.5000000000    1.7801082640e-06
 470.0000000000    1.7750365883e-06
 470.5000000000    1.7699900152e-06
 471.0000000000    1.7650006162e-06
 471.5000000000    1.7600610440e-06
 472.0000000000    1.7551784351e-06
 472.5000000000    1.7503512961e-06
 473.0000000000    1.7455717367e-06
 473.5000000000    1.7408308825e-06
 474.0000000000    1.7361257565e-06
 474.5000000000    1.7314609467e-06
 475.0000000000    1.7268440522e-06
 475.5000000000    1.7222788869e-06
 476.0000000000    1.7177621141e-06
 476.5000000000    1.7132859193e-06
 477.0000000000    1.7088442679e-06
 477.5000000000    1.7044374720e-06
 478.0000000000    1.7000714119e-06
 478.5000000000    1.6957522813e-06
 479.0000000000    1.6914813308e-06
 479.5000000000    1.6872537474e-06
 480.0000000000    1.6830629929e-06
 480.5000000000    1.6789054125e-06
 481.0000000000    1.6747832063e-06
 481.5000000000    1.6707021730e-06
 482.0000000000    1.6666663336e-06
 482.5000000000    1.6626750431e-06
 483.0000000000    1.6587231216e-06
 483.5000000000    1.6548050679e-06
 484.0000000000    1.6509192280e-06
 484.5000000000    1.6470686928e-06
 485.0000000000    1.6432584507e-06
 485.5000000000    1.6394910320e-06
 486.0000000000    1.6357642994e-06
 486.5000000000    1.6320730681e-06
 487.0000000000    1.6284130780e-06
 487.5000000000    1.6247840867e-06
 488.0000000000    1.6211896396e-06
 488.5000000000    1.6176338194e-06
 489.0000000000    1.6141176837e-06
 489.5000000000    1.6106382394e-06
 490.0000000000    1.6071906778e-06
 490.5000000000    1.6037719736e-06
 491.0000000000    1.6003829070e-06
 491.5000000000    1.5970270147e-06
 492.0000000000    1.5937074214e-06
 492.5000000000    1.5904240866e-06
 493.0000000000    1.5871735918e-06
 493.5000000000    1.5839515600e-06
 494.0000000000    1.5807557798e-06
 494.5000000000    1.5775875773e-06
 495.0000000000    1.5744503785e-06
 495.5000000000    1.5713467129e-06
 496.0000000000    1.5682759456e-06
 496.5000000000    1.5652345211e-06
 497.0000000000    1.5622185085e-06
 497.5000000000    1.5592265842e-06
 498.0000000000    1.5562609819e-06
 498.5000000000    1.5533255659e-06
 499.0000000000    1.5504225855e-06
 499.5000000000    1.5475506797e-06
 500.0000000000    1.5447058109e-06
 500.5000000000    1.5418843636e-06
 501.0000000000    1.5390859353e-06
 501.5000000000    1.5363135539e-06
 502.0000000000    1.5335710933e-06
 502.5000000000    1.5308599574e-06
 503.0000000000    1.5281777323e-06
 503.5000000000    1.5255317131e-06
 504.0000000000    1.5228953504e-06
 504.5000000000    1.5202812915e-06
 505.0000000000    1.5176926441e-06
 505.5000000000    1.5151329811e-06
 506.0000000000    1.5126022408e-06
 506.5000000000    1.5100847448e-06
 507.0000000000    1.5075989731e-06
 507.5000000000    1.5051304777e-06
 508.0000000000    1.5026807100e-06
 508.5000000000    1.5002538505e-06
 509.0000000000    1.4978522217e-06
 509.5000000000    1.4954750968e-06
 510.0000000000    1.4931182160e-06
 510.5000000000    1.4907773691e-06
 511.0000000000    1.4884518906e-06
 511.5000000000    1.4861453915e-06
 512.0000000000    1.4838629788e-06
 512.5000000000    1.4816071295e-06
 513.0000000000    1.4793755904e-06
 513.5000000000    1.4771631161e-06
 514.0000000000    1.4749656636e-06
 514.5000000000    1.4727838243e-06
 515.0000000000    1.4706220639e-06
 515.5000000000    1.4684849584e-06
 516.0000000000    1.4663730481e-06
 516.5000000000    1.4642821185e-06
 517.0000000000    1.4622063599e-06
 517.5000000000    1.4601433200e-06
 518.0000000000    1.4580958097e-06
 518.5000000000    1.4560695899e-06
 519.0000000000    1.4540684986e-06
 519.5000000000    1.4520910962e-06
 520.0000000000    1.4501317106e-06
 520.5000000000    1.4481850928e-06
 521.0000000000    1.4462507039e-06
 521.5000000000    1.4443331056e-06
 522.0000000000    1.4424380135e-06
 522.5000000000    1.4405673488e-06
 523.0000000000    1.4387174255e-06
 523.5000000000    1.4368818065e-06
 524.0000000000    1.4350565315e-06
 524.5000000000    1.4332433651e-06
 525.0000000000    1.4314482214e-06
 525.5000000000    1.4296761184e-06
 526.0000000000    1.4279268039e-06
 526.5000000000    1.4261947542e-06
 527.0000000000    1.4244736344e-06
 527.5000000000    1.4227615120e-06
 528.0000000000    1.4210624570e-06
 528.5000000000    1.4193831050e-06
 529.0000000000    1.4177370336e-06
 529.5000000000    1.4161013924e-06
 530.0000000000    1.4144793646e-06
 530.5000000000    1.4128656875e-06
 531.0000000000    1.4112611437e-06
 531.5000000000    1.4096719723e-06
 532.0000000000    1.4081046724e-06
 532.5000000000    1.4065507256e-06
 533.0000000000    1.4050247738e-06
 533.5000000000    1.4035098942e-06
 534.0000000000    1.4020030588e-06
 534.5000000000    1.4005080351e-06
 535.0000000000    1.3990197149e-06
 535.5000000000    1.3975721648e-06
 536.0000000000    1.3961495043e-06
 536.5000000000    1.3947377761e-06
 537.0000000000    1.3933324614e-06
 537.5000000000    1.3919353621e-06
 538.0000000000    1.3905522890e-06
 538.5000000000    1.3891901377e-06
 539.0000000000    1.3878507446e-06
 539.5000000000    1.3865290131e-06
 540.0000000000    1.3852169200e-06
 540.5000000000    1.3839100330e-06
 541.0000000000    1.3826110255e-06
 541.5000000000    1.3813272177e-06
 542.0000000000    1.3800641971e-06
 542.5000000000    1.3788208624e-06
 543.0000000000    1.3775900433e-06
 543.5000000000    1.3763641971e-06
 544.0000000000    1.3751414173e-06
 544.5000000000    1.3739267073e-06
 545.0000000000    1.3727273932e-06
 545.5000000000    1.3715465908e-06
 546.0000000000    1.3703802623e-06
 546.5000000000    1.3692204636e-06
 547.0000000000    1.3680621629e-06
 547.5000000000    1.3669078753e-06
 548.0000000000    1.3657661279e-06
 548.5000000000    1.3646449345e-06
 549.0000000000    1.3635456774e-06
 549.5000000000    1.3624625654e-06
 550.0000000000    1.3613881167e-06
 550.5000000000    1.3603199544e-06
 551.0000000000    1.3592630573e-06
 551.5000000000    1.3582254554e-06
 552.0000000000    1.3572110725e-06
 552.5000000000    1.3562158260e-06
 553.0000000000    1.3552304974e-06
 553.5000000000    1.3542480244e-06
 554.0000000000    1.3532776943e-06
 554.5000000000    1.3523095521e-06
 555.0000000000    1.3513598691e-06
 555.5000000000    1.3504299323e-06
 556.0000000000    1.3495135198e-06
 556.5000000000    1.3486022158e-06
 557.0000000000    1.3476840755e-06
 557.5000000000    1.3467805277e-06
 558.0000000000    1.3458915622e-06
 558.5000000000    1.3450223415e-06
 559.0000000000    1.3441680223e-06
 559.5000000000    1.3433154733e-06
 560.0000000000    1.3424727331e-06
 560.5000000000    1.3416416910e-06
 561.0000000000    1.3408079388e-06
 561.5000000000    1.3399902436e-06
 562.0000000000    1.3391907440e-06
 562.5000000000    1.3384037982e-06
 563.0000000000    1.3376207122e-06
 563.5000000000    1.3368370188e-06
 564.0000000000    1.3360562788e-06
 564.5000000000    1.3352870348e-06
 565.0000000000    1.3345355612e-06
 565.5000000000    1.3338005776e-06
 566.0000000000    1.3330742846e-06
 566.5000000000    1.3323490010e-06
 567.0000000000    1.3316166673e-06
 567.5000000000    1.3308979252e-06
 568.0000000000    1.3302013386e-06
 568.5000000000    1.3295162604e-06
 569.0000000000    1.3288450647e-06
 569.5000000000    1.3281789659e-06
 570.0000000000    1.3275124351e-06
 570.5000000000    1.3268479759e-06
 571.0000000000    1.3261938542e-06
 571.5000000000    1.3255571110e-06
 572.0000000000    1.3249374621e-06
 572.5000000000    1.3243274086e-06
 573.0000000000    1.3237185005e-06
 573.5000000000    1.3231083620e-06
 574.0000000000    1.3225026950e-06
 574.5000000000    1.3219102930e-06
 575.0000000000    1.3213355274e-06
 575.5000000000    1.3207745668e-06
 576.0000000000    1.3202185736e-06
 576.5000000000    1.3196611689e-06
 577.0000000000    1.3191038550e-06
 577.5000000000    1.3185547272e-06
 578.0000000000    1.3180215768e-06
 578.5000000000    1.3175052765e-06
 579.0000000000    1.3169990027e-06
 579.5000000000    1.3164940282e-06
 580.0000000000    1.3159871710e-06
 580.5000000000    1.3154835256e-06
 581.0000000000    1.3149920746e-06
 581.5000000000    1.3145180624e-06
 582.0000000000    1.3140585390e-06
 582.5000000000    1.3136049256e-06
 583.0000000000    1.3131503195e-06
 583.5000000000    1.3126952857e-06
 584.0000000000    1.3122473142e-06
 584.5000000000    1.3118144493e-06
 585.0000000000    1.3113984197e-06
 585.5000000000    1.3109931800e-06
 586.0000000000    1.3105900380e-06
 586.5000000000    1.3101849445e-06
 587.0000000000    1.3097818620e-06
 587.5000000000    1.3093893368e-06
 588.0000000000    1.3090131659e-06
 588.5000000000    1.3086514646e-06
 589.0000000000    1.3082962402e-06
 589.5000000000    1.3079400949e-06
 590.0000000000    1.3075824332e-06
 590.5000000000    1.3072298736e-06
 591.0000000000    1.3068906391e-06
 591.5000000000    1.3065675509e-06
 592.0000000000    1.3062556318e-06
 592.5000000000    1.3059463055e-06
 593.0000000000    1.3056346450e-06
 593.5000000000    1.3053235290e-06
 594.0000000000    1.3050211509e-06
 594.5000000000    1.3047340730e-06
 595.0000000000    1.3044616479e-06
 595.5000000000    1.3041966020e-06
 596.0000000000    1.3039311640e-06
 596.5000000000    1.3036636205e-06
 597.0000000000    1.3033998216e-06
 597.5000000000    1.3031481468e-06
 598.0000000000    1.3029123801e-06
 598.5000000000    1.3026885037e-06
 599.0000000000    1.3024681142e-06
 599.5000000000    1.3022455395e-06
 600.0000000000    1.3020225642e-06
 600.5000000000    1.3018068932e-06
 601.0000000000    1.3016055642e-06
 601.5000000000    1.3014189035e-06
 602.0000000000    1.3012402243e-06
 602.5000000000    1.3010615082e-06
 603.0000000000    1.3008801730e-06
 603.5000000000    1.3007011962e-06
 604.0000000000    1.3005328350e-06
 604.5000000000    1.3003796117e-06
 605.0000000000    1.3002384847e-06
 605.5000000000    1.3001015087e-06
 606.0000000000    1.2999626214e-06
 606.5000000000    1.2998227913e-06
 607.0000000000    1.2996891356e-06
 607.5000000000    1.2995600735e-06
 608.0000000000    1.2994634659e-06
 608.5000000000    1.2993581636e-06
 609.0000000000    1.2992628261e-06
 609.5000000000    1.2991740205e-06
 610.0000000000    1.2990692199e-06
 610.5000000000    1.2989825710e-06
 611.0000000000    1.2989101604e-06
 611.5000000000    1.2988498336e-06
 612.0000000000    1.2987941197e-06
 612.5000000000    1.2987364206e-06
 613.0000000000    1.2986764187e-06
 613.5000000000    1.2986201798e-06
 614.0000000000    1.2985748707e-06
 614.5000000000    1.2985426153e-06
 615.0000000000    1.2985186776e-06
 615.5000000000    1.2984954586e-06
 616.0000000000    1.2984689334e-06
 616.5000000000    1.2984420337e-06
 617.0000000000    1.2984221778e-06
 617.5000000000    1.2984150255e-06
 618.0000000000    1.2984197567e-06
 618.5000000000    1.2984298363e-06
 619.0000000000    1.2984386114e-06
 619.5000000000    1.2984449515e-06
 620.0000000000    1.2984541620e-06
 620.5000000000    1.2984734534e-06
 621.0000000000    1.2985057700e-06
 621.5000000000    1.2985472981e-06
 622.0000000000    1.2985907147e-06
 622.5000000000    1.2986313809e-06
 623.0000000000    1.2986712350e-06
 623.5000000000    1.2987171139e-06
 624.0000000000    1.2987749605e-06
 624.5000000000    1.2988448797e-06
 625.0000000000    1.2989212002e-06
 625.5000000000    1.2989974161e-06
 626.0000000000    1.2990717854e-06
 626.5000000000    1.2991488513e-06
 627.0000000000    1.2992355929e-06
 627.5000000000    1.2993355703e-06
 628.0000000000    1.2994459747e-06
 628.5000000000    1.2995600484e-06
 629.0000000000    1.2996727544e-06
 629.5000000000    1.2997849024e-06
 630.0000000000    1.2999022606e-06
 630.5000000000    1.3000305141e-06
 631.0000000000    1.3001703426e-06
 631.5000000000    1.3003167468e-06
 632.0000000000    1.3004631751e-06
 632.5000000000    1.3006069011e-06
 633.0000000000    1.3007511397e-06
 633.5000000000    1.3009021719e-06
 634.0000000000    1.3010639352e-06
 634.5000000000    1.3012346628e-06
 635.0000000000    1.3014083683e-06
 635.5000000000    1.3015798668e-06
 636.0000000000    1.3017490785e-06
 636.5000000000    1.3019210268e-06
 637.0000000000    1.3021015432e-06
 637.5000000000    1.3022923362e-06
 638.0000000000    1.3024895483e-06
 638.5000000000    1.3026870785e-06
 639.0000000000    1.3028816769e-06
 639.5000000000    1.3030756465e-06
 640.0000000000    1.3032748265e-06
 640.5000000000    1.3034835871e-06
 641.0000000000    1.3037011533e-06
 641.5000000000    1.3039223020e-06
 642.0000000000    1.3041418152e-06
 642.5000000000    1.3043589089e-06
 643.0000000000    1.3045778134e-06
 643.5000000000    1.3048042927e-06
 644.0000000000    1.3050407498e-06
 644.5000000000    1.3052843958e-06
 645.0000000000    1.3055297882e-06
 645.5000000000    1.3057734935e-06
 646.0000000000    1.3060170969e-06
 646.5000000000    1.3062658260e-06
 647.0000000000    1.3065241722e-06
 647.5000000000    1.3067921946e-06
 648.0000000000    1.3070655481e-06
 648.5000000000    1.3073391647e-06
 649.0000000000    1.3076114450e-06
 649.5000000000    1.3078854075e-06
 650.0000000000    1.3081659278e-06
 650.5000000000    1.3084554600e-06
 651.0000000000    1.3087518517e-06
 651.5000000000    1.3090500105e-06
 652.0000000000    1.3093459877e-06
 652.5000000000    1.3096400420e-06
 653.0000000000    1.3099361533e-06
 653.5000000000    1.3102385086e-06
 654.0000000000    1.3105479066e-06
 654.5000000000    1.3108610968e-06
 655.0000000000    1.3111735356e-06
 655.5000000000    1.3114832108e-06
 656.0000000000    1.3117923581e-06
 656.5000000000    1.3121056516e-06
 657.0000000000    1.3124264330e-06
 657.5000000000    1.3127541198e-06
 658.0000000000    1.3130849379e-06
 658.5000000000    1.3134153111e-06
 659.0000000000    1.3137450378e-06
 659.5000000000    1.3140775977e-06
 660.0000000000    1.3144173829e-06
 660.5000000000    1.3147662047e-06
 661.0000000000    1.3151219727e-06
 661.5000000000    1.3154806372e-06
 662.0000000000    1.3158397077e-06
 662.5000000000    1.3162003620e-06
 663.0000000000    1.3165664289e-06
 663.5000000000    1.3169411092e-06
 664.0000000000    1.3173242560e-06
 664.5000000000    1.3177124072e-06
 665.0000000000    1.3181015215e-06
 665.5000000000    1.3184900873e-06
 666.0000000000    1.3188799977e-06
 666.5000000000    1.3192745514e-06
 667.0000000000    1.3196753260e-06
 667.5000000000    1.3200805625e-06
 668.0000000000    1.3204863819e-06
 668.5000000000    1.3208897760e-06
 669.0000000000    1.3212908602e-06
 669.5000000000    1.3216925707e-06
 670.0000000000    1.3220981412e-06
 670.5000000000    1.3225085020e-06
 671.0000000000    1.3229217246e-06
 671.5000000000    1.3233348776e-06
 672.0000000000    1.3237466741e-06
 672.5000000000    1.3241587030e-06
 673.0000000000    1.3245742689e-06
 673.5000000000    1.3249958468e-06
 674.0000000000    1.3254232386e-06
 674.5000000000    1.3258538857e-06
 675.0000000000    1.3262850018e-06
 675.5000000000    1.3267157544e-06
 676.0000000000    1.3271477522e-06
 676.5000000000    1.3275835099e-06
 677.0000000000    1.3280242053e-06
 677.5000000000    1.3284685521e-06
 678.0000000000    1.3289136723e-06
 678.5000000000    1.3293572247e-06
 679.0000000000    1.3297990539e-06
 679.5000000000    1.3302410663e-06
 680.0000000000    1.3306854807e-06
 680.5000000000    1.3311328676e-06
 681.0000000000    1.3315815119e-06
 681.5000000000    1.3320285814e-06
 682.0000000000    1.3324721145e-06
 682.5000000000    1.3329122507e-06
 683.0000000000    1.3333507424e-06
 683.5000000000    1.3337891455e-06
 684.0000000000    1.3342271393e-06
 684.5000000000    1.3346631534e-06
 685.0000000000    1.3350924752e-06
 685.5000000000    1.3355142407e-06
 686.0000000000    1.3359290589e-06
 686.5000000000    1.3363390277e-06
 687.0000000000    1.3367458043e-06
 687.5000000000    1.3371491079e-06
 688.0000000000    1.3375468751e-06
 688.5000000000    1.3379370042e-06
 689.0000000000    1.3383192792e-06
 689.5000000000    1.3386959158e-06
 690.0000000000    1.3390694223e-06
 690.5000000000    1.3394436198e-06
 691.0000000000    1.3398176279e-06
 691.5000000000    1.3401896856e-06
 692.0000000000    1.3405584058e-06
 692.5000000000    1.3409245345e-06
 693.0000000000    1.3412909549e-06
 693.5000000000    1.3416608767e-06
 694.0000000000    1.3420356679e-06
 694.5000000000    1.3424141032e-06
 695.0000000000    1.3427936674e-06
 695.5000000000    1.3431728742e-06
 696.0000000000    1.3435527370e-06
 696.5000000000    1.3439361658e-06
 697.0000000000    1.3443257596e-06
 697.5000000000    1.3447217859e-06
 698.0000000000    1.3451220122e-06
 698.5000000000    1.3455235814e-06
 699.0000000000    1.3459254118e-06
 699.5000000000    1.3463291655e-06
 700.0000000000    1.3467379286e-06
