#          time             Min_Chi
   0.0000000000    5.6054317689e-01
   0.5000000000    5.6041572747e-01
   1.0000000000    5.6014391636e-01
   1.5000000000    5.5984246988e-01
   2.0000000000    5.5956791852e-01
   2.5000000000    5.5934036415e-01
   3.0000000000    5.5914201436e-01
   3.5000000000    5.5894782651e-01
   4.0000000000    5.5876506754e-01
   4.5000000000    5.5856979656e-01
   5.0000000000    5.5837844594e-01
   5.5000000000    5.5817761224e-01
   6.0000000000    5.5797602335e-01
   6.5000000000    5.5776977824e-01
   7.0000000000    5.5755958071e-01
   7.5000000000    5.5734912042e-01
   8.0000000000    5.5713186080e-01
   8.5000000000    5.5691814122e-01
   9.0000000000    5.5669525124e-01
   9.5000000000    5.5647933928e-01
  10.0000000000    5.5625243387e-01
  10.5000000000    5.5603543094e-01
  11.0000000000    5.5580590020e-01
  11.5000000000    5.5558767203e-01
  12.0000000000    5.5535760794e-01
  12.5000000000    5.5513919582e-01
  13.0000000000    5.5490952565e-01
  13.5000000000    5.5469155864e-01
  14.0000000000    5.5446369340e-01
  14.5000000000    5.5424721466e-01
  15.0000000000    5.5402135396e-01
  15.5000000000    5.5380696991e-01
  16.0000000000    5.5358373068e-01
  16.5000000000    5.5337084544e-01
  17.0000000000    5.5315149116e-01
  17.5000000000    5.5294420910e-01
  18.0000000000    5.5272739358e-01
  18.5000000000    5.5252366019e-01
  19.0000000000    5.5231016221e-01
  19.5000000000    5.5211106740e-01
  20.0000000000    5.5190124601e-01
  20.5000000000    5.5170657080e-01
  21.0000000000    5.5150117817e-01
  21.5000000000    5.5131050062e-01
  22.0000000000    5.5111011252e-01
  22.5000000000    5.5092259091e-01
  23.0000000000    5.5073011982e-01
  23.5000000000    5.5054642127e-01
  24.0000000000    5.5035775454e-01
  24.5000000000    5.5017982231e-01
  25.0000000000    5.4999674520e-01
  25.5000000000    5.4982272370e-01
  26.0000000000    5.4964548160e-01
  26.5000000000    5.4947590569e-01
  27.0000000000    5.4930448742e-01
  27.5000000000    5.4913934252e-01
  28.0000000000    5.4897396279e-01
  28.5000000000    5.4881311738e-01
  29.0000000000    5.4865367094e-01
  29.5000000000    5.4849703875e-01
  30.0000000000    5.4834351181e-01
  30.5000000000    5.4819089981e-01
  31.0000000000    5.4804228222e-01
  31.5000000000    5.4789453653e-01
  32.0000000000    5.4775400608e-01
  32.5000000000    5.4761014107e-01
  33.0000000000    5.4747275445e-01
  33.5000000000    5.4733347014e-01
  34.0000000000    5.4720293083e-01
  34.5000000000    5.4706695029e-01
  35.0000000000    5.4694167797e-01
  35.5000000000    5.4681018218e-01
  36.0000000000    5.4668993747e-01
  36.5000000000    5.4656239953e-01
  37.0000000000    5.4644719862e-01
  37.5000000000    5.4632360662e-01
  38.0000000000    5.4621352304e-01
  38.5000000000    5.4609381118e-01
  39.0000000000    5.4598844021e-01
  39.5000000000    5.4587252415e-01
  40.0000000000    5.4577176647e-01
  40.5000000000    5.4565949969e-01
  41.0000000000    5.4556255526e-01
  41.5000000000    5.4545477373e-01
  42.0000000000    5.4536146907e-01
  42.5000000000    5.4525793115e-01
  43.0000000000    5.4516831824e-01
  43.5000000000    5.4506867971e-01
  44.0000000000    5.4498261694e-01
  44.5000000000    5.4488705851e-01
  45.0000000000    5.4480475865e-01
  45.5000000000    5.4471260405e-01
  46.0000000000    5.4463355581e-01
  46.5000000000    5.4454500751e-01
  47.0000000000    5.4446964934e-01
  47.5000000000    5.4438432032e-01
  48.0000000000    5.4431222978e-01
  48.5000000000    5.4422996285e-01
  49.0000000000    5.4416142604e-01
  49.5000000000    5.4408218755e-01
  50.0000000000    5.4401702163e-01
  50.5000000000    5.4394040858e-01
  51.0000000000    5.4387838758e-01
  51.5000000000    5.4380440170e-01
  52.0000000000    5.4374485304e-01
  52.5000000000    5.4367417186e-01
  53.0000000000    5.4361662325e-01
  53.5000000000    5.4354875366e-01
  54.0000000000    5.4349253900e-01
  54.5000000000    5.4342674448e-01
  55.0000000000    5.4337030954e-01
  55.5000000000    5.4330406216e-01
  56.0000000000    5.4324250849e-01
  56.5000000000    5.4316926678e-01
  57.0000000000    5.4309434647e-01
  57.5000000000    5.4300853702e-01
  58.0000000000    5.4292277701e-01
  58.5000000000    5.4283923376e-01
  59.0000000000    5.4276874304e-01
  59.5000000000    5.4271008505e-01
  60.0000000000    5.4266372689e-01
  60.5000000000    5.4262241733e-01
  61.0000000000    5.4258430018e-01
  61.5000000000    5.4254831064e-01
  62.0000000000    5.4251102232e-01
  62.5000000000    5.4247658037e-01
  63.0000000000    5.4243680099e-01
  63.5000000000    5.4240211422e-01
  64.0000000000    5.4236189682e-01
  64.5000000000    5.4233087542e-01
  65.0000000000    5.4229134212e-01
  65.5000000000    5.4226233258e-01
  66.0000000000    5.4222259203e-01
  66.5000000000    5.4219549035e-01
  67.0000000000    5.4215690476e-01
  67.5000000000    5.4212959694e-01
  68.0000000000    5.4209377160e-01
  68.5000000000    5.4206663099e-01
  69.0000000000    5.4203371101e-01
  69.5000000000    5.4200648299e-01
  70.0000000000    5.4197678204e-01
  70.5000000000    5.4194946287e-01
  71.0000000000    5.4192294326e-01
  71.5000000000    5.4189522155e-01
  72.0000000000    5.4187175775e-01
  72.5000000000    5.4184371347e-01
  73.0000000000    5.4182361044e-01
  73.5000000000    5.4179510982e-01
  74.0000000000    5.4177854127e-01
  74.5000000000    5.4174938562e-01
  75.0000000000    5.4173228662e-01
  75.5000000000    5.4170634274e-01
  76.0000000000    5.4168841542e-01
  76.5000000000    5.4166600642e-01
  77.0000000000    5.4164710410e-01
  77.5000000000    5.4162815563e-01
  78.0000000000    5.4160854095e-01
  78.5000000000    5.4159341046e-01
  79.0000000000    5.4157259882e-01
  79.5000000000    5.4156105445e-01
  80.0000000000    5.4153879204e-01
  80.5000000000    5.4152791273e-01
  81.0000000000    5.4150730562e-01
  81.5000000000    5.4149540458e-01
  82.0000000000    5.4147969765e-01
  82.5000000000    5.4146682788e-01
  83.0000000000    5.4145405234e-01
  83.5000000000    5.4143804248e-01
  84.0000000000    5.4142920997e-01
  84.5000000000    5.4141255635e-01
  85.0000000000    5.4140705905e-01
  85.5000000000    5.4139004802e-01
  86.0000000000    5.4138244359e-01
  86.5000000000    5.4136983836e-01
  87.0000000000    5.4136013321e-01
  87.5000000000    5.4135165588e-01
  88.0000000000    5.4134015489e-01
  88.5000000000    5.4133628060e-01
  89.0000000000    5.4132245900e-01
  89.5000000000    5.4131927578e-01
  90.0000000000    5.4130705781e-01
  90.5000000000    5.4130156913e-01
  91.0000000000    5.4129422136e-01
  91.5000000000    5.4128631845e-01
  92.0000000000    5.4128369750e-01
  92.5000000000    5.4127339491e-01
  93.0000000000    5.4127326986e-01
  93.5000000000    5.4126272277e-01
  94.0000000000    5.4125994624e-01
  94.5000000000    5.4125463560e-01
  95.0000000000    5.4124917630e-01
  95.5000000000    5.4124902172e-01
  96.0000000000    5.4124077147e-01
  96.5000000000    5.4124233632e-01
  97.0000000000    5.4123470389e-01
  97.5000000000    5.4123338973e-01
  98.0000000000    5.4123115196e-01
  98.5000000000    5.4122679610e-01
  99.0000000000    5.4123028122e-01
  99.5000000000    5.4122287687e-01
 100.0000000000    5.4122503041e-01
 100.5000000000    5.4122153024e-01
 101.0000000000    5.4122027677e-01
 101.5000000000    5.4122258085e-01
 102.0000000000    5.4121810128e-01
 102.5000000000    5.4122297020e-01
 103.0000000000    5.4121868901e-01
 103.5000000000    5.4121997846e-01
 104.0000000000    5.4122187399e-01
 104.5000000000    5.4121954999e-01
 105.0000000000    5.4122645955e-01
 105.5000000000    5.4122225269e-01
 106.0000000000    5.4122536476e-01
 106.5000000000    5.4122765756e-01
 107.0000000000    5.4122697704e-01
 107.5000000000    5.4123497400e-01
 108.0000000000    5.4123141646e-01
 108.5000000000    5.4123564779e-01
 109.0000000000    5.4123905570e-01
 109.5000000000    5.4123934729e-01
 110.0000000000    5.4124815405e-01
 110.5000000000    5.4124608296e-01
 111.0000000000    5.4125080536e-01
 111.5000000000    5.4125607986e-01
 112.0000000000    5.4125678008e-01
 112.5000000000    5.4126571990e-01
 113.0000000000    5.4126617175e-01
 113.5000000000    5.4127085379e-01
 114.0000000000    5.4127895856e-01
 114.5000000000    5.4127931380e-01
 115.0000000000    5.4128771587e-01
 115.5000000000    5.4129137324e-01
 116.0000000000    5.4129537228e-01
 116.5000000000    5.4130717278e-01
 117.0000000000    5.4130659648e-01
 117.5000000000    5.4131371697e-01
 118.0000000000    5.4132146127e-01
 118.5000000000    5.4132399782e-01
 119.0000000000    5.4133422787e-01
 119.5000000000    5.4133867975e-01
 120.0000000000    5.4134439263e-01
 120.5000000000    5.4135736173e-01
 121.0000000000    5.4135805352e-01
 121.5000000000    5.4136584456e-01
 122.0000000000    5.4137568762e-01
 122.5000000000    5.4137880043e-01
 123.0000000000    5.4138924923e-01
 123.5000000000    5.4139667872e-01
 124.0000000000    5.4140211654e-01
 124.5000000000    5.4141444559e-01
 125.0000000000    5.4141917971e-01
 125.5000000000    5.4142640056e-01
 126.0000000000    5.4144060169e-01
 126.5000000000    5.4144350795e-01
 127.0000000000    5.4145246071e-01
 127.5000000000    5.4146544766e-01
 128.0000000000    5.4146910614e-01
 128.5000000000    5.4147939708e-01
 129.0000000000    5.4149096471e-01
 129.5000000000    5.4149590591e-01
 130.0000000000    5.4150741906e-01
 130.5000000000    5.4151805343e-01
 131.0000000000    5.4152395548e-01
 131.5000000000    5.4153625371e-01
 132.0000000000    5.4154630031e-01
 132.5000000000    5.4155300248e-01
 133.0000000000    5.4156586086e-01
 133.5000000000    5.4157569805e-01
 134.0000000000    5.4158308933e-01
 134.5000000000    5.4159636644e-01
 135.0000000000    5.4160626912e-01
 135.5000000000    5.4161388296e-01
 136.0000000000    5.4162739490e-01
 136.5000000000    5.4163806123e-01
 137.0000000000    5.4164582017e-01
 137.5000000000    5.4165931053e-01
 138.0000000000    5.4167113404e-01
 138.5000000000    5.4167873667e-01
 139.0000000000    5.4169180045e-01
 139.5000000000    5.4170515651e-01
 140.0000000000    5.4171246678e-01
 140.5000000000    5.4172519455e-01
 141.0000000000    5.4174068611e-01
 141.5000000000    5.4174744700e-01
 142.0000000000    5.4175939898e-01
 142.5000000000    5.4177648711e-01
 143.0000000000    5.4178328538e-01
 143.5000000000    5.4179433410e-01
 144.0000000000    5.4181044581e-01
 144.5000000000    5.4182050665e-01
 145.0000000000    5.4183044004e-01
 145.5000000000    5.4184524273e-01
 146.0000000000    5.4185889851e-01
 146.5000000000    5.4186745291e-01
 147.0000000000    5.4188078868e-01
 147.5000000000    5.4189879139e-01
 148.0000000000    5.4190593795e-01
 148.5000000000    5.4191768081e-01
 149.0000000000    5.4193389086e-01
 149.5000000000    5.4194591915e-01
 150.0000000000    5.4195576017e-01
 150.5000000000    5.4197002517e-01
 151.0000000000    5.4198766488e-01
 151.5000000000    5.4199567734e-01
 152.0000000000    5.4200790295e-01
 152.5000000000    5.4202428247e-01
 153.0000000000    5.4203760963e-01
 153.5000000000    5.4204755138e-01
 154.0000000000    5.4206153967e-01
 154.5000000000    5.4207956207e-01
 155.0000000000    5.4208964764e-01
 155.5000000000    5.4210123692e-01
 156.0000000000    5.4211664711e-01
 156.5000000000    5.4213450061e-01
 157.0000000000    5.4214345689e-01
 157.5000000000    5.4215609653e-01
 158.0000000000    5.4217236545e-01
 158.5000000000    5.4218867312e-01
 159.0000000000    5.4219865198e-01
 159.5000000000    5.4221238905e-01
 160.0000000000    5.4222950857e-01
 160.5000000000    5.4224542126e-01
 161.0000000000    5.4225560863e-01
 161.5000000000    5.4226903369e-01
 162.0000000000    5.4228591032e-01
 162.5000000000    5.4230271919e-01
 163.0000000000    5.4231344871e-01
 163.5000000000    5.4232714703e-01
 164.0000000000    5.4234375049e-01
 164.5000000000    5.4236219092e-01
 165.0000000000    5.4237251053e-01
 165.5000000000    5.4238576403e-01
 166.0000000000    5.4240178594e-01
 166.5000000000    5.4242050815e-01
 167.0000000000    5.4243297255e-01
 167.5000000000    5.4244535485e-01
 168.0000000000    5.4246044534e-01
 168.5000000000    5.4247814192e-01
 169.0000000000    5.4249533418e-01
 169.5000000000    5.4250668233e-01
 170.0000000000    5.4252051522e-01
 170.5000000000    5.4253677642e-01
 171.0000000000    5.4255535412e-01
 171.5000000000    5.4256995926e-01
 172.0000000000    5.4258231520e-01
 172.5000000000    5.4259694588e-01
 173.0000000000    5.4261370971e-01
 173.5000000000    5.4263259200e-01
 174.0000000000    5.4264671324e-01
 174.5000000000    5.4265936775e-01
 175.0000000000    5.4267404430e-01
 175.5000000000    5.4269073324e-01
 176.0000000000    5.4270934039e-01
 176.5000000000    5.4272512430e-01
 177.0000000000    5.4273771126e-01
 177.5000000000    5.4275213161e-01
 178.0000000000    5.4276825892e-01
 178.5000000000    5.4278605546e-01
 179.0000000000    5.4280555498e-01
 179.5000000000    5.4281802092e-01
 180.0000000000    5.4283177847e-01
 180.5000000000    5.4284709466e-01
 181.0000000000    5.4286390353e-01
 181.5000000000    5.4288210361e-01
 182.0000000000    5.4290142915e-01
 182.5000000000    5.4291405554e-01
 183.0000000000    5.4292805930e-01
 183.5000000000    5.4294332715e-01
 184.0000000000    5.4295974710e-01
 184.5000000000    5.4297722626e-01
 185.0000000000    5.4299570655e-01
 185.5000000000    5.4301117590e-01
 186.0000000000    5.4302423595e-01
 186.5000000000    5.4303840946e-01
 187.0000000000    5.4305366830e-01
 187.5000000000    5.4306999440e-01
 188.0000000000    5.4308732501e-01
 188.5000000000    5.4310563909e-01
 189.0000000000    5.4312343102e-01
 189.5000000000    5.4313732719e-01
 190.0000000000    5.4315225229e-01
 190.5000000000    5.4316810670e-01
 191.0000000000    5.4318475187e-01
 191.5000000000    5.4320206340e-01
 192.0000000000    5.4321995981e-01
 192.5000000000    5.4323840899e-01
 193.0000000000    5.4325740858e-01
 193.5000000000    5.4327335161e-01
 194.0000000000    5.4328818798e-01
 194.5000000000    5.4330358486e-01
 195.0000000000    5.4331946533e-01
 195.5000000000    5.4333583893e-01
 196.0000000000    5.4335267540e-01
 196.5000000000    5.4336995926e-01
 197.0000000000    5.4338770331e-01
 197.5000000000    5.4340585491e-01
 198.0000000000    5.4342432479e-01
 198.5000000000    5.4344301151e-01
 199.0000000000    5.4345968374e-01
 199.5000000000    5.4347507054e-01
 200.0000000000    5.4349078582e-01
 200.5000000000    5.4350681853e-01
 201.0000000000    5.4352316060e-01
 201.5000000000    5.4353979222e-01
 202.0000000000    5.4355662529e-01
 202.5000000000    5.4357362171e-01
 203.0000000000    5.4359077172e-01
 203.5000000000    5.4360808541e-01
 204.0000000000    5.4362551478e-01
 204.5000000000    5.4364300814e-01
 205.0000000000    5.4366051803e-01
 205.5000000000    5.4367799830e-01
 206.0000000000    5.4369542321e-01
 206.5000000000    5.4371283261e-01
 207.0000000000    5.4373027471e-01
 207.5000000000    5.4374776565e-01
 208.0000000000    5.4376526577e-01
 208.5000000000    5.4378273759e-01
 209.0000000000    5.4380015575e-01
 209.5000000000    5.4381747531e-01
 210.0000000000    5.4383469964e-01
 210.5000000000    5.4385187112e-01
 211.0000000000    5.4386900481e-01
 211.5000000000    5.4388608000e-01
 212.0000000000    5.4390308579e-01
 212.5000000000    5.4392001714e-01
 213.0000000000    5.4393687470e-01
 213.5000000000    5.4395365494e-01
 214.0000000000    5.4397037457e-01
 214.5000000000    5.4398708611e-01
 215.0000000000    5.4400382319e-01
 215.5000000000    5.4402055686e-01
 216.0000000000    5.4403729271e-01
 216.5000000000    5.4405406882e-01
 217.0000000000    5.4407087567e-01
 217.5000000000    5.4408773307e-01
 218.0000000000    5.4410471519e-01
 218.5000000000    5.4412184869e-01
 219.0000000000    5.4413909399e-01
 219.5000000000    5.4415644387e-01
 220.0000000000    5.4417396572e-01
 220.5000000000    5.4419173103e-01
 221.0000000000    5.4420984451e-01
 221.5000000000    5.4422844117e-01
 222.0000000000    5.4424456807e-01
 222.5000000000    5.4425981329e-01
 223.0000000000    5.4427525915e-01
 223.5000000000    5.4429089714e-01
 224.0000000000    5.4430678223e-01
 224.5000000000    5.4432301431e-01
 225.0000000000    5.4433979163e-01
 225.5000000000    5.4435734473e-01
 226.0000000000    5.4437570859e-01
 226.5000000000    5.4439417061e-01
 227.0000000000    5.4440774862e-01
 227.5000000000    5.4442192399e-01
 228.0000000000    5.4443674350e-01
 228.5000000000    5.4445239695e-01
 229.0000000000    5.4446911187e-01
 229.5000000000    5.4448697238e-01
 230.0000000000    5.4450577830e-01
 230.5000000000    5.4451805089e-01
 231.0000000000    5.4453127882e-01
 231.5000000000    5.4454552032e-01
 232.0000000000    5.4456097686e-01
 232.5000000000    5.4457792371e-01
 233.0000000000    5.4459465425e-01
 233.5000000000    5.4460592640e-01
 234.0000000000    5.4461907913e-01
 234.5000000000    5.4463419478e-01
 235.0000000000    5.4465132068e-01
 235.5000000000    5.4466844239e-01
 236.0000000000    5.4467910463e-01
 236.5000000000    5.4469169278e-01
 237.0000000000    5.4470636496e-01
 237.5000000000    5.4472334986e-01
 238.0000000000    5.4473426440e-01
 238.5000000000    5.4474475020e-01
 239.0000000000    5.4475801969e-01
 239.5000000000    5.4477420408e-01
 240.0000000000    5.4478425920e-01
 240.5000000000    5.4479367359e-01
 241.0000000000    5.4480640946e-01
 241.5000000000    5.4482269835e-01
 242.0000000000    5.4482960747e-01
 242.5000000000    5.4484069050e-01
 243.0000000000    5.4485591111e-01
 243.5000000000    5.4486623174e-01
 244.0000000000    5.4487427791e-01
 244.5000000000    5.4488617223e-01
 245.0000000000    5.4489603575e-01
 245.5000000000    5.4490149834e-01
 246.0000000000    5.4491243555e-01
 246.5000000000    5.4492240985e-01
 247.0000000000    5.4492823230e-01
 247.5000000000    5.4493960173e-01
 248.0000000000    5.4494627924e-01
 248.5000000000    5.4495115445e-01
 249.0000000000    5.4496210735e-01
 249.5000000000    5.4496315880e-01
 250.0000000000    5.4496943255e-01
 250.5000000000    5.4497645167e-01
 251.0000000000    5.4497824672e-01
 251.5000000000    5.4498745013e-01
 252.0000000000    5.4498579105e-01
 252.5000000000    5.4499022655e-01
 253.0000000000    5.4499086023e-01
 253.5000000000    5.4499157724e-01
 254.0000000000    5.4499394270e-01
 254.5000000000    5.4499143523e-01
 255.0000000000    5.4499392692e-01
 255.5000000000    5.4498807766e-01
 256.0000000000    5.4498931829e-01
 256.5000000000    5.4498092495e-01
 257.0000000000    5.4498040271e-01
 257.5000000000    5.4497059885e-01
 258.0000000000    5.4496745159e-01
 258.5000000000    5.4495680863e-01
 259.0000000000    5.4494978175e-01
 259.5000000000    5.4493880573e-01
 260.0000000000    5.4492674002e-01
 260.5000000000    5.4491614175e-01
 261.0000000000    5.4489816605e-01
 261.5000000000    5.4488663701e-01
 262.0000000000    5.4486491434e-01
 262.5000000000    5.4484648793e-01
 263.0000000000    5.4482836928e-01
 263.5000000000    5.4480258560e-01
 264.0000000000    5.4478113637e-01
 264.5000000000    5.4475554885e-01
 265.0000000000    5.4472512074e-01
 265.5000000000    5.4469738064e-01
 266.0000000000    5.4466573190e-01
 266.5000000000    5.4462771488e-01
 267.0000000000    5.4459124200e-01
 267.5000000000    5.4455587017e-01
 268.0000000000    5.4450989741e-01
 268.5000000000    5.4446368303e-01
 269.0000000000    5.4441738042e-01
 269.5000000000    5.4437030611e-01
 270.0000000000    5.4431468582e-01
 270.5000000000    5.4425525953e-01
 271.0000000000    5.4419398716e-01
 271.5000000000    5.4413043550e-01
 272.0000000000    5.4406422774e-01
 272.5000000000    5.4399501453e-01
 273.0000000000    5.4391734309e-01
 273.5000000000    5.4383624759e-01
 274.0000000000    5.4375170582e-01
 274.5000000000    5.4366305555e-01
 275.0000000000    5.4356958608e-01
 275.5000000000    5.4347066464e-01
 276.0000000000    5.4336596715e-01
 276.5000000000    5.4325556590e-01
 277.0000000000    5.4313978512e-01
 277.5000000000    5.4301891692e-01
 278.0000000000    5.4289292564e-01
 278.5000000000    5.4276131214e-01
 279.0000000000    5.4262326023e-01
 279.5000000000    5.4247810255e-01
 280.0000000000    5.4232575363e-01
 280.5000000000    5.4216676886e-01
 281.0000000000    5.4199550178e-01
 281.5000000000    5.4181824337e-01
 282.0000000000    5.4163517792e-01
 282.5000000000    5.4144590403e-01
 283.0000000000    5.4125017842e-01
 283.5000000000    5.4103856105e-01
 284.0000000000    5.4081947982e-01
 284.5000000000    5.4059572455e-01
 285.0000000000    5.4036245194e-01
 285.5000000000    5.4011669258e-01
 286.0000000000    5.3986707302e-01
 286.5000000000    5.3960298641e-01
 287.0000000000    5.3933031746e-01
 287.5000000000    5.3905024943e-01
 288.0000000000    5.3875677319e-01
 288.5000000000    5.3845800780e-01
 289.0000000000    5.3814482853e-01
 289.5000000000    5.3782299847e-01
 290.0000000000    5.3749153633e-01
 290.5000000000    5.3714396909e-01
 291.0000000000    5.3678906304e-01
 291.5000000000    5.3642150760e-01
 292.0000000000    5.3603434974e-01
 292.5000000000    5.3563285104e-01
 293.0000000000    5.3521350132e-01
 293.5000000000    5.3477220626e-01
 294.0000000000    5.3430400220e-01
 294.5000000000    5.3380288759e-01
 295.0000000000    5.3326173237e-01
 295.5000000000    5.3267204242e-01
 296.0000000000    5.3201227930e-01
 296.5000000000    5.3127350902e-01
 297.0000000000    5.3042016108e-01
 297.5000000000    5.2942400867e-01
 298.0000000000    5.2822830636e-01
 298.5000000000    5.2676005475e-01
 299.0000000000    5.2489036075e-01
 299.5000000000    5.1965923990e-01
 300.0000000000    5.0510722596e-01
 300.5000000000    4.9009281039e-01
 301.0000000000    4.7462780140e-01
 301.5000000000    4.5872708790e-01
 302.0000000000    4.4240825835e-01
 302.5000000000    4.2569114967e-01
 303.0000000000    4.0859732344e-01
 303.5000000000    3.9114945499e-01
 304.0000000000    3.7337065873e-01
 304.5000000000    3.5528386422e-01
 305.0000000000    3.3691143579e-01
 305.5000000000    3.1827525972e-01
 306.0000000000    2.9939750836e-01
 306.5000000000    2.8030225925e-01
 307.0000000000    2.6101811013e-01
 307.5000000000    2.4158188724e-01
 308.0000000000    2.2204342028e-01
 308.5000000000    2.0247117343e-01
 309.0000000000    1.8295821480e-01
 309.5000000000    1.6362762682e-01
 310.0000000000    1.4463604493e-01
 310.5000000000    1.2617370811e-01
 311.0000000000    1.0845936902e-01
 311.5000000000    9.1728895620e-02
 312.0000000000    7.6217514230e-02
 312.5000000000    6.2137344045e-02
 313.0000000000    4.9653704922e-02
 313.5000000000    3.8864913499e-02
 314.0000000000    2.9790194202e-02
 314.5000000000    2.2368670236e-02
 315.0000000000    1.6469637532e-02
 315.5000000000    1.1911504409e-02
 316.0000000000    8.4849507435e-03
 316.5000000000    5.9755309675e-03
 317.0000000000    4.1819485809e-03
 317.5000000000    2.9280067633e-03
 318.0000000000    2.0681376658e-03
 318.5000000000    1.4878100997e-03
 319.0000000000    1.1006507406e-03
 319.5000000000    8.4393044416e-04
 320.0000000000    6.7360158951e-04
 320.5000000000    5.5963361020e-04
 321.0000000000    4.8205321792e-04
 321.5000000000    4.2783578283e-04
 322.0000000000    3.8861356943e-04
 322.5000000000    3.5906912111e-04
 323.0000000000    3.3585228440e-04
 323.5000000000    3.1687031234e-04
 324.0000000000    3.0082965310e-04
 324.5000000000    2.8694109077e-04
 325.0000000000    2.7472897007e-04
 325.5000000000    2.6390702642e-04
 326.0000000000    2.5429778005e-04
 326.5000000000    2.4578117250e-04
 327.0000000000    2.3826315469e-04
 327.5000000000    2.3165787705e-04
 328.0000000000    2.2587899205e-04
 328.5000000000    2.2083684672e-04
 329.0000000000    2.1643925387e-04
 329.5000000000    2.1259417790e-04
 330.0000000000    2.0921313709e-04
 330.5000000000    2.0621447831e-04
 331.0000000000    2.0352596038e-04
 331.5000000000    2.0108634751e-04
 332.0000000000    1.9884594463e-04
 332.5000000000    1.9676619659e-04
 333.0000000000    1.9481858684e-04
 333.5000000000    1.9298312652e-04
 334.0000000000    1.9124668909e-04
 334.5000000000    1.8960139425e-04
 335.0000000000    1.8804315896e-04
 335.5000000000    1.8657046369e-04
 336.0000000000    1.8518334850e-04
 336.5000000000    1.8388262778e-04
 337.0000000000    1.8266930762e-04
 337.5000000000    1.8154418650e-04
 338.0000000000    1.8050761375e-04
 338.5000000000    1.7955937607e-04
 339.0000000000    1.7869867417e-04
 339.5000000000    1.7792415548e-04
 340.0000000000    1.7723397286e-04
 340.5000000000    1.7662584894e-04
 341.0000000000    1.7609713967e-04
 341.5000000000    1.7564489082e-04
 342.0000000000    1.7526588060e-04
 342.5000000000    1.7495664633e-04
 343.0000000000    1.7471349391e-04
 343.5000000000    1.7453248966e-04
 344.0000000000    1.7440944318e-04
 344.5000000000    1.7433988857e-04
 345.0000000000    1.7431907504e-04
 345.5000000000    1.7434196976e-04
 346.0000000000    1.7440327772e-04
 346.5000000000    1.7449747915e-04
 347.0000000000    1.7461888467e-04
 347.5000000000    1.7476170836e-04
 348.0000000000    1.7492015953e-04
 348.5000000000    1.7508855215e-04
 349.0000000000    1.7526142077e-04
 349.5000000000    1.7543363833e-04
 350.0000000000    1.7560052233e-04
 350.5000000000    1.7575792819e-04
 351.0000000000    1.7590232386e-04
 351.5000000000    1.7603084035e-04
 352.0000000000    1.7614130381e-04
 352.5000000000    1.7623225008e-04
 353.0000000000    1.7630291958e-04
 353.5000000000    1.7635322879e-04
 354.0000000000    1.7638371853e-04
 354.5000000000    1.7639548131e-04
 355.0000000000    1.7639007107e-04
 355.5000000000    1.7636940025e-04
 356.0000000000    1.7633564464e-04
 356.5000000000    1.7629116294e-04
 357.0000000000    1.7623842085e-04
 357.5000000000    1.7617991816e-04
 358.0000000000    1.7611811365e-04
 358.5000000000    1.7605534493e-04
 359.0000000000    1.7599375304e-04
 359.5000000000    1.7593523321e-04
 360.0000000000    1.7588141912e-04
 360.5000000000    1.7583369212e-04
 361.0000000000    1.7579319967e-04
 361.5000000000    1.7576086433e-04
 362.0000000000    1.7573737798e-04
 362.5000000000    1.7572319108e-04
 363.0000000000    1.7571851378e-04
 363.5000000000    1.7572333762e-04
 364.0000000000    1.7573747095e-04
 364.5000000000    1.7576057434e-04
 365.0000000000    1.7579217947e-04
 365.5000000000    1.7583169064e-04
 366.0000000000    1.7587838289e-04
 366.5000000000    1.7593141139e-04
 367.0000000000    1.7598983414e-04
 367.5000000000    1.7605264666e-04
 368.0000000000    1.7611881261e-04
 368.5000000000    1.7618728709e-04
 369.0000000000    1.7625703068e-04
 369.5000000000    1.7632702446e-04
 370.0000000000    1.7639628663e-04
 370.5000000000    1.7646389381e-04
 371.0000000000    1.7652900095e-04
 371.5000000000    1.7659085594e-04
 372.0000000000    1.7664881064e-04
 372.5000000000    1.7670232979e-04
 373.0000000000    1.7675100009e-04
 373.5000000000    1.7679454448e-04
 374.0000000000    1.7683283424e-04
 374.5000000000    1.7686590022e-04
 375.0000000000    1.7689393817e-04
 375.5000000000    1.7691730467e-04
 376.0000000000    1.7693649878e-04
 376.5000000000    1.7695213003e-04
 377.0000000000    1.7696486874e-04
 377.5000000000    1.7697538485e-04
 378.0000000000    1.7698428278e-04
 378.5000000000    1.7699203834e-04
 379.0000000000    1.7699894768e-04
 379.5000000000    1.7700510224e-04
 380.0000000000    1.7701039416e-04
 380.5000000000    1.7701455767e-04
 381.0000000000    1.7701724692e-04
 381.5000000000    1.7701814371e-04
 382.0000000000    1.7701707628e-04
 382.5000000000    1.7701413031e-04
 383.0000000000    1.7700973175e-04
 383.5000000000    1.7700468279e-04
 384.0000000000    1.7700013767e-04
 384.5000000000    1.7699751783e-04
 385.0000000000    1.7699837264e-04
 385.5000000000    1.7700419479e-04
 386.0000000000    1.7701622417e-04
 386.5000000000    1.7703527428e-04
 387.0000000000    1.7706160803e-04
 387.5000000000    1.7709488629e-04
 388.0000000000    1.7713419672e-04
 388.5000000000    1.7717815973e-04
 389.0000000000    1.7722510987e-04
 389.5000000000    1.7727330936e-04
 390.0000000000    1.7732115547e-04
 390.5000000000    1.7736735630e-04
 391.0000000000    1.7741105214e-04
 391.5000000000    1.7745185575e-04
 392.0000000000    1.7748981490e-04
 392.5000000000    1.7752530177e-04
 393.0000000000    1.7755886155e-04
 393.5000000000    1.7759105678e-04
 394.0000000000    1.7762233267e-04
 394.5000000000    1.7765292275e-04
 395.0000000000    1.7768281456e-04
 395.5000000000    1.7771177573e-04
 396.0000000000    1.7773942820e-04
 396.5000000000    1.7776534970e-04
 397.0000000000    1.7778917740e-04
 397.5000000000    1.7781069164e-04
 398.0000000000    1.7782986570e-04
 398.5000000000    1.7784687232e-04
 399.0000000000    1.7786205207e-04
 399.5000000000    1.7787585459e-04
 400.0000000000    1.7788876569e-04
 400.5000000000    1.7790124053e-04
 401.0000000000    1.7791365244e-04
 401.5000000000    1.7792626738e-04
 402.0000000000    1.7793924538e-04
 402.5000000000    1.7795266160e-04
 403.0000000000    1.7796653874e-04
 403.5000000000    1.7798088085e-04
 404.0000000000    1.7799570121e-04
 404.5000000000    1.7801103895e-04
 405.0000000000    1.7802696189e-04
 405.5000000000    1.7804355685e-04
 406.0000000000    1.7806091258e-04
 406.5000000000    1.7807910023e-04
 407.0000000000    1.7809815564e-04
 407.5000000000    1.7811806690e-04
 408.0000000000    1.7813876712e-04
 408.5000000000    1.7816013616e-04
 409.0000000000    1.7818200766e-04
 409.5000000000    1.7820417628e-04
 410.0000000000    1.7822641009e-04
 410.5000000000    1.7824846729e-04
 411.0000000000    1.7827011427e-04
 411.5000000000    1.7829114571e-04
 412.0000000000    1.7831140518e-04
 412.5000000000    1.7833080115e-04
 413.0000000000    1.7834931632e-04
 413.5000000000    1.7836700891e-04
 414.0000000000    1.7838400423e-04
 414.5000000000    1.7840047684e-04
 415.0000000000    1.7841662764e-04
 415.5000000000    1.7843265624e-04
 416.0000000000    1.7844873644e-04
 416.5000000000    1.7846499841e-04
 417.0000000000    1.7848151754e-04
 417.5000000000    1.7849831459e-04
 418.0000000000    1.7851536726e-04
 418.5000000000    1.7853262666e-04
 419.0000000000    1.7855003451e-04
 419.5000000000    1.7856753878e-04
 420.0000000000    1.7858510544e-04
 420.5000000000    1.7860272235e-04
 421.0000000000    1.7862039566e-04
 421.5000000000    1.7863814185e-04
 422.0000000000    1.7865597626e-04
 422.5000000000    1.7867390156e-04
 423.0000000000    1.7869189961e-04
 423.5000000000    1.7870992973e-04
 424.0000000000    1.7872793294e-04
 424.5000000000    1.7874584086e-04
 425.0000000000    1.7876358584e-04
 425.5000000000    1.7878111513e-04
 426.0000000000    1.7879840006e-04
 426.5000000000    1.7881544230e-04
 427.0000000000    1.7883227422e-04
 427.5000000000    1.7884895542e-04
 428.0000000000    1.7886556238e-04
 428.5000000000    1.7888217490e-04
 429.0000000000    1.7889886239e-04
 429.5000000000    1.7891567162e-04
 430.0000000000    1.7893261816e-04
 430.5000000000    1.7894968435e-04
 431.0000000000    1.7896682240e-04
 431.5000000000    1.7898396289e-04
 432.0000000000    1.7900102636e-04
 432.5000000000    1.7901793610e-04
 433.0000000000    1.7903463100e-04
 433.5000000000    1.7905107419e-04
 434.0000000000    1.7906725747e-04
 434.5000000000    1.7908319945e-04
 435.0000000000    1.7909894035e-04
 435.5000000000    1.7911453139e-04
 436.0000000000    1.7913002369e-04
 436.5000000000    1.7914546028e-04
 437.0000000000    1.7916086759e-04
 437.5000000000    1.7917625128e-04
 438.0000000000    1.7919159604e-04
 438.5000000000    1.7920686984e-04
 439.0000000000    1.7922203040e-04
 439.5000000000    1.7923703407e-04
 440.0000000000    1.7925184534e-04
 440.5000000000    1.7926644540e-04
 441.0000000000    1.7928083726e-04
 441.5000000000    1.7929504814e-04
 442.0000000000    1.7930912628e-04
 442.5000000000    1.7932313695e-04
 443.0000000000    1.7933715442e-04
 443.5000000000    1.7935125177e-04
 444.0000000000    1.7936549296e-04
 444.5000000000    1.7937992489e-04
 445.0000000000    1.7939457303e-04
 445.5000000000    1.7940943948e-04
 446.0000000000    1.7942450452e-04
 446.5000000000    1.7943972945e-04
 447.0000000000    1.7945506337e-04
 447.5000000000    1.7947044900e-04
 448.0000000000    1.7948582627e-04
 448.5000000000    1.7950114127e-04
 449.0000000000    1.7951635370e-04
 449.5000000000    1.7953143832e-04
 450.0000000000    1.7954638043e-04
 450.5000000000    1.7956118061e-04
 451.0000000000    1.7957585339e-04
 451.5000000000    1.7959042168e-04
 452.0000000000    1.7960490861e-04
 452.5000000000    1.7961933267e-04
 453.0000000000    1.7963370486e-04
 453.5000000000    1.7964802790e-04
 454.0000000000    1.7966229751e-04
 454.5000000000    1.7967650465e-04
 455.0000000000    1.7969063761e-04
 455.5000000000    1.7970468408e-04
 456.0000000000    1.7971863255e-04
 456.5000000000    1.7973247527e-04
 457.0000000000    1.7974621040e-04
 457.5000000000    1.7975984199e-04
 458.0000000000    1.7977337993e-04
 458.5000000000    1.7978684123e-04
 459.0000000000    1.7980024734e-04
 459.5000000000    1.7981361550e-04
 460.0000000000    1.7982695820e-04
 460.5000000000    1.7984028546e-04
 461.0000000000    1.7985360232e-04
 461.5000000000    1.7986691027e-04
 462.0000000000    1.7988020803e-04
 462.5000000000    1.7989349095e-04
 463.0000000000    1.7990675491e-04
 463.5000000000    1.7991999906e-04
 464.0000000000    1.7993322227e-04
 464.5000000000    1.7994642344e-04
 465.0000000000    1.7995960242e-04
 465.5000000000    1.7997275835e-04
 466.0000000000    1.7998589097e-04
 466.5000000000    1.7999900253e-04
 467.0000000000    1.8001209325e-04
 467.5000000000    1.8002515769e-04
 468.0000000000    1.8003819085e-04
 468.5000000000    1.8005118984e-04
 469.0000000000    1.8006415162e-04
 469.5000000000    1.8007707272e-04
 470.0000000000    1.8008994903e-04
 470.5000000000    1.8010277545e-04
 471.0000000000    1.8011554648e-04
 471.5000000000    1.8012825735e-04
 472.0000000000    1.8014090501e-04
 472.5000000000    1.8015348922e-04
 473.0000000000    1.8016601192e-04
 473.5000000000    1.8017847759e-04
 474.0000000000    1.8019089339e-04
 474.5000000000    1.8020326731e-04
 475.0000000000    1.8021560617e-04
 475.5000000000    1.8022791463e-04
 476.0000000000    1.8024019382e-04
 476.5000000000    1.8025244137e-04
 477.0000000000    1.8026465320e-04
 477.5000000000    1.8027682634e-04
 478.0000000000    1.8028896119e-04
 478.5000000000    1.8030106291e-04
 479.0000000000    1.8031314067e-04
 479.5000000000    1.8032520497e-04
 480.0000000000    1.8033726441e-04
 480.5000000000    1.8034932290e-04
 481.0000000000    1.8036137812e-04
 481.5000000000    1.8037342239e-04
 482.0000000000    1.8038544533e-04
 482.5000000000    1.8039743783e-04
 483.0000000000    1.8040939558e-04
 483.5000000000    1.8042132041e-04
 484.0000000000    1.8043321800e-04
 484.5000000000    1.8044509401e-04
 485.0000000000    1.8045695035e-04
 485.5000000000    1.8046878333e-04
 486.0000000000    1.8048058457e-04
 486.5000000000    1.8049234440e-04
 487.0000000000    1.8050405629e-04
 487.5000000000    1.8051571974e-04
 488.0000000000    1.8052734006e-04
 488.5000000000    1.8053892538e-04
 489.0000000000    1.8055048238e-04
 489.5000000000    1.8056201221e-04
 490.0000000000    1.8057350908e-04
 490.5000000000    1.8058496245e-04
 491.0000000000    1.8059636144e-04
 491.5000000000    1.8060769937e-04
 492.0000000000    1.8061897676e-04
 492.5000000000    1.8063020093e-04
 493.0000000000    1.8064138311e-04
 493.5000000000    1.8065253422e-04
 494.0000000000    1.8066366154e-04
 494.5000000000    1.8067476769e-04
 495.0000000000    1.8068585152e-04
 495.5000000000    1.8069691047e-04
 496.0000000000    1.8070794221e-04
 496.5000000000    1.8071894452e-04
 497.0000000000    1.8072991296e-04
 497.5000000000    1.8074083847e-04
 498.0000000000    1.8075170578e-04
 498.5000000000    1.8076249393e-04
 499.0000000000    1.8077317880e-04
 499.5000000000    1.8078373697e-04
 500.0000000000    1.8079415003e-04
 500.5000000000    1.8080440847e-04
 501.0000000000    1.8081451600e-04
 501.5000000000    1.8082449468e-04
 502.0000000000    1.8083439090e-04
 502.5000000000    1.8084428097e-04
 503.0000000000    1.8085427418e-04
 503.5000000000    1.8086451038e-04
 504.0000000000    1.8087514946e-04
 504.5000000000    1.8088635187e-04
 505.0000000000    1.8089825116e-04
 505.5000000000    1.8091092234e-04
 506.0000000000    1.8092435034e-04
 506.5000000000    1.8093840456e-04
 507.0000000000    1.8095282381e-04
 507.5000000000    1.8096721564e-04
 508.0000000000    1.8098107358e-04
 508.5000000000    1.8099381244e-04
 509.0000000000    1.8100482171e-04
 509.5000000000    1.8101353476e-04
 510.0000000000    1.8101950731e-04
 510.5000000000    1.8102249561e-04
 511.0000000000    1.8102252192e-04
 511.5000000000    1.8101991295e-04
 512.0000000000    1.8101529919e-04
 512.5000000000    1.8100956809e-04
 513.0000000000    1.8100377400e-04
 513.5000000000    1.8099901638e-04
 514.0000000000    1.8099630617e-04
 514.5000000000    1.8099644432e-04
 515.0000000000    1.8099993424e-04
 515.5000000000    1.8100694228e-04
 516.0000000000    1.8101731016e-04
 516.5000000000    1.8103061354e-04
 517.0000000000    1.8104625289e-04
 517.5000000000    1.8106355809e-04
 518.0000000000    1.8108188834e-04
 518.5000000000    1.8110071067e-04
 519.0000000000    1.8111964448e-04
 519.5000000000    1.8113846747e-04
 520.0000000000    1.8115708623e-04
 520.5000000000    1.8117548178e-04
 521.0000000000    1.8119365006e-04
 521.5000000000    1.8121155295e-04
 522.0000000000    1.8122909438e-04
 522.5000000000    1.8124612622e-04
 523.0000000000    1.8126247818e-04
 523.5000000000    1.8127799868e-04
 524.0000000000    1.8129259280e-04
 524.5000000000    1.8130624507e-04
 525.0000000000    1.8131902152e-04
 525.5000000000    1.8133105384e-04
 526.0000000000    1.8134250784e-04
 526.5000000000    1.8135354982e-04
 527.0000000000    1.8136431589e-04
 527.5000000000    1.8137489400e-04
 528.0000000000    1.8138531764e-04
 528.5000000000    1.8139557420e-04
 529.0000000000    1.8140562362e-04
 529.5000000000    1.8141542083e-04
 530.0000000000    1.8142493439e-04
 530.5000000000    1.8143415994e-04
 531.0000000000    1.8144312327e-04
 531.5000000000    1.8145187338e-04
 532.0000000000    1.8146047225e-04
 532.5000000000    1.8146899016e-04
 533.0000000000    1.8147749415e-04
 533.5000000000    1.8148604125e-04
 534.0000000000    1.8149467715e-04
 534.5000000000    1.8150343364e-04
 535.0000000000    1.8151232678e-04
 535.5000000000    1.8152135706e-04
 536.0000000000    1.8153051204e-04
 536.5000000000    1.8153977147e-04
 537.0000000000    1.8154911435e-04
 537.5000000000    1.8155852694e-04
 538.0000000000    1.8156801127e-04
 538.5000000000    1.8157759288e-04
 539.0000000000    1.8158732657e-04
 539.5000000000    1.8159729769e-04
 540.0000000000    1.8160761590e-04
 540.5000000000    1.8161840050e-04
 541.0000000000    1.8162975898e-04
 541.5000000000    1.8164175746e-04
 542.0000000000    1.8165438445e-04
 542.5000000000    1.8166752337e-04
 543.0000000000    1.8168093820e-04
 543.5000000000    1.8169426362e-04
 544.0000000000    1.8170701244e-04
 544.5000000000    1.8171861826e-04
 545.0000000000    1.8172850108e-04
 545.5000000000    1.8173614296e-04
 546.0000000000    1.8174117834e-04
 546.5000000000    1.8174348782e-04
 547.0000000000    1.8174327602e-04
 547.5000000000    1.8174112002e-04
 548.0000000000    1.8173797881e-04
 548.5000000000    1.8173515266e-04
 549.0000000000    1.8173418744e-04
 549.5000000000    1.8173672887e-04
 550.0000000000    1.8174434157e-04
 550.5000000000    1.8175830967e-04
 551.0000000000    1.8177944496e-04
 551.5000000000    1.8180793409e-04
 552.0000000000    1.8184325492e-04
 552.5000000000    1.8188418021e-04
 553.0000000000    1.8192887992e-04
 553.5000000000    1.8197511003e-04
 554.0000000000    1.8202046243e-04
 554.5000000000    1.8206263324e-04
 555.0000000000    1.8209967509e-04
 555.5000000000    1.8213020112e-04
 556.0000000000    1.8215349846e-04
 556.5000000000    1.8216954297e-04
 557.0000000000    1.8217891503e-04
 557.5000000000    1.8218263216e-04
 558.0000000000    1.8218193289e-04
 558.5000000000    1.8217805313e-04
 559.0000000000    1.8217204502e-04
 559.5000000000    1.8216467329e-04
 560.0000000000    1.8215640279e-04
 560.5000000000    1.8214746659e-04
 561.0000000000    1.8213798565e-04
 561.5000000000    1.8212809775e-04
 562.0000000000    1.8211805725e-04
 562.5000000000    1.8210827449e-04
 563.0000000000    1.8209928718e-04
 563.5000000000    1.8209167789e-04
 564.0000000000    1.8208596360e-04
 564.5000000000    1.8208248907e-04
 565.0000000000    1.8208135450e-04
 565.5000000000    1.8208239990e-04
 566.0000000000    1.8208524971e-04
 566.5000000000    1.8208940343e-04
 567.0000000000    1.8209435667e-04
 567.5000000000    1.8209971957e-04
 568.0000000000    1.8210528944e-04
 568.5000000000    1.8211107221e-04
 569.0000000000    1.8211725815e-04
 569.5000000000    1.8212414947e-04
 570.0000000000    1.8213206299e-04
 570.5000000000    1.8214124849e-04
 571.0000000000    1.8215182910e-04
 571.5000000000    1.8216376604e-04
 572.0000000000    1.8217685951e-04
 572.5000000000    1.8219078000e-04
 573.0000000000    1.8220511843e-04
 573.5000000000    1.8221943993e-04
 574.0000000000    1.8223334029e-04
 574.5000000000    1.8224648586e-04
 575.0000000000    1.8225864565e-04
 575.5000000000    1.8226970109e-04
 576.0000000000    1.8227964647e-04
 576.5000000000    1.8228857419e-04
 577.0000000000    1.8229665372e-04
 577.5000000000    1.8230409767e-04
 578.0000000000    1.8231113333e-04
 578.5000000000    1.8231797078e-04
 579.0000000000    1.8232477574e-04
 579.5000000000    1.8233165205e-04
 580.0000000000    1.8233863648e-04
 580.5000000000    1.8234570870e-04
 581.0000000000    1.8235280986e-04
 581.5000000000    1.8235986623e-04
 582.0000000000    1.8236681463e-04
 582.5000000000    1.8237362014e-04
 583.0000000000    1.8238028343e-04
 583.5000000000    1.8238683951e-04
 584.0000000000    1.8239334903e-04
 584.5000000000    1.8239988223e-04
 585.0000000000    1.8240650702e-04
 585.5000000000    1.8241327285e-04
 586.0000000000    1.8242020828e-04
 586.5000000000    1.8242731714e-04
 587.0000000000    1.8243458400e-04
 587.5000000000    1.8244197914e-04
 588.0000000000    1.8244946813e-04
 588.5000000000    1.8245701808e-04
 589.0000000000    1.8246460084e-04
 589.5000000000    1.8247219826e-04
 590.0000000000    1.8247979745e-04
 590.5000000000    1.8248739406e-04
 591.0000000000    1.8249498964e-04
 591.5000000000    1.8250258676e-04
 592.0000000000    1.8251018962e-04
 592.5000000000    1.8251780795e-04
 593.0000000000    1.8252545023e-04
 593.5000000000    1.8253311867e-04
 594.0000000000    1.8254081482e-04
 594.5000000000    1.8254853870e-04
 595.0000000000    1.8255628106e-04
 595.5000000000    1.8256403107e-04
 596.0000000000    1.8257177973e-04
 596.5000000000    1.8257951563e-04
 597.0000000000    1.8258722469e-04
 597.5000000000    1.8259489342e-04
 598.0000000000    1.8260251102e-04
 598.5000000000    1.8261006574e-04
 599.0000000000    1.8261754452e-04
 599.5000000000    1.8262493434e-04
 600.0000000000    1.8263221502e-04
 600.5000000000    1.8263936223e-04
 601.0000000000    1.8264634526e-04
 601.5000000000    1.8265312840e-04
 602.0000000000    1.8265967602e-04
 602.5000000000    1.8266595229e-04
 603.0000000000    1.8267192640e-04
 603.5000000000    1.8267757899e-04
 604.0000000000    1.8268290393e-04
 604.5000000000    1.8268790831e-04
 605.0000000000    1.8269261856e-04
 605.5000000000    1.8269707788e-04
 606.0000000000    1.8270134506e-04
 606.5000000000    1.8270549644e-04
 607.0000000000    1.8270962085e-04
 607.5000000000    1.8271381712e-04
 608.0000000000    1.8271819166e-04
 608.5000000000    1.8272285120e-04
 609.0000000000    1.8272789766e-04
 609.5000000000    1.8273342573e-04
 610.0000000000    1.8273951284e-04
 610.5000000000    1.8274621844e-04
 611.0000000000    1.8275358041e-04
 611.5000000000    1.8276161275e-04
 612.0000000000    1.8277030622e-04
 612.5000000000    1.8277963310e-04
 613.0000000000    1.8278954874e-04
 613.5000000000    1.8279999972e-04
 614.0000000000    1.8281092582e-04
 614.5000000000    1.8282226632e-04
 615.0000000000    1.8283396185e-04
 615.5000000000    1.8284595563e-04
 616.0000000000    1.8285819148e-04
 616.5000000000    1.8287061216e-04
 617.0000000000    1.8288315540e-04
 617.5000000000    1.8289574882e-04
 618.0000000000    1.8290830667e-04
 618.5000000000    1.8292072738e-04
 619.0000000000    1.8293289113e-04
 619.5000000000    1.8294466290e-04
 620.0000000000    1.8295589610e-04
 620.5000000000    1.8296643909e-04
 621.0000000000    1.8297614526e-04
 621.5000000000    1.8298488317e-04
 622.0000000000    1.8299254709e-04
 622.5000000000    1.8299906764e-04
 623.0000000000    1.8300441903e-04
 623.5000000000    1.8300862505e-04
 624.0000000000    1.8301176126e-04
 624.5000000000    1.8301395345e-04
 625.0000000000    1.8301537353e-04
 625.5000000000    1.8301622945e-04
 626.0000000000    1.8301675328e-04
 626.5000000000    1.8301718681e-04
 627.0000000000    1.8301776194e-04
 627.5000000000    1.8301868838e-04
 628.0000000000    1.8302014198e-04
 628.5000000000    1.8302225142e-04
 629.0000000000    1.8302509632e-04
 629.5000000000    1.8302870923e-04
 630.0000000000    1.8303307768e-04
 630.5000000000    1.8303815408e-04
 631.0000000000    1.8304387136e-04
 631.5000000000    1.8305015304e-04
 632.0000000000    1.8305692960e-04
 632.5000000000    1.8306414778e-04
 633.0000000000    1.8307177425e-04
 633.5000000000    1.8307979814e-04
 634.0000000000    1.8308822594e-04
 634.5000000000    1.8309707169e-04
 635.0000000000    1.8310634817e-04
 635.5000000000    1.8311605536e-04
 636.0000000000    1.8312617153e-04
 636.5000000000    1.8313664722e-04
 637.0000000000    1.8314740190e-04
 637.5000000000    1.8315832477e-04
 638.0000000000    1.8316928060e-04
 638.5000000000    1.8318011808e-04
 639.0000000000    1.8319068059e-04
 639.5000000000    1.8320081832e-04
 640.0000000000    1.8321040102e-04
 640.5000000000    1.8321932865e-04
 641.0000000000    1.8322754069e-04
 641.5000000000    1.8323502255e-04
 642.0000000000    1.8324180723e-04
 642.5000000000    1.8324797522e-04
 643.0000000000    1.8325364730e-04
 643.5000000000    1.8325897335e-04
 644.0000000000    1.8326412043e-04
 644.5000000000    1.8326925730e-04
 645.0000000000    1.8327453992e-04
 645.5000000000    1.8328010239e-04
 646.0000000000    1.8328604653e-04
 646.5000000000    1.8329244101e-04
 647.0000000000    1.8329932207e-04
 647.5000000000    1.8330669988e-04
 648.0000000000    1.8331456645e-04
 648.5000000000    1.8332290377e-04
 649.0000000000    1.8333168822e-04
 649.5000000000    1.8334089577e-04
 650.0000000000    1.8335049790e-04
 650.5000000000    1.8336045909e-04
 651.0000000000    1.8337072863e-04
 651.5000000000    1.8338123359e-04
 652.0000000000    1.8339187377e-04
 652.5000000000    1.8340251989e-04
 653.0000000000    1.8341301188e-04
 653.5000000000    1.8342316640e-04
 654.0000000000    1.8343278323e-04
 654.5000000000    1.8344165686e-04
 655.0000000000    1.8344958729e-04
 655.5000000000    1.8345639224e-04
 656.0000000000    1.8346191747e-04
 656.5000000000    1.8346604523e-04
 657.0000000000    1.8346869954e-04
 657.5000000000    1.8346985274e-04
 658.0000000000    1.8346952408e-04
 658.5000000000    1.8346778328e-04
 659.0000000000    1.8346474757e-04
 659.5000000000    1.8346058216e-04
 660.0000000000    1.8345549780e-04
 660.5000000000    1.8344974674e-04
 661.0000000000    1.8344361817e-04
 661.5000000000    1.8343743296e-04
 662.0000000000    1.8343152960e-04
 662.5000000000    1.8342625429e-04
 663.0000000000    1.8342194585e-04
 663.5000000000    1.8341891639e-04
 664.0000000000    1.8341743933e-04
 664.5000000000    1.8341773326e-04
 665.0000000000    1.8341995063e-04
 665.5000000000    1.8342417255e-04
 666.0000000000    1.8343040749e-04
 666.5000000000    1.8343859514e-04
 667.0000000000    1.8344861697e-04
 667.5000000000    1.8346030643e-04
 668.0000000000    1.8347346324e-04
 668.5000000000    1.8348786733e-04
 669.0000000000    1.8350328992e-04
 669.5000000000    1.8351950192e-04
 670.0000000000    1.8353627879e-04
 670.5000000000    1.8355339978e-04
 671.0000000000    1.8357064495e-04
 671.5000000000    1.8358778844e-04
 672.0000000000    1.8360459309e-04
 672.5000000000    1.8362080515e-04
 673.0000000000    1.8363615331e-04
 673.5000000000    1.8365035287e-04
 674.0000000000    1.8366311466e-04
 674.5000000000    1.8367416041e-04
 675.0000000000    1.8368324142e-04
 675.5000000000    1.8369016192e-04
 676.0000000000    1.8369479769e-04
 676.5000000000    1.8369711465e-04
 677.0000000000    1.8369718422e-04
 677.5000000000    1.8369518522e-04
 678.0000000000    1.8369139818e-04
 678.5000000000    1.8368619450e-04
 679.0000000000    1.8368001341e-04
 679.5000000000    1.8367333053e-04
 680.0000000000    1.8366662788e-04
 680.5000000000    1.8366035823e-04
 681.0000000000    1.8365491330e-04
 681.5000000000    1.8365059964e-04
 682.0000000000    1.8364761964e-04
 682.5000000000    1.8364606284e-04
 683.0000000000    1.8364591032e-04
 683.5000000000    1.8364704238e-04
 684.0000000000    1.8364925858e-04
 684.5000000000    1.8365230222e-04
 685.0000000000    1.8365588380e-04
 685.5000000000    1.8365970740e-04
 686.0000000000    1.8366349333e-04
 686.5000000000    1.8366699388e-04
 687.0000000000    1.8367000563e-04
 687.5000000000    1.8367237405e-04
 688.0000000000    1.8367399199e-04
 688.5000000000    1.8367479478e-04
 689.0000000000    1.8367475157e-04
 689.5000000000    1.8367385489e-04
 690.0000000000    1.8367210961e-04
 690.5000000000    1.8366952240e-04
 691.0000000000    1.8366609328e-04
 691.5000000000    1.8366180982e-04
 692.0000000000    1.8365664629e-04
 692.5000000000    1.8365056572e-04
 693.0000000000    1.8364352716e-04
 693.5000000000    1.8363549643e-04
 694.0000000000    1.8362645883e-04
 694.5000000000    1.8361643418e-04
 695.0000000000    1.8360549231e-04
 695.5000000000    1.8359376674e-04
 696.0000000000    1.8358146726e-04
 696.5000000000    1.8356888694e-04
 697.0000000000    1.8355640186e-04
 697.5000000000    1.8354446473e-04
 698.0000000000    1.8353358939e-04
 698.5000000000    1.8352432764e-04
 699.0000000000    1.8351724148e-04
 699.5000000000    1.8351287013e-04
 700.0000000000    1.8351169566e-04
