#          time               M_ADM
   0.0000000000    9.5859522858e-02
   0.5000000000    9.5846779601e-02
   1.0000000000    9.5815458521e-02
   1.5000000000    9.5773574491e-02
   2.0000000000    9.5728314193e-02
   2.5000000000    9.5683757622e-02
   3.0000000000    9.5641206404e-02
   3.5000000000    9.5600397505e-02
   4.0000000000    9.5560514515e-02
   4.5000000000    9.5520745905e-02
   5.0000000000    9.5480499150e-02
   5.5000000000    9.5439426658e-02
   6.0000000000    9.5397373019e-02
   6.5000000000    9.5354304657e-02
   7.0000000000    9.5310251603e-02
   7.5000000000    9.5265272246e-02
   8.0000000000    9.5219439025e-02
   8.5000000000    9.5172834979e-02
   9.0000000000    9.5125550267e-02
   9.5000000000    9.5077673902e-02
  10.0000000000    9.5029284161e-02
  10.5000000000    9.4980444776e-02
  11.0000000000    9.4931210224e-02
  11.5000000000    9.4881636290e-02
  12.0000000000    9.4831784957e-02
  12.5000000000    9.4781723778e-02
  13.0000000000    9.4731516995e-02
  13.5000000000    9.4681211278e-02
  14.0000000000    9.4630839875e-02
  14.5000000000    9.4580432242e-02
  15.0000000000    9.4530023944e-02
  15.5000000000    9.4479660900e-02
  16.0000000000    9.4429393580e-02
  16.5000000000    9.4379266791e-02
  17.0000000000    9.4329309930e-02
  17.5000000000    9.4279532611e-02
  18.0000000000    9.4229950250e-02
  18.5000000000    9.4180583687e-02
  19.0000000000    9.4131470010e-02
  19.5000000000    9.4082646993e-02
  20.0000000000    9.4034143380e-02
  20.5000000000    9.3985961962e-02
  21.0000000000    9.3938129781e-02
  21.5000000000    9.3890638805e-02
  22.0000000000    9.3843507682e-02
  22.5000000000    9.3796772230e-02
  23.0000000000    9.3750464313e-02
  23.5000000000    9.3704593383e-02
  24.0000000000    9.3659166859e-02
  24.5000000000    9.3614181926e-02
  25.0000000000    9.3569639075e-02
  25.5000000000    9.3525547982e-02
  26.0000000000    9.3481927428e-02
  26.5000000000    9.3438805512e-02
  27.0000000000    9.3396196933e-02
  27.5000000000    9.3354101718e-02
  28.0000000000    9.3312512492e-02
  28.5000000000    9.3271423927e-02
  29.0000000000    9.3230841791e-02
  29.5000000000    9.3190782570e-02
  30.0000000000    9.3151264965e-02
  30.5000000000    9.3112299438e-02
  31.0000000000    9.3073888016e-02
  31.5000000000    9.3036026943e-02
  32.0000000000    9.2998705909e-02
  32.5000000000    9.2961914631e-02
  33.0000000000    9.2925664359e-02
  33.5000000000    9.2889975738e-02
  34.0000000000    9.2854855631e-02
  34.5000000000    9.2820290198e-02
  35.0000000000    9.2786271180e-02
  35.5000000000    9.2752791699e-02
  36.0000000000    9.2719846523e-02
  36.5000000000    9.2687449457e-02
  37.0000000000    9.2655611914e-02
  37.5000000000    9.2624337765e-02
  38.0000000000    9.2593618710e-02
  38.5000000000    9.2563438783e-02
  39.0000000000    9.2533785065e-02
  39.5000000000    9.2504655115e-02
  40.0000000000    9.2476056452e-02
  40.5000000000    9.2447999093e-02
  41.0000000000    9.2420485643e-02
  41.5000000000    9.2393506375e-02
  42.0000000000    9.2367044741e-02
  42.5000000000    9.2341087320e-02
  43.0000000000    9.2315629466e-02
  43.5000000000    9.2290676446e-02
  44.0000000000    9.2266238252e-02
  44.5000000000    9.2242316143e-02
  45.0000000000    9.2218897691e-02
  45.5000000000    9.2195963941e-02
  46.0000000000    9.2173500970e-02
  46.5000000000    9.2151505223e-02
  47.0000000000    9.2129979047e-02
  47.5000000000    9.2108925838e-02
  48.0000000000    9.2088347242e-02
  48.5000000000    9.2068237522e-02
  49.0000000000    9.2048581000e-02
  49.5000000000    9.2029357935e-02
  50.0000000000    9.2010556134e-02
  50.5000000000    9.1992174378e-02
  51.0000000000    9.1974214078e-02
  51.5000000000    9.1956669194e-02
  52.0000000000    9.1939512004e-02
  52.5000000000    9.1922702075e-02
  53.0000000000    9.1906177581e-02
  53.5000000000    9.1889862190e-02
  54.0000000000    9.1873655509e-02
  54.5000000000    9.1857420701e-02
  55.0000000000    9.1840976069e-02
  55.5000000000    9.1824105577e-02
  56.0000000000    9.1806602040e-02
  56.5000000000    9.1788345916e-02
  57.0000000000    9.1769399619e-02
  57.5000000000    9.1750074713e-02
  58.0000000000    9.1730921150e-02
  58.5000000000    9.1712607056e-02
  59.0000000000    9.1695723627e-02
  59.5000000000    9.1680612098e-02
  60.0000000000    9.1667300132e-02
  60.5000000000    9.1655562567e-02
  61.0000000000    9.1645044887e-02
  61.5000000000    9.1635375464e-02
  62.0000000000    9.1626230169e-02
  62.5000000000    9.1617357724e-02
  63.0000000000    9.1608596485e-02
  63.5000000000    9.1599886265e-02
  64.0000000000    9.1591247707e-02
  64.5000000000    9.1582729175e-02
  65.0000000000    9.1574365556e-02
  65.5000000000    9.1566180023e-02
  66.0000000000    9.1558193514e-02
  66.5000000000    9.1550417742e-02
  67.0000000000    9.1542850852e-02
  67.5000000000    9.1535489123e-02
  68.0000000000    9.1528338513e-02
  68.5000000000    9.1521408372e-02
  69.0000000000    9.1514706774e-02
  69.5000000000    9.1508235839e-02
  70.0000000000    9.1501989294e-02
  70.5000000000    9.1495957556e-02
  71.0000000000    9.1490127011e-02
  71.5000000000    9.1484493536e-02
  72.0000000000    9.1479062679e-02
  72.5000000000    9.1473841289e-02
  73.0000000000    9.1468832139e-02
  73.5000000000    9.1464029425e-02
  74.0000000000    9.1459421725e-02
  74.5000000000    9.1454997972e-02
  75.0000000000    9.1450754335e-02
  75.5000000000    9.1446693173e-02
  76.0000000000    9.1442818129e-02
  76.5000000000    9.1439129036e-02
  77.0000000000    9.1435620678e-02
  77.5000000000    9.1432287018e-02
  78.0000000000    9.1429123920e-02
  78.5000000000    9.1426128050e-02
  79.0000000000    9.1423295869e-02
  79.5000000000    9.1420624492e-02
  80.0000000000    9.1418115805e-02
  80.5000000000    9.1415775046e-02
  81.0000000000    9.1413605467e-02
  81.5000000000    9.1411603887e-02
  82.0000000000    9.1409757347e-02
  82.5000000000    9.1408046199e-02
  83.0000000000    9.1406459158e-02
  83.5000000000    9.1405004800e-02
  84.0000000000    9.1403701947e-02
  84.5000000000    9.1402558625e-02
  85.0000000000    9.1401566156e-02
  85.5000000000    9.1400711250e-02
  86.0000000000    9.1399988241e-02
  86.5000000000    9.1399399846e-02
  87.0000000000    9.1398950072e-02
  87.5000000000    9.1398639315e-02
  88.0000000000    9.1398461899e-02
  88.5000000000    9.1398408963e-02
  89.0000000000    9.1398473062e-02
  89.5000000000    9.1398654214e-02
  90.0000000000    9.1398958278e-02
  90.5000000000    9.1399391604e-02
  91.0000000000    9.1399955616e-02
  91.5000000000    9.1400644726e-02
  92.0000000000    9.1401449746e-02
  92.5000000000    9.1402363590e-02
  93.0000000000    9.1403384678e-02
  93.5000000000    9.1404517372e-02
  94.0000000000    9.1405768870e-02
  94.5000000000    9.1407141852e-02
  95.0000000000    9.1408632079e-02
  95.5000000000    9.1410230961e-02
  96.0000000000    9.1411930240e-02
  96.5000000000    9.1413726924e-02
  97.0000000000    9.1415625461e-02
  97.5000000000    9.1417632851e-02
  98.0000000000    9.1419752060e-02
  98.5000000000    9.1421980812e-02
  99.0000000000    9.1424312121e-02
  99.5000000000    9.1426738214e-02
 100.0000000000    9.1429256368e-02
 100.5000000000    9.1431869596e-02
 101.0000000000    9.1434581714e-02
 101.5000000000    9.1437392639e-02
 102.0000000000    9.1440299410e-02
 102.5000000000    9.1443299238e-02
 103.0000000000    9.1446389070e-02
 103.5000000000    9.1449565140e-02
 104.0000000000    9.1452826721e-02
 104.5000000000    9.1456178601e-02
 105.0000000000    9.1459626531e-02
 105.5000000000    9.1463170812e-02
 106.0000000000    9.1466804313e-02
 106.5000000000    9.1470517898e-02
 107.0000000000    9.1474305930e-02
 107.5000000000    9.1478169787e-02
 108.0000000000    9.1482116543e-02
 108.5000000000    9.1486152617e-02
 109.0000000000    9.1490278834e-02
 109.5000000000    9.1494490488e-02
 110.0000000000    9.1498780700e-02
 110.5000000000    9.1503144807e-02
 111.0000000000    9.1507583365e-02
 111.5000000000    9.1512101896e-02
 112.0000000000    9.1516706532e-02
 112.5000000000    9.1521398964e-02
 113.0000000000    9.1526174605e-02
 113.5000000000    9.1531025135e-02
 114.0000000000    9.1535943370e-02
 114.5000000000    9.1540927259e-02
 115.0000000000    9.1545979934e-02
 115.5000000000    9.1551106792e-02
 116.0000000000    9.1556310264e-02
 116.5000000000    9.1561587093e-02
 117.0000000000    9.1566930202e-02
 117.5000000000    9.1572334055e-02
 118.0000000000    9.1577798766e-02
 118.5000000000    9.1583330113e-02
 119.0000000000    9.1588935455e-02
 119.5000000000    9.1594617597e-02
 120.0000000000    9.1600371438e-02
 120.5000000000    9.1606186262e-02
 121.0000000000    9.1612052730e-02
 121.5000000000    9.1617968165e-02
 122.0000000000    9.1623937505e-02
 122.5000000000    9.1629969140e-02
 123.0000000000    9.1636069084e-02
 123.5000000000    9.1642237592e-02
 124.0000000000    9.1648469120e-02
 124.5000000000    9.1654755320e-02
 125.0000000000    9.1661090891e-02
 125.5000000000    9.1667478142e-02
 126.0000000000    9.1673924285e-02
 126.5000000000    9.1680433798e-02
 127.0000000000    9.1687005820e-02
 127.5000000000    9.1693636931e-02
 128.0000000000    9.1700323116e-02
 128.5000000000    9.1707060047e-02
 129.0000000000    9.1713846584e-02
 129.5000000000    9.1720688007e-02
 130.0000000000    9.1727591358e-02
 130.5000000000    9.1734558061e-02
 131.0000000000    9.1741584091e-02
 131.5000000000    9.1748663989e-02
 132.0000000000    9.1755792423e-02
 132.5000000000    9.1762967251e-02
 133.0000000000    9.1770193537e-02
 133.5000000000    9.1777479890e-02
 134.0000000000    9.1784829305e-02
 134.5000000000    9.1792236906e-02
 135.0000000000    9.1799695538e-02
 135.5000000000    9.1807200601e-02
 136.0000000000    9.1814750505e-02
 136.5000000000    9.1822348137e-02
 137.0000000000    9.1829999394e-02
 137.5000000000    9.1837707687e-02
 138.0000000000    9.1845470677e-02
 138.5000000000    9.1853282642e-02
 139.0000000000    9.1861140047e-02
 139.5000000000    9.1869042646e-02
 140.0000000000    9.1876994227e-02
 140.5000000000    9.1885000094e-02
 141.0000000000    9.1893063285e-02
 141.5000000000    9.1901183340e-02
 142.0000000000    9.1909358069e-02
 142.5000000000    9.1917585211e-02
 143.0000000000    9.1925863161e-02
 143.5000000000    9.1934193044e-02
 144.0000000000    9.1942578798e-02
 144.5000000000    9.1951024644e-02
 145.0000000000    9.1959532547e-02
 145.5000000000    9.1968101196e-02
 146.0000000000    9.1976727007e-02
 146.5000000000    9.1985406959e-02
 147.0000000000    9.1994140821e-02
 147.5000000000    9.2002931303e-02
 148.0000000000    9.2011782924e-02
 148.5000000000    9.2020699063e-02
 149.0000000000    9.2029678220e-02
 149.5000000000    9.2038714607e-02
 150.0000000000    9.2047802982e-02
 150.5000000000    9.2056942311e-02
 151.0000000000    9.2066135396e-02
 151.5000000000    9.2075387209e-02
 152.0000000000    9.2084701629e-02
 152.5000000000    9.2094077603e-02
 153.0000000000    9.2103509201e-02
 153.5000000000    9.2112990512e-02
 154.0000000000    9.2122520091e-02
 154.5000000000    9.2132101616e-02
 155.0000000000    9.2141740973e-02
 155.5000000000    9.2151442026e-02
 156.0000000000    9.2161203694e-02
 156.5000000000    9.2171020324e-02
 157.0000000000    9.2180886473e-02
 157.5000000000    9.2190802545e-02
 158.0000000000    9.2200775741e-02
 158.5000000000    9.2210815413e-02
 159.0000000000    9.2220926772e-02
 159.5000000000    9.2231106350e-02
 160.0000000000    9.2241343423e-02
 160.5000000000    9.2251628675e-02
 161.0000000000    9.2261962399e-02
 161.5000000000    9.2272354472e-02
 162.0000000000    9.2282816788e-02
 162.5000000000    9.2293355597e-02
 163.0000000000    9.2303968763e-02
 163.5000000000    9.2314649200e-02
 164.0000000000    9.2325390887e-02
 164.5000000000    9.2336192465e-02
 165.0000000000    9.2347056799e-02
 165.5000000000    9.2357988436e-02
 166.0000000000    9.2368991045e-02
 166.5000000000    9.2380065950e-02
 167.0000000000    9.2391211911e-02
 167.5000000000    9.2402426430e-02
 168.0000000000    9.2413707924e-02
 168.5000000000    9.2425056443e-02
 169.0000000000    9.2436472893e-02
 169.5000000000    9.2447958058e-02
 170.0000000000    9.2459511929e-02
 170.5000000000    9.2471133777e-02
 171.0000000000    9.2482822314e-02
 171.5000000000    9.2494575792e-02
 172.0000000000    9.2506392381e-02
 172.5000000000    9.2518270846e-02
 173.0000000000    9.2530211375e-02
 173.5000000000    9.2542215399e-02
 174.0000000000    9.2554284066e-02
 174.5000000000    9.2566417295e-02
 175.0000000000    9.2578613413e-02
 175.5000000000    9.2590869867e-02
 176.0000000000    9.2603185351e-02
 176.5000000000    9.2615561588e-02
 177.0000000000    9.2628002706e-02
 177.5000000000    9.2640512711e-02
 178.0000000000    9.2653092953e-02
 178.5000000000    9.2665741568e-02
 179.0000000000    9.2678455151e-02
 179.5000000000    9.2691231884e-02
 180.0000000000    9.2704073699e-02
 180.5000000000    9.2716985627e-02
 181.0000000000    9.2729972231e-02
 181.5000000000    9.2743033964e-02
 182.0000000000    9.2756166489e-02
 182.5000000000    9.2769363465e-02
 183.0000000000    9.2782620973e-02
 183.5000000000    9.2795940185e-02
 184.0000000000    9.2809326274e-02
 184.5000000000    9.2822784380e-02
 185.0000000000    9.2836316110e-02
 185.5000000000    9.2849919347e-02
 186.0000000000    9.2863591758e-02
 186.5000000000    9.2877335682e-02
 187.0000000000    9.2891160083e-02
 187.5000000000    9.2905077460e-02
 188.0000000000    9.2919098122e-02
 188.5000000000    9.2933226282e-02
 189.0000000000    9.2947459856e-02
 189.5000000000    9.2961793644e-02
 190.0000000000    9.2976223827e-02
 190.5000000000    9.2990750397e-02
 191.0000000000    9.3005375766e-02
 191.5000000000    9.3020101143e-02
 192.0000000000    9.3034923880e-02
 192.5000000000    9.3049837988e-02
 193.0000000000    9.3064838007e-02
 193.5000000000    9.3079923193e-02
 194.0000000000    9.3095098084e-02
 194.5000000000    9.3110369046e-02
 195.0000000000    9.3125740481e-02
 195.5000000000    9.3141212917e-02
 196.0000000000    9.3156783371e-02
 196.5000000000    9.3172448321e-02
 197.0000000000    9.3188207700e-02
 197.5000000000    9.3204065869e-02
 198.0000000000    9.3220028533e-02
 198.5000000000    9.3236099040e-02
 199.0000000000    9.3252277614e-02
 199.5000000000    9.3268562564e-02
 200.0000000000    9.3284952132e-02
 200.5000000000    9.3301446910e-02
 201.0000000000    9.3318050728e-02
 201.5000000000    9.3334768519e-02
 202.0000000000    9.3351603204e-02
 202.5000000000    9.3368554704e-02
 203.0000000000    9.3385621185e-02
 203.5000000000    9.3402800660e-02
 204.0000000000    9.3420092420e-02
 204.5000000000    9.3437497609e-02
 205.0000000000    9.3455018433e-02
 205.5000000000    9.3472657034e-02
 206.0000000000    9.3490415348e-02
 206.5000000000    9.3508295978e-02
 207.0000000000    9.3526302535e-02
 207.5000000000    9.3544439019e-02
 208.0000000000    9.3562708979e-02
 208.5000000000    9.3581114651e-02
 209.0000000000    9.3599656566e-02
 209.5000000000    9.3618334835e-02
 210.0000000000    9.3637150810e-02
 210.5000000000    9.3656107460e-02
 211.0000000000    9.3675208051e-02
 211.5000000000    9.3694454546e-02
 212.0000000000    9.3713847246e-02
 212.5000000000    9.3733385905e-02
 213.0000000000    9.3753071441e-02
 213.5000000000    9.3772907052e-02
 214.0000000000    9.3792897704e-02
 214.5000000000    9.3813047934e-02
 215.0000000000    9.3833359516e-02
 215.5000000000    9.3853831279e-02
 216.0000000000    9.3874461662e-02
 216.5000000000    9.3895251213e-02
 217.0000000000    9.3916203102e-02
 217.5000000000    9.3937321579e-02
 218.0000000000    9.3958609324e-02
 218.5000000000    9.3980065458e-02
 219.0000000000    9.4001686836e-02
 219.5000000000    9.4023472266e-02
 220.0000000000    9.4045425995e-02
 220.5000000000    9.4067557627e-02
 221.0000000000    9.4089878174e-02
 221.5000000000    9.4112394303e-02
 222.0000000000    9.4135104354e-02
 222.5000000000    9.4157999297e-02
 223.0000000000    9.4181068807e-02
 223.5000000000    9.4204308406e-02
 224.0000000000    9.4227722792e-02
 224.5000000000    9.4251323629e-02
 225.0000000000    9.4275123368e-02
 225.5000000000    9.4299128965e-02
 226.0000000000    9.4323339463e-02
 226.5000000000    9.4347749552e-02
 227.0000000000    9.4372355901e-02
 227.5000000000    9.4397161359e-02
 228.0000000000    9.4422174166e-02
 228.5000000000    9.4447403334e-02
 229.0000000000    9.4472853366e-02
 229.5000000000    9.4498522141e-02
 230.0000000000    9.4524403885e-02
 230.5000000000    9.4550494842e-02
 231.0000000000    9.4576797383e-02
 231.5000000000    9.4603319895e-02
 232.0000000000    9.4630073306e-02
 232.5000000000    9.4657067104e-02
 233.0000000000    9.4684307892e-02
 233.5000000000    9.4711801110e-02
 234.0000000000    9.4739553588e-02
 234.5000000000    9.4767573741e-02
 235.0000000000    9.4795868361e-02
 235.5000000000    9.4824438345e-02
 236.0000000000    9.4853277177e-02
 236.5000000000    9.4882374241e-02
 237.0000000000    9.4911721430e-02
 237.5000000000    9.4941318823e-02
 238.0000000000    9.4971175501e-02
 238.5000000000    9.5001305073e-02
 239.0000000000    9.5031719281e-02
 239.5000000000    9.5062424750e-02
 240.0000000000    9.5093425429e-02
 240.5000000000    9.5124728662e-02
 241.0000000000    9.5156349452e-02
 241.5000000000    9.5188308442e-02
 242.0000000000    9.5220623320e-02
 242.5000000000    9.5253298849e-02
 243.0000000000    9.5286322728e-02
 243.5000000000    9.5319671682e-02
 244.0000000000    9.5353325529e-02
 244.5000000000    9.5387281148e-02
 245.0000000000    9.5421557555e-02
 245.5000000000    9.5456188441e-02
 246.0000000000    9.5491206201e-02
 246.5000000000    9.5526627018e-02
 247.0000000000    9.5562446023e-02
 247.5000000000    9.5598645205e-02
 248.0000000000    9.5635208718e-02
 248.5000000000    9.5672135713e-02
 249.0000000000    9.5709442937e-02
 249.5000000000    9.5747155990e-02
 250.0000000000    9.5785295757e-02
 250.5000000000    9.5823869413e-02
 251.0000000000    9.5862871594e-02
 251.5000000000    9.5902293797e-02
 252.0000000000    9.5942134840e-02
 252.5000000000    9.5982405176e-02
 253.0000000000    9.6023122678e-02
 253.5000000000    9.6064303769e-02
 254.0000000000    9.6105956867e-02
 254.5000000000    9.6148082674e-02
 255.0000000000    9.6190680257e-02
 255.5000000000    9.6233754187e-02
 256.0000000000    9.6277317622e-02
 256.5000000000    9.6321389285e-02
 257.0000000000    9.6365986911e-02
 257.5000000000    9.6411122237e-02
 258.0000000000    9.6456800386e-02
 258.5000000000    9.6503022701e-02
 259.0000000000    9.6549790516e-02
 259.5000000000    9.6597107737e-02
 260.0000000000    9.6644981351e-02
 260.5000000000    9.6693420562e-02
 261.0000000000    9.6742436229e-02
 261.5000000000    9.6792041536e-02
 262.0000000000    9.6842252969e-02
 262.5000000000    9.6893089928e-02
 263.0000000000    9.6944572308e-02
 263.5000000000    9.6996717017e-02
 264.0000000000    9.7049535032e-02
 264.5000000000    9.7103030749e-02
 265.0000000000    9.7157204707e-02
 265.5000000000    9.7212058786e-02
 266.0000000000    9.7267600815e-02
 266.5000000000    9.7323845992e-02
 267.0000000000    9.7380814979e-02
 267.5000000000    9.7438530100e-02
 268.0000000000    9.7497011475e-02
 268.5000000000    9.7556274457e-02
 269.0000000000    9.7616329129e-02
 269.5000000000    9.7677181565e-02
 270.0000000000    9.7738836182e-02
 270.5000000000    9.7801298971e-02
 271.0000000000    9.7864581110e-02
 271.5000000000    9.7928701594e-02
 272.0000000000    9.7993686781e-02
 272.5000000000    9.8059565666e-02
 273.0000000000    9.8126361640e-02
 273.5000000000    9.8194083930e-02
 274.0000000000    9.8262723444e-02
 274.5000000000    9.8332256693e-02
 275.0000000000    9.8402657878e-02
 275.5000000000    9.8473914478e-02
 276.0000000000    9.8546038182e-02
 276.5000000000    9.8619063845e-02
 277.0000000000    9.8693034651e-02
 277.5000000000    9.8767979456e-02
 278.0000000000    9.8843893821e-02
 278.5000000000    9.8920736185e-02
 279.0000000000    9.8998443093e-02
 279.5000000000    9.9076955196e-02
 280.0000000000    9.9156237584e-02
 280.5000000000    9.9236280579e-02
 281.0000000000    9.9317079727e-02
 281.5000000000    9.9398607920e-02
 282.0000000000    9.9480798247e-02
 282.5000000000    9.9563548309e-02
 283.0000000000    9.9646740212e-02
 283.5000000000    9.9730258518e-02
 284.0000000000    9.9813990658e-02
 284.5000000000    9.9897808985e-02
 285.0000000000    9.9981547868e-02
 285.5000000000    1.0006499170e-01
 286.0000000000    1.0014787881e-01
 286.5000000000    1.0022991217e-01
 287.0000000000    1.0031076251e-01
 287.5000000000    1.0039005685e-01
 288.0000000000    1.0046735754e-01
 288.5000000000    1.0054214322e-01
 289.0000000000    1.0061379780e-01
 289.5000000000    1.0068160468e-01
 290.0000000000    1.0074473842e-01
 290.5000000000    1.0080224834e-01
 291.0000000000    1.0085303486e-01
 291.5000000000    1.0089582268e-01
 292.0000000000    1.0092913334e-01
 292.5000000000    1.0095125596e-01
 293.0000000000    1.0096021402e-01
 293.5000000000    1.0095372835e-01
 294.0000000000    1.0092917705e-01
 294.5000000000    1.0088355313e-01
 295.0000000000    1.0081341850e-01
 295.5000000000    1.0071485368e-01
 296.0000000000    1.0058340425e-01
 296.5000000000    1.0041402842e-01
 297.0000000000    1.0020105090e-01
 297.5000000000    9.9938127314e-02
 298.0000000000    9.9618222883e-02
 298.5000000000    9.9233610652e-02
 299.0000000000    9.8775896999e-02
 299.5000000000    9.8236083363e-02
 300.0000000000    9.7604673289e-02
 300.5000000000    9.6871833663e-02
 301.0000000000    9.6027618005e-02
 301.5000000000    9.5062256548e-02
 302.0000000000    9.3966510694e-02
 302.5000000000    9.2732077529e-02
 303.0000000000    9.1352016600e-02
 303.5000000000    8.9821159407e-02
 304.0000000000    8.8136454424e-02
 304.5000000000    8.6297197892e-02
 305.0000000000    8.4305104456e-02
 305.5000000000    8.2164183509e-02
 306.0000000000    7.9880408409e-02
 306.5000000000    7.7461195758e-02
 307.0000000000    7.4914748071e-02
 307.5000000000    7.2249351189e-02
 308.0000000000    6.9472750819e-02
 308.5000000000    6.6591754057e-02
 309.0000000000    6.3612204010e-02
 309.5000000000    6.0539450886e-02
 310.0000000000    5.7379382439e-02
 310.5000000000    5.4139971785e-02
 311.0000000000    5.0833151636e-02
 311.5000000000    4.7476649221e-02
 312.0000000000    4.4095269437e-02
 312.5000000000    4.0721075258e-02
 313.0000000000    3.7392064436e-02
 313.5000000000    3.4149295879e-02
 314.0000000000    3.1032894012e-02
 314.5000000000    2.8077774516e-02
 315.0000000000    2.5310102322e-02
 315.5000000000    2.2745319728e-02
 316.0000000000    2.0388131805e-02
 316.5000000000    1.8234277198e-02
 317.0000000000    1.6273428242e-02
 317.5000000000    1.4492305162e-02
 318.0000000000    1.2877172620e-02
 318.5000000000    1.1415291794e-02
 319.0000000000    1.0095385476e-02
 319.5000000000    8.9074633160e-03
 320.0000000000    7.8423853177e-03
 320.5000000000    6.8914300059e-03
 321.0000000000    6.0460028328e-03
 321.5000000000    5.2975204015e-03
 322.0000000000    4.6374400999e-03
 322.5000000000    4.0573711088e-03
 323.0000000000    3.5492028677e-03
 323.5000000000    3.1052120724e-03
 324.0000000000    2.7181382982e-03
 324.5000000000    2.3812348605e-03
 325.0000000000    2.0883033502e-03
 325.5000000000    1.8337151086e-03
 326.0000000000    1.6124187120e-03
 326.5000000000    1.4199319017e-03
 327.0000000000    1.2523183026e-03
 327.5000000000    1.1061514182e-03
 328.0000000000    9.7846975826e-04
 328.5000000000    8.6672734543e-04
 329.0000000000    7.6874346148e-04
 329.5000000000    6.8265454876e-04
 330.0000000000    6.0687002077e-04
 330.5000000000    5.4003267587e-04
 331.0000000000    4.8098371322e-04
 331.5000000000    4.2873212774e-04
 332.0000000000    3.8242830423e-04
 332.5000000000    3.4134167346e-04
 333.0000000000    3.0484214247e-04
 333.5000000000    2.7238476854e-04
 334.0000000000    2.4349698391e-04
 334.5000000000    2.1776774639e-04
 335.0000000000    1.9483824994e-04
 335.5000000000    1.7439406747e-04
 336.0000000000    1.5615870009e-04
 336.5000000000    1.3988838999e-04
 337.0000000000    1.2536790107e-04
 337.5000000000    1.1240692486e-04
 338.0000000000    1.0083687235e-04
 338.5000000000    9.0508003773e-05
 339.0000000000    8.1286979661e-05
 339.5000000000    7.3054894803e-05
 340.0000000000    6.5705733848e-05
 340.5000000000    5.9145078151e-05
 341.0000000000    5.3288889086e-05
 341.5000000000    4.8062299568e-05
 342.0000000000    4.3398475468e-05
 342.5000000000    3.9237658655e-05
 343.0000000000    3.5526439548e-05
 343.5000000000    3.2217197070e-05
 344.0000000000    2.9267578899e-05
 344.5000000000    2.6639926998e-05
 345.0000000000    2.4300656696e-05
 345.5000000000    2.2219681004e-05
 346.0000000000    2.0369974347e-05
 346.5000000000    1.8727288906e-05
 347.0000000000    1.7269943525e-05
 347.5000000000    1.5978581230e-05
 348.0000000000    1.4835851395e-05
 348.5000000000    1.3826065540e-05
 349.0000000000    1.2934926837e-05
 349.5000000000    1.2149395808e-05
 350.0000000000    1.1457661540e-05
 350.5000000000    1.0849117024e-05
 351.0000000000    1.0314258476e-05
 351.5000000000    9.8444938799e-06
 352.0000000000    9.4319656249e-06
 352.5000000000    9.0694649847e-06
 353.0000000000    8.7504609126e-06
 353.5000000000    8.4691652045e-06
 354.0000000000    8.2205288069e-06
 354.5000000000    8.0001314785e-06
 355.0000000000    7.8040159989e-06
 355.5000000000    7.6285817611e-06
 356.0000000000    7.4705879755e-06
 356.5000000000    7.3272286874e-06
 357.0000000000    7.1961770391e-06
 357.5000000000    7.0755261103e-06
 358.0000000000    6.9636473650e-06
 358.5000000000    6.8590617476e-06
 359.0000000000    6.7604074689e-06
 359.5000000000    6.6665044980e-06
 360.0000000000    6.5764335454e-06
 360.5000000000    6.4895382886e-06
 361.0000000000    6.4053304420e-06
 361.5000000000    6.3233645312e-06
 362.0000000000    6.2431759068e-06
 362.5000000000    6.1643205044e-06
 363.0000000000    6.0864676147e-06
 363.5000000000    6.0094542339e-06
 364.0000000000    5.9332460348e-06
 364.5000000000    5.8578328908e-06
 365.0000000000    5.7831437806e-06
 365.5000000000    5.7090476450e-06
 366.0000000000    5.6354322065e-06
 366.5000000000    5.5622866690e-06
 367.0000000000    5.4897134821e-06
 367.5000000000    5.4178568299e-06
 368.0000000000    5.3468073675e-06
 368.5000000000    5.2765617495e-06
 369.0000000000    5.2070665331e-06
 369.5000000000    5.1383040649e-06
 370.0000000000    5.0703436402e-06
 370.5000000000    5.0033133604e-06
 371.0000000000    4.9373168490e-06
 371.5000000000    4.8723656784e-06
 372.0000000000    4.8083827792e-06
 372.5000000000    4.7452763806e-06
 373.0000000000    4.6830110028e-06
 373.5000000000    4.6216296671e-06
 374.0000000000    4.5612012777e-06
 374.5000000000    4.5017450589e-06
 375.0000000000    4.4431969076e-06
 375.5000000000    4.3854465683e-06
 376.0000000000    4.3284141452e-06
 376.5000000000    4.2721015123e-06
 377.0000000000    4.2165763458e-06
 377.5000000000    4.1619033361e-06
 378.0000000000    4.1080810058e-06
 378.5000000000    4.0550369039e-06
 379.0000000000    4.0026839481e-06
 379.5000000000    3.9509886496e-06
 380.0000000000    3.8999929759e-06
 380.5000000000    3.8497716329e-06
 381.0000000000    3.8003607060e-06
 381.5000000000    3.7517259199e-06
 382.0000000000    3.7037818334e-06
 382.5000000000    3.6564654886e-06
 383.0000000000    3.6097857438e-06
 383.5000000000    3.5638137539e-06
 384.0000000000    3.5186223449e-06
 384.5000000000    3.4742262393e-06
 385.0000000000    3.4305735636e-06
 385.5000000000    3.3875946063e-06
 386.0000000000    3.3452645431e-06
 386.5000000000    3.3036259226e-06
 387.0000000000    3.2627522370e-06
 387.5000000000    3.2226843639e-06
 388.0000000000    3.1833945577e-06
 388.5000000000    3.1448085875e-06
 389.0000000000    3.1068664274e-06
 389.5000000000    3.0695692205e-06
 390.0000000000    3.0329730384e-06
 390.5000000000    2.9971361474e-06
 391.0000000000    2.9620656870e-06
 391.5000000000    2.9277091624e-06
 392.0000000000    2.8939970084e-06
 392.5000000000    2.8608985673e-06
 393.0000000000    2.8284433410e-06
 393.5000000000    2.7966901313e-06
 394.0000000000    2.7656716849e-06
 394.5000000000    2.7353623272e-06
 395.0000000000    2.7056956512e-06
 395.5000000000    2.6766160671e-06
 396.0000000000    2.6481195233e-06
 396.5000000000    2.6202491026e-06
 397.0000000000    2.5930504643e-06
 397.5000000000    2.5665258284e-06
 398.0000000000    2.5406254647e-06
 398.5000000000    2.5152828534e-06
 399.0000000000    2.4904625021e-06
 399.5000000000    2.4661797618e-06
 400.0000000000    2.4424766309e-06
 400.5000000000    2.4193752507e-06
 401.0000000000    2.3968491399e-06
 401.5000000000    2.3748360837e-06
 402.0000000000    2.3532807028e-06
 402.5000000000    2.3321701411e-06
 403.0000000000    2.3115328907e-06
 403.5000000000    2.2914027659e-06
 404.0000000000    2.2717791485e-06
 404.5000000000    2.2526172451e-06
 405.0000000000    2.2338558868e-06
 405.5000000000    2.2154584862e-06
 406.0000000000    2.1974322918e-06
 406.5000000000    2.1798102901e-06
 407.0000000000    2.1626119230e-06
 407.5000000000    2.1458162961e-06
 408.0000000000    2.1293703821e-06
 408.5000000000    2.1132244344e-06
 409.0000000000    2.0973640671e-06
 409.5000000000    2.0818119405e-06
 410.0000000000    2.0665983678e-06
 410.5000000000    2.0517263109e-06
 411.0000000000    2.0371604914e-06
 411.5000000000    2.0228493736e-06
 412.0000000000    2.0087606751e-06
 412.5000000000    1.9949000341e-06
 413.0000000000    1.9812974714e-06
 413.5000000000    1.9679737960e-06
 414.0000000000    1.9549158420e-06
 414.5000000000    1.9420813363e-06
 415.0000000000    1.9294286642e-06
 415.5000000000    1.9169457346e-06
 416.0000000000    1.9046534573e-06
 416.5000000000    1.8925815081e-06
 417.0000000000    1.8807375151e-06
 417.5000000000    1.8690959157e-06
 418.0000000000    1.8576155138e-06
 418.5000000000    1.8462701978e-06
 419.0000000000    1.8350663986e-06
 419.5000000000    1.8240328360e-06
 420.0000000000    1.8131919379e-06
 420.5000000000    1.8025375849e-06
 421.0000000000    1.7920378164e-06
 421.5000000000    1.7816596039e-06
 422.0000000000    1.7713845285e-06
 422.5000000000    1.7612517488e-06
 423.0000000000    1.7512801410e-06
 423.5000000000    1.7414913605e-06
 424.0000000000    1.7318463470e-06
 424.5000000000    1.7223236327e-06
 425.0000000000    1.7129020834e-06
 425.5000000000    1.7035875766e-06
 426.0000000000    1.6944056607e-06
 426.5000000000    1.6853778398e-06
 427.0000000000    1.6765019263e-06
 427.5000000000    1.6677529211e-06
 428.0000000000    1.6591031124e-06
 428.5000000000    1.6505439156e-06
 429.0000000000    1.6420909552e-06
 429.5000000000    1.6337685787e-06
 430.0000000000    1.6255874162e-06
 430.5000000000    1.6175341046e-06
 431.0000000000    1.6095815087e-06
 431.5000000000    1.6016993770e-06
 432.0000000000    1.5939122308e-06
 432.5000000000    1.5862296842e-06
 433.0000000000    1.5786703751e-06
 433.5000000000    1.5712339293e-06
 434.0000000000    1.5639002162e-06
 434.5000000000    1.5566452794e-06
 435.0000000000    1.5494600637e-06
 435.5000000000    1.5423561008e-06
 436.0000000000    1.5353537175e-06
 436.5000000000    1.5284631573e-06
 437.0000000000    1.5216746992e-06
 437.5000000000    1.5149658604e-06
 438.0000000000    1.5083191429e-06
 438.5000000000    1.5017350738e-06
 439.0000000000    1.4952297460e-06
 439.5000000000    1.4888193514e-06
 440.0000000000    1.4825050581e-06
 440.5000000000    1.4762709796e-06
 441.0000000000    1.4700965914e-06
 441.5000000000    1.4639727288e-06
 442.0000000000    1.4579076183e-06
 442.5000000000    1.4519181571e-06
 443.0000000000    1.4460141200e-06
 443.5000000000    1.4401889591e-06
 444.0000000000    1.4344244646e-06
 444.5000000000    1.4287053670e-06
 445.0000000000    1.4230308917e-06
 445.5000000000    1.4174132859e-06
 446.0000000000    1.4118682105e-06
 446.5000000000    1.4063976843e-06
 447.0000000000    1.4009899640e-06
 447.5000000000    1.3956283881e-06
 448.0000000000    1.3903048191e-06
 448.5000000000    1.3850255331e-06
 449.0000000000    1.3798049220e-06
 449.5000000000    1.3746526958e-06
 450.0000000000    1.3695654119e-06
 450.5000000000    1.3645293979e-06
 451.0000000000    1.3595321619e-06
 451.5000000000    1.3545725114e-06
 452.0000000000    1.3496608479e-06
 452.5000000000    1.3448096881e-06
 453.0000000000    1.3400227276e-06
 453.5000000000    1.3352916099e-06
 454.0000000000    1.3306029787e-06
 454.5000000000    1.3259493710e-06
 455.0000000000    1.3213347466e-06
 455.5000000000    1.3167703023e-06
 456.0000000000    1.3122643766e-06
 456.5000000000    1.3078151061e-06
 457.0000000000    1.3034118143e-06
 457.5000000000    1.2990437436e-06
 458.0000000000    1.2947085809e-06
 458.5000000000    1.2904136632e-06
 459.0000000000    1.2861690876e-06
 459.5000000000    1.2819788135e-06
 460.0000000000    1.2778371543e-06
 460.5000000000    1.2737334660e-06
 461.0000000000    1.2696608489e-06
 461.5000000000    1.2656213804e-06
 462.0000000000    1.2616236511e-06
 462.5000000000    1.2576749752e-06
 463.0000000000    1.2537749855e-06
 463.5000000000    1.2499158955e-06
 464.0000000000    1.2460889411e-06
 464.5000000000    1.2422915514e-06
 465.0000000000    1.2385285511e-06
 465.5000000000    1.2348081251e-06
 466.0000000000    1.2311341981e-06
 466.5000000000    1.2275032108e-06
 467.0000000000    1.2239071152e-06
 467.5000000000    1.2203399535e-06
 468.0000000000    1.2168023905e-06
 468.5000000000    1.2133005191e-06
 469.0000000000    1.2098510408e-06
 469.5000000000    1.2064325106e-06
 470.0000000000    1.2030396920e-06
 470.5000000000    1.1996868095e-06
 471.0000000000    1.1963599262e-06
 471.5000000000    1.1930617551e-06
 472.0000000000    1.1897979016e-06
 472.5000000000    1.1865716041e-06
 473.0000000000    1.1833808446e-06
 473.5000000000    1.1802194211e-06
 474.0000000000    1.1770822633e-06
 474.5000000000    1.1739688508e-06
 475.0000000000    1.1708831629e-06
 475.5000000000    1.1678298292e-06
 476.0000000000    1.1648099794e-06
 476.5000000000    1.1618203086e-06
 477.0000000000    1.1588557460e-06
 477.5000000000    1.1559135490e-06
 478.0000000000    1.1529952215e-06
 478.5000000000    1.1501049104e-06
 479.0000000000    1.1472457015e-06
 479.5000000000    1.1444169067e-06
 480.0000000000    1.1416150468e-06
 480.5000000000    1.1388363490e-06
 481.0000000000    1.1360798742e-06
 481.5000000000    1.1333479916e-06
 482.0000000000    1.1306438472e-06
 482.5000000000    1.1279689823e-06
 483.0000000000    1.1253218335e-06
 483.5000000000    1.1226990898e-06
 484.0000000000    1.1200983058e-06
 484.5000000000    1.1175195868e-06
 485.0000000000    1.1149651657e-06
 485.5000000000    1.1124373394e-06
 486.0000000000    1.1099364334e-06
 486.5000000000    1.1074605312e-06
 487.0000000000    1.1050068979e-06
 487.5000000000    1.1025740138e-06
 488.0000000000    1.1001624754e-06
 488.5000000000    1.0977742013e-06
 489.0000000000    1.0954105808e-06
 489.5000000000    1.0930712765e-06
 490.0000000000    1.0907544112e-06
 490.5000000000    1.0884579570e-06
 491.0000000000    1.0861811121e-06
 491.5000000000    1.0839245934e-06
 492.0000000000    1.0816897545e-06
 492.5000000000    1.0794773378e-06
 493.0000000000    1.0772868043e-06
 493.5000000000    1.0751166269e-06
 494.0000000000    1.0729652591e-06
 494.5000000000    1.0708320489e-06
 495.0000000000    1.0687174519e-06
 495.5000000000    1.0666225213e-06
 496.0000000000    1.0645480032e-06
 496.5000000000    1.0624936294e-06
 497.0000000000    1.0604581362e-06
 497.5000000000    1.0584400947e-06
 498.0000000000    1.0564388978e-06
 498.5000000000    1.0544551555e-06
 499.0000000000    1.0524901775e-06
 499.5000000000    1.0505448916e-06
 500.0000000000    1.0486190172e-06
 500.5000000000    1.0467111076e-06
 501.0000000000    1.0448195454e-06
 501.5000000000    1.0429437603e-06
 502.0000000000    1.0410846431e-06
 502.5000000000    1.0392437874e-06
 503.0000000000    1.0374221202e-06
 503.5000000000    1.0356274302e-06
 504.0000000000    1.0338410610e-06
 504.5000000000    1.0320696873e-06
 505.0000000000    1.0303131162e-06
 505.5000000000    1.0285721423e-06
 506.0000000000    1.0268482729e-06
 506.5000000000    1.0251339409e-06
 507.0000000000    1.0234440548e-06
 507.5000000000    1.0217678234e-06
 508.0000000000    1.0201033092e-06
 508.5000000000    1.0184504370e-06
 509.0000000000    1.0168110129e-06
 509.5000000000    1.0151865713e-06
 510.0000000000    1.0135776819e-06
 510.5000000000    1.0119827916e-06
 511.0000000000    1.0103995471e-06
 511.5000000000    1.0088268449e-06
 512.0000000000    1.0072658849e-06
 512.5000000000    1.0057193660e-06
 513.0000000000    1.0041893062e-06
 513.5000000000    1.0026752566e-06
 514.0000000000    1.0011745162e-06
 514.5000000000    9.9968431283e-07
 515.0000000000    9.9820396784e-07
 515.5000000000    9.9673543604e-07
 516.0000000000    9.9528163491e-07
 516.5000000000    9.9384383048e-07
 517.0000000000    9.9242028346e-07
 517.5000000000    9.9100772586e-07
 518.0000000000    9.8960395441e-07
 518.5000000000    9.8820973501e-07
 519.0000000000    9.8682818342e-07
 519.5000000000    9.8546217056e-07
 520.0000000000    9.8411179568e-07
 520.5000000000    9.8277414827e-07
 521.0000000000    9.8144573476e-07
 521.5000000000    9.8012531554e-07
 522.0000000000    9.7881492908e-07
 522.5000000000    9.7751813572e-07
 523.0000000000    9.7623695936e-07
 523.5000000000    9.7497003144e-07
 524.0000000000    9.7371359473e-07
 524.5000000000    9.7246460940e-07
 525.0000000000    9.7122322409e-07
 525.5000000000    9.6999266126e-07
 526.0000000000    9.6877647145e-07
 526.5000000000    9.6757546091e-07
 527.0000000000    9.6638684201e-07
 527.5000000000    9.6520650127e-07
 528.0000000000    9.6403237647e-07
 528.5000000000    9.6286620689e-07
 529.0000000000    9.6171929270e-07
 529.5000000000    9.6058009769e-07
 530.0000000000    9.5945504425e-07
 530.5000000000    9.5834017175e-07
 531.0000000000    9.5723165360e-07
 531.5000000000    9.5612905201e-07
 532.0000000000    9.5503579013e-07
 532.5000000000    9.5394928577e-07
 533.0000000000    9.5288541648e-07
 533.5000000000    9.5183463475e-07
 534.0000000000    9.5079237256e-07
 534.5000000000    9.4975593801e-07
 535.0000000000    9.4871834226e-07
 535.5000000000    9.4770400097e-07
 536.0000000000    9.4670715809e-07
 536.5000000000    9.4572278015e-07
 537.0000000000    9.4474805335e-07
 537.5000000000    9.4377988741e-07
 538.0000000000    9.4281712549e-07
 538.5000000000    9.4186289386e-07
 539.0000000000    9.4092178125e-07
 539.5000000000    9.3999571245e-07
 540.0000000000    9.3908215647e-07
 540.5000000000    9.3817606026e-07
 541.0000000000    9.3727396938e-07
 541.5000000000    9.3637681043e-07
 542.0000000000    9.3548896889e-07
 542.5000000000    9.3461444416e-07
 543.0000000000    9.3375325849e-07
 543.5000000000    9.3290118544e-07
 544.0000000000    9.3205304239e-07
 544.5000000000    9.3120680093e-07
 545.0000000000    9.3036506324e-07
 545.5000000000    9.2953266883e-07
 546.0000000000    9.2871244591e-07
 546.5000000000    9.2790271180e-07
 547.0000000000    9.2709872816e-07
 547.5000000000    9.2629693498e-07
 548.0000000000    9.2549839008e-07
 548.5000000000    9.2470840948e-07
 549.0000000000    9.2393258703e-07
 549.5000000000    9.2317249813e-07
 550.0000000000    9.2242472384e-07
 550.5000000000    9.2168402382e-07
 551.0000000000    9.2094794626e-07
 551.5000000000    9.2021890460e-07
 552.0000000000    9.1950193515e-07
 552.5000000000    9.1880003080e-07
 553.0000000000    9.1811115855e-07
 553.5000000000    9.1742960160e-07
 554.0000000000    9.1675673661e-07
 554.5000000000    9.1607994167e-07
 555.0000000000    9.1541001021e-07
 555.5000000000    9.1475225496e-07
 556.0000000000    9.1410816033e-07
 556.5000000000    9.1347414260e-07
 557.0000000000    9.1283851578e-07
 557.5000000000    9.1221069770e-07
 558.0000000000    9.1158687545e-07
 558.5000000000    9.1097239487e-07
 559.0000000000    9.1036957756e-07
 559.5000000000    9.0977409760e-07
 560.0000000000    9.0919107510e-07
 560.5000000000    9.0861687167e-07
 561.0000000000    9.0803648026e-07
 561.5000000000    9.0746132292e-07
 562.0000000000    9.0689674795e-07
 562.5000000000    9.0634470107e-07
 563.0000000000    9.0580203288e-07
 563.5000000000    9.0526314995e-07
 564.0000000000    9.0472475116e-07
 564.5000000000    9.0418863718e-07
 565.0000000000    9.0366019171e-07
 565.5000000000    9.0314382568e-07
 566.0000000000    9.0263924380e-07
 566.5000000000    9.0214169719e-07
 567.0000000000    9.0164132407e-07
 567.5000000000    9.0114643543e-07
 568.0000000000    9.0066083686e-07
 568.5000000000    9.0018068806e-07
 569.0000000000    8.9971333903e-07
 569.5000000000    8.9925619938e-07
 570.0000000000    8.9880361118e-07
 570.5000000000    8.9835169716e-07
 571.0000000000    8.9790151042e-07
 571.5000000000    8.9745818753e-07
 572.0000000000    8.9702647867e-07
 572.5000000000    8.9660662739e-07
 573.0000000000    8.9619407868e-07
 573.5000000000    8.9578324208e-07
 574.0000000000    8.9537221720e-07
 574.5000000000    8.9496430316e-07
 575.0000000000    8.9456519289e-07
 575.5000000000    8.9417806325e-07
 576.0000000000    8.9380085509e-07
 576.5000000000    8.9342798300e-07
 577.0000000000    8.9305510896e-07
 577.5000000000    8.9268282593e-07
 578.0000000000    8.9231617974e-07
 578.5000000000    8.9196037713e-07
 579.0000000000    8.9161633228e-07
 579.5000000000    8.9127990053e-07
 580.0000000000    8.9094545474e-07
 580.5000000000    8.9061072055e-07
 581.0000000000    8.9027870446e-07
 581.5000000000    8.8995513641e-07
 582.0000000000    8.8964357665e-07
 582.5000000000    8.8934242889e-07
 583.0000000000    8.8904634506e-07
 583.5000000000    8.8875074910e-07
 584.0000000000    8.8845571961e-07
 584.5000000000    8.8816586960e-07
 585.0000000000    8.8788638079e-07
 585.5000000000    8.8761856237e-07
 586.0000000000    8.8735874711e-07
 586.5000000000    8.8710137473e-07
 587.0000000000    8.8684367734e-07
 587.5000000000    8.8658794407e-07
 588.0000000000    8.8633948027e-07
 588.5000000000    8.8610205122e-07
 589.0000000000    8.8587466838e-07
 589.5000000000    8.8565239477e-07
 590.0000000000    8.8543050078e-07
 590.5000000000    8.8520839828e-07
 591.0000000000    8.8499012227e-07
 591.5000000000    8.8478086245e-07
 592.0000000000    8.8458256251e-07
 592.5000000000    8.8439227147e-07
 593.0000000000    8.8420465347e-07
 593.5000000000    8.8401651553e-07
 594.0000000000    8.8382949171e-07
 594.5000000000    8.8364865656e-07
 595.0000000000    8.8347821582e-07
 595.5000000000    8.8331796545e-07
 596.0000000000    8.8316345575e-07
 596.5000000000    8.8300976169e-07
 597.0000000000    8.8285571656e-07
 597.5000000000    8.8270486779e-07
 598.0000000000    8.8256243045e-07
 598.5000000000    8.8243085230e-07
 599.0000000000    8.8230774226e-07
 599.5000000000    8.8218787293e-07
 600.0000000000    8.8206759957e-07
 600.5000000000    8.8194794084e-07
 601.0000000000    8.8183365197e-07
 601.5000000000    8.8172909704e-07
 602.0000000000    8.8163450089e-07
 602.5000000000    8.8154575504e-07
 603.0000000000    8.8145790132e-07
 603.5000000000    8.8136931178e-07
 604.0000000000    8.8128302237e-07
 604.5000000000    8.8120411139e-07
 605.0000000000    8.8113533507e-07
 605.5000000000    8.8107485127e-07
 606.0000000000    8.8101781788e-07
 606.5000000000    8.8096054281e-07
 607.0000000000    8.8090359537e-07
 607.5000000000    8.8084536895e-07
 608.0000000000    8.8080218345e-07
 608.5000000000    8.8077475164e-07
 609.0000000000    8.8074172289e-07
 609.5000000000    8.8071614699e-07
 610.0000000000    8.8069004848e-07
 610.5000000000    8.8066579889e-07
 611.0000000000    8.8064799750e-07
 611.5000000000    8.8063953590e-07
 612.0000000000    8.8063905598e-07
 612.5000000000    8.8064205730e-07
 613.0000000000    8.8064462193e-07
 613.5000000000    8.8064663764e-07
 614.0000000000    8.8065177349e-07
 614.5000000000    8.8066429024e-07
 615.0000000000    8.8068540547e-07
 615.5000000000    8.8071226687e-07
 616.0000000000    8.8074039891e-07
 616.5000000000    8.8076750607e-07
 617.0000000000    8.8079542430e-07
 617.5000000000    8.8082856680e-07
 618.0000000000    8.8087020948e-07
 618.5000000000    8.8091975195e-07
 619.0000000000    8.8097328092e-07
 619.5000000000    8.8102692492e-07
 620.0000000000    8.8108012454e-07
 620.5000000000    8.8113607293e-07
 621.0000000000    8.8119893747e-07
 621.5000000000    8.8127029966e-07
 622.0000000000    8.8134781810e-07
 622.5000000000    8.8142722891e-07
 623.0000000000    8.8150597067e-07
 623.5000000000    8.8158534252e-07
 624.0000000000    8.8166936135e-07
 624.5000000000    8.8176137501e-07
 625.0000000000    8.8186125498e-07
 625.5000000000    8.8196564028e-07
 626.0000000000    8.8207086408e-07
 626.5000000000    8.8217609354e-07
 627.0000000000    8.8228403473e-07
 627.5000000000    8.8239858905e-07
 628.0000000000    8.8252153358e-07
 628.5000000000    8.8265102996e-07
 629.0000000000    8.8278318401e-07
 629.5000000000    8.8291527699e-07
 630.0000000000    8.8304793175e-07
 630.5000000000    8.8318442030e-07
 631.0000000000    8.8332775939e-07
 631.5000000000    8.8347806917e-07
 632.0000000000    8.8363242584e-07
 632.5000000000    8.8378726854e-07
 633.0000000000    8.8394130537e-07
 633.5000000000    8.8409648150e-07
 634.0000000000    8.8425622630e-07
 634.5000000000    8.8442250089e-07
 635.0000000000    8.8459414408e-07
 635.5000000000    8.8476786754e-07
 636.0000000000    8.8494102017e-07
 636.5000000000    8.8511379864e-07
 637.0000000000    8.8528902974e-07
 637.5000000000    8.8546974777e-07
 638.0000000000    8.8565663228e-07
 638.5000000000    8.8584747103e-07
 639.0000000000    8.8603904926e-07
 639.5000000000    8.8622987831e-07
 640.0000000000    8.8642138142e-07
 640.5000000000    8.8661665161e-07
 641.0000000000    8.8681781295e-07
 641.5000000000    8.8702421446e-07
 642.0000000000    8.8723305626e-07
 642.5000000000    8.8744178320e-07
 643.0000000000    8.8765027538e-07
 643.5000000000    8.8786090295e-07
 644.0000000000    8.8807655177e-07
 644.5000000000    8.8829820165e-07
 645.0000000000    8.8852421806e-07
 645.5000000000    8.8875186548e-07
 646.0000000000    8.8897967242e-07
 646.5000000000    8.8920867631e-07
 647.0000000000    8.8944150345e-07
 647.5000000000    8.8968013248e-07
 648.0000000000    8.8992425745e-07
 648.5000000000    8.9017156828e-07
 649.0000000000    8.9041969277e-07
 649.5000000000    8.9066807866e-07
 650.0000000000    8.9091826633e-07
 650.5000000000    8.9117241414e-07
 651.0000000000    8.9143134617e-07
 651.5000000000    8.9169377407e-07
 652.0000000000    8.9195728889e-07
 652.5000000000    8.9222024934e-07
 653.0000000000    8.9248297693e-07
 653.5000000000    8.9274732204e-07
 654.0000000000    8.9301501608e-07
 654.5000000000    8.9328621755e-07
 655.0000000000    8.9355942417e-07
 655.5000000000    8.9383278758e-07
 656.0000000000    8.9410569520e-07
 656.5000000000    8.9437930899e-07
 657.0000000000    8.9465566260e-07
 657.5000000000    8.9493607457e-07
 658.0000000000    8.9522021341e-07
 658.5000000000    8.9550655631e-07
 659.0000000000    8.9579381270e-07
 659.5000000000    8.9608210543e-07
 660.0000000000    8.9637295094e-07
 660.5000000000    8.9666807804e-07
 661.0000000000    8.9696809394e-07
 661.5000000000    8.9727211113e-07
 662.0000000000    8.9757860285e-07
 662.5000000000    8.9788672697e-07
 663.0000000000    8.9819699695e-07
 663.5000000000    8.9851077277e-07
 664.0000000000    8.9882904801e-07
 664.5000000000    8.9915154927e-07
 665.0000000000    8.9947687527e-07
 665.5000000000    8.9980352303e-07
 666.0000000000    9.0013089804e-07
 666.5000000000    9.0045950802e-07
 667.0000000000    9.0079024082e-07
 667.5000000000    9.0112338916e-07
 668.0000000000    9.0145824441e-07
 668.5000000000    9.0179356283e-07
 669.0000000000    9.0212846128e-07
 669.5000000000    9.0246300349e-07
 670.0000000000    9.0279804595e-07
 670.5000000000    9.0313453425e-07
 671.0000000000    9.0347284772e-07
 671.5000000000    9.0381268498e-07
 672.0000000000    9.0415349341e-07
 672.5000000000    9.0449503509e-07
 673.0000000000    9.0483764699e-07
 673.5000000000    9.0518203657e-07
 674.0000000000    9.0552881587e-07
 674.5000000000    9.0587811517e-07
 675.0000000000    9.0622952652e-07
 675.5000000000    9.0658237733e-07
 676.0000000000    9.0693612172e-07
 676.5000000000    9.0729060632e-07
 677.0000000000    9.0764605565e-07
 677.5000000000    9.0800279899e-07
 678.0000000000    9.0836091298e-07
 678.5000000000    9.0872001773e-07
 679.0000000000    9.0907937870e-07
 679.5000000000    9.0943828584e-07
 680.0000000000    9.0979646038e-07
 680.5000000000    9.1015417868e-07
 681.0000000000    9.1051195767e-07
 681.5000000000    9.1086998491e-07
 682.0000000000    9.1122771076e-07
 682.5000000000    9.1158396683e-07
 683.0000000000    9.1193759232e-07
 683.5000000000    9.1228809925e-07
 684.0000000000    9.1263646299e-07
 684.5000000000    9.1298199961e-07
 685.0000000000    9.1332538237e-07
 685.5000000000    9.1366565557e-07
 686.0000000000    9.1400131035e-07
 686.5000000000    9.1433130272e-07
 687.0000000000    9.1465581899e-07
 687.5000000000    9.1497613685e-07
 688.0000000000    9.1529361646e-07
 688.5000000000    9.1560865830e-07
 689.0000000000    9.1592051169e-07
 689.5000000000    9.1622815861e-07
 690.0000000000    9.1653094462e-07
 690.5000000000    9.1683153130e-07
 691.0000000000    9.1713159423e-07
 691.5000000000    9.1743282003e-07
 692.0000000000    9.1773532272e-07
 692.5000000000    9.1803793969e-07
 693.0000000000    9.1833960058e-07
 693.5000000000    9.1864062382e-07
 694.0000000000    9.1894284243e-07
 694.5000000000    9.1924838401e-07
 695.0000000000    9.1955808206e-07
 695.5000000000    9.1987087292e-07
 696.0000000000    9.2018474198e-07
 696.5000000000    9.2049850069e-07
 697.0000000000    9.2081291462e-07
 697.5000000000    9.2113019355e-07
 698.0000000000    9.2145220044e-07
 698.5000000000    9.2177885813e-07
 699.0000000000    9.2210812208e-07
 699.5000000000    9.2243762766e-07
 700.0000000000    9.2276666434e-07
