#          time               M_ADM
   0.0000000000    9.5184362114e-02
   0.5000000000    9.5172159274e-02
   1.0000000000    9.5142154674e-02
   1.5000000000    9.5101804306e-02
   2.0000000000    9.5057908512e-02
   2.5000000000    9.5014443834e-02
   3.0000000000    9.4972778033e-02
   3.5000000000    9.4932755626e-02
   4.0000000000    9.4893644305e-02
   4.5000000000    9.4854678946e-02
   5.0000000000    9.4815283658e-02
   5.5000000000    9.4775110056e-02
   6.0000000000    9.4733994340e-02
   6.5000000000    9.4691892935e-02
   7.0000000000    9.4648827184e-02
   7.5000000000    9.4604848939e-02
   8.0000000000    9.4560025942e-02
   8.5000000000    9.4514437591e-02
   9.0000000000    9.4468170842e-02
   9.5000000000    9.4421311728e-02
  10.0000000000    9.4373935941e-02
  10.5000000000    9.4326105224e-02
  11.0000000000    9.4277872643e-02
  11.5000000000    9.4229292815e-02
  12.0000000000    9.4180426488e-02
  12.5000000000    9.4131339662e-02
  13.0000000000    9.4082094807e-02
  13.5000000000    9.4032737217e-02
  14.0000000000    9.3983299337e-02
  14.5000000000    9.3933810234e-02
  15.0000000000    9.3884305238e-02
  15.5000000000    9.3834829777e-02
  16.0000000000    9.3785433400e-02
  16.5000000000    9.3736159753e-02
  17.0000000000    9.3687037227e-02
  17.5000000000    9.3638074757e-02
  18.0000000000    9.3589289850e-02
  18.5000000000    9.3540701462e-02
  19.0000000000    9.3492347504e-02
  19.5000000000    9.3444264732e-02
  20.0000000000    9.3396479396e-02
  20.5000000000    9.3348998888e-02
  21.0000000000    9.3301846196e-02
  21.5000000000    9.3255013732e-02
  22.0000000000    9.3208521679e-02
  22.5000000000    9.3162405649e-02
  23.0000000000    9.3116696661e-02
  23.5000000000    9.3071403896e-02
  24.0000000000    9.3026534326e-02
  24.5000000000    9.2982085428e-02
  25.0000000000    9.2938058355e-02
  25.5000000000    9.2894463475e-02
  26.0000000000    9.2851320441e-02
  26.5000000000    9.2808656477e-02
  27.0000000000    9.2766485647e-02
  27.5000000000    9.2724807734e-02
  28.0000000000    9.2683615708e-02
  28.5000000000    9.2642905221e-02
  29.0000000000    9.2602683146e-02
  29.5000000000    9.2562966578e-02
  30.0000000000    9.2523774017e-02
  30.5000000000    9.2485115218e-02
  31.0000000000    9.2446991558e-02
  31.5000000000    9.2409399290e-02
  32.0000000000    9.2372329542e-02
  32.5000000000    9.2335773902e-02
  33.0000000000    9.2299744475e-02
  33.5000000000    9.2264261433e-02
  34.0000000000    9.2229330507e-02
  34.5000000000    9.2194937491e-02
  35.0000000000    9.2161075468e-02
  35.5000000000    9.2127737761e-02
  36.0000000000    9.2094921341e-02
  36.5000000000    9.2062640847e-02
  37.0000000000    9.2030907219e-02
  37.5000000000    9.1999723623e-02
  38.0000000000    9.1969081093e-02
  38.5000000000    9.1938964095e-02
  39.0000000000    9.1909361170e-02
  39.5000000000    9.1880271586e-02
  40.0000000000    9.1851703867e-02
  40.5000000000    9.1823667870e-02
  41.0000000000    9.1796165250e-02
  41.5000000000    9.1769185586e-02
  42.0000000000    9.1742712686e-02
  42.5000000000    9.1716734466e-02
  43.0000000000    9.1691247726e-02
  43.5000000000    9.1666259326e-02
  44.0000000000    9.1641779015e-02
  44.5000000000    9.1617806469e-02
  45.0000000000    9.1594328816e-02
  45.5000000000    9.1571328017e-02
  46.0000000000    9.1548791176e-02
  46.5000000000    9.1526715874e-02
  47.0000000000    9.1505105487e-02
  47.5000000000    9.1483963685e-02
  48.0000000000    9.1463291380e-02
  48.5000000000    9.1443081784e-02
  49.0000000000    9.1423318880e-02
  49.5000000000    9.1403983899e-02
  50.0000000000    9.1385066478e-02
  50.5000000000    9.1366566721e-02
  51.0000000000    9.1348485380e-02
  51.5000000000    9.1330815563e-02
  52.0000000000    9.1313526885e-02
  52.5000000000    9.1296577236e-02
  53.0000000000    9.1279904883e-02
  53.5000000000    9.1263433530e-02
  54.0000000000    9.1247063526e-02
  54.5000000000    9.1230659061e-02
  55.0000000000    9.1214041411e-02
  55.5000000000    9.1197001873e-02
  56.0000000000    9.1179346421e-02
  56.5000000000    9.1160972309e-02
  57.0000000000    9.1141955448e-02
  57.5000000000    9.1122608404e-02
  58.0000000000    9.1103463307e-02
  58.5000000000    9.1085154585e-02
  59.0000000000    9.1068237794e-02
  59.5000000000    9.1053032808e-02
  60.0000000000    9.1039567399e-02
  60.5000000000    9.1027633457e-02
  61.0000000000    9.1016899062e-02
  61.5000000000    9.1007011311e-02
  62.0000000000    9.0997657617e-02
  62.5000000000    9.0988592678e-02
  63.0000000000    9.0979657131e-02
  63.5000000000    9.0970788762e-02
  64.0000000000    9.0962002367e-02
  64.5000000000    9.0953340971e-02
  65.0000000000    9.0944837761e-02
  65.5000000000    9.0936515489e-02
  66.0000000000    9.0928392847e-02
  66.5000000000    9.0920479367e-02
  67.0000000000    9.0912773209e-02
  67.5000000000    9.0905272326e-02
  68.0000000000    9.0897984237e-02
  68.5000000000    9.0890918975e-02
  69.0000000000    9.0884084235e-02
  69.5000000000    9.0877480510e-02
  70.0000000000    9.0871100369e-02
  70.5000000000    9.0864933386e-02
  71.0000000000    9.0858967410e-02
  71.5000000000    9.0853200660e-02
  72.0000000000    9.0847639146e-02
  72.5000000000    9.0842289442e-02
  73.0000000000    9.0837152425e-02
  73.5000000000    9.0832220876e-02
  74.0000000000    9.0827482881e-02
  74.5000000000    9.0822928428e-02
  75.0000000000    9.0818555335e-02
  75.5000000000    9.0814366910e-02
  76.0000000000    9.0810366532e-02
  76.5000000000    9.0806552833e-02
  77.0000000000    9.0802919405e-02
  77.5000000000    9.0799459606e-02
  78.0000000000    9.0796169492e-02
  78.5000000000    9.0793046612e-02
  79.0000000000    9.0790088695e-02
  79.5000000000    9.0787293737e-02
  80.0000000000    9.0784663211e-02
  80.5000000000    9.0782200392e-02
  81.0000000000    9.0779906355e-02
  81.5000000000    9.0777777036e-02
  82.0000000000    9.0775801040e-02
  82.5000000000    9.0773962163e-02
  83.0000000000    9.0772251620e-02
  83.5000000000    9.0770676794e-02
  84.0000000000    9.0769252463e-02
  84.5000000000    9.0767983790e-02
  85.0000000000    9.0766862700e-02
  85.5000000000    9.0765878392e-02
  86.0000000000    9.0765027408e-02
  86.5000000000    9.0764313022e-02
  87.0000000000    9.0763738136e-02
  87.5000000000    9.0763301130e-02
  88.0000000000    9.0762994968e-02
  88.5000000000    9.0762810804e-02
  89.0000000000    9.0762742720e-02
  89.5000000000    9.0762792746e-02
  90.0000000000    9.0762967319e-02
  90.5000000000    9.0763271933e-02
  91.0000000000    9.0763706131e-02
  91.5000000000    9.0764262720e-02
  92.0000000000    9.0764932407e-02
  92.5000000000    9.0765709683e-02
  93.0000000000    9.0766594819e-02
  93.5000000000    9.0767593232e-02
  94.0000000000    9.0768711485e-02
  94.5000000000    9.0769950386e-02
  95.0000000000    9.0771303937e-02
  95.5000000000    9.0772763159e-02
  96.0000000000    9.0774321126e-02
  96.5000000000    9.0775976907e-02
  97.0000000000    9.0777736318e-02
  97.5000000000    9.0779605910e-02
  98.0000000000    9.0781586949e-02
  98.5000000000    9.0783675317e-02
  99.0000000000    9.0785863282e-02
  99.5000000000    9.0788144050e-02
 100.0000000000    9.0790516871e-02
 100.5000000000    9.0792986188e-02
 101.0000000000    9.0795555787e-02
 101.5000000000    9.0798224490e-02
 102.0000000000    9.0800987924e-02
 102.5000000000    9.0803842072e-02
 103.0000000000    9.0806783877e-02
 103.5000000000    9.0809811358e-02
 104.0000000000    9.0812925896e-02
 104.5000000000    9.0816132967e-02
 105.0000000000    9.0819436719e-02
 105.5000000000    9.0822835325e-02
 106.0000000000    9.0826320589e-02
 106.5000000000    9.0829883928e-02
 107.0000000000    9.0833521543e-02
 107.5000000000    9.0837236820e-02
 108.0000000000    9.0841037249e-02
 108.5000000000    9.0844928126e-02
 109.0000000000    9.0848908246e-02
 109.5000000000    9.0852971506e-02
 110.0000000000    9.0857111185e-02
 110.5000000000    9.0861324229e-02
 111.0000000000    9.0865613177e-02
 111.5000000000    9.0869984399e-02
 112.0000000000    9.0874443148e-02
 112.5000000000    9.0878989118e-02
 113.0000000000    9.0883616090e-02
 113.5000000000    9.0888315549e-02
 114.0000000000    9.0893081790e-02
 114.5000000000    9.0897914898e-02
 115.0000000000    9.0902819243e-02
 115.5000000000    9.0907799677e-02
 116.0000000000    9.0912856639e-02
 116.5000000000    9.0917985033e-02
 117.0000000000    9.0923177335e-02
 117.5000000000    9.0928429286e-02
 118.0000000000    9.0933742986e-02
 118.5000000000    9.0939125441e-02
 119.0000000000    9.0944583451e-02
 119.5000000000    9.0950117973e-02
 120.0000000000    9.0955722137e-02
 120.5000000000    9.0961384919e-02
 121.0000000000    9.0967098293e-02
 121.5000000000    9.0972861604e-02
 122.0000000000    9.0978681050e-02
 122.5000000000    9.0984564729e-02
 123.0000000000    9.0990517021e-02
 123.5000000000    9.0996536225e-02
 124.0000000000    9.1002615714e-02
 124.5000000000    9.1008747648e-02
 125.0000000000    9.1014928520e-02
 125.5000000000    9.1021162105e-02
 126.0000000000    9.1027455510e-02
 126.5000000000    9.1033811949e-02
 127.0000000000    9.1040228835e-02
 127.5000000000    9.1046701247e-02
 128.0000000000    9.1053224964e-02
 128.5000000000    9.1059797274e-02
 129.0000000000    9.1066419349e-02
 129.5000000000    9.1073097343e-02
 130.0000000000    9.1079837036e-02
 130.5000000000    9.1086637783e-02
 131.0000000000    9.1093494145e-02
 131.5000000000    9.1100400619e-02
 132.0000000000    9.1107353596e-02
 132.5000000000    9.1114353532e-02
 133.0000000000    9.1121406691e-02
 133.5000000000    9.1128520381e-02
 134.0000000000    9.1135695186e-02
 134.5000000000    9.1142924477e-02
 135.0000000000    9.1150200871e-02
 135.5000000000    9.1157521054e-02
 136.0000000000    9.1164885566e-02
 136.5000000000    9.1172298535e-02
 137.0000000000    9.1179764747e-02
 137.5000000000    9.1187285419e-02
 138.0000000000    9.1194856254e-02
 138.5000000000    9.1202471233e-02
 139.0000000000    9.1210127819e-02
 139.5000000000    9.1217827314e-02
 140.0000000000    9.1225574491e-02
 140.5000000000    9.1233374142e-02
 141.0000000000    9.1241227842e-02
 141.5000000000    9.1249133466e-02
 142.0000000000    9.1257087985e-02
 142.5000000000    9.1265089421e-02
 143.0000000000    9.1273137661e-02
 143.5000000000    9.1281235431e-02
 144.0000000000    9.1289387108e-02
 144.5000000000    9.1297596001e-02
 145.0000000000    9.1305862456e-02
 145.5000000000    9.1314183874e-02
 146.0000000000    9.1322556719e-02
 146.5000000000    9.1330979473e-02
 147.0000000000    9.1339453899e-02
 147.5000000000    9.1347983940e-02
 148.0000000000    9.1356573715e-02
 148.5000000000    9.1365224664e-02
 149.0000000000    9.1373933387e-02
 149.5000000000    9.1382693895e-02
 150.0000000000    9.1391502551e-02
 150.5000000000    9.1400360563e-02
 151.0000000000    9.1409272194e-02
 151.5000000000    9.1418242005e-02
 152.0000000000    9.1427271621e-02
 152.5000000000    9.1436357614e-02
 153.0000000000    9.1445493370e-02
 153.5000000000    9.1454674464e-02
 154.0000000000    9.1463901843e-02
 154.5000000000    9.1473180670e-02
 155.0000000000    9.1482516156e-02
 155.5000000000    9.1491909683e-02
 156.0000000000    9.1501357668e-02
 156.5000000000    9.1510853745e-02
 157.0000000000    9.1520393954e-02
 157.5000000000    9.1529981061e-02
 158.0000000000    9.1539623552e-02
 158.5000000000    9.1549329747e-02
 159.0000000000    9.1559102319e-02
 159.5000000000    9.1568935640e-02
 160.0000000000    9.1578819016e-02
 160.5000000000    9.1588745099e-02
 161.0000000000    9.1598716499e-02
 161.5000000000    9.1608743827e-02
 162.0000000000    9.1618837863e-02
 162.5000000000    9.1629002860e-02
 163.0000000000    9.1639235124e-02
 163.5000000000    9.1649527512e-02
 164.0000000000    9.1659875383e-02
 164.5000000000    9.1670279415e-02
 165.0000000000    9.1680744040e-02
 165.5000000000    9.1691274117e-02
 166.0000000000    9.1701872282e-02
 166.5000000000    9.1712538286e-02
 167.0000000000    9.1723270065e-02
 167.5000000000    9.1734065705e-02
 168.0000000000    9.1744924932e-02
 168.5000000000    9.1755848896e-02
 169.0000000000    9.1766838714e-02
 169.5000000000    9.1777894773e-02
 170.0000000000    9.1789016483e-02
 170.5000000000    9.1800202463e-02
 171.0000000000    9.1811451006e-02
 171.5000000000    9.1822760525e-02
 172.0000000000    9.1834129919e-02
 172.5000000000    9.1845558837e-02
 173.0000000000    9.1857047827e-02
 173.5000000000    9.1868597690e-02
 174.0000000000    9.1880208271e-02
 174.5000000000    9.1891878070e-02
 175.0000000000    9.1903604791e-02
 175.5000000000    9.1915386492e-02
 176.0000000000    9.1927223143e-02
 176.5000000000    9.1939117328e-02
 177.0000000000    9.1951072692e-02
 177.5000000000    9.1963091381e-02
 178.0000000000    9.1975172559e-02
 178.5000000000    9.1987313223e-02
 179.0000000000    9.1999510638e-02
 179.5000000000    9.2011764864e-02
 180.0000000000    9.2024079278e-02
 180.5000000000    9.2036458563e-02
 181.0000000000    9.2048905045e-02
 181.5000000000    9.2061416527e-02
 182.0000000000    9.2073987388e-02
 182.5000000000    9.2086612342e-02
 183.0000000000    9.2099289973e-02
 183.5000000000    9.2112023414e-02
 184.0000000000    9.2124817650e-02
 184.5000000000    9.2137675442e-02
 185.0000000000    9.2150595587e-02
 185.5000000000    9.2163574762e-02
 186.0000000000    9.2176612003e-02
 186.5000000000    9.2189712433e-02
 187.0000000000    9.2202887032e-02
 187.5000000000    9.2216147914e-02
 188.0000000000    9.2229502858e-02
 188.5000000000    9.2242953189e-02
 189.0000000000    9.2256495711e-02
 189.5000000000    9.2270126739e-02
 190.0000000000    9.2283845429e-02
 190.5000000000    9.2297653977e-02
 191.0000000000    9.2311554625e-02
 191.5000000000    9.2325546248e-02
 192.0000000000    9.2339623484e-02
 192.5000000000    9.2353779315e-02
 193.0000000000    9.2368009651e-02
 193.5000000000    9.2382316297e-02
 194.0000000000    9.2396705426e-02
 194.5000000000    9.2411182969e-02
 195.0000000000    9.2425751173e-02
 195.5000000000    9.2440408148e-02
 196.0000000000    9.2455149932e-02
 196.5000000000    9.2469974075e-02
 197.0000000000    9.2484882560e-02
 197.5000000000    9.2499880932e-02
 198.0000000000    9.2514974221e-02
 198.5000000000    9.2530163705e-02
 199.0000000000    9.2545447502e-02
 199.5000000000    9.2560822943e-02
 200.0000000000    9.2576288966e-02
 200.5000000000    9.2591847714e-02
 201.0000000000    9.2607503892e-02
 201.5000000000    9.2623261822e-02
 202.0000000000    9.2639122724e-02
 202.5000000000    9.2655084870e-02
 203.0000000000    9.2671145681e-02
 203.5000000000    9.2687303506e-02
 204.0000000000    9.2703558545e-02
 204.5000000000    9.2719912440e-02
 205.0000000000    9.2736367024e-02
 205.5000000000    9.2752923449e-02
 206.0000000000    9.2769582726e-02
 206.5000000000    9.2786347022e-02
 207.0000000000    9.2803219952e-02
 207.5000000000    9.2820205697e-02
 208.0000000000    9.2837307794e-02
 208.5000000000    9.2854528169e-02
 209.0000000000    9.2871867185e-02
 209.5000000000    9.2889324952e-02
 210.0000000000    9.2906902906e-02
 210.5000000000    9.2924603920e-02
 211.0000000000    9.2942430779e-02
 211.5000000000    9.2960384927e-02
 212.0000000000    9.2978466536e-02
 212.5000000000    9.2996675905e-02
 213.0000000000    9.3015014836e-02
 213.5000000000    9.3033487058e-02
 214.0000000000    9.3052097097e-02
 214.5000000000    9.3070848271e-02
 215.0000000000    9.3089741258e-02
 215.5000000000    9.3108774857e-02
 216.0000000000    9.3127948643e-02
 216.5000000000    9.3147264693e-02
 217.0000000000    9.3166726879e-02
 217.5000000000    9.3186338673e-02
 218.0000000000    9.3206100929e-02
 218.5000000000    9.3226011252e-02
 219.0000000000    9.3246066577e-02
 219.5000000000    9.3266267294e-02
 220.0000000000    9.3286619530e-02
 220.5000000000    9.3307133446e-02
 221.0000000000    9.3327818476e-02
 221.5000000000    9.3348678438e-02
 222.0000000000    9.3369709448e-02
 222.5000000000    9.3390902463e-02
 223.0000000000    9.3412249383e-02
 223.5000000000    9.3433748506e-02
 224.0000000000    9.3455405680e-02
 224.5000000000    9.3477230889e-02
 225.0000000000    9.3499232942e-02
 225.5000000000    9.3521415422e-02
 226.0000000000    9.3543776366e-02
 226.5000000000    9.3566312229e-02
 227.0000000000    9.3589022628e-02
 227.5000000000    9.3611911922e-02
 228.0000000000    9.3634986910e-02
 228.5000000000    9.3658252845e-02
 229.0000000000    9.3681710421e-02
 229.5000000000    9.3705356054e-02
 230.0000000000    9.3729185584e-02
 230.5000000000    9.3753198426e-02
 231.0000000000    9.3777398952e-02
 231.5000000000    9.3801794539e-02
 232.0000000000    9.3826392437e-02
 232.5000000000    9.3851198000e-02
 233.0000000000    9.3876215783e-02
 233.5000000000    9.3901452151e-02
 234.0000000000    9.3926916480e-02
 234.5000000000    9.3952618810e-02
 235.0000000000    9.3978564865e-02
 235.5000000000    9.4004752258e-02
 236.0000000000    9.4031171197e-02
 236.5000000000    9.4057810091e-02
 237.0000000000    9.4084662763e-02
 237.5000000000    9.4111732471e-02
 238.0000000000    9.4139030092e-02
 238.5000000000    9.4166567936e-02
 239.0000000000    9.4194353993e-02
 239.5000000000    9.4222391074e-02
 240.0000000000    9.4250681586e-02
 240.5000000000    9.4279234129e-02
 241.0000000000    9.4308066210e-02
 241.5000000000    9.4337199691e-02
 242.0000000000    9.4366650791e-02
 242.5000000000    9.4396420855e-02
 243.0000000000    9.4426494618e-02
 243.5000000000    9.4456848564e-02
 244.0000000000    9.4487465266e-02
 244.5000000000    9.4518345443e-02
 245.0000000000    9.4549510170e-02
 245.5000000000    9.4580991661e-02
 246.0000000000    9.4612817845e-02
 246.5000000000    9.4645000131e-02
 247.0000000000    9.4677531472e-02
 247.5000000000    9.4710395515e-02
 248.0000000000    9.4743580528e-02
 248.5000000000    9.4777089219e-02
 249.0000000000    9.4810938696e-02
 249.5000000000    9.4845151276e-02
 250.0000000000    9.4879742955e-02
 250.5000000000    9.4914717452e-02
 251.0000000000    9.4950069280e-02
 251.5000000000    9.4985792619e-02
 252.0000000000    9.5021889342e-02
 252.5000000000    9.5058370754e-02
 253.0000000000    9.5095252453e-02
 253.5000000000    9.5132546773e-02
 254.0000000000    9.5170258751e-02
 254.5000000000    9.5208388206e-02
 255.0000000000    9.5246935704e-02
 255.5000000000    9.5285907940e-02
 256.0000000000    9.5325318723e-02
 256.5000000000    9.5365185022e-02
 257.0000000000    9.5405521181e-02
 257.5000000000    9.5446335698e-02
 258.0000000000    9.5487632095e-02
 258.5000000000    9.5529412107e-02
 259.0000000000    9.5571678605e-02
 259.5000000000    9.5614436739e-02
 260.0000000000    9.5657693370e-02
 260.5000000000    9.5701456040e-02
 261.0000000000    9.5745733329e-02
 261.5000000000    9.5790536301e-02
 262.0000000000    9.5835880212e-02
 262.5000000000    9.5881783901e-02
 263.0000000000    9.5928266758e-02
 263.5000000000    9.5975344715e-02
 264.0000000000    9.6023027293e-02
 264.5000000000    9.6071317510e-02
 265.0000000000    9.6120215248e-02
 265.5000000000    9.6169722526e-02
 266.0000000000    9.6219847484e-02
 266.5000000000    9.6270605088e-02
 267.0000000000    9.6322014890e-02
 267.5000000000    9.6374097474e-02
 268.0000000000    9.6426871191e-02
 268.5000000000    9.6480350209e-02
 269.0000000000    9.6534544293e-02
 269.5000000000    9.6589459891e-02
 270.0000000000    9.6645102215e-02
 270.5000000000    9.6701478300e-02
 271.0000000000    9.6758600400e-02
 271.5000000000    9.6816488103e-02
 272.0000000000    9.6875167289e-02
 272.5000000000    9.6934665274e-02
 273.0000000000    9.6995003349e-02
 273.5000000000    9.7056189727e-02
 274.0000000000    9.7118216759e-02
 274.5000000000    9.7181065031e-02
 275.0000000000    9.7244713988e-02
 275.5000000000    9.7309155050e-02
 276.0000000000    9.7374400643e-02
 276.5000000000    9.7440483044e-02
 277.0000000000    9.7507441301e-02
 277.5000000000    9.7575301175e-02
 278.0000000000    9.7644058243e-02
 278.5000000000    9.7713674554e-02
 279.0000000000    9.7784092420e-02
 279.5000000000    9.7855257730e-02
 280.0000000000    9.7927137732e-02
 280.5000000000    9.7999720833e-02
 281.0000000000    9.8072997875e-02
 281.5000000000    9.8146937237e-02
 282.0000000000    9.8221470561e-02
 282.5000000000    9.8296497745e-02
 283.0000000000    9.8371904632e-02
 283.5000000000    9.8447577164e-02
 284.0000000000    9.8523399317e-02
 284.5000000000    9.8599235706e-02
 285.0000000000    9.8674911806e-02
 285.5000000000    9.8750205009e-02
 286.0000000000    9.8824849028e-02
 286.5000000000    9.8898542259e-02
 287.0000000000    9.8970947614e-02
 287.5000000000    9.9041679224e-02
 288.0000000000    9.9110282160e-02
 288.5000000000    9.9176215127e-02
 289.0000000000    9.9238840827e-02
 289.5000000000    9.9297420498e-02
 290.0000000000    9.9351105246e-02
 290.5000000000    9.9398919224e-02
 291.0000000000    9.9439735409e-02
 291.5000000000    9.9472248101e-02
 292.0000000000    9.9494945151e-02
 292.5000000000    9.9506080063e-02
 293.0000000000    9.9503642754e-02
 293.5000000000    9.9485327757e-02
 294.0000000000    9.9448498916e-02
 294.5000000000    9.9390149922e-02
 295.0000000000    9.9306860931e-02
 295.5000000000    9.9194753225e-02
 296.0000000000    9.9049445551e-02
 296.5000000000    9.8866016249e-02
 297.0000000000    9.8638974672e-02
 297.5000000000    9.8362244498e-02
 298.0000000000    9.8029162145e-02
 298.5000000000    9.7632495920e-02
 299.0000000000    9.7164493534e-02
 299.5000000000    9.6616966050e-02
 300.0000000000    9.5981416033e-02
 300.5000000000    9.5249216838e-02
 301.0000000000    9.4411847265e-02
 301.5000000000    9.3461180287e-02
 302.0000000000    9.2389816053e-02
 302.5000000000    9.1191439155e-02
 303.0000000000    8.9861170837e-02
 303.5000000000    8.8395879920e-02
 304.0000000000    8.6794411705e-02
 304.5000000000    8.5057692996e-02
 305.0000000000    8.3188675417e-02
 305.5000000000    8.1192090911e-02
 306.0000000000    7.9074013935e-02
 306.5000000000    7.6841253431e-02
 307.0000000000    7.4500631416e-02
 307.5000000000    7.2058239916e-02
 308.0000000000    6.9518798300e-02
 308.5000000000    6.6885254119e-02
 309.0000000000    6.4158777205e-02
 309.5000000000    6.1339282743e-02
 310.0000000000    5.8426572667e-02
 310.5000000000    5.5422091287e-02
 311.0000000000    5.2331141595e-02
 311.5000000000    4.9165212807e-02
 312.0000000000    4.5943877892e-02
 312.5000000000    4.2695620449e-02
 313.0000000000    3.9457045059e-02
 313.5000000000    3.6270260713e-02
 314.0000000000    3.3178742925e-02
 314.5000000000    3.0222495800e-02
 315.0000000000    2.7433630950e-02
 315.5000000000    2.4833410577e-02
 316.0000000000    2.2431385837e-02
 316.5000000000    2.0226652690e-02
 317.0000000000    1.8210649039e-02
 317.5000000000    1.6370524985e-02
 318.0000000000    1.4692108745e-02
 318.5000000000    1.3161878667e-02
 319.0000000000    1.1767877993e-02
 319.5000000000    1.0499854379e-02
 320.0000000000    9.3489797414e-03
 320.5000000000    8.3074244047e-03
 321.0000000000    7.3679522822e-03
 321.5000000000    6.5236214391e-03
 322.0000000000    5.7676144067e-03
 322.5000000000    5.0931789032e-03
 323.0000000000    4.4936378891e-03
 323.5000000000    3.9624307325e-03
 324.0000000000    3.4931642264e-03
 324.5000000000    3.0796676708e-03
 325.0000000000    2.7160515698e-03
 325.5000000000    2.3967670496e-03
 326.0000000000    2.1166591731e-03
 326.5000000000    1.8710064625e-03
 327.0000000000    1.6555416750e-03
 327.5000000000    1.4664529849e-03
 328.0000000000    1.3003683292e-03
 328.5000000000    1.1543276811e-03
 329.0000000000    1.0257482301e-03
 329.5000000000    9.1238647264e-04
 330.0000000000    8.1229986653e-04
 330.5000000000    7.2380966454e-04
 331.0000000000    6.4546598752e-04
 331.5000000000    5.7601598237e-04
 332.0000000000    5.1437568784e-04
 332.5000000000    4.5960583033e-04
 333.0000000000    4.1089125718e-04
 333.5000000000    3.6752338015e-04
 334.0000000000    3.2888498581e-04
 334.5000000000    2.9443702358e-04
 335.0000000000    2.6370725863e-04
 335.5000000000    2.3628076916e-04
 336.0000000000    2.1179216050e-04
 336.5000000000    1.8991914755e-04
 337.0000000000    1.7037707965e-04
 337.5000000000    1.5291409515e-04
 338.0000000000    1.3730680585e-04
 338.5000000000    1.2335658268e-04
 339.0000000000    1.1088651170e-04
 339.5000000000    9.9738955053e-05
 340.0000000000    8.9773515503e-05
 340.5000000000    8.0865183616e-05
 341.0000000000    7.2902561112e-05
 341.5000000000    6.5786201561e-05
 342.0000000000    5.9427186629e-05
 342.5000000000    5.3746003091e-05
 343.0000000000    4.8671659177e-05
 343.5000000000    4.4140895572e-05
 344.0000000000    4.0097369074e-05
 344.5000000000    3.6490794970e-05
 345.0000000000    3.3276140492e-05
 345.5000000000    3.0412975471e-05
 346.0000000000    2.7865012816e-05
 346.5000000000    2.5599758363e-05
 347.0000000000    2.3588151046e-05
 347.5000000000    2.1804129366e-05
 348.0000000000    2.0224165317e-05
 348.5000000000    1.8826872882e-05
 349.0000000000    1.7592771583e-05
 349.5000000000    1.6504185816e-05
 350.0000000000    1.5545174844e-05
 350.5000000000    1.4701388796e-05
 351.0000000000    1.3959842616e-05
 351.5000000000    1.3308671481e-05
 352.0000000000    1.2736999640e-05
 352.5000000000    1.2234935274e-05
 353.0000000000    1.1793625242e-05
 353.5000000000    1.1405250896e-05
 354.0000000000    1.1062905422e-05
 354.5000000000    1.0760402514e-05
 355.0000000000    1.0492131880e-05
 355.5000000000    1.0253035390e-05
 356.0000000000    1.0038672583e-05
 356.5000000000    9.8452712620e-06
 357.0000000000    9.6696674479e-06
 357.5000000000    9.5091449007e-06
 358.0000000000    9.3612725500e-06
 358.5000000000    9.2238416124e-06
 359.0000000000    9.0949177869e-06
 359.5000000000    8.9729258984e-06
 360.0000000000    8.8566601421e-06
 360.5000000000    8.7451821507e-06
 361.0000000000    8.6376705676e-06
 361.5000000000    8.5333297942e-06
 362.0000000000    8.4314145917e-06
 362.5000000000    8.3313287657e-06
 363.0000000000    8.2326950986e-06
 363.5000000000    8.1353227097e-06
 364.0000000000    8.0390894630e-06
 364.5000000000    7.9438315241e-06
 365.0000000000    7.8493254168e-06
 365.5000000000    7.7553681925e-06
 366.0000000000    7.6618775255e-06
 366.5000000000    7.5689196169e-06
 367.0000000000    7.4766365232e-06
 367.5000000000    7.3851313669e-06
 368.0000000000    7.2944053077e-06
 368.5000000000    7.2043938747e-06
 369.0000000000    7.1150652456e-06
 369.5000000000    7.0264914425e-06
 370.0000000000    6.9388290661e-06
 370.5000000000    6.8522249589e-06
 371.0000000000    6.7667256867e-06
 371.5000000000    6.6822659259e-06
 372.0000000000    6.5987417136e-06
 372.5000000000    6.5161105344e-06
 373.0000000000    6.4344208030e-06
 373.5000000000    6.3537658834e-06
 374.0000000000    6.2741910159e-06
 374.5000000000    6.1956404697e-06
 375.0000000000    6.1179894211e-06
 375.5000000000    6.0411339810e-06
 376.0000000000    5.9650641972e-06
 376.5000000000    5.8898597687e-06
 377.0000000000    5.8156138014e-06
 377.5000000000    5.7423496119e-06
 378.0000000000    5.6700001795e-06
 378.5000000000    5.5984661507e-06
 379.0000000000    5.5277015328e-06
 379.5000000000    5.4577531366e-06
 380.0000000000    5.3887206444e-06
 380.5000000000    5.3206698852e-06
 381.0000000000    5.2535826731e-06
 381.5000000000    5.1873653672e-06
 382.0000000000    5.1219348947e-06
 382.5000000000    5.0572886985e-06
 383.0000000000    4.9935085783e-06
 383.5000000000    4.9306949191e-06
 384.0000000000    4.8688880983e-06
 384.5000000000    4.8080435393e-06
 385.0000000000    4.7480802560e-06
 385.5000000000    4.6889597347e-06
 386.0000000000    4.6307266226e-06
 386.5000000000    4.5734766369e-06
 387.0000000000    4.5172797710e-06
 387.5000000000    4.4621244939e-06
 388.0000000000    4.4079302166e-06
 388.5000000000    4.3546166657e-06
 389.0000000000    4.3021705772e-06
 389.5000000000    4.2506533036e-06
 390.0000000000    4.2001445185e-06
 390.5000000000    4.1506714766e-06
 391.0000000000    4.1021842351e-06
 391.5000000000    4.0545969734e-06
 392.0000000000    4.0078587486e-06
 392.5000000000    3.9619925857e-06
 393.0000000000    3.9170702476e-06
 393.5000000000    3.8731454947e-06
 394.0000000000    3.8302033851e-06
 394.5000000000    3.7881681968e-06
 395.0000000000    3.7469621428e-06
 395.5000000000    3.7065637269e-06
 396.0000000000    3.6670164560e-06
 396.5000000000    3.6283818220e-06
 397.0000000000    3.5906776923e-06
 397.5000000000    3.5538544915e-06
 398.0000000000    3.5178283379e-06
 398.5000000000    3.4825415406e-06
 399.0000000000    3.4479986614e-06
 399.5000000000    3.4142483291e-06
 400.0000000000    3.3813277141e-06
 400.5000000000    3.3492175580e-06
 401.0000000000    3.3178456306e-06
 401.5000000000    3.2871345635e-06
 402.0000000000    3.2570526856e-06
 402.5000000000    3.2276250354e-06
 403.0000000000    3.1988963350e-06
 403.5000000000    3.1708780934e-06
 404.0000000000    3.1435250365e-06
 404.5000000000    3.1167599465e-06
 405.0000000000    3.0905247765e-06
 405.5000000000    3.0648144245e-06
 406.0000000000    3.0396651581e-06
 406.5000000000    3.0151084800e-06
 407.0000000000    2.9911302110e-06
 407.5000000000    2.9676693191e-06
 408.0000000000    2.9446566596e-06
 408.5000000000    2.9220599926e-06
 409.0000000000    2.8998971116e-06
 409.5000000000    2.8782067678e-06
 410.0000000000    2.8570028393e-06
 410.5000000000    2.8362507802e-06
 411.0000000000    2.8158857863e-06
 411.5000000000    2.7958564733e-06
 412.0000000000    2.7761565444e-06
 412.5000000000    2.7568179822e-06
 413.0000000000    2.7378724219e-06
 413.5000000000    2.7193140095e-06
 414.0000000000    2.7010951571e-06
 414.5000000000    2.6831581275e-06
 415.0000000000    2.6654749556e-06
 415.5000000000    2.6480616945e-06
 416.0000000000    2.6309554852e-06
 416.5000000000    2.6141747333e-06
 417.0000000000    2.5976963979e-06
 417.5000000000    2.5814692550e-06
 418.0000000000    2.5654511038e-06
 418.5000000000    2.5496378421e-06
 419.0000000000    2.5340599534e-06
 419.5000000000    2.5187501757e-06
 420.0000000000    2.5037104290e-06
 420.5000000000    2.4889059441e-06
 421.0000000000    2.4742908698e-06
 421.5000000000    2.4598429763e-06
 422.0000000000    2.4455797677e-06
 422.5000000000    2.4315329623e-06
 423.0000000000    2.4177260323e-06
 423.5000000000    2.4041454801e-06
 424.0000000000    2.3907520159e-06
 424.5000000000    2.3775115307e-06
 425.0000000000    2.3644210531e-06
 425.5000000000    2.3515078485e-06
 426.0000000000    2.3388031112e-06
 426.5000000000    2.3263130952e-06
 427.0000000000    2.3140120634e-06
 427.5000000000    2.3018623916e-06
 428.0000000000    2.2898441743e-06
 428.5000000000    2.2779691189e-06
 429.0000000000    2.2662674232e-06
 429.5000000000    2.2547594233e-06
 430.0000000000    2.2434362765e-06
 430.5000000000    2.2322657334e-06
 431.0000000000    2.2212174582e-06
 431.5000000000    2.2102860954e-06
 432.0000000000    2.1994782771e-06
 432.5000000000    2.1888494829e-06
 433.0000000000    2.1783928459e-06
 433.5000000000    2.1680885026e-06
 434.0000000000    2.1579045036e-06
 434.5000000000    2.1478218212e-06
 435.0000000000    2.1378478531e-06
 435.5000000000    2.1280073788e-06
 436.0000000000    2.1183191585e-06
 436.5000000000    2.1087782129e-06
 437.0000000000    2.0993585359e-06
 437.5000000000    2.0900334075e-06
 438.0000000000    2.0807957613e-06
 438.5000000000    2.0716614768e-06
 439.0000000000    2.0626533412e-06
 439.5000000000    2.0537796631e-06
 440.0000000000    2.0450256202e-06
 440.5000000000    2.0363643285e-06
 441.0000000000    2.0277777939e-06
 441.5000000000    2.0192698574e-06
 442.0000000000    2.0108605032e-06
 442.5000000000    2.0025668207e-06
 443.0000000000    1.9943869511e-06
 443.5000000000    1.9863004490e-06
 444.0000000000    1.9782843125e-06
 444.5000000000    1.9703307694e-06
 445.0000000000    1.9624509103e-06
 445.5000000000    1.9546662583e-06
 446.0000000000    1.9469851380e-06
 446.5000000000    1.9393975797e-06
 447.0000000000    1.9318821083e-06
 447.5000000000    1.9244229862e-06
 448.0000000000    1.9170222293e-06
 448.5000000000    1.9096964806e-06
 449.0000000000    1.9024618229e-06
 449.5000000000    1.8953196287e-06
 450.0000000000    1.8882551829e-06
 450.5000000000    1.8812499826e-06
 451.0000000000    1.8742967556e-06
 451.5000000000    1.8674046952e-06
 452.0000000000    1.8605907548e-06
 452.5000000000    1.8538647072e-06
 453.0000000000    1.8472207265e-06
 453.5000000000    1.8406421538e-06
 454.0000000000    1.8341151531e-06
 454.5000000000    1.8276396539e-06
 455.0000000000    1.8212282215e-06
 455.5000000000    1.8148945110e-06
 456.0000000000    1.8086412777e-06
 456.5000000000    1.8024576746e-06
 457.0000000000    1.7963281013e-06
 457.5000000000    1.7902447867e-06
 458.0000000000    1.7842133026e-06
 458.5000000000    1.7782468712e-06
 459.0000000000    1.7723545708e-06
 459.5000000000    1.7665333526e-06
 460.0000000000    1.7607704706e-06
 460.5000000000    1.7550539351e-06
 461.0000000000    1.7493819144e-06
 461.5000000000    1.7437634394e-06
 462.0000000000    1.7382100585e-06
 462.5000000000    1.7327256306e-06
 463.0000000000    1.7273029077e-06
 463.5000000000    1.7219295087e-06
 464.0000000000    1.7165979515e-06
 464.5000000000    1.7113114259e-06
 465.0000000000    1.7060798157e-06
 465.5000000000    1.7009115989e-06
 466.0000000000    1.6958059961e-06
 466.5000000000    1.6907537826e-06
 467.0000000000    1.6857448732e-06
 467.5000000000    1.6807762729e-06
 468.0000000000    1.6758538185e-06
 468.5000000000    1.6709865373e-06
 469.0000000000    1.6661928112e-06
 469.5000000000    1.6614395492e-06
 470.0000000000    1.6567175515e-06
 470.5000000000    1.6520475186e-06
 471.0000000000    1.6474156493e-06
 471.5000000000    1.6428286676e-06
 472.0000000000    1.6382932922e-06
 472.5000000000    1.6338100950e-06
 473.0000000000    1.6293727976e-06
 473.5000000000    1.6249726243e-06
 474.0000000000    1.6206056673e-06
 474.5000000000    1.6162749223e-06
 475.0000000000    1.6119872153e-06
 475.5000000000    1.6077470192e-06
 476.0000000000    1.6035525175e-06
 476.5000000000    1.5993970381e-06
 477.0000000000    1.5952744244e-06
 477.5000000000    1.5911837716e-06
 478.0000000000    1.5871296814e-06
 478.5000000000    1.5831180446e-06
 479.0000000000    1.5791509975e-06
 479.5000000000    1.5752250682e-06
 480.0000000000    1.5713344230e-06
 480.5000000000    1.5674749899e-06
 481.0000000000    1.5636477913e-06
 481.5000000000    1.5598576613e-06
 482.0000000000    1.5561086642e-06
 482.5000000000    1.5524011146e-06
 483.0000000000    1.5487309735e-06
 483.5000000000    1.5450931624e-06
 484.0000000000    1.5414854004e-06
 484.5000000000    1.5379096836e-06
 485.0000000000    1.5343703017e-06
 485.5000000000    1.5308700388e-06
 486.0000000000    1.5274077852e-06
 486.5000000000    1.5239793286e-06
 487.0000000000    1.5205805668e-06
 487.5000000000    1.5172104994e-06
 488.0000000000    1.5138716348e-06
 488.5000000000    1.5105675901e-06
 489.0000000000    1.5072998924e-06
 489.5000000000    1.5040665941e-06
 490.0000000000    1.5008636921e-06
 490.5000000000    1.4976880903e-06
 491.0000000000    1.4945397096e-06
 491.5000000000    1.4914211551e-06
 492.0000000000    1.4883352984e-06
 492.5000000000    1.4852827427e-06
 493.0000000000    1.4822611314e-06
 493.5000000000    1.4792667503e-06
 494.0000000000    1.4762971394e-06
 494.5000000000    1.4733526727e-06
 495.0000000000    1.4704359017e-06
 495.5000000000    1.4675492941e-06
 496.0000000000    1.4646930775e-06
 496.5000000000    1.4618648008e-06
 497.0000000000    1.4590610088e-06
 497.5000000000    1.4562798259e-06
 498.0000000000    1.4535223392e-06
 498.5000000000    1.4507916289e-06
 499.0000000000    1.4480901771e-06
 499.5000000000    1.4454177181e-06
 500.0000000000    1.4427712943e-06
 500.5000000000    1.4401474534e-06
 501.0000000000    1.4375449000e-06
 501.5000000000    1.4349654555e-06
 502.0000000000    1.4324124923e-06
 502.5000000000    1.4298880480e-06
 503.0000000000    1.4273909850e-06
 503.5000000000    1.4249288120e-06
 504.0000000000    1.4224760762e-06
 504.5000000000    1.4200435857e-06
 505.0000000000    1.4176333743e-06
 505.5000000000    1.4152488780e-06
 506.0000000000    1.4128910435e-06
 506.5000000000    1.4105462128e-06
 507.0000000000    1.4082321381e-06
 507.5000000000    1.4059344311e-06
 508.0000000000    1.4036532200e-06
 508.5000000000    1.4013917503e-06
 509.0000000000    1.3991526671e-06
 509.5000000000    1.3969365362e-06
 510.0000000000    1.3947403673e-06
 510.5000000000    1.3925601164e-06
 511.0000000000    1.3903940104e-06
 511.5000000000    1.3882441710e-06
 512.0000000000    1.3861150792e-06
 512.5000000000    1.3840099971e-06
 513.0000000000    1.3819282340e-06
 513.5000000000    1.3798655771e-06
 514.0000000000    1.3778176095e-06
 514.5000000000    1.3757834351e-06
 515.0000000000    1.3737661882e-06
 515.5000000000    1.3717704125e-06
 516.0000000000    1.3697979859e-06
 516.5000000000    1.3678463021e-06
 517.0000000000    1.3659100931e-06
 517.5000000000    1.3639859047e-06
 518.0000000000    1.3620748510e-06
 518.5000000000    1.3601817365e-06
 519.0000000000    1.3583110010e-06
 519.5000000000    1.3564628861e-06
 520.0000000000    1.3546330809e-06
 520.5000000000    1.3528162212e-06
 521.0000000000    1.3510103081e-06
 521.5000000000    1.3492182685e-06
 522.0000000000    1.3474454795e-06
 522.5000000000    1.3456950647e-06
 523.0000000000    1.3439651631e-06
 523.5000000000    1.3422502002e-06
 524.0000000000    1.3405454568e-06
 524.5000000000    1.3388509221e-06
 525.0000000000    1.3371712318e-06
 525.5000000000    1.3355117225e-06
 526.0000000000    1.3338738101e-06
 526.5000000000    1.3322536253e-06
 527.0000000000    1.3306450775e-06
 527.5000000000    1.3290448581e-06
 528.0000000000    1.3274552012e-06
 528.5000000000    1.3258819967e-06
 529.0000000000    1.3243392656e-06
 529.5000000000    1.3228072090e-06
 530.0000000000    1.3212896922e-06
 530.5000000000    1.3197809435e-06
 531.0000000000    1.3182798950e-06
 531.5000000000    1.3167911525e-06
 532.0000000000    1.3153211910e-06
 532.5000000000    1.3138636542e-06
 533.0000000000    1.3124339934e-06
 533.5000000000    1.3110163943e-06
 534.0000000000    1.3096065526e-06
 534.5000000000    1.3082061851e-06
 535.0000000000    1.3068099114e-06
 535.5000000000    1.3054507205e-06
 536.0000000000    1.3041156891e-06
 536.5000000000    1.3027928198e-06
 537.0000000000    1.3014772388e-06
 537.5000000000    1.3001687646e-06
 538.0000000000    1.2988713720e-06
 538.5000000000    1.2975916997e-06
 539.0000000000    1.2963331556e-06
 539.5000000000    1.2950927410e-06
 540.0000000000    1.2938633003e-06
 540.5000000000    1.2926393267e-06
 541.0000000000    1.2914214008e-06
 541.5000000000    1.2902155184e-06
 542.0000000000    1.2890278480e-06
 542.5000000000    1.2878592988e-06
 543.0000000000    1.2867044657e-06
 543.5000000000    1.2855558448e-06
 544.0000000000    1.2844098307e-06
 544.5000000000    1.2832694280e-06
 545.0000000000    1.2821413901e-06
 545.5000000000    1.2810302016e-06
 546.0000000000    1.2799340053e-06
 546.5000000000    1.2788460181e-06
 547.0000000000    1.2777603452e-06
 547.5000000000    1.2766773151e-06
 548.0000000000    1.2756037705e-06
 548.5000000000    1.2745479441e-06
 549.0000000000    1.2735131297e-06
 549.5000000000    1.2724954829e-06
 550.0000000000    1.2714878047e-06
 550.5000000000    1.2704860629e-06
 551.0000000000    1.2694930380e-06
 551.5000000000    1.2685159100e-06
 552.0000000000    1.2675598514e-06
 552.5000000000    1.2666231019e-06
 553.0000000000    1.2656978977e-06
 553.5000000000    1.2647765623e-06
 554.0000000000    1.2638657847e-06
 554.5000000000    1.2629547483e-06
 555.0000000000    1.2620593300e-06
 555.5000000000    1.2611827087e-06
 556.0000000000    1.2603207694e-06
 556.5000000000    1.2594656314e-06
 557.0000000000    1.2586043237e-06
 557.5000000000    1.2577551154e-06
 558.0000000000    1.2569173699e-06
 558.5000000000    1.2560972497e-06
 559.0000000000    1.2552923046e-06
 559.5000000000    1.2544913129e-06
 560.0000000000    1.2537009237e-06
 560.5000000000    1.2529208662e-06
 561.0000000000    1.2521362255e-06
 561.5000000000    1.2513648360e-06
 562.0000000000    1.2506105538e-06
 562.5000000000    1.2498699411e-06
 563.0000000000    1.2491351040e-06
 563.5000000000    1.2484003698e-06
 564.0000000000    1.2476670498e-06
 564.5000000000    1.2469423328e-06
 565.0000000000    1.2462331940e-06
 565.5000000000    1.2455404883e-06
 566.0000000000    1.2448582394e-06
 566.5000000000    1.2441786754e-06
 567.0000000000    1.2434923223e-06
 567.5000000000    1.2428167715e-06
 568.0000000000    1.2421600509e-06
 568.5000000000    1.2415139526e-06
 569.0000000000    1.2408826197e-06
 569.5000000000    1.2402583704e-06
 570.0000000000    1.2396346975e-06
 570.5000000000    1.2390118720e-06
 571.0000000000    1.2383965726e-06
 571.5000000000    1.2377962368e-06
 572.0000000000    1.2372126236e-06
 572.5000000000    1.2366402229e-06
 573.0000000000    1.2360708045e-06
 573.5000000000    1.2355002933e-06
 574.0000000000    1.2349321837e-06
 574.5000000000    1.2343744575e-06
 575.0000000000    1.2338327561e-06
 575.5000000000    1.2333055267e-06
 576.0000000000    1.2327852899e-06
 576.5000000000    1.2322649511e-06
 577.0000000000    1.2317438357e-06
 577.5000000000    1.2312282605e-06
 578.0000000000    1.2307261451e-06
 578.5000000000    1.2302402963e-06
 579.0000000000    1.2297659826e-06
 579.5000000000    1.2292949658e-06
 580.0000000000    1.2288225324e-06
 580.5000000000    1.2283515470e-06
 581.0000000000    1.2278899603e-06
 581.5000000000    1.2274440588e-06
 582.0000000000    1.2270131196e-06
 582.5000000000    1.2265900857e-06
 583.0000000000    1.2261675922e-06
 583.5000000000    1.2257441663e-06
 584.0000000000    1.2253254254e-06
 584.5000000000    1.2249192845e-06
 585.0000000000    1.2245291870e-06
 585.5000000000    1.2241511887e-06
 586.0000000000    1.2237773112e-06
 586.5000000000    1.2234022406e-06
 587.0000000000    1.2230277755e-06
 587.5000000000    1.2226612239e-06
 588.0000000000    1.2223091101e-06
 588.5000000000    1.2219716199e-06
 589.0000000000    1.2216424234e-06
 589.5000000000    1.2213139792e-06
 590.0000000000    1.2209838699e-06
 590.5000000000    1.2206567559e-06
 591.0000000000    1.2203404167e-06
 591.5000000000    1.2200391176e-06
 592.0000000000    1.2197499933e-06
 592.5000000000    1.2194654648e-06
 593.0000000000    1.2191796489e-06
 593.5000000000    1.2188933286e-06
 594.0000000000    1.2186132449e-06
 594.5000000000    1.2183463799e-06
 595.0000000000    1.2180940274e-06
 595.5000000000    1.2178507303e-06
 596.0000000000    1.2176088805e-06
 596.5000000000    1.2173651466e-06
 597.0000000000    1.2171233523e-06
 597.5000000000    1.2168911674e-06
 598.0000000000    1.2166735832e-06
 598.5000000000    1.2164686793e-06
 599.0000000000    1.2162692605e-06
 599.5000000000    1.2160689562e-06
 600.0000000000    1.2158675526e-06
 600.5000000000    1.2156711521e-06
 601.0000000000    1.2154869376e-06
 601.5000000000    1.2153170000e-06
 602.0000000000    1.2151565373e-06
 602.5000000000    1.2149979370e-06
 603.0000000000    1.2148372080e-06
 603.5000000000    1.2146773114e-06
 604.0000000000    1.2145255872e-06
 604.5000000000    1.2143874986e-06
 605.0000000000    1.2142619960e-06
 605.5000000000    1.2141424841e-06
 606.0000000000    1.2140224697e-06
 606.5000000000    1.2139010794e-06
 607.0000000000    1.2137837470e-06
 607.5000000000    1.2136693800e-06
 608.0000000000    1.2135855681e-06
 608.5000000000    1.2134954433e-06
 609.0000000000    1.2134164981e-06
 609.5000000000    1.2133441784e-06
 610.0000000000    1.2132558259e-06
 610.5000000000    1.2131827056e-06
 611.0000000000    1.2131221659e-06
 611.5000000000    1.2130739051e-06
 612.0000000000    1.2130319337e-06
 612.5000000000    1.2129895324e-06
 613.0000000000    1.2129447871e-06
 613.5000000000    1.2129020527e-06
 614.0000000000    1.2128681212e-06
 614.5000000000    1.2128463915e-06
 615.0000000000    1.2128339741e-06
 615.5000000000    1.2128241328e-06
 616.0000000000    1.2128120031e-06
 616.5000000000    1.2127986924e-06
 617.0000000000    1.2127903523e-06
 617.5000000000    1.2127929937e-06
 618.0000000000    1.2128074588e-06
 618.5000000000    1.2128287744e-06
 619.0000000000    1.2128504293e-06
 619.5000000000    1.2128699058e-06
 620.0000000000    1.2128907748e-06
 620.5000000000    1.2129196312e-06
 621.0000000000    1.2129604383e-06
 621.5000000000    1.2130111659e-06
 622.0000000000    1.2130655295e-06
 622.5000000000    1.2131183170e-06
 623.0000000000    1.2131697792e-06
 623.5000000000    1.2132253825e-06
 624.0000000000    1.2132911623e-06
 624.5000000000    1.2133686779e-06
 625.0000000000    1.2134538279e-06
 625.5000000000    1.2135404576e-06
 626.0000000000    1.2136256687e-06
 626.5000000000    1.2137123181e-06
 627.0000000000    1.2138065820e-06
 627.5000000000    1.2139127545e-06
 628.0000000000    1.2140296571e-06
 628.5000000000    1.2141516795e-06
 629.0000000000    1.2142734924e-06
 629.5000000000    1.2143944378e-06
 630.0000000000    1.2145188876e-06
 630.5000000000    1.2146523761e-06
 631.0000000000    1.2147967940e-06
 631.5000000000    1.2149486957e-06
 632.0000000000    1.2151021288e-06
 632.5000000000    1.2152535293e-06
 633.0000000000    1.2154045574e-06
 633.5000000000    1.2155605381e-06
 634.0000000000    1.2157258525e-06
 634.5000000000    1.2159001977e-06
 635.0000000000    1.2160788413e-06
 635.5000000000    1.2162565970e-06
 636.0000000000    1.2164321458e-06
 636.5000000000    1.2166090848e-06
 637.0000000000    1.2167928332e-06
 637.5000000000    1.2169860422e-06
 638.0000000000    1.2171863552e-06
 638.5000000000    1.2173884658e-06
 639.0000000000    1.2175885589e-06
 639.5000000000    1.2177875026e-06
 640.0000000000    1.2179900477e-06
 640.5000000000    1.2182007391e-06
 641.0000000000    1.2184200811e-06
 641.5000000000    1.2186441512e-06
 642.0000000000    1.2188679638e-06
 642.5000000000    1.2190897152e-06
 643.0000000000    1.2193122371e-06
 643.5000000000    1.2195406814e-06
 644.0000000000    1.2197781289e-06
 644.5000000000    1.2200231593e-06
 645.0000000000    1.2202712282e-06
 645.5000000000    1.2205185812e-06
 646.0000000000    1.2207655361e-06
 646.5000000000    1.2210161724e-06
 647.0000000000    1.2212748985e-06
 647.5000000000    1.2215427996e-06
 648.0000000000    1.2218167902e-06
 648.5000000000    1.2220922428e-06
 649.0000000000    1.2223668258e-06
 649.5000000000    1.2226422825e-06
 650.0000000000    1.2229227408e-06
 650.5000000000    1.2232110550e-06
 651.0000000000    1.2235062808e-06
 651.5000000000    1.2238043394e-06
 652.0000000000    1.2241012760e-06
 652.5000000000    1.2243963509e-06
 653.0000000000    1.2246924036e-06
 653.5000000000    1.2249932919e-06
 654.0000000000    1.2253005667e-06
 654.5000000000    1.2256121787e-06
 655.0000000000    1.2259242342e-06
 655.5000000000    1.2262342827e-06
 656.0000000000    1.2265434006e-06
 656.5000000000    1.2268553430e-06
 657.0000000000    1.2271735244e-06
 657.5000000000    1.2274983471e-06
 658.0000000000    1.2278270957e-06
 658.5000000000    1.2281564312e-06
 659.0000000000    1.2284853655e-06
 659.5000000000    1.2288162185e-06
 660.0000000000    1.2291528066e-06
 660.5000000000    1.2294974095e-06
 661.0000000000    1.2298490408e-06
 661.5000000000    1.2302044563e-06
 662.0000000000    1.2305609989e-06
 662.5000000000    1.2309188522e-06
 663.0000000000    1.2312808554e-06
 663.5000000000    1.2316500471e-06
 664.0000000000    1.2320270738e-06
 664.5000000000    1.2324095627e-06
 665.0000000000    1.2327939652e-06
 665.5000000000    1.2331782829e-06
 666.0000000000    1.2335633783e-06
 666.5000000000    1.2339518568e-06
 667.0000000000    1.2343455319e-06
 667.5000000000    1.2347436249e-06
 668.0000000000    1.2351431824e-06
 668.5000000000    1.2355413237e-06
 669.0000000000    1.2359374124e-06
 669.5000000000    1.2363333876e-06
 670.0000000000    1.2367320620e-06
 670.5000000000    1.2371348523e-06
 671.0000000000    1.2375408019e-06
 671.5000000000    1.2379476171e-06
 672.0000000000    1.2383537794e-06
 672.5000000000    1.2387599556e-06
 673.0000000000    1.2391685778e-06
 673.5000000000    1.2395819940e-06
 674.0000000000    1.2400007113e-06
 674.5000000000    1.2404231186e-06
 675.0000000000    1.2408468401e-06
 675.5000000000    1.2412705867e-06
 676.0000000000    1.2416950258e-06
 676.5000000000    1.2421220258e-06
 677.0000000000    1.2425529522e-06
 677.5000000000    1.2429873998e-06
 678.0000000000    1.2434233578e-06
 678.5000000000    1.2438586405e-06
 679.0000000000    1.2442924191e-06
 679.5000000000    1.2447256555e-06
 680.0000000000    1.2451601330e-06
 680.5000000000    1.2455968613e-06
 681.0000000000    1.2460350937e-06
 681.5000000000    1.2464727145e-06
 682.0000000000    1.2469076489e-06
 682.5000000000    1.2473391913e-06
 683.0000000000    1.2477682206e-06
 683.5000000000    1.2481961284e-06
 684.0000000000    1.2486241087e-06
 684.5000000000    1.2490491953e-06
 685.0000000000    1.2494696934e-06
 685.5000000000    1.2498835218e-06
 686.0000000000    1.2502903165e-06
 686.5000000000    1.2506914307e-06
 687.0000000000    1.2510886566e-06
 687.5000000000    1.2514826486e-06
 688.0000000000    1.2518723329e-06
 688.5000000000    1.2522558392e-06
 689.0000000000    1.2526322224e-06
 689.5000000000    1.2530026008e-06
 690.0000000000    1.2533689438e-06
 690.5000000000    1.2537354260e-06
 691.0000000000    1.2541022600e-06
 691.5000000000    1.2544684769e-06
 692.0000000000    1.2548325214e-06
 692.5000000000    1.2551941024e-06
 693.0000000000    1.2555550212e-06
 693.5000000000    1.2559182292e-06
 694.0000000000    1.2562858559e-06
 694.5000000000    1.2566578058e-06
 695.0000000000    1.2570320942e-06
 695.5000000000    1.2574066897e-06
 696.0000000000    1.2577813993e-06
 696.5000000000    1.2581582459e-06
 697.0000000000    1.2585399882e-06
 697.5000000000    1.2589279648e-06
 698.0000000000    1.2593210259e-06
 698.5000000000    1.2597164842e-06
 699.0000000000    1.2601123429e-06
 699.5000000000    1.2605090011e-06
 700.0000000000    1.2609089806e-06
