#          time         max mod phi
   0.0000000000    8.6288416518e-02
   0.5000000000    8.6295357459e-02
   1.0000000000    8.6292436267e-02
   1.5000000000    8.6295158662e-02
   2.0000000000    8.6294205050e-02
   2.5000000000    8.6294324475e-02
   3.0000000000    8.6295219674e-02
   3.5000000000    8.6292649764e-02
   4.0000000000    8.6295610753e-02
   4.5000000000    8.6291388170e-02
   5.0000000000    8.6295756910e-02
   5.5000000000    8.6293374010e-02
   6.0000000000    8.6295214809e-02
   6.5000000000    8.6294527501e-02
   7.0000000000    8.6294137039e-02
   7.5000000000    8.6295458074e-02
   8.0000000000    8.6293064443e-02
   8.5000000000    8.6296196622e-02
   9.0000000000    8.6291558104e-02
   9.5000000000    8.6296168588e-02
  10.0000000000    8.6292975118e-02
  10.5000000000    8.6295810559e-02
  11.0000000000    8.6294441925e-02
  11.5000000000    8.6295572759e-02
  12.0000000000    8.6295712075e-02
  12.5000000000    8.6294850665e-02
  13.0000000000    8.6296226865e-02
  13.5000000000    8.6293603788e-02
  14.0000000000    8.6296558330e-02
  14.5000000000    8.6292558120e-02
  15.0000000000    8.6297071202e-02
  15.5000000000    8.6293198987e-02
  16.0000000000    8.6297085105e-02
  16.5000000000    8.6294232614e-02
  17.0000000000    8.6296628254e-02
  17.5000000000    8.6295154923e-02
  18.0000000000    8.6296437486e-02
  18.5000000000    8.6296329488e-02
  19.0000000000    8.6296198868e-02
  19.5000000000    8.6296973799e-02
  20.0000000000    8.6295414711e-02
  20.5000000000    8.6297196580e-02
  21.0000000000    8.6294523781e-02
  21.5000000000    8.6297684009e-02
  22.0000000000    8.6294020039e-02
  22.5000000000    8.6298173217e-02
  23.0000000000    8.6293341246e-02
  23.5000000000    8.6298066218e-02
  24.0000000000    8.6294117664e-02
  24.5000000000    8.6297943681e-02
  25.0000000000    8.6295189682e-02
  25.5000000000    8.6298202284e-02
  26.0000000000    8.6296263894e-02
  26.5000000000    8.6298051210e-02
  27.0000000000    8.6296803653e-02
  27.5000000000    8.6297532145e-02
  28.0000000000    8.6297278871e-02
  28.5000000000    8.6297313574e-02
  29.0000000000    8.6298096235e-02
  29.5000000000    8.6297208203e-02
  30.0000000000    8.6298633592e-02
  30.5000000000    8.6296616298e-02
  31.0000000000    8.6298752556e-02
  31.5000000000    8.6295944100e-02
  32.0000000000    8.6299125445e-02
  32.5000000000    8.6295633626e-02
  33.0000000000    8.6299647712e-02
  33.5000000000    8.6295126923e-02
  34.0000000000    8.6299714020e-02
  34.5000000000    8.6295044845e-02
  35.0000000000    8.6299619767e-02
  35.5000000000    8.6295949343e-02
  36.0000000000    8.6299920310e-02
  36.5000000000    8.6297055276e-02
  37.0000000000    8.6300043395e-02
  37.5000000000    8.6297751163e-02
  38.0000000000    8.6299738072e-02
  38.5000000000    8.6298281936e-02
  39.0000000000    8.6299589344e-02
  39.5000000000    8.6299147952e-02
  40.0000000000    8.6299644667e-02
  40.5000000000    8.6299913456e-02
  41.0000000000    8.6299312668e-02
  41.5000000000    8.6300256077e-02
  42.0000000000    8.6298752484e-02
  42.5000000000    8.6300703332e-02
  43.0000000000    8.6298476437e-02
  43.5000000000    8.6301385914e-02
  44.0000000000    8.6298115212e-02
  44.5000000000    8.6301717826e-02
  45.0000000000    8.6297317047e-02
  45.5000000000    8.6301799254e-02
  46.0000000000    8.6297138519e-02
  46.5000000000    8.6302118806e-02
  47.0000000000    8.6298530413e-02
  47.5000000000    8.6302439147e-02
  48.0000000000    8.6299610926e-02
  48.5000000000    8.6302261018e-02
  49.0000000000    8.6300389242e-02
  49.5000000000    8.6302091737e-02
  50.0000000000    8.6301438956e-02
  50.5000000000    8.6302106299e-02
  51.0000000000    8.6302458299e-02
  51.5000000000    8.6301798458e-02
  52.0000000000    8.6303066695e-02
  52.5000000000    8.6301127695e-02
  53.0000000000    8.6303585447e-02
  53.5000000000    8.6300568550e-02
  54.0000000000    8.6304305656e-02
  54.5000000000    8.6299975247e-02
  55.0000000000    8.6304746910e-02
  55.5000000000    8.6300440204e-02
  56.0000000000    8.6304778944e-02
  56.5000000000    8.6301746412e-02
  57.0000000000    8.6304883253e-02
  57.5000000000    8.6303235400e-02
  58.0000000000    8.6305053422e-02
  58.5000000000    8.6304433375e-02
  59.0000000000    8.6304790981e-02
  59.5000000000    8.6305184984e-02
  60.0000000000    8.6304349731e-02
  60.5000000000    8.6306049459e-02
  61.0000000000    8.6304058202e-02
  61.5000000000    8.6306994502e-02
  62.0000000000    8.6303508575e-02
  62.5000000000    8.6307512499e-02
  63.0000000000    8.6302543103e-02
  63.5000000000    8.6307765945e-02
  64.0000000000    8.6304266914e-02
  64.5000000000    8.6308153986e-02
  65.0000000000    8.6306082440e-02
  65.5000000000    8.6308326401e-02
  66.0000000000    8.6307470033e-02
  66.5000000000    8.6307961435e-02
  67.0000000000    8.6308527909e-02
  67.5000000000    8.6307481579e-02
  68.0000000000    8.6309693416e-02
  68.5000000000    8.6307006424e-02
  69.0000000000    8.6310666376e-02
  69.5000000000    8.6306022992e-02
  70.0000000000    8.6311063352e-02
  70.5000000000    8.6307496572e-02
  71.0000000000    8.6311270171e-02
  71.5000000000    8.6309509999e-02
  72.0000000000    8.6311468602e-02
  72.5000000000    8.6311341346e-02
  73.0000000000    8.6311161699e-02
  73.5000000000    8.6312560916e-02
  74.0000000000    8.6310258225e-02
  74.5000000000    8.6313481213e-02
  75.0000000000    8.6309227139e-02
  75.5000000000    8.6314383929e-02
  76.0000000000    8.6311147302e-02
  76.5000000000    8.6314812075e-02
  77.0000000000    8.6313241170e-02
  77.5000000000    8.6314476580e-02
  78.0000000000    8.6314822485e-02
  78.5000000000    8.6313895951e-02
  79.0000000000    8.6316434433e-02
  79.5000000000    8.6313175277e-02
  80.0000000000    8.6317572317e-02
  80.5000000000    8.6313713959e-02
  81.0000000000    8.6317824755e-02
  81.5000000000    8.6316076609e-02
  82.0000000000    8.6317758998e-02
  82.5000000000    8.6318312054e-02
  83.0000000000    8.6317378422e-02
  83.5000000000    8.6320017881e-02
  84.0000000000    8.6316137855e-02
  84.5000000000    8.6320825908e-02
  85.0000000000    8.6317670148e-02
  85.5000000000    8.6321145080e-02
  86.0000000000    8.6320483471e-02
  86.5000000000    8.6321089603e-02
  87.0000000000    8.6322689532e-02
  87.5000000000    8.6320075184e-02
  88.0000000000    8.6323910182e-02
  88.5000000000    8.6320091576e-02
  89.0000000000    8.6324471500e-02
  89.5000000000    8.6323300121e-02
  90.0000000000    8.6324542600e-02
  90.5000000000    8.6325871711e-02
  91.0000000000    8.6323612527e-02
  91.5000000000    8.6327329552e-02
  92.0000000000    8.6323590500e-02
  92.5000000000    8.6327926995e-02
  93.0000000000    8.6327007262e-02
  93.5000000000    8.6327904039e-02
  94.0000000000    8.6329692151e-02
  94.5000000000    8.6326782353e-02
  95.0000000000    8.6331134011e-02
  95.5000000000    8.6328235766e-02
  96.0000000000    8.6331501803e-02
  96.5000000000    8.6331586070e-02
  97.0000000000    8.6331077336e-02
  97.5000000000    8.6334074757e-02
  98.0000000000    8.6329925180e-02
  98.5000000000    8.6335154167e-02
  99.0000000000    8.6333836987e-02
  99.5000000000    8.6334915996e-02
 100.0000000000    8.6336787307e-02
 100.5000000000    8.6333775132e-02
 101.0000000000    8.6338732831e-02
 101.5000000000    8.6336720042e-02
 102.0000000000    8.6338934713e-02
 102.5000000000    8.6339978796e-02
 103.0000000000    8.6337712429e-02
 103.5000000000    8.6342071705e-02
 104.0000000000    8.6339815793e-02
 104.5000000000    8.6342843063e-02
 105.0000000000    8.6343817874e-02
 105.5000000000    8.6341861780e-02
 106.0000000000    8.6346000779e-02
 106.5000000000    8.6343666266e-02
 107.0000000000    8.6346583529e-02
 107.5000000000    8.6347798880e-02
 108.0000000000    8.6345664035e-02
 108.5000000000    8.6350281816e-02
 109.0000000000    8.6348500483e-02
 109.5000000000    8.6350641626e-02
 110.0000000000    8.6352318416e-02
 110.5000000000    8.6349073524e-02
 111.0000000000    8.6354455880e-02
 111.5000000000    8.6353744436e-02
 112.0000000000    8.6354687090e-02
 112.5000000000    8.6357495278e-02
 113.0000000000    8.6354218701e-02
 113.5000000000    8.6358894973e-02
 114.0000000000    8.6359404156e-02
 114.5000000000    8.6358255932e-02
 115.0000000000    8.6362652980e-02
 115.5000000000    8.6361184808e-02
 116.0000000000    8.6363458664e-02
 116.5000000000    8.6365668155e-02
 117.0000000000    8.6362133963e-02
 117.5000000000    8.6367611090e-02
 118.0000000000    8.6368126594e-02
 118.5000000000    8.6367212143e-02
 119.0000000000    8.6371715292e-02
 119.5000000000    8.6370598970e-02
 120.0000000000    8.6372320256e-02
 120.5000000000    8.6375099363e-02
 121.0000000000    8.6372488208e-02
 121.5000000000    8.6376857719e-02
 122.0000000000    8.6378509204e-02
 122.5000000000    8.6375834193e-02
 123.0000000000    8.6381552158e-02
 123.5000000000    8.6381927523e-02
 124.0000000000    8.6381127952e-02
 124.5000000000    8.6385670996e-02
 125.0000000000    8.6385166992e-02
 125.5000000000    8.6386385080e-02
 126.0000000000    8.6390263977e-02
 126.5000000000    8.6389066174e-02
 127.0000000000    8.6391686112e-02
 127.5000000000    8.6394655290e-02
 128.0000000000    8.6392729454e-02
 128.5000000000    8.6396619872e-02
 129.0000000000    8.6399267815e-02
 129.5000000000    8.6397159539e-02
 130.0000000000    8.6402075165e-02
 130.5000000000    8.6404280013e-02
 131.0000000000    8.6401730321e-02
 131.5000000000    8.6407098651e-02
 132.0000000000    8.6409128129e-02
 132.5000000000    8.6406688995e-02
 133.0000000000    8.6412589167e-02
 133.5000000000    8.6414750738e-02
 134.0000000000    8.6412379159e-02
 134.5000000000    8.6418069926e-02
 135.0000000000    8.6420224405e-02
 135.5000000000    8.6418100382e-02
 136.0000000000    8.6423569523e-02
 136.5000000000    8.6426294384e-02
 137.0000000000    8.6424801045e-02
 137.5000000000    8.6429575643e-02
 138.0000000000    8.6432664536e-02
 138.5000000000    8.6431605141e-02
 139.0000000000    8.6435228746e-02
 139.5000000000    8.6439069557e-02
 140.0000000000    8.6439005074e-02
 140.5000000000    8.6441411411e-02
 141.0000000000    8.6446153453e-02
 141.5000000000    8.6446918089e-02
 142.0000000000    8.6447299099e-02
 142.5000000000    8.6452856828e-02
 143.0000000000    8.6454723563e-02
 143.5000000000    8.6453091843e-02
 144.0000000000    8.6459990689e-02
 144.5000000000    8.6463181539e-02
 145.0000000000    8.6462671791e-02
 145.5000000000    8.6466761482e-02
 146.0000000000    8.6471117754e-02
 146.5000000000    8.6472043262e-02
 147.0000000000    8.6473160057e-02
 147.5000000000    8.6479231271e-02
 148.0000000000    8.6481882360e-02
 148.5000000000    8.6481106943e-02
 149.0000000000    8.6486818564e-02
 149.5000000000    8.6490967705e-02
 150.0000000000    8.6491951258e-02
 150.5000000000    8.6493664862e-02
 151.0000000000    8.6499879529e-02
 151.5000000000    8.6502958723e-02
 152.0000000000    8.6502893482e-02
 152.5000000000    8.6507990008e-02
 153.0000000000    8.6512907835e-02
 153.5000000000    8.6514916791e-02
 154.0000000000    8.6514904399e-02
 154.5000000000    8.6522193064e-02
 155.0000000000    8.6526630201e-02
 155.5000000000    8.6528206554e-02
 156.0000000000    8.6530271632e-02
 156.5000000000    8.6536859515e-02
 157.0000000000    8.6540785071e-02
 157.5000000000    8.6542157999e-02
 158.0000000000    8.6545743541e-02
 158.5000000000    8.6552374120e-02
 159.0000000000    8.6556414223e-02
 159.5000000000    8.6557894357e-02
 160.0000000000    8.6561854255e-02
 160.5000000000    8.6568469107e-02
 161.0000000000    8.6572759707e-02
 161.5000000000    8.6574792446e-02
 162.0000000000    8.6578609540e-02
 162.5000000000    8.6585809370e-02
 163.0000000000    8.6590695750e-02
 163.5000000000    8.6593334289e-02
 164.0000000000    8.6595723312e-02
 164.5000000000    8.6603549659e-02
 165.0000000000    8.6609346700e-02
 165.5000000000    8.6613146285e-02
 166.0000000000    8.6614946298e-02
 166.5000000000    8.6622319079e-02
 167.0000000000    8.6629123853e-02
 167.5000000000    8.6633990613e-02
 168.0000000000    8.6637036883e-02
 168.5000000000    8.6641001251e-02
 169.0000000000    8.6649276835e-02
 169.5000000000    8.6655787378e-02
 170.0000000000    8.6660524657e-02
 170.5000000000    8.6663517384e-02
 171.0000000000    8.6669565443e-02
 171.5000000000    8.6677572415e-02
 172.0000000000    8.6684062197e-02
 172.5000000000    8.6689095396e-02
 173.0000000000    8.6692675589e-02
 173.5000000000    8.6699504676e-02
 174.0000000000    8.6707931118e-02
 174.5000000000    8.6714873866e-02
 175.0000000000    8.6720455589e-02
 175.5000000000    8.6724800900e-02
 176.0000000000    8.6730587453e-02
 176.5000000000    8.6739965119e-02
 177.0000000000    8.6748059486e-02
 177.5000000000    8.6754861850e-02
 178.0000000000    8.6760431094e-02
 178.5000000000    8.6764890380e-02
 179.0000000000    8.6773574579e-02
 179.5000000000    8.6782979529e-02
 180.0000000000    8.6791404406e-02
 180.5000000000    8.6798809741e-02
 181.0000000000    8.6805172336e-02
 181.5000000000    8.6810537043e-02
 182.0000000000    8.6819570516e-02
 182.5000000000    8.6829568532e-02
 183.0000000000    8.6838818537e-02
 183.5000000000    8.6847334902e-02
 184.0000000000    8.6855076420e-02
 184.5000000000    8.6862007461e-02
 185.0000000000    8.6868704105e-02
 185.5000000000    8.6879861061e-02
 186.0000000000    8.6890377138e-02
 186.5000000000    8.6900354423e-02
 187.0000000000    8.6909817842e-02
 187.5000000000    8.6918728375e-02
 188.0000000000    8.6927041704e-02
 188.5000000000    8.6934769571e-02
 189.0000000000    8.6945146493e-02
 189.5000000000    8.6956897639e-02
 190.0000000000    8.6968285270e-02
 190.5000000000    8.6979346163e-02
 191.0000000000    8.6990050983e-02
 191.5000000000    8.7000353102e-02
 192.0000000000    8.7010247573e-02
 192.5000000000    8.7019799973e-02
 193.0000000000    8.7029125680e-02
 193.5000000000    8.7041604210e-02
 194.0000000000    8.7054694035e-02
 194.5000000000    8.7067594571e-02
 195.0000000000    8.7080258319e-02
 195.5000000000    8.7092665733e-02
 196.0000000000    8.7104860679e-02
 196.5000000000    8.7116940508e-02
 197.0000000000    8.7129010178e-02
 197.5000000000    8.7141132672e-02
 198.0000000000    8.7153309593e-02
 198.5000000000    8.7165502346e-02
 199.0000000000    8.7178020208e-02
 199.5000000000    8.7192891874e-02
 200.0000000000    8.7207720549e-02
 200.5000000000    8.7222600524e-02
 201.0000000000    8.7237602044e-02
 201.5000000000    8.7252741071e-02
 202.0000000000    8.7267988476e-02
 202.5000000000    8.7283304484e-02
 203.0000000000    8.7298681125e-02
 203.5000000000    8.7314162261e-02
 204.0000000000    8.7329827097e-02
 204.5000000000    8.7345750735e-02
 205.0000000000    8.7361965553e-02
 205.5000000000    8.7378453477e-02
 206.0000000000    8.7395170787e-02
 206.5000000000    8.7412088105e-02
 207.0000000000    8.7429218924e-02
 207.5000000000    8.7446618928e-02
 208.0000000000    8.7464359723e-02
 208.5000000000    8.7482487659e-02
 209.0000000000    8.7500999498e-02
 209.5000000000    8.7519848975e-02
 210.0000000000    8.7538984757e-02
 210.5000000000    8.7558391040e-02
 211.0000000000    8.7578101018e-02
 211.5000000000    8.7598175467e-02
 212.0000000000    8.7618665506e-02
 212.5000000000    8.7639579016e-02
 213.0000000000    8.7660875130e-02
 213.5000000000    8.7682486023e-02
 214.0000000000    8.7704364570e-02
 214.5000000000    8.7726514356e-02
 215.0000000000    8.7748984391e-02
 215.5000000000    8.7771826911e-02
 216.0000000000    8.7795056536e-02
 216.5000000000    8.7818631386e-02
 217.0000000000    8.7842471915e-02
 217.5000000000    8.7866503752e-02
 218.0000000000    8.7890700579e-02
 218.5000000000    8.7915088780e-02
 219.0000000000    8.7939714483e-02
 219.5000000000    8.7964596253e-02
 220.0000000000    8.7989694333e-02
 220.5000000000    8.8017156560e-02
 221.0000000000    8.8045723961e-02
 221.5000000000    8.8074424460e-02
 222.0000000000    8.8103256918e-02
 222.5000000000    8.8132259286e-02
 223.0000000000    8.8161452527e-02
 223.5000000000    8.8190797132e-02
 224.0000000000    8.8220189282e-02
 224.5000000000    8.8249503350e-02
 225.0000000000    8.8278646570e-02
 225.5000000000    8.8310177533e-02
 226.0000000000    8.8344010041e-02
 226.5000000000    8.8377856797e-02
 227.0000000000    8.8411678239e-02
 227.5000000000    8.8445361312e-02
 228.0000000000    8.8478754713e-02
 228.5000000000    8.8511726135e-02
 229.0000000000    8.8545498339e-02
 229.5000000000    8.8583891520e-02
 230.0000000000    8.8621983537e-02
 230.5000000000    8.8659730085e-02
 231.0000000000    8.8697009455e-02
 231.5000000000    8.8733644209e-02
 232.0000000000    8.8771318877e-02
 232.5000000000    8.8813857191e-02
 233.0000000000    8.8855627239e-02
 233.5000000000    8.8896608688e-02
 234.0000000000    8.8936747195e-02
 234.5000000000    8.8977023579e-02
 235.0000000000    8.9023760692e-02
 235.5000000000    8.9069340782e-02
 236.0000000000    8.9113590014e-02
 236.5000000000    8.9156406758e-02
 237.0000000000    8.9203543838e-02
 237.5000000000    8.9253222502e-02
 238.0000000000    8.9301443677e-02
 238.5000000000    8.9347979516e-02
 239.0000000000    8.9397959221e-02
 239.5000000000    8.9451267890e-02
 240.0000000000    8.9502493188e-02
 240.5000000000    8.9551525452e-02
 241.0000000000    8.9607084621e-02
 241.5000000000    8.9663287720e-02
 242.0000000000    8.9717052877e-02
 242.5000000000    8.9771638861e-02
 243.0000000000    8.9832358254e-02
 243.5000000000    8.9890075256e-02
 244.0000000000    8.9945256633e-02
 244.5000000000    9.0010041145e-02
 245.0000000000    9.0071592087e-02
 245.5000000000    9.0129755933e-02
 246.0000000000    9.0198407210e-02
 246.5000000000    9.0263139166e-02
 247.0000000000    9.0325776234e-02
 247.5000000000    9.0397131412e-02
 248.0000000000    9.0464049563e-02
 248.5000000000    9.0533145466e-02
 249.0000000000    9.0606765297e-02
 249.5000000000    9.0675316122e-02
 250.0000000000    9.0752717255e-02
 250.5000000000    9.0827217767e-02
 251.0000000000    9.0902422636e-02
 251.5000000000    9.0982735014e-02
 252.0000000000    9.1057039624e-02
 252.5000000000    9.1143248184e-02
 253.0000000000    9.1222698456e-02
 253.5000000000    9.1309642589e-02
 254.0000000000    9.1393961461e-02
 254.5000000000    9.1482130080e-02
 255.0000000000    9.1570836221e-02
 255.5000000000    9.1661354427e-02
 256.0000000000    9.1754242646e-02
 256.5000000000    9.1848287684e-02
 257.0000000000    9.1944826577e-02
 257.5000000000    9.2043161997e-02
 258.0000000000    9.2142425135e-02
 258.5000000000    9.2245776523e-02
 259.0000000000    9.2347010277e-02
 259.5000000000    9.2456408149e-02
 260.0000000000    9.2559555351e-02
 260.5000000000    9.2675293960e-02
 261.0000000000    9.2786069704e-02
 261.5000000000    9.2901825608e-02
 262.0000000000    9.3020715912e-02
 262.5000000000    9.3135281322e-02
 263.0000000000    9.3262840911e-02
 263.5000000000    9.3387052108e-02
 264.0000000000    9.3511901320e-02
 264.5000000000    9.3646289353e-02
 265.0000000000    9.3778313841e-02
 265.5000000000    9.3911253917e-02
 266.0000000000    9.4054175349e-02
 266.5000000000    9.4195874212e-02
 267.0000000000    9.4336937801e-02
 267.5000000000    9.4487680650e-02
 268.0000000000    9.4641205691e-02
 268.5000000000    9.4795131319e-02
 269.0000000000    9.4949893891e-02
 269.5000000000    9.5113511838e-02
 270.0000000000    9.5281190138e-02
 270.5000000000    9.5450630069e-02
 271.0000000000    9.5622342802e-02
 271.5000000000    9.5796794730e-02
 272.0000000000    9.5976849878e-02
 272.5000000000    9.6164611450e-02
 273.0000000000    9.6355576147e-02
 273.5000000000    9.6550101475e-02
 274.0000000000    9.6748570496e-02
 274.5000000000    9.6951366254e-02
 275.0000000000    9.7158833419e-02
 275.5000000000    9.7371251145e-02
 276.0000000000    9.7588830060e-02
 276.5000000000    9.7811733934e-02
 277.0000000000    9.8040108594e-02
 277.5000000000    9.8274097213e-02
 278.0000000000    9.8513831408e-02
 278.5000000000    9.8759401755e-02
 279.0000000000    9.9010824253e-02
 279.5000000000    9.9268019198e-02
 280.0000000000    9.9530810973e-02
 280.5000000000    9.9798942221e-02
 281.0000000000    1.0007208916e-01
 281.5000000000    1.0035759011e-01
 282.0000000000    1.0065021540e-01
 282.5000000000    1.0094777275e-01
 283.0000000000    1.0124961110e-01
 283.5000000000    1.0155745827e-01
 284.0000000000    1.0188113718e-01
 284.5000000000    1.0220769034e-01
 285.0000000000    1.0253583037e-01
 285.5000000000    1.0288197110e-01
 286.0000000000    1.0323091109e-01
 286.5000000000    1.0358322231e-01
 287.0000000000    1.0395256136e-01
 287.5000000000    1.0431796478e-01
 288.0000000000    1.0470339508e-01
 288.5000000000    1.0508385825e-01
 289.0000000000    1.0548307029e-01
 289.5000000000    1.0587597014e-01
 290.0000000000    1.0628803467e-01
 290.5000000000    1.0669764936e-01
 291.0000000000    1.0711077834e-01
 291.5000000000    1.0753559720e-01
 292.0000000000    1.0795694495e-01
 292.5000000000    1.0837509270e-01
 293.0000000000    1.0880340874e-01
 293.5000000000    1.0922797035e-01
 294.0000000000    1.0964589965e-01
 294.5000000000    1.1005568481e-01
 295.0000000000    1.1045518465e-01
 295.5000000000    1.1084151350e-01
 296.0000000000    1.1121092429e-01
 296.5000000000    1.1155869492e-01
 297.0000000000    1.1187901803e-01
 297.5000000000    1.1216489083e-01
 298.0000000000    1.1240800351e-01
 298.5000000000    1.1259862306e-01
 299.0000000000    1.1272547758e-01
 299.5000000000    1.1278482133e-01
 300.0000000000    1.1276596599e-01
 300.5000000000    1.1264228300e-01
 301.0000000000    1.1239620179e-01
 301.5000000000    1.1203525550e-01
 302.0000000000    1.1151183448e-01
 302.5000000000    1.1080868862e-01
 303.0000000000    1.0992195226e-01
 303.5000000000    1.0880312552e-01
 304.0000000000    1.0743043614e-01
 304.5000000000    1.0579839574e-01
 305.0000000000    1.0386259361e-01
 305.5000000000    1.0160294658e-01
 306.0000000000    1.0679552783e-01
 306.5000000000    1.1319890763e-01
 307.0000000000    1.1969304990e-01
 307.5000000000    1.2622228407e-01
 308.0000000000    1.3272774204e-01
 308.5000000000    1.3914932647e-01
 309.0000000000    1.4542753744e-01
 309.5000000000    1.5150497029e-01
 310.0000000000    1.5732736088e-01
 310.5000000000    1.6284411268e-01
 311.0000000000    1.6800823203e-01
 311.5000000000    1.7277544832e-01
 312.0000000000    1.7710188135e-01
 312.5000000000    1.8093882053e-01
 313.0000000000    1.8422226868e-01
 313.5000000000    1.8685506423e-01
 314.0000000000    1.8868228413e-01
 314.5000000000    1.8946567076e-01
 315.0000000000    1.8886526094e-01
 315.5000000000    1.8643372456e-01
 316.0000000000    1.8163154628e-01
 316.5000000000    1.7388915633e-01
 317.0000000000    1.6274949191e-01
 317.5000000000    1.4807762959e-01
 318.0000000000    1.3024476907e-01
 318.5000000000    1.1017025188e-01
 319.0000000000    8.9176829261e-02
 319.5000000000    6.8720351080e-02
 320.0000000000    5.8748403449e-02
 320.5000000000    5.1889791942e-02
 321.0000000000    4.5684322907e-02
 321.5000000000    4.0129924283e-02
 322.0000000000    3.5232223693e-02
 322.5000000000    3.0971174197e-02
 323.0000000000    2.7295440994e-02
 323.5000000000    2.4132428285e-02
 324.0000000000    2.1402491236e-02
 324.5000000000    1.9030465929e-02
 325.0000000000    1.6952192596e-02
 325.5000000000    1.5116561032e-02
 326.0000000000    1.3484672086e-02
 326.5000000000    1.2027636493e-02
 327.0000000000    1.0724036965e-02
 327.5000000000    9.5575983694e-03
 328.0000000000    8.5152925434e-03
 328.5000000000    7.5859374205e-03
 329.0000000000    6.7592742977e-03
 329.5000000000    6.0254704324e-03
 330.0000000000    5.4911862187e-03
 330.5000000000    5.2479644482e-03
 331.0000000000    5.0077785147e-03
 331.5000000000    4.7705650557e-03
 332.0000000000    4.5364459101e-03
 332.5000000000    4.3058054045e-03
 333.0000000000    4.0792765964e-03
 333.5000000000    3.8576378751e-03
 334.0000000000    3.6416619362e-03
 334.5000000000    3.4319822785e-03
 335.0000000000    3.2290324294e-03
 335.5000000000    3.0330749543e-03
 336.0000000000    2.8442907641e-03
 336.5000000000    2.6628693860e-03
 337.0000000000    2.4890453205e-03
 337.5000000000    2.3230619615e-03
 338.0000000000    2.1650903826e-03
 338.5000000000    2.0151578693e-03
 339.0000000000    1.8731333337e-03
 339.5000000000    1.7387783190e-03
 340.0000000000    1.6118292174e-03
 340.5000000000    1.4920581399e-03
 341.0000000000    1.3792779199e-03
 341.5000000000    1.2733508874e-03
 342.0000000000    1.1755169609e-03
 342.5000000000    1.0837677130e-03
 343.0000000000    9.9781751011e-04
 343.5000000000    9.1732080218e-04
 344.0000000000    8.4191798773e-04
 344.5000000000    7.7128599035e-04
 345.0000000000    7.0515995830e-04
 345.5000000000    6.4331631852e-04
 346.0000000000    5.8553607264e-04
 346.5000000000    5.3157928814e-04
 347.0000000000    4.8118934411e-04
 347.5000000000    4.3412093848e-04
 348.0000000000    3.9457123865e-04
 348.5000000000    3.5814716332e-04
 349.0000000000    3.2427825348e-04
 349.5000000000    2.9327838527e-04
 350.0000000000    2.8046446195e-04
 350.5000000000    2.6871858583e-04
 351.0000000000    2.5759586851e-04
 351.5000000000    2.4705610828e-04
 352.0000000000    2.3704805747e-04
 352.5000000000    2.2752171194e-04
 353.0000000000    2.1844167811e-04
 353.5000000000    2.0979049977e-04
 354.0000000000    2.0155932281e-04
 354.5000000000    1.9373368601e-04
 355.0000000000    1.8628610101e-04
 355.5000000000    1.7918124634e-04
 356.0000000000    1.7238901701e-04
 356.5000000000    1.6589415297e-04
 357.0000000000    1.5969414863e-04
 357.5000000000    1.5378708539e-04
 358.0000000000    1.4815964502e-04
 358.5000000000    1.4278554712e-04
 359.0000000000    1.3763582679e-04
 359.5000000000    1.3894167913e-04
 360.0000000000    1.4161416212e-04
 360.5000000000    1.4374757522e-04
 361.0000000000    1.4550342282e-04
 361.5000000000    1.4678079087e-04
 362.0000000000    1.4773322179e-04
 362.5000000000    1.4827685664e-04
 363.0000000000    1.4861633356e-04
 363.5000000000    1.4853855057e-04
 364.0000000000    1.4810428417e-04
 364.5000000000    1.4738952133e-04
 365.0000000000    1.4645252172e-04
 365.5000000000    1.4542964706e-04
 366.0000000000    1.4429040034e-04
 366.5000000000    1.4293411298e-04
 367.0000000000    1.4136438001e-04
 367.5000000000    1.3962004383e-04
 368.0000000000    1.3776513150e-04
 368.5000000000    1.3585508475e-04
 369.0000000000    1.3390797775e-04
 369.5000000000    1.3190607879e-04
 370.0000000000    1.2982725233e-04
 370.5000000000    1.2767957018e-04
 371.0000000000    1.2550938405e-04
 371.5000000000    1.2337530123e-04
 372.0000000000    1.2130975059e-04
 372.5000000000    1.1930099623e-04
 373.0000000000    1.1731150344e-04
 373.5000000000    1.1531732575e-04
 374.0000000000    1.1333493213e-04
 374.5000000000    1.1141243832e-04
 375.0000000000    1.0959223449e-04
 375.5000000000    1.0787662711e-04
 376.0000000000    1.0622622673e-04
 376.5000000000    1.0459303719e-04
 377.0000000000    1.0296045460e-04
 377.5000000000    1.0135628139e-04
 378.0000000000    9.9827413062e-05
 378.5000000000    9.8397348932e-05
 379.0000000000    9.7042927409e-05
 379.5000000000    9.5710914710e-05
 380.0000000000    9.4360810851e-05
 380.5000000000    9.2997416305e-05
 381.0000000000    9.1665066620e-05
 381.5000000000    9.0407709122e-05
 382.0000000000    8.9228736321e-05
 382.5000000000    8.8085909602e-05
 383.0000000000    8.6926433113e-05
 383.5000000000    8.5731853907e-05
 384.0000000000    8.4533736560e-05
 384.5000000000    8.3386045274e-05
 385.0000000000    8.2317537546e-05
 385.5000000000    8.1305852468e-05
 386.0000000000    8.0296655608e-05
 386.5000000000    7.9251097570e-05
 387.0000000000    7.8179828853e-05
 387.5000000000    7.7133821486e-05
 388.0000000000    7.6159647329e-05
 388.5000000000    7.5258122305e-05
 389.0000000000    7.4383144547e-05
 389.5000000000    7.3482013104e-05
 390.0000000000    7.2541434093e-05
 390.5000000000    7.1598853073e-05
 391.0000000000    7.0709284241e-05
 391.5000000000    6.9896499209e-05
 392.0000000000    6.9131651238e-05
 392.5000000000    6.8358389005e-05
 393.0000000000    6.7542059692e-05
 393.5000000000    6.6699734455e-05
 394.0000000000    6.5885095326e-05
 394.5000000000    6.5141280351e-05
 395.0000000000    6.4462920724e-05
 395.5000000000    6.3801033038e-05
 396.0000000000    6.3106252896e-05
 396.5000000000    6.2372087060e-05
 397.0000000000    6.1640715202e-05
 397.5000000000    6.0966529987e-05
 398.0000000000    6.0369004990e-05
 398.5000000000    5.9816219246e-05
 399.0000000000    5.9253444517e-05
 399.5000000000    5.8651184075e-05
 400.0000000000    5.8030824907e-05
 400.5000000000    5.7446273131e-05
 401.0000000000    5.6937444406e-05
 401.5000000000    5.6495742645e-05
 402.0000000000    5.6071693357e-05
 402.5000000000    5.5617794898e-05
 403.0000000000    5.5129078790e-05
 403.5000000000    5.4646790456e-05
 404.0000000000    5.4222271427e-05
 404.5000000000    5.3871931771e-05
 405.0000000000    5.3562407184e-05
 405.5000000000    5.3238797612e-05
 406.0000000000    5.2871054648e-05
 406.5000000000    5.2478644340e-05
 407.0000000000    5.2112828420e-05
 407.5000000000    5.1811610160e-05
 408.0000000000    5.1565953078e-05
 408.5000000000    5.1326737514e-05
 409.0000000000    5.1046204074e-05
 409.5000000000    5.0717833283e-05
 410.0000000000    5.0380862904e-05
 410.5000000000    5.0085788357e-05
 411.0000000000    4.9850067407e-05
 411.5000000000    4.9642286387e-05
 412.0000000000    4.9408647247e-05
 412.5000000000    4.9118479886e-05
 413.0000000000    4.8789687231e-05
 413.5000000000    4.8472787315e-05
 414.0000000000    4.8207032251e-05
 414.5000000000    4.7986056978e-05
 415.0000000000    4.7762987662e-05
 415.5000000000    4.7490468012e-05
 416.0000000000    4.7160758430e-05
 416.5000000000    4.6811863162e-05
 417.0000000000    4.6494649876e-05
 417.5000000000    4.6228799306e-05
 418.0000000000    4.5985641998e-05
 418.5000000000    4.5712890906e-05
 419.0000000000    4.5379446268e-05
 419.5000000000    4.5001741032e-05
 420.0000000000    4.4629617370e-05
 420.5000000000    4.4303687539e-05
 421.0000000000    4.4020513431e-05
 421.5000000000    4.3735916286e-05
 422.0000000000    4.3403378781e-05
 422.5000000000    4.3014019284e-05
 423.0000000000    4.2604306365e-05
 423.5000000000    4.2225259639e-05
 424.0000000000    4.1899103042e-05
 424.5000000000    4.1600655753e-05
 425.0000000000    4.1279681599e-05
 425.5000000000    4.0904419860e-05
 426.0000000000    4.0488873950e-05
 426.5000000000    4.0081204298e-05
 427.0000000000    3.9723081493e-05
 427.5000000000    3.9414433733e-05
 428.0000000000    3.9114106863e-05
 428.5000000000    3.8775687184e-05
 429.0000000000    3.8387274442e-05
 429.5000000000    3.7981668418e-05
 430.0000000000    3.7608724357e-05
 430.5000000000    3.7293024059e-05
 431.0000000000    3.7013065565e-05
 431.5000000000    3.6720096248e-05
 432.0000000000    3.6379922514e-05
 432.5000000000    3.6001796903e-05
 433.0000000000    3.5630464937e-05
 433.5000000000    3.5308157015e-05
 434.0000000000    3.5038535028e-05
 434.5000000000    3.4783719235e-05
 435.0000000000    3.4496864336e-05
 435.5000000000    3.4161846617e-05
 436.0000000000    3.3806606301e-05
 436.5000000000    3.3479338619e-05
 437.0000000000    3.3207382149e-05
 437.5000000000    3.2973797254e-05
 438.0000000000    3.2732012597e-05
 438.5000000000    3.2445533939e-05
 439.0000000000    3.2118557610e-05
 439.5000000000    3.1792129485e-05
 440.0000000000    3.1509182620e-05
 440.5000000000    3.1277760973e-05
 441.0000000000    3.1064150031e-05
 441.5000000000    3.0821837026e-05
 442.0000000000    3.0530893498e-05
 442.5000000000    3.0214463399e-05
 443.0000000000    2.9918954770e-05
 443.5000000000    2.9674418255e-05
 444.0000000000    2.9468750480e-05
 444.5000000000    2.9258209082e-05
 445.0000000000    2.9004828823e-05
 445.5000000000    2.8708366451e-05
 446.0000000000    2.8406225186e-05
 446.5000000000    2.8141625640e-05
 447.0000000000    2.7926661540e-05
 447.5000000000    2.7732060756e-05
 448.0000000000    2.7512539892e-05
 448.5000000000    2.7245374408e-05
 449.0000000000    2.6949388361e-05
 449.5000000000    2.6668909878e-05
 450.0000000000    2.6436086663e-05
 450.5000000000    2.6243462470e-05
 451.0000000000    2.6050710404e-05
 451.5000000000    2.5819363810e-05
 452.0000000000    2.5545343343e-05
 452.5000000000    2.5430046943e-05
 453.0000000000    2.5351612077e-05
 453.5000000000    2.5266042889e-05
 454.0000000000    2.5166241195e-05
 454.5000000000    2.5058407004e-05
 455.0000000000    2.4956909215e-05
 455.5000000000    2.4871726592e-05
 456.0000000000    2.4800279548e-05
 456.5000000000    2.4729509018e-05
 457.0000000000    2.4647182809e-05
 457.5000000000    2.4551729362e-05
 458.0000000000    2.4453742335e-05
 458.5000000000    2.4366939715e-05
 459.0000000000    2.4296029217e-05
 459.5000000000    2.4233448916e-05
 460.0000000000    2.4165255319e-05
 460.5000000000    2.4083192440e-05
 461.0000000000    2.3991503553e-05
 461.5000000000    2.3903193047e-05
 462.0000000000    2.3828997007e-05
 462.5000000000    2.3768304162e-05
 463.0000000000    2.3709659743e-05
 463.5000000000    2.3640733961e-05
 464.0000000000    2.3558548515e-05
 464.5000000000    2.3471912723e-05
 465.0000000000    2.3393968549e-05
 465.5000000000    2.3330923813e-05
 466.0000000000    2.3276941689e-05
 466.5000000000    2.3219057990e-05
 467.0000000000    2.3148441005e-05
 467.5000000000    2.3067584335e-05
 468.0000000000    2.2988141794e-05
 468.5000000000    2.2920978013e-05
 469.0000000000    2.2867012179e-05
 469.5000000000    2.2816376882e-05
 470.0000000000    2.2757100793e-05
 470.5000000000    2.2685042031e-05
 471.0000000000    2.2607393812e-05
 471.5000000000    2.2536455485e-05
 472.0000000000    2.2479028731e-05
 472.5000000000    2.2430852240e-05
 473.0000000000    2.2380312626e-05
 473.5000000000    2.2318424617e-05
 474.0000000000    2.2246166789e-05
 474.5000000000    2.2173771856e-05
 475.0000000000    2.2111794326e-05
 475.5000000000    2.2062217204e-05
 476.0000000000    2.2016993564e-05
 476.5000000000    2.1964970719e-05
 477.0000000000    2.1901210200e-05
 477.5000000000    2.1831211024e-05
 478.0000000000    2.1766094096e-05
 478.5000000000    2.1713124270e-05
 479.0000000000    2.1669725311e-05
 479.5000000000    2.1625731943e-05
 480.0000000000    2.1572052099e-05
 480.5000000000    2.1508316882e-05
 481.0000000000    2.1443198646e-05
 481.5000000000    2.1386785055e-05
 482.0000000000    2.1342280850e-05
 482.5000000000    2.1303305721e-05
 483.0000000000    2.1259344333e-05
 483.5000000000    2.1204634529e-05
 484.0000000000    2.1143124666e-05
 484.5000000000    2.1084837325e-05
 485.0000000000    2.1037530264e-05
 485.5000000000    2.1000099605e-05
 486.0000000000    2.0963559789e-05
 486.5000000000    2.0918700823e-05
 487.0000000000    2.0863862025e-05
 487.5000000000    2.0806406629e-05
 488.0000000000    2.0756160729e-05
 488.5000000000    2.0717300202e-05
 489.0000000000    2.0684788369e-05
 489.5000000000    2.0648679066e-05
 490.0000000000    2.0602602435e-05
 490.5000000000    2.0549104446e-05
 491.0000000000    2.0497501201e-05
 491.5000000000    2.0455757499e-05
 492.0000000000    2.0423872648e-05
 492.5000000000    2.0393957366e-05
 493.0000000000    2.0356951413e-05
 493.5000000000    2.0310273934e-05
 494.0000000000    2.0259938104e-05
 494.5000000000    2.0215416798e-05
 495.0000000000    2.0181531066e-05
 495.5000000000    2.0154417594e-05
 496.0000000000    2.0125002632e-05
 496.5000000000    2.0086511275e-05
 497.0000000000    2.0040285969e-05
 497.5000000000    1.9994542509e-05
 498.0000000000    1.9957253822e-05
 498.5000000000    1.9929558816e-05
 499.0000000000    1.9904799726e-05
 499.5000000000    1.9874198763e-05
 500.0000000000    1.9834257516e-05
 500.5000000000    1.9789651616e-05
 501.0000000000    1.9749235259e-05
 501.5000000000    1.9718540325e-05
 502.0000000000    1.9695105497e-05
 502.5000000000    1.9670600380e-05
 503.0000000000    1.9637892531e-05
 503.5000000000    1.9597067151e-05
 504.0000000000    1.9555317823e-05
 504.5000000000    1.9520860419e-05
 505.0000000000    1.9495810693e-05
 505.5000000000    1.9474654755e-05
 506.0000000000    1.9448789090e-05
 506.5000000000    1.9413881257e-05
 507.0000000000    1.9373527811e-05
 507.5000000000    1.9336171737e-05
 508.0000000000    1.9307860315e-05
 508.5000000000    1.9287192234e-05
 509.0000000000    1.9266582940e-05
 509.5000000000    1.9238675851e-05
 510.0000000000    1.9202587895e-05
 510.5000000000    1.9164643588e-05
 511.0000000000    1.9132941818e-05
 511.5000000000    1.9110499506e-05
 512.0000000000    1.9092737316e-05
 512.5000000000    1.9071464288e-05
 513.0000000000    1.9041720505e-05
 513.5000000000    1.9006025875e-05
 514.0000000000    1.8972271167e-05
 514.5000000000    1.8946863179e-05
 515.0000000000    1.8929398703e-05
 515.5000000000    1.8913057418e-05
 516.0000000000    1.8890349775e-05
 516.5000000000    1.8859542294e-05
 517.0000000000    1.8826052689e-05
 517.5000000000    1.8797803774e-05
 518.0000000000    1.8778523358e-05
 518.5000000000    1.8764585724e-05
 519.0000000000    1.8748198021e-05
 519.5000000000    1.8723979357e-05
 520.0000000000    1.8693462987e-05
 520.5000000000    1.8663894941e-05
 521.0000000000    1.8641932166e-05
 521.5000000000    1.8628038497e-05
 522.0000000000    1.8616176747e-05
 522.5000000000    1.8598881630e-05
 523.0000000000    1.8573658003e-05
 523.5000000000    1.8545030613e-05
 524.0000000000    1.8520636966e-05
 524.5000000000    1.8504737079e-05
 525.0000000000    1.8494643356e-05
 525.5000000000    1.8483068135e-05
 526.0000000000    1.8464152074e-05
 526.5000000000    1.8438592716e-05
 527.0000000000    1.8412927410e-05
 527.5000000000    1.8393957556e-05
 528.0000000000    1.8382977697e-05
 528.5000000000    1.8374714700e-05
 529.0000000000    1.8361920172e-05
 529.5000000000    1.8341257529e-05
 530.0000000000    1.8316391455e-05
 530.5000000000    1.8294746636e-05
 531.0000000000    1.8281187977e-05
 531.5000000000    1.8273884374e-05
 532.0000000000    1.8265902912e-05
 532.5000000000    1.8251176122e-05
 533.0000000000    1.8229486640e-05
 533.5000000000    1.8206840440e-05
 534.0000000000    1.8190247846e-05
 534.5000000000    1.8181725832e-05
 535.0000000000    1.8176584280e-05
 535.5000000000    1.8167448426e-05
 536.0000000000    1.8150639877e-05
 536.5000000000    1.8129122230e-05
 537.0000000000    1.8110141360e-05
 537.5000000000    1.8098836639e-05
 538.0000000000    1.8093962839e-05
 538.5000000000    1.8088942483e-05
 539.0000000000    1.8077538502e-05
 539.5000000000    1.8059200836e-05
 540.0000000000    1.8039385508e-05
 540.5000000000    1.8025030709e-05
 541.0000000000    1.8018458244e-05
 541.5000000000    1.8015629573e-05
 542.0000000000    1.8009493204e-05
 542.5000000000    1.7996176937e-05
 543.0000000000    1.7977975556e-05
 543.5000000000    1.7961652743e-05
 544.0000000000    1.7952556847e-05
 544.5000000000    1.7950073924e-05
 545.0000000000    1.7948189777e-05
 545.5000000000    1.7940774275e-05
 546.0000000000    1.7926421660e-05
 546.5000000000    1.7910011647e-05
 547.0000000000    1.7898371000e-05
 547.5000000000    1.7894424081e-05
 548.0000000000    1.7894715376e-05
 548.5000000000    1.7892489709e-05
 549.0000000000    1.7883196114e-05
 549.5000000000    1.7868608193e-05
 550.0000000000    1.7855213375e-05
 550.5000000000    1.7848611908e-05
 551.0000000000    1.7848703820e-05
 551.5000000000    1.7849880073e-05
 552.0000000000    1.7845821280e-05
 552.5000000000    1.7834778253e-05
 553.0000000000    1.7821225685e-05
 553.5000000000    1.7811910228e-05
 554.0000000000    1.7810087258e-05
 554.5000000000    1.7812781588e-05
 555.0000000000    1.7813508050e-05
 555.5000000000    1.7807472771e-05
 556.0000000000    1.7795990067e-05
 556.5000000000    1.7785231303e-05
 557.0000000000    1.7780928859e-05
 557.5000000000    1.7783506096e-05
 558.0000000000    1.7787776008e-05
 558.5000000000    1.7787218528e-05
 559.0000000000    1.7779698293e-05
 559.5000000000    1.7769135470e-05
 560.0000000000    1.7762319326e-05
 560.5000000000    1.7762934554e-05
 561.0000000000    1.7768369877e-05
 561.5000000000    1.7772040259e-05
 562.0000000000    1.7769076818e-05
 562.5000000000    1.7760264743e-05
 563.0000000000    1.7751634741e-05
 563.5000000000    1.7749114591e-05
 564.0000000000    1.7753431274e-05
 564.5000000000    1.7759548997e-05
 565.0000000000    1.7761181594e-05
 565.5000000000    1.7755880513e-05
 566.0000000000    1.7747357295e-05
 566.5000000000    1.7742206868e-05
 567.0000000000    1.7744221888e-05
 567.5000000000    1.7751184358e-05
 568.0000000000    1.7756963748e-05
 568.5000000000    1.7756532595e-05
 569.0000000000    1.7750358062e-05
 569.5000000000    1.7744015900e-05
 570.0000000000    1.7743355552e-05
 570.5000000000    1.7749497932e-05
 571.0000000000    1.7758061511e-05
 571.5000000000    1.7762639039e-05
 572.0000000000    1.7760571311e-05
 572.5000000000    1.7754825818e-05
 573.0000000000    1.7751869867e-05
 573.5000000000    1.7755921217e-05
 574.0000000000    1.7765319986e-05
 574.5000000000    1.7774082904e-05
 575.0000000000    1.7776888483e-05
 575.5000000000    1.7773649171e-05
 576.0000000000    1.7769626360e-05
 576.5000000000    1.7770971015e-05
 577.0000000000    1.7779308575e-05
 577.5000000000    1.7790421239e-05
 578.0000000000    1.7797857499e-05
 578.5000000000    1.7798446096e-05
 579.0000000000    1.7794904880e-05
 579.5000000000    1.7793702299e-05
 580.0000000000    1.7799331083e-05
 580.5000000000    1.7810452912e-05
 581.0000000000    1.7821244402e-05
 581.5000000000    1.7826139267e-05
 582.0000000000    1.7824824534e-05
 582.5000000000    1.7822256809e-05
 583.0000000000    1.7824696868e-05
 583.5000000000    1.7834150498e-05
 584.0000000000    1.7846718371e-05
 584.5000000000    1.7856012913e-05
 585.0000000000    1.7858634107e-05
 585.5000000000    1.7856876832e-05
 586.0000000000    1.7857073709e-05
 586.5000000000    1.7864030023e-05
 587.0000000000    1.7876879658e-05
 587.5000000000    1.7890040275e-05
 588.0000000000    1.7897711579e-05
 588.5000000000    1.7899058873e-05
 589.0000000000    1.7898749101e-05
 589.5000000000    1.7903247343e-05
 590.0000000000    1.7915050561e-05
 590.5000000000    1.7930521903e-05
 591.0000000000    1.7943250166e-05
 591.5000000000    1.7949100785e-05
 592.0000000000    1.7950139350e-05
 592.5000000000    1.7952695377e-05
 593.0000000000    1.7962048214e-05
 593.5000000000    1.7977688510e-05
 594.0000000000    1.7993754922e-05
 594.5000000000    1.8004328502e-05
 595.0000000000    1.8008001225e-05
 595.5000000000    1.8009576740e-05
 596.0000000000    1.8015707745e-05
 596.5000000000    1.8029102595e-05
 597.0000000000    1.8046281231e-05
 597.5000000000    1.8060590212e-05
 598.0000000000    1.8067924479e-05
 598.5000000000    1.8070050156e-05
 599.0000000000    1.8073358031e-05
 599.5000000000    1.8083255152e-05
 600.0000000000    1.8099469923e-05
 600.5000000000    1.8116431841e-05
 601.0000000000    1.8128076795e-05
 601.5000000000    1.8132938917e-05
 602.0000000000    1.8135317623e-05
 602.5000000000    1.8141942690e-05
 603.0000000000    1.8156009330e-05
 603.5000000000    1.8174425576e-05
 604.0000000000    1.8190719063e-05
 604.5000000000    1.8200221289e-05
 605.0000000000    1.8204224323e-05
 605.5000000000    1.8208934213e-05
 606.0000000000    1.8220289992e-05
 606.5000000000    1.8238665639e-05
 607.0000000000    1.8258621954e-05
 607.5000000000    1.8273525966e-05
 608.0000000000    1.8281221923e-05
 608.5000000000    1.8285720061e-05
 609.0000000000    1.8294240108e-05
 609.5000000000    1.8310658399e-05
 610.0000000000    1.8332086904e-05
 610.5000000000    1.8351567362e-05
 611.0000000000    1.8363741916e-05
 611.5000000000    1.8369659613e-05
 612.0000000000    1.8375821864e-05
 612.5000000000    1.8388738321e-05
 613.0000000000    1.8409070242e-05
 613.5000000000    1.8431034181e-05
 614.0000000000    1.8447730556e-05
 614.5000000000    1.8456545076e-05
 615.0000000000    1.8461810522e-05
 615.5000000000    1.8470973732e-05
 616.0000000000    1.8488213700e-05
 616.5000000000    1.8510716817e-05
 617.0000000000    1.8531251772e-05
 617.5000000000    1.8544429853e-05
 618.0000000000    1.8551159173e-05
 618.5000000000    1.8557905922e-05
 619.0000000000    1.8571389931e-05
 619.5000000000    1.8592606075e-05
 620.0000000000    1.8615964987e-05
 620.5000000000    1.8634421403e-05
 621.0000000000    1.8645002638e-05
 621.5000000000    1.8651615987e-05
 622.0000000000    1.8661778509e-05
 622.5000000000    1.8680189426e-05
 623.0000000000    1.8704536858e-05
 623.5000000000    1.8727624241e-05
 624.0000000000    1.8743406152e-05
 624.5000000000    1.8752103952e-05
 625.0000000000    1.8760020180e-05
 625.5000000000    1.8774503773e-05
 626.0000000000    1.8797320513e-05
 626.5000000000    1.8823059372e-05
 627.0000000000    1.8844062365e-05
 627.5000000000    1.8856477273e-05
 628.0000000000    1.8863906876e-05
 628.5000000000    1.8874438422e-05
 629.0000000000    1.8893681814e-05
 629.5000000000    1.8919722916e-05
 630.0000000000    1.8944840614e-05
 630.5000000000    1.8962158389e-05
 631.0000000000    1.8971492591e-05
 631.5000000000    1.8979485189e-05
 632.0000000000    1.8994334884e-05
 632.5000000000    1.9018344763e-05
 633.0000000000    1.9045878102e-05
 633.5000000000    1.9068540288e-05
 634.0000000000    1.9081967648e-05
 634.5000000000    1.9089811561e-05
 635.0000000000    1.9100756042e-05
 635.5000000000    1.9120990135e-05
 636.0000000000    1.9148689708e-05
 636.5000000000    1.9175776671e-05
 637.0000000000    1.9194782752e-05
 637.5000000000    1.9205189838e-05
 638.0000000000    1.9213919111e-05
 638.5000000000    1.9229676073e-05
 639.0000000000    1.9255152986e-05
 639.5000000000    1.9284790027e-05
 640.0000000000    1.9309644070e-05
 640.5000000000    1.9324979336e-05
 641.0000000000    1.9334001257e-05
 641.5000000000    1.9345819432e-05
 642.0000000000    1.9367224124e-05
 642.5000000000    1.9396823966e-05
 643.0000000000    1.9426433355e-05
 643.5000000000    1.9447869269e-05
 644.0000000000    1.9459858840e-05
 644.5000000000    1.9469414882e-05
 645.0000000000    1.9485850791e-05
 645.5000000000    1.9512719610e-05
 646.0000000000    1.9544692323e-05
 646.5000000000    1.9572071259e-05
 647.0000000000    1.9589158195e-05
 647.5000000000    1.9599029032e-05
 648.0000000000    1.9611037602e-05
 648.5000000000    1.9633078734e-05
 649.0000000000    1.9664400207e-05
 649.5000000000    1.9696164302e-05
 650.0000000000    1.9719422766e-05
 650.5000000000    1.9732165822e-05
 651.0000000000    1.9741546135e-05
 651.5000000000    1.9757824560e-05
 652.0000000000    1.9785406102e-05
 652.5000000000    1.9818819394e-05
 653.0000000000    1.9847565660e-05
 653.5000000000    1.9865094194e-05
 654.0000000000    1.9874379839e-05
 654.5000000000    1.9885448680e-05
 655.0000000000    1.9907107279e-05
 655.5000000000    1.9938792005e-05
 656.0000000000    1.9971338173e-05
 656.5000000000    1.9994856949e-05
 657.0000000000    2.0007013103e-05
 657.5000000000    2.0015365309e-05
 658.0000000000    2.0030903019e-05
 658.5000000000    2.0058528818e-05
 659.0000000000    2.0092784217e-05
 659.5000000000    2.0122655063e-05
 660.0000000000    2.0141102190e-05
 660.5000000000    2.0150666331e-05
 661.0000000000    2.0161939006e-05
 661.5000000000    2.0184399841e-05
 662.0000000000    2.0217928681e-05
 662.5000000000    2.0253215454e-05
 663.0000000000    2.0279614597e-05
 663.5000000000    2.0294073426e-05
 664.0000000000    2.0303926518e-05
 664.5000000000    2.0320732841e-05
 665.0000000000    2.0350410916e-05
 665.5000000000    2.0387841124e-05
 666.0000000000    2.0421338286e-05
 666.5000000000    2.0442717573e-05
 667.0000000000    2.0454036274e-05
 667.5000000000    2.0466028938e-05
 668.0000000000    2.0489291350e-05
 668.5000000000    2.0524765078e-05
 669.0000000000    2.0562807128e-05
 669.5000000000    2.0591734105e-05
 670.0000000000    2.0607390085e-05
 670.5000000000    2.0617038904e-05
 671.0000000000    2.0633249933e-05
 671.5000000000    2.0663240756e-05
 672.0000000000    2.0702119925e-05
 672.5000000000    2.0737328327e-05
 673.0000000000    2.0759500259e-05
 673.5000000000    2.0769905699e-05
 674.0000000000    2.0780257485e-05
 674.5000000000    2.0802347048e-05
 675.0000000000    2.0837745233e-05
 675.5000000000    2.0876416222e-05
 676.0000000000    2.0905508979e-05
 676.5000000000    2.0920112366e-05
 677.0000000000    2.0927545101e-05
 677.5000000000    2.0941548962e-05
 678.0000000000    2.0970272777e-05
 678.5000000000    2.1009091575e-05
 679.0000000000    2.1044567195e-05
 679.5000000000    2.1066398344e-05
 680.0000000000    2.1075427274e-05
 680.5000000000    2.1083879956e-05
 681.0000000000    2.1104585575e-05
 681.5000000000    2.1139858836e-05
 682.0000000000    2.1179502901e-05
 682.5000000000    2.1209708359e-05
 683.0000000000    2.1224554708e-05
 683.5000000000    2.1231078525e-05
 684.0000000000    2.1243743458e-05
 684.5000000000    2.1271874722e-05
 685.0000000000    2.1311470355e-05
 685.5000000000    2.1348571992e-05
 686.0000000000    2.1371563580e-05
 686.5000000000    2.1380368321e-05
 687.0000000000    2.1387350531e-05
 687.5000000000    2.1406579189e-05
 688.0000000000    2.1441638505e-05
 688.5000000000    2.1482463251e-05
 689.0000000000    2.1514245059e-05
 689.5000000000    2.1529631646e-05
 690.0000000000    2.1535244351e-05
 690.5000000000    2.1546391777e-05
 691.0000000000    2.1573859381e-05
 691.5000000000    2.1614366906e-05
 692.0000000000    2.1653309631e-05
 692.5000000000    2.1677723383e-05
 693.0000000000    2.1686664103e-05
 693.5000000000    2.1692761942e-05
 694.0000000000    2.1711446769e-05
 694.5000000000    2.1747308213e-05
 695.0000000000    2.1790061947e-05
 695.5000000000    2.1823513527e-05
 696.0000000000    2.1839571370e-05
 696.5000000000    2.1844742175e-05
 697.0000000000    2.1855458198e-05
 697.5000000000    2.1883456124e-05
 698.0000000000    2.1925469135e-05
 698.5000000000    2.1966082732e-05
 699.0000000000    2.1991169094e-05
 699.5000000000    2.1999761025e-05
 700.0000000000    2.2005080467e-05
