#          time             L^2_Ham             L^2_Mom
   0.0000000000    3.5452285227e-06    3.4793098475e-06
   0.5000000000    1.1942536380e-06    3.4417976169e-06
   1.0000000000    1.0389968230e-06    3.4133958516e-06
   1.5000000000    9.0112870305e-07    3.3899351256e-06
   2.0000000000    7.7014317374e-07    3.3849365758e-06
   2.5000000000    6.6269901897e-07    3.3981220760e-06
   3.0000000000    5.9138359764e-07    3.4244234689e-06
   3.5000000000    5.5113828668e-07    3.4571057796e-06
   4.0000000000    5.2830690387e-07    3.4905826599e-06
   4.5000000000    5.1424510065e-07    3.5211268887e-06
   5.0000000000    4.9789083989e-07    3.5479310633e-06
   5.5000000000    4.7738893177e-07    3.5714767736e-06
   6.0000000000    4.5434733280e-07    3.5928078392e-06
   6.5000000000    4.3036318187e-07    3.6130143218e-06
   7.0000000000    4.0684512630e-07    3.6331556098e-06
   7.5000000000    3.8479928591e-07    3.6541167294e-06
   8.0000000000    3.6493498785e-07    3.6761085531e-06
   8.5000000000    3.4739612884e-07    3.6999437435e-06
   9.0000000000    3.3193761370e-07    3.7254222762e-06
   9.5000000000    3.1838645679e-07    3.7530461726e-06
  10.0000000000    3.0637421396e-07    3.7822072407e-06
  10.5000000000    2.9624450151e-07    3.8167286624e-06
  11.0000000000    2.8757285541e-07    3.8478558505e-06
  11.5000000000    2.8111392326e-07    3.8820854908e-06
  12.0000000000    2.7319700156e-07    3.9184931483e-06
  12.5000000000    2.6792256464e-07    3.9581557174e-06
  13.0000000000    2.6758046219e-07    3.9973623393e-06
  13.5000000000    2.6071463369e-07    4.0442008329e-06
  14.0000000000    2.5827901160e-07    4.0823441216e-06
  14.5000000000    2.6255464598e-07    4.1275334057e-06
  15.0000000000    2.6253918025e-07    4.1727337410e-06
  15.5000000000    2.6121408255e-07    4.2254482752e-06
  16.0000000000    2.6146252240e-07    4.2724367914e-06
  16.5000000000    2.7303159962e-07    4.3203955820e-06
  17.0000000000    2.9421920099e-07    4.3723926827e-06
  17.5000000000    2.9407037597e-07    4.4248799018e-06
  18.0000000000    2.8830690114e-07    4.4987634156e-06
  18.5000000000    2.8326263153e-07    4.5398070946e-06
  19.0000000000    2.8172523971e-07    4.5886044739e-06
  19.5000000000    2.8421302341e-07    4.6443553968e-06
  20.0000000000    2.7617783180e-07    4.7011218307e-06
  20.5000000000    2.6674964339e-07    4.7574492863e-06
  21.0000000000    2.6652645517e-07    4.8202336257e-06
  21.5000000000    2.7002175406e-07    4.8773566846e-06
  22.0000000000    2.7765853047e-07    4.9382655134e-06
  22.5000000000    2.8622173888e-07    5.0001428031e-06
  23.0000000000    2.8956940383e-07    5.0615991069e-06
  23.5000000000    2.9124706076e-07    5.1250470742e-06
  24.0000000000    2.9330421263e-07    5.1917498969e-06
  24.5000000000    2.9797771084e-07    5.2555404869e-06
  25.0000000000    3.0482378936e-07    5.3184628636e-06
  25.5000000000    3.1114071960e-07    5.3838257249e-06
  26.0000000000    3.0124123641e-07    5.4495543701e-06
  26.5000000000    3.0129782575e-07    5.5159228005e-06
  27.0000000000    3.0307575694e-07    5.5817559707e-06
  27.5000000000    3.0660428194e-07    5.6489005222e-06
  28.0000000000    3.1044528646e-07    5.7165876221e-06
  28.5000000000    3.1456160381e-07    5.7847934716e-06
  29.0000000000    3.1869054272e-07    5.8533773237e-06
  29.5000000000    3.2297304545e-07    5.9223920964e-06
  30.0000000000    3.2756823558e-07    5.9916509111e-06
  30.5000000000    3.3298734943e-07    6.0650697112e-06
  31.0000000000    3.3767752704e-07    6.1346750503e-06
  31.5000000000    3.4252500662e-07    6.2048697988e-06
  32.0000000000    3.4780730187e-07    6.2735660512e-06
  32.5000000000    3.5306807021e-07    6.3429012834e-06
  33.0000000000    3.5789490073e-07    6.4145035279e-06
  33.5000000000    3.6327016023e-07    6.4851858784e-06
  34.0000000000    3.6775399099e-07    6.5569900605e-06
  34.5000000000    3.7146257581e-07    6.6307266455e-06
  35.0000000000    3.7710185509e-07    6.7006956657e-06
  35.5000000000    3.7989840388e-07    6.7772228473e-06
  36.0000000000    3.8337138921e-07    6.8452664848e-06
  36.5000000000    3.8675986285e-07    6.9223562491e-06
  37.0000000000    3.8978883198e-07    6.9889652119e-06
  37.5000000000    3.9283564995e-07    7.0607572680e-06
  38.0000000000    3.9540495619e-07    7.1329481011e-06
  38.5000000000    3.9816344883e-07    7.2054262197e-06
  39.0000000000    4.0071069168e-07    7.2781342503e-06
  39.5000000000    4.0304023553e-07    7.3507370015e-06
  40.0000000000    4.0530420065e-07    7.4329542845e-06
  40.5000000000    4.0818731372e-07    7.5010454034e-06
  41.0000000000    4.1090287075e-07    7.5703292792e-06
  41.5000000000    4.1345143827e-07    7.6436282134e-06
  42.0000000000    4.1617565083e-07    7.7214856366e-06
  42.5000000000    4.1908050128e-07    7.7877034479e-06
  43.0000000000    4.2205510591e-07    7.8599399019e-06
  43.5000000000    4.2534887731e-07    7.9319744842e-06
  44.0000000000    4.2807554309e-07    8.0052375651e-06
  44.5000000000    4.3093548837e-07    8.0775503296e-06
  45.0000000000    4.3448109085e-07    8.1543449905e-06
  45.5000000000    4.3772862587e-07    8.2232093315e-06
  46.0000000000    4.4067370032e-07    8.2933487110e-06
  46.5000000000    4.4375452458e-07    8.3737428638e-06
  47.0000000000    4.4668723003e-07    8.4390863087e-06
  47.5000000000    4.4974762999e-07    8.5290617964e-06
  48.0000000000    4.5313504681e-07    8.5837004462e-06
  48.5000000000    4.5668984983e-07    8.6583491571e-06
  49.0000000000    4.5992517323e-07    8.7317597450e-06
  49.5000000000    4.6311454751e-07    8.8008842247e-06
  50.0000000000    4.6632674591e-07    8.8674957148e-06
  50.5000000000    4.6972818309e-07    8.9373033099e-06
  51.0000000000    4.7302503378e-07    9.0091687486e-06
  51.5000000000    4.7626228092e-07    9.0810152418e-06
  52.0000000000    4.7956396621e-07    9.1529001676e-06
  52.5000000000    4.8319369550e-07    9.2278574980e-06
  53.0000000000    4.8647574323e-07    9.2971893310e-06
  53.5000000000    4.8992349681e-07    9.3674785680e-06
  54.0000000000    4.9354760331e-07    9.4661377222e-06
  54.5000000000    4.9699900945e-07    9.5241056513e-06
  55.0000000000    5.0053830837e-07    9.5813829026e-06
  55.5000000000    5.0375573546e-07    9.6455153919e-06
  56.0000000000    5.0675241298e-07    9.7088620842e-06
  56.5000000000    5.1039144513e-07    9.7752180957e-06
  57.0000000000    5.1386872838e-07    9.8477531722e-06
  57.5000000000    5.1679551333e-07    9.9163842357e-06
  58.0000000000    5.1941116744e-07    9.9701532196e-06
  58.5000000000    5.2239045260e-07    1.0032290264e-05
  59.0000000000    5.2523980433e-07    1.0093814007e-05
  59.5000000000    5.2849712189e-07    1.0152920177e-05
  60.0000000000    5.3174545120e-07    1.0217625640e-05
  60.5000000000    5.3517381661e-07    1.0286720432e-05
  61.0000000000    5.3878868616e-07    1.0357171663e-05
  61.5000000000    5.4234629337e-07    1.0427189351e-05
  62.0000000000    5.4572499522e-07    1.0496277438e-05
  62.5000000000    5.4927168479e-07    1.0637569102e-05
  63.0000000000    5.5243932271e-07    1.0640179840e-05
  63.5000000000    5.5566081198e-07    1.0702819095e-05
  64.0000000000    5.5907233932e-07    1.0762576172e-05
  64.5000000000    5.6266402662e-07    1.0825895938e-05
  65.0000000000    5.6596569763e-07    1.0894103111e-05
  65.5000000000    5.6954266212e-07    1.0955773899e-05
  66.0000000000    5.7300732951e-07    1.1023293227e-05
  66.5000000000    5.7664114243e-07    1.1086568946e-05
  67.0000000000    5.8008712627e-07    1.1153052650e-05
  67.5000000000    5.8353634199e-07    1.1238199825e-05
  68.0000000000    5.8695041363e-07    1.1290994603e-05
  68.5000000000    5.9043370002e-07    1.1411875072e-05
  69.0000000000    5.9377228167e-07    1.1448370929e-05
  69.5000000000    5.9726509688e-07    1.1489105917e-05
  70.0000000000    6.0081294208e-07    1.1668408816e-05
  70.5000000000    6.0425241673e-07    1.1654655598e-05
  71.0000000000    6.0748980908e-07    1.1682532795e-05
  71.5000000000    6.1086095718e-07    1.1739054636e-05
  72.0000000000    6.1432452526e-07    1.1822798070e-05
  72.5000000000    6.1736677912e-07    1.1875615347e-05
  73.0000000000    6.2154621291e-07    1.1933053616e-05
  73.5000000000    6.2560022795e-07    1.1998013189e-05
  74.0000000000    6.2839334965e-07    1.2044787861e-05
  74.5000000000    6.3212595316e-07    1.2112548862e-05
  75.0000000000    6.3765701981e-07    1.2206053404e-05
  75.5000000000    6.4058896094e-07    1.2296946737e-05
  76.0000000000    6.4374506625e-07    1.2330829668e-05
  76.5000000000    6.4703983476e-07    1.2370813064e-05
  77.0000000000    6.4938502483e-07    1.2427744030e-05
  77.5000000000    6.5132133741e-07    1.2490379467e-05
  78.0000000000    6.5542018005e-07    1.2553432637e-05
  78.5000000000    6.5947290532e-07    1.2621798735e-05
  79.0000000000    6.6319437940e-07    1.2672085320e-05
  79.5000000000    6.6664077525e-07    1.2725330621e-05
  80.0000000000    6.6934008166e-07    1.2785077192e-05
  80.5000000000    6.7238017830e-07    1.2845173874e-05
  81.0000000000    6.7554194914e-07    1.2908356884e-05
  81.5000000000    6.7897543613e-07    1.2966351190e-05
  82.0000000000    6.8230876726e-07    1.3023854093e-05
  82.5000000000    6.8591647085e-07    1.3083414785e-05
  83.0000000000    6.8913049292e-07    1.3148346923e-05
  83.5000000000    6.9234536545e-07    1.3205858521e-05
  84.0000000000    6.9573779330e-07    1.3263780115e-05
  84.5000000000    6.9903071812e-07    1.3321814556e-05
  85.0000000000    7.0281242232e-07    1.3380561309e-05
  85.5000000000    7.0713229648e-07    1.3439414428e-05
  86.0000000000    7.1274484070e-07    1.3498011941e-05
  86.5000000000    7.1873556678e-07    1.3555950735e-05
  87.0000000000    7.2492483187e-07    1.3613669792e-05
  87.5000000000    7.3414353568e-07    1.3671522319e-05
  88.0000000000    7.4457226859e-07    1.3749460011e-05
  88.5000000000    7.5303875412e-07    1.3792199584e-05
  89.0000000000    7.6150285887e-07    1.3846888060e-05
  89.5000000000    7.6837291307e-07    1.3905395194e-05
  90.0000000000    7.7394492099e-07    1.3967145975e-05
  90.5000000000    7.8683393241e-07    1.4052641319e-05
  91.0000000000    7.8648072487e-07    1.4081193873e-05
  91.5000000000    7.9035203531e-07    1.4137524503e-05
  92.0000000000    7.9320899507e-07    1.4187516159e-05
  92.5000000000    7.9661135811e-07    1.4246338604e-05
  93.0000000000    7.9988842354e-07    1.4307246207e-05
  93.5000000000    8.0186113984e-07    1.4358720596e-05
  94.0000000000    8.0394160710e-07    1.4416099324e-05
  94.5000000000    8.0720877384e-07    1.4468108014e-05
  95.0000000000    8.0981418348e-07    1.4525136963e-05
  95.5000000000    8.1198457368e-07    1.4579770412e-05
  96.0000000000    8.1416012918e-07    1.4633932037e-05
  96.5000000000    8.1720104873e-07    1.4692955127e-05
  97.0000000000    8.2031987598e-07    1.4747646723e-05
  97.5000000000    8.2265869354e-07    1.4799894399e-05
  98.0000000000    8.2502116059e-07    1.4860977954e-05
  98.5000000000    8.2780572633e-07    1.4921750808e-05
  99.0000000000    8.3088516965e-07    1.4976133263e-05
  99.5000000000    8.3403730332e-07    1.5021481377e-05
 100.0000000000    8.3806832438e-07    1.5077828975e-05
 100.5000000000    8.4059351613e-07    1.5125592848e-05
 101.0000000000    8.4027505360e-07    1.5180463652e-05
 101.5000000000    8.3986438350e-07    1.5232851169e-05
 102.0000000000    8.4324195258e-07    1.5286729812e-05
 102.5000000000    8.4972060788e-07    1.5358715097e-05
 103.0000000000    8.5382544476e-07    1.5394240455e-05
 103.5000000000    8.5338254476e-07    1.5446139085e-05
 104.0000000000    8.5327684483e-07    1.5499073507e-05
 104.5000000000    8.5623019215e-07    1.5551827660e-05
 105.0000000000    8.5980844114e-07    1.5604357222e-05
 105.5000000000    8.6205919208e-07    1.5656383093e-05
 106.0000000000    8.6372252439e-07    1.5708394734e-05
 106.5000000000    8.6604575413e-07    1.5760596244e-05
 107.0000000000    8.6863767617e-07    1.5812380678e-05
 107.5000000000    8.7105774329e-07    1.5884456495e-05
 108.0000000000    8.7360798185e-07    1.5938357684e-05
 108.5000000000    8.7601707502e-07    1.6112125660e-05
 109.0000000000    8.7837674854e-07    1.6025861542e-05
 109.5000000000    8.8068502063e-07    1.6069480516e-05
 110.0000000000    8.8298525080e-07    1.6128563568e-05
 110.5000000000    8.8541030835e-07    1.6166890099e-05
 111.0000000000    8.8780257783e-07    1.6228904153e-05
 111.5000000000    8.9023697901e-07    1.6267880338e-05
 112.0000000000    8.9261646610e-07    1.6322486098e-05
 112.5000000000    8.9500783153e-07    1.6376975341e-05
 113.0000000000    8.9742074105e-07    1.6423231015e-05
 113.5000000000    9.0003745604e-07    1.6474949057e-05
 114.0000000000    9.0251567731e-07    1.6523801661e-05
 114.5000000000    9.0500548030e-07    1.6574765626e-05
 115.0000000000    9.0754567239e-07    1.6624151005e-05
 115.5000000000    9.1011075894e-07    1.6673932674e-05
 116.0000000000    9.1266880565e-07    1.6723682122e-05
 116.5000000000    9.1517060487e-07    1.6773147066e-05
 117.0000000000    9.1779896717e-07    1.6844813129e-05
 117.5000000000    9.2061808688e-07    1.6874490192e-05
 118.0000000000    9.2352992908e-07    1.6934285304e-05
 118.5000000000    9.2648077906e-07    1.6977690807e-05
 119.0000000000    9.2919553115e-07    1.7024896079e-05
 119.5000000000    9.3219772323e-07    1.7072934750e-05
 120.0000000000    9.3531013523e-07    1.7121112861e-05
 120.5000000000    9.3865768971e-07    1.7169483509e-05
 121.0000000000    9.4196747921e-07    1.7217907198e-05
 121.5000000000    9.4503972545e-07    1.7266365160e-05
 122.0000000000    9.4839292045e-07    1.7320354236e-05
 122.5000000000    9.5200519616e-07    1.7365099611e-05
 123.0000000000    9.5533920160e-07    1.7413344326e-05
 123.5000000000    9.5850853032e-07    1.7461606398e-05
 124.0000000000    9.6196324063e-07    1.7509672057e-05
 124.5000000000    9.6565298901e-07    1.7557549960e-05
 125.0000000000    9.6880126299e-07    1.7605322524e-05
 125.5000000000    9.7144700924e-07    1.7652994257e-05
 126.0000000000    9.7466494719e-07    1.7700593592e-05
 126.5000000000    9.7841379357e-07    1.7748114777e-05
 127.0000000000    9.8156436528e-07    1.7801419615e-05
 127.5000000000    9.8396797113e-07    1.7870273968e-05
 128.0000000000    9.8667426151e-07    1.7897450973e-05
 128.5000000000    9.9012092634e-07    1.7941681540e-05
 129.0000000000    9.9314640487e-07    1.7988291643e-05
 129.5000000000    9.9533448366e-07    1.8035133975e-05
 130.0000000000    9.9806683042e-07    1.8082004687e-05
 130.5000000000    1.0012303839e-06    1.8128843686e-05
 131.0000000000    1.0038393986e-06    1.8175614035e-05
 131.5000000000    1.0062331792e-06    1.8228340799e-05
 132.0000000000    1.0088926912e-06    1.8271003938e-05
 132.5000000000    1.0117982715e-06    1.8317723685e-05
 133.0000000000    1.0142749825e-06    1.8364361335e-05
 133.5000000000    1.0167774833e-06    1.8410820730e-05
 134.0000000000    1.0193844862e-06    1.8457148153e-05
 134.5000000000    1.0220044506e-06    1.8503309801e-05
 135.0000000000    1.0245525819e-06    1.8549416835e-05
 135.5000000000    1.0270842875e-06    1.8595501138e-05
 136.0000000000    1.0297037523e-06    1.8668219019e-05
 136.5000000000    1.0323107780e-06    1.8689952412e-05
 137.0000000000    1.0349157868e-06    1.8746996338e-05
 137.5000000000    1.0372910210e-06    1.8785863194e-05
 138.0000000000    1.0397734811e-06    1.8830051920e-05
 138.5000000000    1.0424321768e-06    1.8875245916e-05
 139.0000000000    1.0451197943e-06    1.8920558764e-05
 139.5000000000    1.0474701912e-06    1.8966016217e-05
 140.0000000000    1.0499508073e-06    1.9011398196e-05
 140.5000000000    1.0525343209e-06    1.9084531176e-05
 141.0000000000    1.0550515001e-06    1.9104673892e-05
 141.5000000000    1.0575821642e-06    1.9149608300e-05
 142.0000000000    1.0625396857e-06    1.9375779757e-05
 142.5000000000    1.0645079895e-06    1.9303768391e-05
 143.0000000000    1.0659425950e-06    1.9295824466e-05
 143.5000000000    1.0683923599e-06    1.9355721356e-05
 144.0000000000    1.0712499116e-06    1.9688175508e-05
 144.5000000000    1.0733145436e-06    1.9520220510e-05
 145.0000000000    1.0758266251e-06    1.9490665000e-05
 145.5000000000    1.0785356709e-06    1.9526239551e-05
 146.0000000000    1.0813713605e-06    1.9595965489e-05
 146.5000000000    1.0844811820e-06    1.9620210617e-05
 147.0000000000    1.0877723201e-06    1.9663750396e-05
 147.5000000000    1.0910213309e-06    1.9707291959e-05
 148.0000000000    1.0954625221e-06    1.9749799822e-05
 148.5000000000    1.1021356220e-06    1.9791880507e-05
 149.0000000000    1.1102789178e-06    1.9836151841e-05
 149.5000000000    1.1172745898e-06    1.9882354840e-05
 150.0000000000    1.1244127910e-06    1.9933966273e-05
 150.5000000000    1.1378515396e-06    1.9973616311e-05
 151.0000000000    1.1558916386e-06    2.0017317836e-05
 151.5000000000    1.1679904752e-06    2.0061930009e-05
 152.0000000000    1.1768830341e-06    2.0107205687e-05
 152.5000000000    1.1977784951e-06    2.0151538045e-05
 153.0000000000    1.2243556873e-06    2.0196488140e-05
 153.5000000000    1.2340874790e-06    2.0240208618e-05
 154.0000000000    1.2371293371e-06    2.0284555735e-05
 154.5000000000    1.2621077888e-06    2.0336762802e-05
 155.0000000000    1.2918944876e-06    2.0407020302e-05
 155.5000000000    1.2938859276e-06    2.0428654541e-05
 156.0000000000    1.2898810214e-06    2.0468958770e-05
 156.5000000000    1.3116622003e-06    2.0512143639e-05
 157.0000000000    1.3316344245e-06    2.0555884160e-05
 157.5000000000    1.3228714568e-06    2.0599834717e-05
 158.0000000000    1.3134847635e-06    2.0644219403e-05
 158.5000000000    1.3243251988e-06    2.0721002820e-05
 159.0000000000    1.3305208878e-06    2.0735025970e-05
 159.5000000000    1.3236742710e-06    2.0778743640e-05
 160.0000000000    1.3251040501e-06    2.0823620938e-05
 160.5000000000    1.3371864341e-06    2.0868157002e-05
 161.0000000000    1.3424252873e-06    2.0912258657e-05
 161.5000000000    1.3391115260e-06    2.0956536951e-05
 162.0000000000    1.3360781235e-06    2.1000683094e-05
 162.5000000000    1.3335315344e-06    2.1044869276e-05
 163.0000000000    1.3291173676e-06    2.1123614430e-05
 163.5000000000    1.3257821079e-06    2.1135871064e-05
 164.0000000000    1.3268868072e-06    2.1213196482e-05
 164.5000000000    1.3298916530e-06    2.1233966123e-05
 165.0000000000    1.3305993617e-06    2.1273775139e-05
 165.5000000000    1.3284329954e-06    2.1316240912e-05
 166.0000000000    1.3255342227e-06    2.1359455706e-05
 166.5000000000    1.3226186642e-06    2.1403245439e-05
 167.0000000000    1.3202259643e-06    2.1447122012e-05
 167.5000000000    1.3188940646e-06    2.1499951595e-05
 168.0000000000    1.3182742524e-06    2.1537090465e-05
 168.5000000000    1.3171673863e-06    2.1582046671e-05
 169.0000000000    1.3153141122e-06    2.1626586195e-05
 169.5000000000    1.3137040767e-06    2.1670753346e-05
 170.0000000000    1.3126989667e-06    2.1714956625e-05
 170.5000000000    1.3123855179e-06    2.1759161343e-05
 171.0000000000    1.3122015651e-06    2.1803385742e-05
 171.5000000000    1.3119767844e-06    2.1847623316e-05
 172.0000000000    1.3116624749e-06    2.1929373964e-05
 172.5000000000    1.3114262484e-06    2.1944187622e-05
 173.0000000000    1.3113246439e-06    2.1986284401e-05
 173.5000000000    1.3115108212e-06    2.2030457597e-05
 174.0000000000    1.3118150223e-06    2.2074914458e-05
 174.5000000000    1.3121182065e-06    2.2122854503e-05
 175.0000000000    1.3126371876e-06    2.2306580199e-05
 175.5000000000    1.3133021706e-06    2.2245643628e-05
 176.0000000000    1.3142215558e-06    2.2363010442e-05
 176.5000000000    1.3151406328e-06    2.2340104297e-05
 177.0000000000    1.3160136992e-06    2.2355746924e-05
 177.5000000000    1.3171367796e-06    2.2387559090e-05
 178.0000000000    1.3182644838e-06    2.2426970678e-05
 178.5000000000    1.3195907750e-06    2.2469640555e-05
 179.0000000000    1.3206899876e-06    2.2513622549e-05
 179.5000000000    1.3220035114e-06    2.2558081847e-05
 180.0000000000    1.3234556457e-06    2.2642675436e-05
 180.5000000000    1.3249305414e-06    2.2681465533e-05
 181.0000000000    1.3266448916e-06    2.2713124270e-05
 181.5000000000    1.3283546999e-06    2.2744095107e-05
 182.0000000000    1.3300616278e-06    2.2780871613e-05
 182.5000000000    1.3319907015e-06    2.2822314864e-05
 183.0000000000    1.3341279348e-06    2.2865905099e-05
 183.5000000000    1.3364927267e-06    2.2910288805e-05
 184.0000000000    1.3391417815e-06    2.2954946120e-05
 184.5000000000    1.3422914291e-06    2.3010239121e-05
 185.0000000000    1.3457448431e-06    2.3066509355e-05
 185.5000000000    1.3494305045e-06    2.3104362219e-05
 186.0000000000    1.3528417098e-06    2.3140004050e-05
 186.5000000000    1.3556380628e-06    2.3179789690e-05
 187.0000000000    1.3574608813e-06    2.3222637262e-05
 187.5000000000    1.3587375632e-06    2.3266859993e-05
 188.0000000000    1.3599334194e-06    2.3311685993e-05
 188.5000000000    1.3614817824e-06    2.3400065337e-05
 189.0000000000    1.3636785553e-06    2.3404491846e-05
 189.5000000000    1.3663783526e-06    2.3449045757e-05
 190.0000000000    1.3695043098e-06    2.3492315154e-05
 190.5000000000    1.3730311160e-06    2.3536675915e-05
 191.0000000000    1.3772793761e-06    2.3582212655e-05
 191.5000000000    1.3825368160e-06    2.3628143883e-05
 192.0000000000    1.3879190772e-06    2.3673960339e-05
 192.5000000000    1.3919564703e-06    2.3763930573e-05
 193.0000000000    1.3933687276e-06    2.3767803242e-05
 193.5000000000    1.3924579872e-06    2.3820208670e-05
 194.0000000000    1.3912499118e-06    2.3863765940e-05
 194.5000000000    1.3921894302e-06    2.3906389924e-05
 195.0000000000    1.3963092505e-06    2.3950638860e-05
 195.5000000000    1.4025920703e-06    2.3995965311e-05
 196.0000000000    1.4080722693e-06    2.4041903338e-05
 196.5000000000    1.4109596554e-06    2.4133210144e-05
 197.0000000000    1.4108996905e-06    2.4136658821e-05
 197.5000000000    1.4100312573e-06    2.4183621683e-05
 198.0000000000    1.4106126333e-06    2.4230082739e-05
 198.5000000000    1.4136786293e-06    2.4275644987e-05
 199.0000000000    1.4180937729e-06    2.4322002863e-05
 199.5000000000    1.4220727326e-06    2.4368830538e-05
 200.0000000000    1.4245845384e-06    2.4415830669e-05
 200.5000000000    1.4262492365e-06    2.4508689489e-05
 201.0000000000    1.4281307889e-06    2.4511995807e-05
 201.5000000000    1.4307701905e-06    2.4560107196e-05
 202.0000000000    1.4338766219e-06    2.4608142411e-05
 202.5000000000    1.4368194819e-06    2.4654804262e-05
 203.0000000000    1.4394305456e-06    2.4701832682e-05
 203.5000000000    1.4419210895e-06    2.4749261771e-05
 204.0000000000    1.4445833984e-06    2.4796922828e-05
 204.5000000000    1.4474073482e-06    2.4854884869e-05
 205.0000000000    1.4498904108e-06    2.4894946366e-05
 205.5000000000    1.4525398622e-06    2.4943695769e-05
 206.0000000000    1.4551455698e-06    2.4991371455e-05
 206.5000000000    1.4581101851e-06    2.5039629510e-05
 207.0000000000    1.4609284382e-06    2.5088028040e-05
 207.5000000000    1.4637787005e-06    2.5136593748e-05
 208.0000000000    1.4666459342e-06    2.5230066651e-05
 208.5000000000    1.4694448657e-06    2.5235804322e-05
 209.0000000000    1.4723163192e-06    2.5286198342e-05
 209.5000000000    1.4753200065e-06    2.5334588004e-05
 210.0000000000    1.4784296337e-06    2.5383553762e-05
 210.5000000000    1.4815515585e-06    2.5432940071e-05
 211.0000000000    1.4841577254e-06    2.5482524977e-05
 211.5000000000    1.4877993049e-06    2.5532161529e-05
 212.0000000000    1.4903809079e-06    2.5626319038e-05
 212.5000000000    1.4938533889e-06    2.5633618986e-05
 213.0000000000    1.4976781693e-06    2.5685265401e-05
 213.5000000000    1.5024932805e-06    2.5734569863e-05
 214.0000000000    1.5095959345e-06    2.5784801989e-05
 214.5000000000    1.5196593712e-06    2.5835317041e-05
 215.0000000000    1.5346842978e-06    2.5885966684e-05
 215.5000000000    1.5538180122e-06    2.5978629089e-05
 216.0000000000    1.5753895107e-06    2.5989727907e-05
 216.5000000000    1.5949046734e-06    2.6042414358e-05
 217.0000000000    1.6070646074e-06    2.6092836494e-05
 217.5000000000    1.6088044046e-06    2.6144440126e-05
 218.0000000000    1.6030963102e-06    2.6196367469e-05
 218.5000000000    1.6005467307e-06    2.6248019972e-05
 219.0000000000    1.6155978074e-06    2.6300037953e-05
 219.5000000000    1.6581039620e-06    2.6358103394e-05
 220.0000000000    1.7227135274e-06    2.6408310336e-05
 220.5000000000    1.7899583659e-06    2.6459975323e-05
 221.0000000000    1.8364233128e-06    2.6512736919e-05
 221.5000000000    1.8471878586e-06    2.6566123053e-05
 222.0000000000    1.8251253332e-06    2.6619658309e-05
 222.5000000000    1.7907056749e-06    2.6672664740e-05
 223.0000000000    1.7711330068e-06    2.6730293353e-05
 223.5000000000    1.7809799787e-06    2.6783362029e-05
 224.0000000000    1.8113522309e-06    2.6836275949e-05
 224.5000000000    1.8375920668e-06    2.6890830295e-05
 225.0000000000    1.8393997166e-06    2.6945761714e-05
 225.5000000000    1.8147592472e-06    2.7000794148e-05
 226.0000000000    1.7798860962e-06    2.7091796118e-05
 226.5000000000    1.7558946297e-06    2.7117230912e-05
 227.0000000000    1.7518995454e-06    2.7169952827e-05
 227.5000000000    1.7589098246e-06    2.7223882608e-05
 228.0000000000    1.7609297176e-06    2.7279485673e-05
 228.5000000000    1.7495069527e-06    2.7335544490e-05
 229.0000000000    1.7292663086e-06    2.7392046293e-05
 229.5000000000    1.7120075355e-06    2.7450541198e-05
 230.0000000000    1.7049759360e-06    2.7506252753e-05
 230.5000000000    1.7053450554e-06    2.7561373170e-05
 231.0000000000    1.7053964128e-06    2.7619132565e-05
 231.5000000000    1.7007724749e-06    2.7677266943e-05
 232.0000000000    1.6940441109e-06    2.7735585307e-05
 232.5000000000    1.6904778297e-06    2.7794878805e-05
 233.0000000000    1.6927184333e-06    2.7898441014e-05
 233.5000000000    1.6979817190e-06    2.7957868111e-05
 234.0000000000    1.7016423051e-06    2.8035788325e-05
 234.5000000000    1.7049750023e-06    2.8246665950e-05
 235.0000000000    1.7096844402e-06    2.8585316690e-05
 235.5000000000    1.7168779181e-06    2.8942093415e-05
 236.0000000000    1.7330960860e-06    3.3030877691e-05
 236.5000000000    1.7338540675e-06    3.4083229591e-05
 237.0000000000    1.7350605737e-06    2.9672296541e-05
 237.5000000000    1.7336988242e-06    2.8540289563e-05
 238.0000000000    1.7334880432e-06    2.8920317694e-05
 238.5000000000    1.7362570320e-06    2.8795398605e-05
 239.0000000000    1.7397717223e-06    2.8698809601e-05
 239.5000000000    1.7428413235e-06    2.8655336253e-05
 240.0000000000    1.7458300178e-06    2.8715604701e-05
 240.5000000000    1.7497824319e-06    2.8786268817e-05
 241.0000000000    1.7518031897e-06    2.8874007829e-05
 241.5000000000    1.7560825270e-06    2.8948439444e-05
 242.0000000000    1.7589209659e-06    2.9100003741e-05
 242.5000000000    1.7610525047e-06    2.9070086571e-05
 243.0000000000    1.7633993945e-06    2.9113409468e-05
 243.5000000000    1.7659692790e-06    2.9154653888e-05
 244.0000000000    1.7686098950e-06    2.9212541036e-05
 244.5000000000    1.7716348603e-06    2.9307439563e-05
 245.0000000000    1.7747233522e-06    2.9355078065e-05
 245.5000000000    1.7780472041e-06    2.9417391450e-05
 246.0000000000    1.7813855389e-06    2.9483215541e-05
 246.5000000000    1.7847565278e-06    2.9546014654e-05
 247.0000000000    1.7881148059e-06    2.9614485325e-05
 247.5000000000    1.7917365669e-06    2.9681529128e-05
 248.0000000000    1.7957209753e-06    2.9769124376e-05
 248.5000000000    1.8001294976e-06    2.9828994856e-05
 249.0000000000    1.8047334600e-06    2.9891906004e-05
 249.5000000000    1.8093711660e-06    2.9959404777e-05
 250.0000000000    1.8141880167e-06    3.0028678606e-05
 250.5000000000    1.8190759099e-06    3.0098825713e-05
 251.0000000000    1.8242249428e-06    3.0170032615e-05
 251.5000000000    1.8294424499e-06    3.0262874559e-05
 252.0000000000    1.8348811528e-06    3.0323855463e-05
 252.5000000000    1.8402197681e-06    3.0389892570e-05
 253.0000000000    1.8456227526e-06    3.0460359128e-05
 253.5000000000    1.8510906044e-06    3.0533005750e-05
 254.0000000000    1.8565810171e-06    3.0606948977e-05
 254.5000000000    1.8621756511e-06    3.0681793769e-05
 255.0000000000    1.8675093164e-06    3.0779834090e-05
 255.5000000000    1.8731702980e-06    3.0843183290e-05
 256.0000000000    1.8785158586e-06    3.0912422490e-05
 256.5000000000    1.8838036094e-06    3.0986581120e-05
 257.0000000000    1.8890760823e-06    3.1063069009e-05
 257.5000000000    1.8942821490e-06    3.1141030755e-05
 258.0000000000    1.8996059763e-06    3.1220026141e-05
 258.5000000000    1.9049637159e-06    3.1323356007e-05
 259.0000000000    1.9105473594e-06    3.1389542252e-05
 259.5000000000    1.9156547958e-06    3.1462595113e-05
 260.0000000000    1.9205714537e-06    3.1540974103e-05
 260.5000000000    1.9250098441e-06    3.1621871256e-05
 261.0000000000    1.9293021594e-06    3.1704402889e-05
 261.5000000000    1.9338196482e-06    3.1788108307e-05
 262.0000000000    1.9387215299e-06    3.1928314150e-05
 262.5000000000    1.9445309184e-06    3.1968324996e-05
 263.0000000000    1.9505555119e-06    3.2045591372e-05
 263.5000000000    1.9563924540e-06    3.2128123955e-05
 264.0000000000    1.9614774059e-06    3.2211511078e-05
 264.5000000000    1.9656497993e-06    3.2301614255e-05
 265.0000000000    1.9694773359e-06    3.2387961391e-05
 265.5000000000    1.9739957308e-06    3.2503902650e-05
 266.0000000000    1.9796303529e-06    3.2577068184e-05
 266.5000000000    1.9866020544e-06    3.2659869072e-05
 267.0000000000    1.9938967349e-06    3.2748782893e-05
 267.5000000000    2.0003846887e-06    3.2840014259e-05
 268.0000000000    2.0055302936e-06    3.2933550433e-05
 268.5000000000    2.0100107725e-06    3.3028141571e-05
 269.0000000000    2.0147017089e-06    3.3112532688e-05
 269.5000000000    2.0203851481e-06    3.3209798109e-05
 270.0000000000    2.0269724938e-06    3.3306712298e-05
 270.5000000000    2.0337853189e-06    3.3407766734e-05
 271.0000000000    2.0401744891e-06    3.3506834335e-05
 271.5000000000    2.0460513933e-06    3.3608751891e-05
 272.0000000000    2.0516194752e-06    3.3710421589e-05
 272.5000000000    2.0575254773e-06    3.3801199738e-05
 273.0000000000    2.0637139704e-06    3.3903509395e-05
 273.5000000000    2.0701641510e-06    3.4009806653e-05
 274.0000000000    2.0765221430e-06    3.4117029677e-05
 274.5000000000    2.0827824288e-06    3.4225013374e-05
 275.0000000000    2.0889051702e-06    3.4334027882e-05
 275.5000000000    2.0951656693e-06    3.4481338584e-05
 276.0000000000    2.1014477923e-06    3.4560229479e-05
 276.5000000000    2.1077666889e-06    3.4663332137e-05
 277.0000000000    2.1140391910e-06    3.4771981475e-05
 277.5000000000    2.1201074532e-06    3.4884704100e-05
 278.0000000000    2.1261147322e-06    3.5000100599e-05
 278.5000000000    2.1322185120e-06    3.5116134656e-05
 279.0000000000    2.1385306361e-06    3.5221131756e-05
 279.5000000000    2.1446515224e-06    3.5339236276e-05
 280.0000000000    2.1506557643e-06    3.5462007209e-05
 280.5000000000    2.1564827860e-06    3.5585268079e-05
 281.0000000000    2.1621720045e-06    3.5709909618e-05
 281.5000000000    2.1678597205e-06    3.5855591359e-05
 282.0000000000    2.1737136207e-06    3.5950298426e-05
 282.5000000000    2.1794510123e-06    3.6078928837e-05
 283.0000000000    2.1849450122e-06    3.6208157037e-05
 283.5000000000    2.1898044537e-06    3.6341132075e-05
 284.0000000000    2.1938431400e-06    3.6475834378e-05
 284.5000000000    2.1973800047e-06    3.6610811148e-05
 285.0000000000    2.2011931728e-06    3.6770541400e-05
 285.5000000000    2.2059376331e-06    3.6886284635e-05
 286.0000000000    2.2114752013e-06    3.7019350898e-05
 286.5000000000    2.2168717591e-06    3.7160078291e-05
 287.0000000000    2.2211252369e-06    3.7304669426e-05
 287.5000000000    2.2241342073e-06    3.7478703455e-05
 288.0000000000    2.2267266076e-06    3.7588791023e-05
 288.5000000000    2.2295984993e-06    3.7741146304e-05
 289.0000000000    2.2330673587e-06    3.7891508912e-05
 289.5000000000    2.2363634704e-06    3.8048168216e-05
 290.0000000000    2.2387082659e-06    3.8206838344e-05
 290.5000000000    2.2400344681e-06    3.8367153877e-05
 291.0000000000    2.2409858533e-06    3.8517627343e-05
 291.5000000000    2.2416709245e-06    3.8684100563e-05
 292.0000000000    2.2422329451e-06    3.8854354294e-05
 292.5000000000    2.2420742924e-06    3.9025582514e-05
 293.0000000000    2.2408796093e-06    3.9200281320e-05
 293.5000000000    2.2387344850e-06    3.9386104442e-05
 294.0000000000    2.2360915754e-06    3.9545331726e-05
 294.5000000000    2.2327867108e-06    3.9736975526e-05
 295.0000000000    2.2291305297e-06    3.9918089304e-05
 295.5000000000    2.2250139504e-06    4.0155326904e-05
 296.0000000000    2.2205448521e-06    4.0307466410e-05
 296.5000000000    2.2158796278e-06    4.0537732310e-05
 297.0000000000    2.2114299612e-06    4.0687612804e-05
 297.5000000000    2.2075547503e-06    4.0895839517e-05
 298.0000000000    2.2046742954e-06    4.1101185402e-05
 298.5000000000    2.2034424223e-06    4.1318246406e-05
 299.0000000000    2.2046104151e-06    4.1557693140e-05
 299.5000000000    2.2091807783e-06    4.1754513592e-05
 300.0000000000    2.2177422828e-06    4.2003093654e-05
 300.5000000000    2.2319113858e-06    4.2225379736e-05
 301.0000000000    2.2527251536e-06    4.2476887792e-05
 301.5000000000    2.2814411673e-06    4.2723196067e-05
 302.0000000000    2.3192831867e-06    4.2999318494e-05
 302.5000000000    2.3672254766e-06    4.3259016872e-05
 303.0000000000    2.4261131641e-06    4.3558457774e-05
 303.5000000000    2.4964908518e-06    4.3887178774e-05
 304.0000000000    2.5786987170e-06    4.4256519638e-05
 304.5000000000    2.6729282487e-06    4.4693253768e-05
 305.0000000000    2.7789005761e-06    4.5164779939e-05
 305.5000000000    2.8958951883e-06    4.5774915140e-05
 306.0000000000    3.0237344199e-06    4.6491722638e-05
 306.5000000000    3.1615974481e-06    4.7427362650e-05
 307.0000000000    3.3088613732e-06    4.8625375656e-05
 307.5000000000    3.4644883300e-06    5.0217360063e-05
 308.0000000000    3.6271272983e-06    5.2319759005e-05
 308.5000000000    3.7946917737e-06    5.5160569998e-05
 309.0000000000    3.9640700122e-06    5.8985160733e-05
 309.5000000000    4.1305408546e-06    6.4129090871e-05
 310.0000000000    4.2873347611e-06    7.1009417861e-05
 310.5000000000    4.4248679195e-06    8.0086985316e-05
 311.0000000000    4.5301552035e-06    9.1961310417e-05
 311.5000000000    4.5888658247e-06    1.0722950764e-04
 312.0000000000    4.5880441919e-06    1.2657172557e-04
 312.5000000000    4.5284513711e-06    1.5067029102e-04
 313.0000000000    4.4605407503e-06    1.8026780821e-04
 313.5000000000    4.5919478800e-06    2.1614701074e-04
 314.0000000000    5.5126347920e-06    2.5919829258e-04
 314.5000000000    8.3055708923e-06    3.1064765548e-04
 315.0000000000    1.4349186889e-05    3.7325723528e-04
 315.5000000000    2.5401348491e-05    4.5576280275e-04
 316.0000000000    4.3559471049e-05    5.8273526961e-04
 316.5000000000    7.0602949046e-05    8.0037130857e-04
 317.0000000000    1.0704467758e-04    1.1545525805e-03
 317.5000000000    1.5126985668e-04    1.6537929017e-03
 318.0000000000    1.9908608512e-04    2.2564052626e-03
 318.5000000000    2.4430447843e-04    2.8842286381e-03
 319.0000000000    2.8071309895e-04    3.4495169768e-03
 319.5000000000    3.0438226831e-04    3.8839392545e-03
 320.0000000000    3.1462855436e-04    4.1567482677e-03
 320.5000000000    3.1327993111e-04    4.2743332344e-03
 321.0000000000    3.0327638418e-04    4.2659105486e-03
 321.5000000000    2.8760846316e-04    4.1674307117e-03
 322.0000000000    2.6881817873e-04    4.0117867631e-03
 322.5000000000    2.4884930456e-04    3.8256865209e-03
 323.0000000000    2.2905399508e-04    3.6299564478e-03
 323.5000000000    2.1027861480e-04    3.4406108553e-03
 324.0000000000    1.9299239089e-04    3.2696104824e-03
 324.5000000000    1.7742047113e-04    3.1252207658e-03
 325.0000000000    1.6364790479e-04    3.0122067285e-03
 325.5000000000    1.5168152183e-04    2.9321002842e-03
 326.0000000000    1.4147647574e-04    2.8836612523e-03
 326.5000000000    1.3294416807e-04    2.8635320627e-03
 327.0000000000    1.2595590579e-04    2.8669892919e-03
 327.5000000000    1.2034991340e-04    2.8886801502e-03
 328.0000000000    1.1594255632e-04    2.9232385965e-03
 328.5000000000    1.1254137693e-04    2.9657329287e-03
 329.0000000000    1.0995701230e-04    3.0119338589e-03
 329.5000000000    1.0801245398e-04    3.0584306720e-03
 330.0000000000    1.0654904307e-04    3.1026328455e-03
 330.5000000000    1.0542984794e-04    3.1427002372e-03
 331.0000000000    1.0454052552e-04    3.1774353602e-03
 331.5000000000    1.0378903008e-04    3.2061643337e-03
 332.0000000000    1.0310397639e-04    3.2286223771e-03
 332.5000000000    1.0243263102e-04    3.2448532249e-03
 333.0000000000    1.0173830842e-04    3.2551255176e-03
 333.5000000000    1.0099795707e-04    3.2598665546e-03
 334.0000000000    1.0019960108e-04    3.2596115386e-03
 334.5000000000    9.9340157492e-05    3.2549634852e-03
 335.0000000000    9.8423356507e-05    3.2465659417e-03
 335.5000000000    9.7457955817e-05    3.2350801216e-03
 336.0000000000    9.6456221765e-05    3.2211665658e-03
 336.5000000000    9.5432447572e-05    3.2054713550e-03
 337.0000000000    9.4401923781e-05    3.1886145320e-03
 337.5000000000    9.3379890378e-05    3.1711805101e-03
 338.0000000000    9.2380721281e-05    3.1537103048e-03
 338.5000000000    9.1417425075e-05    3.1366954102e-03
 339.0000000000    9.0501279796e-05    3.1205732715e-03
 339.5000000000    8.9641537142e-05    3.1057244832e-03
 340.0000000000    8.8845480835e-05    3.0924699953e-03
 340.5000000000    8.8118399800e-05    3.0810728369e-03
 341.0000000000    8.7463786792e-05    3.0717356499e-03
 341.5000000000    8.6883456319e-05    3.0646041446e-03
 342.0000000000    8.6377922792e-05    3.0597676005e-03
 342.5000000000    8.5946460755e-05    3.0572620572e-03
 343.0000000000    8.5587504581e-05    3.0570725515e-03
 343.5000000000    8.5298738325e-05    3.0591364144e-03
 344.0000000000    8.5077350508e-05    3.0633463970e-03
 344.5000000000    8.4920082861e-05    3.0695545476e-03
 345.0000000000    8.4823367715e-05    3.0775764058e-03
 345.5000000000    8.4783331968e-05    3.0871959767e-03
 346.0000000000    8.4795823998e-05    3.0981713481e-03
 346.5000000000    8.4856432694e-05    3.1102410428e-03
 347.0000000000    8.4960407182e-05    3.1231308865e-03
 347.5000000000    8.5102684780e-05    3.1365612687e-03
 348.0000000000    8.5277857245e-05    3.1502546686e-03
 348.5000000000    8.5480210212e-05    3.1639428259e-03
 349.0000000000    8.5703798060e-05    3.1773734563e-03
 349.5000000000    8.5942506491e-05    3.1903163078e-03
 350.0000000000    8.6190068682e-05    3.2025680580e-03
 350.5000000000    8.6440454633e-05    3.2139558610e-03
 351.0000000000    8.6687764865e-05    3.2243402069e-03
 351.5000000000    8.6926437012e-05    3.2336151761e-03
 352.0000000000    8.7151453766e-05    3.2417087328e-03
 352.5000000000    8.7358392667e-05    3.2485809556e-03
 353.0000000000    8.7543550879e-05    3.2542224640e-03
 353.5000000000    8.7704010553e-05    3.2586521285e-03
 354.0000000000    8.7837706316e-05    3.2619146224e-03
 354.5000000000    8.7943475169e-05    3.2640762291e-03
 355.0000000000    8.8020963226e-05    3.2652238761e-03
 355.5000000000    8.8070567475e-05    3.2654596023e-03
 356.0000000000    8.8093387969e-05    3.2648973334e-03
 356.5000000000    8.8091091286e-05    3.2636595520e-03
 357.0000000000    8.8065807536e-05    3.2618740779e-03
 357.5000000000    8.8020169225e-05    3.2596709771e-03
 358.0000000000    8.7957174490e-05    3.2571797873e-03
 358.5000000000    8.7880074087e-05    3.2545265864e-03
 359.0000000000    8.7792247486e-05    3.2518311757e-03
 359.5000000000    8.7696867648e-05    3.2492045302e-03
 360.0000000000    8.7596933683e-05    3.2467469643e-03
 360.5000000000    8.7495086759e-05    3.2445469962e-03
 361.0000000000    8.7393774792e-05    3.2426806978e-03
 361.5000000000    8.7295263842e-05    3.2412112397e-03
 362.0000000000    8.7201656891e-05    3.2401886452e-03
 362.5000000000    8.7114736047e-05    3.2396497821e-03
 363.0000000000    8.7035871753e-05    3.2396187969e-03
 363.5000000000    8.6966020441e-05    3.2401078039e-03
 364.0000000000    8.6905790537e-05    3.2411175165e-03
 364.5000000000    8.6855620171e-05    3.2426376121e-03
 365.0000000000    8.6815787235e-05    3.2446470256e-03
 365.5000000000    8.6786645325e-05    3.2471144995e-03
 366.0000000000    8.6768301997e-05    3.2499997730e-03
 366.5000000000    8.6760581251e-05    3.2532551671e-03
 367.0000000000    8.6763068985e-05    3.2568272665e-03
 367.5000000000    8.6775226017e-05    3.2606585232e-03
 368.0000000000    8.6796349445e-05    3.2646887930e-03
 368.5000000000    8.6825653989e-05    3.2688569244e-03
 369.0000000000    8.6862293293e-05    3.2731025903e-03
 369.5000000000    8.6905200574e-05    3.2773681450e-03
 370.0000000000    8.6953167644e-05    3.2816003041e-03
 370.5000000000    8.7004836536e-05    3.2857511646e-03
 371.0000000000    8.7058830856e-05    3.2897784975e-03
 371.5000000000    8.7113768896e-05    3.2936455655e-03
 372.0000000000    8.7168392526e-05    3.2973225983e-03
 372.5000000000    8.7221479315e-05    3.3007771582e-03
 373.0000000000    8.7271977076e-05    3.3039918511e-03
 373.5000000000    8.7318971614e-05    3.3069454197e-03
 374.0000000000    8.7361795662e-05    3.3096250579e-03
 374.5000000000    8.7400035592e-05    3.3120194172e-03
 375.0000000000    8.7433520427e-05    3.3141241040e-03
 375.5000000000    8.7462415652e-05    3.3159389939e-03
 376.0000000000    8.7487078806e-05    3.3174716936e-03
 376.5000000000    8.7508157111e-05    3.3187367970e-03
 377.0000000000    8.7526320009e-05    3.3197576315e-03
 377.5000000000    8.7542275414e-05    3.3205650411e-03
 378.0000000000    8.7556613245e-05    3.3211966261e-03
 378.5000000000    8.7569593276e-05    3.3216943674e-03
 379.0000000000    8.7581130113e-05    3.3221024610e-03
 379.5000000000    8.7590750410e-05    3.3224642831e-03
 380.0000000000    8.7597453394e-05    3.3228332737e-03
 380.5000000000    8.7599811831e-05    3.3232023061e-03
 381.0000000000    8.7596357461e-05    3.3236374241e-03
 381.5000000000    8.7585319927e-05    3.3241406540e-03
 382.0000000000    8.7565383201e-05    3.3247204242e-03
 382.5000000000    8.7535742126e-05    3.3253796561e-03
 383.0000000000    8.7496341775e-05    3.3261146898e-03
 383.5000000000    8.7448213765e-05    3.3269266409e-03
 384.0000000000    8.7393250293e-05    3.3278142575e-03
 384.5000000000    8.7334401108e-05    3.3287830031e-03
 385.0000000000    8.7275183088e-05    3.3298425320e-03
 385.5000000000    8.7219547387e-05    3.3310071636e-03
 386.0000000000    8.7171280788e-05    3.3322938095e-03
 386.5000000000    8.7133762709e-05    3.3337186706e-03
 387.0000000000    8.7109206705e-05    3.3352934750e-03
 387.5000000000    8.7098746968e-05    3.3370237881e-03
 388.0000000000    8.7102136422e-05    3.3388978706e-03
 388.5000000000    8.7117885127e-05    3.3409028724e-03
 389.0000000000    8.7143497147e-05    3.3430082270e-03
 389.5000000000    8.7175886526e-05    3.3451772208e-03
 390.0000000000    8.7211813273e-05    3.3473685748e-03
 390.5000000000    8.7248274870e-05    3.3495379580e-03
 391.0000000000    8.7282962098e-05    3.3516510860e-03
 391.5000000000    8.7314396295e-05    3.3536780407e-03
 392.0000000000    8.7342038955e-05    3.3556030582e-03
 392.5000000000    8.7366185049e-05    3.3574236297e-03
 393.0000000000    8.7387639837e-05    3.3591413413e-03
 393.5000000000    8.7407624663e-05    3.3607765030e-03
 394.0000000000    8.7427173613e-05    3.3623468298e-03
 394.5000000000    8.7447118050e-05    3.3638727848e-03
 395.0000000000    8.7467742006e-05    3.3653708660e-03
 395.5000000000    8.7488826588e-05    3.3668513160e-03
 396.0000000000    8.7509845781e-05    3.3683163299e-03
 396.5000000000    8.7529794779e-05    3.3697601573e-03
 397.0000000000    8.7547762696e-05    3.3711707312e-03
 397.5000000000    8.7562897678e-05    3.3725325227e-03
 398.0000000000    8.7574693083e-05    3.3738300120e-03
 398.5000000000    8.7582916011e-05    3.3750509424e-03
 399.0000000000    8.7587733328e-05    3.3761888333e-03
 399.5000000000    8.7589606574e-05    3.3772445065e-03
 400.0000000000    8.7589139433e-05    3.3782263956e-03
 400.5000000000    8.7587034707e-05    3.3791495511e-03
 401.0000000000    8.7583923952e-05    3.3800336304e-03
 401.5000000000    8.7580276828e-05    3.3809002876e-03
 402.0000000000    8.7576481145e-05    3.3817704358e-03
 402.5000000000    8.7572719565e-05    3.3826618256e-03
 403.0000000000    8.7569134730e-05    3.3835873461e-03
 403.5000000000    8.7565723351e-05    3.3845543380e-03
 404.0000000000    8.7562628062e-05    3.3855647769e-03
 404.5000000000    8.7559901639e-05    3.3866163049e-03
 405.0000000000    8.7557551304e-05    3.3877038111e-03
 405.5000000000    8.7555905279e-05    3.3888211085e-03
 406.0000000000    8.7554912895e-05    3.3899624114e-03
 406.5000000000    8.7554771952e-05    3.3911232935e-03
 407.0000000000    8.7555614803e-05    3.3923010852e-03
 407.5000000000    8.7557490203e-05    3.3934946037e-03
 408.0000000000    8.7560490438e-05    3.3947033319e-03
 408.5000000000    8.7564661908e-05    3.3959264661e-03
 409.0000000000    8.7570012198e-05    3.3971620714e-03
 409.5000000000    8.7576575777e-05    3.3984064600e-03
 410.0000000000    8.7584250051e-05    3.3996541008e-03
 410.5000000000    8.7592851753e-05    3.4008982306e-03
 411.0000000000    8.7602078764e-05    3.4021319097e-03
 411.5000000000    8.7611478647e-05    3.4033492583e-03
 412.0000000000    8.7620537917e-05    3.4045466298e-03
 412.5000000000    8.7628702289e-05    3.4057234185e-03
 413.0000000000    8.7635467625e-05    3.4068821482e-03
 413.5000000000    8.7640445931e-05    3.4080279129e-03
 414.0000000000    8.7643448025e-05    3.4091673028e-03
 414.5000000000    8.7644502907e-05    3.4103068730e-03
 415.0000000000    8.7643832596e-05    3.4114515593e-03
 415.5000000000    8.7641980807e-05    3.4126034265e-03
 416.0000000000    8.7639478991e-05    3.4137609039e-03
 416.5000000000    8.7636990334e-05    3.4149187025e-03
 417.0000000000    8.7635141456e-05    3.4160685963e-03
 417.5000000000    8.7634408879e-05    3.4172008744e-03
 418.0000000000    8.7635108030e-05    3.4183061042e-03
 418.5000000000    8.7637319852e-05    3.4193769594e-03
 419.0000000000    8.7640916453e-05    3.4204097116e-03
 419.5000000000    8.7645603147e-05    3.4214050842e-03
 420.0000000000    8.7650984706e-05    3.4223683188e-03
 420.5000000000    8.7656642125e-05    3.4233084499e-03
 421.0000000000    8.7662218824e-05    3.4242368863e-03
 421.5000000000    8.7667464908e-05    3.4251655385e-03
 422.0000000000    8.7672249164e-05    3.4261048866e-03
 422.5000000000    8.7676578936e-05    3.4270623443e-03
 423.0000000000    8.7680687903e-05    3.4280411807e-03
 423.5000000000    8.7684753057e-05    3.4290402100e-03
 424.0000000000    8.7688991450e-05    3.4300542740e-03
 424.5000000000    8.7693649919e-05    3.4310754309e-03
 425.0000000000    8.7698731463e-05    3.4320945884e-03
 425.5000000000    8.7704112017e-05    3.4331032964e-03
 426.0000000000    8.7709519074e-05    3.4340952591e-03
 426.5000000000    8.7714675928e-05    3.4350674079e-03
 427.0000000000    8.7719328915e-05    3.4360202481e-03
 427.5000000000    8.7723385653e-05    3.4369576161e-03
 428.0000000000    8.7726900046e-05    3.4378858627e-03
 428.5000000000    8.7730079560e-05    3.4388125996e-03
 429.0000000000    8.7733142940e-05    3.4397452833e-03
 429.5000000000    8.7736241188e-05    3.4406899003e-03
 430.0000000000    8.7739497145e-05    3.4416499755e-03
 430.5000000000    8.7742955004e-05    3.4426260815e-03
 431.0000000000    8.7746642119e-05    3.4436159342e-03
 431.5000000000    8.7750576240e-05    3.4446149565e-03
 432.0000000000    8.7754787060e-05    3.4456171231e-03
 432.5000000000    8.7759261661e-05    3.4466159455e-03
 433.0000000000    8.7763917639e-05    3.4476053979e-03
 433.5000000000    8.7768590289e-05    3.4485806990e-03
 434.0000000000    8.7773068441e-05    3.4495388642e-03
 434.5000000000    8.7777188019e-05    3.4504789608e-03
 435.0000000000    8.7780886082e-05    3.4514020787e-03
 435.5000000000    8.7784239565e-05    3.4523109783e-03
 436.0000000000    8.7787407542e-05    3.4532094504e-03
 436.5000000000    8.7790565494e-05    3.4541016358e-03
 437.0000000000    8.7793874664e-05    3.4549913167e-03
 437.5000000000    8.7797187512e-05    3.4558813298e-03
 438.0000000000    8.7800616625e-05    3.4567731796e-03
 438.5000000000    8.7804030024e-05    3.4576669498e-03
 439.0000000000    8.7807281461e-05    3.4585614366e-03
 439.5000000000    8.7810389526e-05    3.4594544927e-03
 440.0000000000    8.7813268224e-05    3.4603435277e-03
 440.5000000000    8.7815804234e-05    3.4612260396e-03
 441.0000000000    8.7817898284e-05    3.4621001048e-03
 441.5000000000    8.7819482690e-05    3.4629647272e-03
 442.0000000000    8.7820581073e-05    3.4638199782e-03
 442.5000000000    8.7821318255e-05    3.4646755945e-03
 443.0000000000    8.7821847889e-05    3.4655075238e-03
 443.5000000000    8.7822398010e-05    3.4663440139e-03
 444.0000000000    8.7823154581e-05    3.4671785061e-03
 444.5000000000    8.7824248977e-05    3.4680111472e-03
 445.0000000000    8.7825820830e-05    3.4688454481e-03
 445.5000000000    8.7827953268e-05    3.4696823124e-03
 446.0000000000    8.7830659772e-05    3.4705218394e-03
 446.5000000000    8.7833920817e-05    3.4713633523e-03
 447.0000000000    8.7837663228e-05    3.4722064112e-03
 447.5000000000    8.7841748928e-05    3.4730498974e-03
 448.0000000000    8.7846044260e-05    3.4738923408e-03
 448.5000000000    8.7850408626e-05    3.4747321755e-03
 449.0000000000    8.7854714253e-05    3.4755680787e-03
 449.5000000000    8.7858882993e-05    3.4764078261e-03
 450.0000000000    8.7862835830e-05    3.4772249455e-03
 450.5000000000    8.7866552984e-05    3.4780452083e-03
 451.0000000000    8.7870039271e-05    3.4788602690e-03
 451.5000000000    8.7873339414e-05    3.4796714701e-03
 452.0000000000    8.7876522582e-05    3.4804796817e-03
 452.5000000000    8.7879657653e-05    3.4812859076e-03
 453.0000000000    8.7882801207e-05    3.4820912720e-03
 453.5000000000    8.7885982774e-05    3.4828960311e-03
 454.0000000000    8.7889214341e-05    3.4837066286e-03
 454.5000000000    8.7892467519e-05    3.4845001355e-03
 455.0000000000    8.7895753541e-05    3.4853017555e-03
 455.5000000000    8.7899035739e-05    3.4860991200e-03
 456.0000000000    8.7902259356e-05    3.4868936086e-03
 456.5000000000    8.7905417781e-05    3.4876844854e-03
 457.0000000000    8.7908479547e-05    3.4884705900e-03
 457.5000000000    8.7911423012e-05    3.4892512700e-03
 458.0000000000    8.7914264174e-05    3.4900262415e-03
 458.5000000000    8.7916996902e-05    3.4907957110e-03
 459.0000000000    8.7919664402e-05    3.4915603131e-03
 459.5000000000    8.7922287512e-05    3.4923209941e-03
 460.0000000000    8.7924878712e-05    3.4930788737e-03
 460.5000000000    8.7927506179e-05    3.4938350241e-03
 461.0000000000    8.7930140364e-05    3.4945901103e-03
 461.5000000000    8.7932766719e-05    3.4953445468e-03
 462.0000000000    8.7935407788e-05    3.4960986223e-03
 462.5000000000    8.7938045979e-05    3.4968523113e-03
 463.0000000000    8.7940667032e-05    3.4976054295e-03
 463.5000000000    8.7943254336e-05    3.4983577730e-03
 464.0000000000    8.7945801737e-05    3.4991091194e-03
 464.5000000000    8.7948327423e-05    3.4998613254e-03
 465.0000000000    8.7950810348e-05    3.5006084601e-03
 465.5000000000    8.7953253524e-05    3.5013542013e-03
 466.0000000000    8.7955719829e-05    3.5020981539e-03
 466.5000000000    8.7958223334e-05    3.5028395170e-03
 467.0000000000    8.7960774176e-05    3.5035778834e-03
 467.5000000000    8.7963386992e-05    3.5043132750e-03
 468.0000000000    8.7966072218e-05    3.5050456942e-03
 468.5000000000    8.7968826590e-05    3.5057751571e-03
 469.0000000000    8.7971638830e-05    3.5065016887e-03
 469.5000000000    8.7974505375e-05    3.5072266245e-03
 470.0000000000    8.7977410259e-05    3.5079462944e-03
 470.5000000000    8.7980344590e-05    3.5086638951e-03
 471.0000000000    8.7983273041e-05    3.5093782925e-03
 471.5000000000    8.7986182188e-05    3.5100892025e-03
 472.0000000000    8.7989049236e-05    3.5107967155e-03
 472.5000000000    8.7991860361e-05    3.5115002945e-03
 473.0000000000    8.7994636960e-05    3.5122051551e-03
 473.5000000000    8.7997329434e-05    3.5128970014e-03
 474.0000000000    8.7999942767e-05    3.5135900937e-03
 474.5000000000    8.8002515790e-05    3.5142806212e-03
 475.0000000000    8.8005051581e-05    3.5149687939e-03
 475.5000000000    8.8007580158e-05    3.5156546538e-03
 476.0000000000    8.8010117707e-05    3.5163384021e-03
 476.5000000000    8.8012669316e-05    3.5170200245e-03
 477.0000000000    8.8015221633e-05    3.5176996001e-03
 477.5000000000    8.8017744519e-05    3.5183773522e-03
 478.0000000000    8.8020221322e-05    3.5190537328e-03
 478.5000000000    8.8022639931e-05    3.5197293553e-03
 479.0000000000    8.8024995755e-05    3.5204047637e-03
 479.5000000000    8.8027329985e-05    3.5210817925e-03
 480.0000000000    8.8029655583e-05    3.5217557380e-03
 480.5000000000    8.8032032519e-05    3.5224307718e-03
 481.0000000000    8.8034481286e-05    3.5231051884e-03
 481.5000000000    8.8037026534e-05    3.5237798292e-03
 482.0000000000    8.8039589827e-05    3.5244489162e-03
 482.5000000000    8.8042190085e-05    3.5251172223e-03
 483.0000000000    8.8044772986e-05    3.5257837169e-03
 483.5000000000    8.8047325551e-05    3.5264488840e-03
 484.0000000000    8.8049861099e-05    3.5271129247e-03
 484.5000000000    8.8052401156e-05    3.5277754796e-03
 485.0000000000    8.8054977151e-05    3.5284361318e-03
 485.5000000000    8.8057599472e-05    3.5290945220e-03
 486.0000000000    8.8060250577e-05    3.5297504381e-03
 486.5000000000    8.8062895574e-05    3.5304039174e-03
 487.0000000000    8.8065498826e-05    3.5310551877e-03
 487.5000000000    8.8068044551e-05    3.5317044922e-03
 488.0000000000    8.8070549652e-05    3.5323519172e-03
 488.5000000000    8.8073034963e-05    3.5329972900e-03
 489.0000000000    8.8075579054e-05    3.5336402209e-03
 489.5000000000    8.8078184490e-05    3.5342802858e-03
 490.0000000000    8.8080843484e-05    3.5349172703e-03
 490.5000000000    8.8083521263e-05    3.5355512549e-03
 491.0000000000    8.8086161726e-05    3.5361825788e-03
 491.5000000000    8.8088712351e-05    3.5368116684e-03
 492.0000000000    8.8091160933e-05    3.5374389256e-03
 492.5000000000    8.8093518289e-05    3.5380645775e-03
 493.0000000000    8.8095824320e-05    3.5386886702e-03
 493.5000000000    8.8098125726e-05    3.5393111309e-03
 494.0000000000    8.8100447538e-05    3.5399318771e-03
 494.5000000000    8.8102805008e-05    3.5405509053e-03
 495.0000000000    8.8105182041e-05    3.5411682995e-03
 495.5000000000    8.8107557384e-05    3.5417841559e-03
 496.0000000000    8.8109926191e-05    3.5423985109e-03
 496.5000000000    8.8112292713e-05    3.5430113137e-03
 497.0000000000    8.8114671578e-05    3.5436224262e-03
 497.5000000000    8.8117082763e-05    3.5442316099e-03
 498.0000000000    8.8119546453e-05    3.5448385258e-03
 498.5000000000    8.8122075873e-05    3.5454427831e-03
 499.0000000000    8.8124680448e-05    3.5460440161e-03
 499.5000000000    8.8127369281e-05    3.5466419750e-03
 500.0000000000    8.8130152714e-05    3.5472366745e-03
 500.5000000000    8.8133033995e-05    3.5478285706e-03
 501.0000000000    8.8135999223e-05    3.5484187197e-03
 501.5000000000    8.8139011719e-05    3.5490088747e-03
 502.0000000000    8.8142020504e-05    3.5496014825e-03
 502.5000000000    8.8144980819e-05    3.5501995212e-03
 503.0000000000    8.8147890581e-05    3.5508061855e-03
 503.5000000000    8.8150829977e-05    3.5514244227e-03
 504.0000000000    8.8153992914e-05    3.5520562719e-03
 504.5000000000    8.8157708827e-05    3.5527020850e-03
 505.0000000000    8.8162431553e-05    3.5533597581e-03
 505.5000000000    8.8168700041e-05    3.5540241483e-03
 506.0000000000    8.8177070060e-05    3.5546869001e-03
 506.5000000000    8.8187995501e-05    3.5553368330e-03
 507.0000000000    8.8201688992e-05    3.5559612124e-03
 507.5000000000    8.8218012288e-05    3.5565477480e-03
 508.0000000000    8.8236372902e-05    3.5570867401e-03
 508.5000000000    8.8255640534e-05    3.5575731067e-03
 509.0000000000    8.8274174437e-05    3.5580080963e-03
 509.5000000000    8.8289972240e-05    3.5583999335e-03
 510.0000000000    8.8300893772e-05    3.5587629845e-03
 510.5000000000    8.8304992497e-05    3.5591159196e-03
 511.0000000000    8.8300779536e-05    3.5594791528e-03
 511.5000000000    8.8287581687e-05    3.5598718652e-03
 512.0000000000    8.8265727287e-05    3.5603092111e-03
 512.5000000000    8.8236592476e-05    3.5608001886e-03
 513.0000000000    8.8202484282e-05    3.5613464241e-03
 513.5000000000    8.8166363834e-05    3.5619420371e-03
 514.0000000000    8.8131435519e-05    3.5625760101e-03
 514.5000000000    8.8100651846e-05    3.5632279046e-03
 515.0000000000    8.8076352891e-05    3.5638833494e-03
 515.5000000000    8.8059913486e-05    3.5645254822e-03
 516.0000000000    8.8051665467e-05    3.5651429502e-03
 516.5000000000    8.8050950200e-05    3.5657356245e-03
 517.0000000000    8.8056275869e-05    3.5662940108e-03
 517.5000000000    8.8065816131e-05    3.5668378984e-03
 518.0000000000    8.8077656621e-05    3.5673758140e-03
 518.5000000000    8.8090203379e-05    3.5679199847e-03
 519.0000000000    8.8102371595e-05    3.5684805822e-03
 519.5000000000    8.8113676261e-05    3.5690640653e-03
 520.0000000000    8.8124198362e-05    3.5696719276e-03
 520.5000000000    8.8134384913e-05    3.5703011295e-03
 521.0000000000    8.8144782904e-05    3.5709451351e-03
 521.5000000000    8.8155808844e-05    3.5715952935e-03
 522.0000000000    8.8167622750e-05    3.5722423300e-03
 522.5000000000    8.8180027520e-05    3.5728777094e-03
 523.0000000000    8.8192554974e-05    3.5734947247e-03
 523.5000000000    8.8204596038e-05    3.5740892896e-03
 524.0000000000    8.8215563782e-05    3.5746603804e-03
 524.5000000000    8.8225036088e-05    3.5752099677e-03
 525.0000000000    8.8232838687e-05    3.5757424029e-03
 525.5000000000    8.8239060377e-05    3.5762634099e-03
 526.0000000000    8.8243990484e-05    3.5767790902e-03
 526.5000000000    8.8248026141e-05    3.5772949290e-03
 527.0000000000    8.8251566920e-05    3.5778151101e-03
 527.5000000000    8.8254927243e-05    3.5783421056e-03
 528.0000000000    8.8258272525e-05    3.5788765685e-03
 528.5000000000    8.8261632786e-05    3.5794176353e-03
 529.0000000000    8.8264934763e-05    3.5799631136e-03
 529.5000000000    8.8268032886e-05    3.5805098144e-03
 530.0000000000    8.8270767167e-05    3.5810541952e-03
 530.5000000000    8.8273035069e-05    3.5815930210e-03
 531.0000000000    8.8274795599e-05    3.5821238798e-03
 531.5000000000    8.8276062293e-05    3.5826455235e-03
 532.0000000000    8.8276893695e-05    3.5831582271e-03
 532.5000000000    8.8277391500e-05    3.5836635939e-03
 533.0000000000    8.8277667203e-05    3.5841640633e-03
 533.5000000000    8.8277834257e-05    3.5846624503e-03
 534.0000000000    8.8277998421e-05    3.5851614039e-03
 534.5000000000    8.8278253522e-05    3.5856629514e-03
 535.0000000000    8.8278679530e-05    3.5861688873e-03
 535.5000000000    8.8279321935e-05    3.5866776071e-03
 536.0000000000    8.8280211086e-05    3.5871909520e-03
 536.5000000000    8.8281372427e-05    3.5877075668e-03
 537.0000000000    8.8282787031e-05    3.5882218349e-03
 537.5000000000    8.8284425411e-05    3.5887360870e-03
 538.0000000000    8.8286222305e-05    3.5892490475e-03
 538.5000000000    8.8288069770e-05    3.5897610232e-03
 539.0000000000    8.8289852659e-05    3.5902734290e-03
 539.5000000000    8.8291461931e-05    3.5907889294e-03
 540.0000000000    8.8292847777e-05    3.5913114736e-03
 540.5000000000    8.8293966901e-05    3.5918451006e-03
 541.0000000000    8.8294920512e-05    3.5923932790e-03
 541.5000000000    8.8295804949e-05    3.5929575218e-03
 542.0000000000    8.8296815143e-05    3.5935363258e-03
 542.5000000000    8.8298147680e-05    3.5941240254e-03
 543.0000000000    8.8300001174e-05    3.5947101413e-03
 543.5000000000    8.8302482880e-05    3.5952798785e-03
 544.0000000000    8.8305551042e-05    3.5958156022e-03
 544.5000000000    8.8308886697e-05    3.5962994359e-03
 545.0000000000    8.8311835082e-05    3.5967166878e-03
 545.5000000000    8.8313298305e-05    3.5970600003e-03
 546.0000000000    8.8311822750e-05    3.5973329438e-03
 546.5000000000    8.8305716569e-05    3.5975520703e-03
 547.0000000000    8.8293278145e-05    3.5977471739e-03
 547.5000000000    8.8273150654e-05    3.5979589985e-03
 548.0000000000    8.8244711782e-05    3.5982342346e-03
 548.5000000000    8.8208434443e-05    3.5986185093e-03
 549.0000000000    8.8166155830e-05    3.5991484695e-03
 549.5000000000    8.8121176242e-05    3.5998442499e-03
 550.0000000000    8.8078108300e-05    3.6007039259e-03
 550.5000000000    8.8042427137e-05    3.6017012623e-03
 551.0000000000    8.8019787552e-05    3.6027877800e-03
 551.5000000000    8.8015170658e-05    3.6038990834e-03
 552.0000000000    8.8032000516e-05    3.6049646134e-03
 552.5000000000    8.8071445981e-05    3.6059191467e-03
 553.0000000000    8.8132020919e-05    3.6067138159e-03
 553.5000000000    8.8209606320e-05    3.6073243800e-03
 554.0000000000    8.8297921762e-05    3.6077550920e-03
 554.5000000000    8.8389438868e-05    3.6080371831e-03
 555.0000000000    8.8476428959e-05    3.6082223812e-03
 555.5000000000    8.8552108766e-05    3.6083727365e-03
 556.0000000000    8.8611580167e-05    3.6085489834e-03
 556.5000000000    8.8652447767e-05    3.6087997013e-03
 557.0000000000    8.8674976616e-05    3.6091533434e-03
 557.5000000000    8.8681673117e-05    3.6096144844e-03
 558.0000000000    8.8676599181e-05    3.6101648387e-03
 558.5000000000    8.8664373698e-05    3.6107686281e-03
 559.0000000000    8.8649176883e-05    3.6113826121e-03
 559.5000000000    8.8633970306e-05    3.6119565358e-03
 560.0000000000    8.8620153689e-05    3.6124588998e-03
 560.5000000000    8.8607650928e-05    3.6128719983e-03
 561.0000000000    8.8595240832e-05    3.6131737337e-03
 561.5000000000    8.8581314802e-05    3.6133922944e-03
 562.0000000000    8.8564498492e-05    3.6135500792e-03
 562.5000000000    8.8544169665e-05    3.6136802844e-03
 563.0000000000    8.8520707346e-05    3.6138180367e-03
 563.5000000000    8.8495395522e-05    3.6139956297e-03
 564.0000000000    8.8470114308e-05    3.6142360940e-03
 564.5000000000    8.8446812529e-05    3.6145519307e-03
 565.0000000000    8.8427112437e-05    3.6149437063e-03
 565.5000000000    8.8411881398e-05    3.6154015831e-03
 566.0000000000    8.8401155393e-05    3.6159079780e-03
 566.5000000000    8.8394106514e-05    3.6164409614e-03
 567.0000000000    8.8389549467e-05    3.6169801266e-03
 567.5000000000    8.8386028417e-05    3.6175009654e-03
 568.0000000000    8.8382513146e-05    3.6180002294e-03
 568.5000000000    8.8378319263e-05    3.6184546038e-03
 569.0000000000    8.8373465530e-05    3.6188799654e-03
 569.5000000000    8.8368415257e-05    3.6192805280e-03
 570.0000000000    8.8364011409e-05    3.6196683387e-03
 570.5000000000    8.8361138496e-05    3.6200568117e-03
 571.0000000000    8.8360668332e-05    3.6204589952e-03
 571.5000000000    8.8363109304e-05    3.6208836432e-03
 572.0000000000    8.8368694174e-05    3.6213345385e-03
 572.5000000000    8.8377250509e-05    3.6218097590e-03
 573.0000000000    8.8388291380e-05    3.6223026687e-03
 573.5000000000    8.8401043740e-05    3.6228038899e-03
 574.0000000000    8.8414607672e-05    3.6233031471e-03
 574.5000000000    8.8428033277e-05    3.6237913585e-03
 575.0000000000    8.8440447770e-05    3.6242619881e-03
 575.5000000000    8.8451163985e-05    3.6247119260e-03
 576.0000000000    8.8459715335e-05    3.6251415131e-03
 576.5000000000    8.8465916951e-05    3.6255538731e-03
 577.0000000000    8.8469850110e-05    3.6259540493e-03
 577.5000000000    8.8471841179e-05    3.6263478798e-03
 578.0000000000    8.8472400575e-05    3.6267408364e-03
 578.5000000000    8.8472153180e-05    3.6271372843e-03
 579.0000000000    8.8471648261e-05    3.6275399977e-03
 579.5000000000    8.8471351483e-05    3.6279499804e-03
 580.0000000000    8.8471586859e-05    3.6283666685e-03
 580.5000000000    8.8472378161e-05    3.6287883123e-03
 581.0000000000    8.8473708271e-05    3.6292124525e-03
 581.5000000000    8.8475275899e-05    3.6296364223e-03
 582.0000000000    8.8476780784e-05    3.6300577921e-03
 582.5000000000    8.8478036244e-05    3.6304746575e-03
 583.0000000000    8.8478886828e-05    3.6308858623e-03
 583.5000000000    8.8479293005e-05    3.6312911390e-03
 584.0000000000    8.8479336549e-05    3.6316911194e-03
 584.5000000000    8.8479126252e-05    3.6320871480e-03
 585.0000000000    8.8478861451e-05    3.6324809877e-03
 585.5000000000    8.8478686420e-05    3.6328744868e-03
 586.0000000000    8.8478731213e-05    3.6332693217e-03
 586.5000000000    8.8479043003e-05    3.6336668222e-03
 587.0000000000    8.8479691530e-05    3.6340677161e-03
 587.5000000000    8.8480652807e-05    3.6344720625e-03
 588.0000000000    8.8481921484e-05    3.6348792696e-03
 588.5000000000    8.8483414201e-05    3.6352883145e-03
 589.0000000000    8.8485030577e-05    3.6356979083e-03
 589.5000000000    8.8486680151e-05    3.6361067563e-03
 590.0000000000    8.8488221628e-05    3.6365138224e-03
 590.5000000000    8.8489657274e-05    3.6369184491e-03
 591.0000000000    8.8490945542e-05    3.6373203547e-03
 591.5000000000    8.8492179853e-05    3.6377195504e-03
 592.0000000000    8.8493442041e-05    3.6381164592e-03
 592.5000000000    8.8494898893e-05    3.6385117479e-03
 593.0000000000    8.8496597279e-05    3.6389060529e-03
 593.5000000000    8.8498506364e-05    3.6392999556e-03
 594.0000000000    8.8500544345e-05    3.6396939413e-03
 594.5000000000    8.8502589460e-05    3.6400883308e-03
 595.0000000000    8.8504544096e-05    3.6404832258e-03
 595.5000000000    8.8506311742e-05    3.6408784984e-03
 596.0000000000    8.8507969361e-05    3.6412740715e-03
 596.5000000000    8.8509661223e-05    3.6416697264e-03
 597.0000000000    8.8511424163e-05    3.6420649938e-03
 597.5000000000    8.8513305878e-05    3.6424593547e-03
 598.0000000000    8.8515236748e-05    3.6428523100e-03
 598.5000000000    8.8517126058e-05    3.6432432349e-03
 599.0000000000    8.8518952156e-05    3.6436314291e-03
 599.5000000000    8.8520451702e-05    3.6440161098e-03
 600.0000000000    8.8521967548e-05    3.6443963337e-03
 600.5000000000    8.8523387711e-05    3.6447710568e-03
 601.0000000000    8.8525016545e-05    3.6451390729e-03
 601.5000000000    8.8526511269e-05    3.6454990262e-03
 602.0000000000    8.8527926895e-05    3.6458493452e-03
 602.5000000000    8.8529305135e-05    3.6461883297e-03
 603.0000000000    8.8530559182e-05    3.6465141775e-03
 603.5000000000    8.8531708742e-05    3.6468253322e-03
 604.0000000000    8.8532809044e-05    3.6471205610e-03
 604.5000000000    8.8534022217e-05    3.6473987819e-03
 605.0000000000    8.8535270039e-05    3.6476595699e-03
 605.5000000000    8.8536633458e-05    3.6479033179e-03
 606.0000000000    8.8538187642e-05    3.6481314508e-03
 606.5000000000    8.8539847878e-05    3.6483465360e-03
 607.0000000000    8.8541642621e-05    3.6485522329e-03
 607.5000000000    8.8543616141e-05    3.6487551026e-03
 608.0000000000    8.8545668025e-05    3.6489579515e-03
 608.5000000000    8.8547769257e-05    3.6491651216e-03
 609.0000000000    8.8549864072e-05    3.6493900436e-03
 609.5000000000    8.8551759884e-05    3.6496336765e-03
 610.0000000000    8.8553415592e-05    3.6499006498e-03
 610.5000000000    8.8554775713e-05    3.6502014906e-03
 611.0000000000    8.8555805222e-05    3.6505383336e-03
 611.5000000000    8.8556433318e-05    3.6509149966e-03
 612.0000000000    8.8556602134e-05    3.6513343425e-03
 612.5000000000    8.8556304988e-05    3.6517973501e-03
 613.0000000000    8.8555502809e-05    3.6523045577e-03
 613.5000000000    8.8554289988e-05    3.6528544146e-03
 614.0000000000    8.8552832172e-05    3.6534448585e-03
 614.5000000000    8.8551222696e-05    3.6540718881e-03
 615.0000000000    8.8549726876e-05    3.6547305863e-03
 615.5000000000    8.8548629674e-05    3.6554145132e-03
 616.0000000000    8.8548153824e-05    3.6561162477e-03
 616.5000000000    8.8548623437e-05    3.6568274561e-03
 617.0000000000    8.8550276097e-05    3.6575391970e-03
 617.5000000000    8.8553281575e-05    3.6582422231e-03
 618.0000000000    8.8557744002e-05    3.6589272655e-03
 618.5000000000    8.8563704804e-05    3.6595853792e-03
 619.0000000000    8.8570959627e-05    3.6602082997e-03
 619.5000000000    8.8579359523e-05    3.6607887874e-03
 620.0000000000    8.8588666591e-05    3.6613208420e-03
 620.5000000000    8.8598471504e-05    3.6617999438e-03
 621.0000000000    8.8608370542e-05    3.6622232440e-03
 621.5000000000    8.8617886343e-05    3.6625897005e-03
 622.0000000000    8.8626608083e-05    3.6629001938e-03
 622.5000000000    8.8634105809e-05    3.6631575380e-03
 623.0000000000    8.8639964327e-05    3.6633663514e-03
 623.5000000000    8.8644009342e-05    3.6635327866e-03
 624.0000000000    8.8646206811e-05    3.6636642604e-03
 624.5000000000    8.8646328455e-05    3.6637691057e-03
 625.0000000000    8.8644578651e-05    3.6638559961e-03
 625.5000000000    8.8641295813e-05    3.6639333880e-03
 626.0000000000    8.8636912308e-05    3.6640090537e-03
 626.5000000000    8.8631743874e-05    3.6640896552e-03
 627.0000000000    8.8626306793e-05    3.6641805351e-03
 627.5000000000    8.8621091488e-05    3.6642857729e-03
 628.0000000000    8.8616494938e-05    3.6644083389e-03
 628.5000000000    8.8612776993e-05    3.6645504522e-03
 629.0000000000    8.8610024723e-05    3.6647140791e-03
 629.5000000000    8.8608236812e-05    3.6649012845e-03
 630.0000000000    8.8607247301e-05    3.6651145766e-03
 630.5000000000    8.8606779295e-05    3.6653569544e-03
 631.0000000000    8.8606467442e-05    3.6656318045e-03
 631.5000000000    8.8606055147e-05    3.6659425622e-03
 632.0000000000    8.8605475321e-05    3.6662921310e-03
 632.5000000000    8.8604269331e-05    3.6666823641e-03
 633.0000000000    8.8602515609e-05    3.6671134418e-03
 633.5000000000    8.8600619091e-05    3.6675834915e-03
 634.0000000000    8.8598721419e-05    3.6680885048e-03
 634.5000000000    8.8597149036e-05    3.6686224159e-03
 635.0000000000    8.8596341053e-05    3.6691775210e-03
 635.5000000000    8.8596719345e-05    3.6697451072e-03
 636.0000000000    8.8598611889e-05    3.6703160715e-03
 636.5000000000    8.8602166308e-05    3.6708815697e-03
 637.0000000000    8.8607456103e-05    3.6714336725e-03
 637.5000000000    8.8614368728e-05    3.6719657413e-03
 638.0000000000    8.8622569645e-05    3.6724726559e-03
 638.5000000000    8.8631656483e-05    3.6729509808e-03
 639.0000000000    8.8641256482e-05    3.6733989536e-03
 639.5000000000    8.8650757899e-05    3.6738165341e-03
 640.0000000000    8.8659771656e-05    3.6742053112e-03
 640.5000000000    8.8667998972e-05    3.6745683340e-03
 641.0000000000    8.8674890727e-05    3.6749098960e-03
 641.5000000000    8.8680315985e-05    3.6752352135e-03
 642.0000000000    8.8684065553e-05    3.6755499272e-03
 642.5000000000    8.8686022415e-05    3.6758595735e-03
 643.0000000000    8.8686340069e-05    3.6761689491e-03
 643.5000000000    8.8685198491e-05    3.6764816797e-03
 644.0000000000    8.8683098406e-05    3.6768000088e-03
 644.5000000000    8.8680514588e-05    3.6771247732e-03
 645.0000000000    8.8677958979e-05    3.6774556111e-03
 645.5000000000    8.8675959256e-05    3.6777914708e-03
 646.0000000000    8.8674719206e-05    3.6781313726e-03
 646.5000000000    8.8674413019e-05    3.6784751199e-03
 647.0000000000    8.8674992620e-05    3.6788239156e-03
 647.5000000000    8.8676270441e-05    3.6791806364e-03
 648.0000000000    8.8678065097e-05    3.6795498069e-03
 648.5000000000    8.8680041802e-05    3.6799372738e-03
 649.0000000000    8.8681964778e-05    3.6803494655e-03
 649.5000000000    8.8683631482e-05    3.6807924832e-03
 650.0000000000    8.8684831923e-05    3.6812711186e-03
 650.5000000000    8.8685531677e-05    3.6817879137e-03
 651.0000000000    8.8685722342e-05    3.6823426100e-03
 651.5000000000    8.8685519584e-05    3.6829318106e-03
 652.0000000000    8.8685153090e-05    3.6835489504e-03
 652.5000000000    8.8684641660e-05    3.6841845833e-03
 653.0000000000    8.8684220299e-05    3.6848268507e-03
 653.5000000000    8.8684240350e-05    3.6854620854e-03
 654.0000000000    8.8684561169e-05    3.6860755043e-03
 654.5000000000    8.8685427256e-05    3.6866519014e-03
 655.0000000000    8.8687051115e-05    3.6871763535e-03
 655.5000000000    8.8689507538e-05    3.6876348768e-03
 656.0000000000    8.8692918750e-05    3.6880150227e-03
 656.5000000000    8.8697363269e-05    3.6883065095e-03
 657.0000000000    8.8702895637e-05    3.6885018189e-03
 657.5000000000    8.8709490223e-05    3.6885967660e-03
 658.0000000000    8.8716957752e-05    3.6885910052e-03
 658.5000000000    8.8725131886e-05    3.6884883744e-03
 659.0000000000    8.8733691740e-05    3.6882970432e-03
 659.5000000000    8.8742056686e-05    3.6880294569e-03
 660.0000000000    8.8749777113e-05    3.6877020001e-03
 660.5000000000    8.8756309478e-05    3.6873342633e-03
 661.0000000000    8.8760979385e-05    3.6869481712e-03
 661.5000000000    8.8763435257e-05    3.6865668191e-03
 662.0000000000    8.8763327000e-05    3.6862132130e-03
 662.5000000000    8.8760472519e-05    3.6859092141e-03
 663.0000000000    8.8754975371e-05    3.6856744503e-03
 663.5000000000    8.8747083233e-05    3.6855255804e-03
 664.0000000000    8.8737243735e-05    3.6854758215e-03
 664.5000000000    8.8726056602e-05    3.6855348009e-03
 665.0000000000    8.8714068018e-05    3.6857086964e-03
 665.5000000000    8.8701924576e-05    3.6860004939e-03
 666.0000000000    8.8690220112e-05    3.6864103374e-03
 666.5000000000    8.8679345400e-05    3.6869358659e-03
 667.0000000000    8.8669644199e-05    3.6875724366e-03
 667.5000000000    8.8661467427e-05    3.6883132338e-03
 668.0000000000    8.8654988798e-05    3.6891491848e-03
 668.5000000000    8.8650353114e-05    3.6900687261e-03
 669.0000000000    8.8647790000e-05    3.6910575686e-03
 669.5000000000    8.8647513075e-05    3.6920985183e-03
 670.0000000000    8.8649777255e-05    3.6931714694e-03
 670.5000000000    8.8654880871e-05    3.6942536790e-03
 671.0000000000    8.8663152423e-05    3.6953203889e-03
 671.5000000000    8.8674748080e-05    3.6963458577e-03
 672.0000000000    8.8689797725e-05    3.6973047028e-03
 672.5000000000    8.8708491921e-05    3.6981735151e-03
 673.0000000000    8.8730006732e-05    3.6989325446e-03
 673.5000000000    8.8754135724e-05    3.6995671765e-03
 674.0000000000    8.8780127202e-05    3.7000692666e-03
 674.5000000000    8.8806561546e-05    3.7004378350e-03
 675.0000000000    8.8832297632e-05    3.7006791901e-03
 675.5000000000    8.8856044126e-05    3.7008064281e-03
 676.0000000000    8.8876428563e-05    3.7008382717e-03
 676.5000000000    8.8892270543e-05    3.7007974604e-03
 677.0000000000    8.8902815424e-05    3.7007087588e-03
 677.5000000000    8.8907641855e-05    3.7005969559e-03
 678.0000000000    8.8906818437e-05    3.7004848631e-03
 678.5000000000    8.8900853795e-05    3.7003917332e-03
 679.0000000000    8.8890663430e-05    3.7003322158e-03
 679.5000000000    8.8877507734e-05    3.7003157763e-03
 680.0000000000    8.8862818017e-05    3.7003468448e-03
 680.5000000000    8.8848092981e-05    3.7004253873e-03
 681.0000000000    8.8834780479e-05    3.7005479287e-03
 681.5000000000    8.8824057393e-05    3.7007088939e-03
 682.0000000000    8.8816782464e-05    3.7009019118e-03
 682.5000000000    8.8813451786e-05    3.7011210221e-03
 683.0000000000    8.8814168426e-05    3.7013615699e-03
 683.5000000000    8.8818717599e-05    3.7016206432e-03
 684.0000000000    8.8826710742e-05    3.7019001421e-03
 684.5000000000    8.8837178975e-05    3.7021926271e-03
 685.0000000000    8.8849478326e-05    3.7025044795e-03
 685.5000000000    8.8862596209e-05    3.7028372896e-03
 686.0000000000    8.8875467033e-05    3.7031893728e-03
 686.5000000000    8.8887159491e-05    3.7035592048e-03
 687.0000000000    8.8896887768e-05    3.7039427436e-03
 687.5000000000    8.8904177910e-05    3.7043326037e-03
 688.0000000000    8.8908965804e-05    3.7047200712e-03
 688.5000000000    8.8911538070e-05    3.7050944875e-03
 689.0000000000    8.8912442472e-05    3.7054439633e-03
 689.5000000000    8.8912256038e-05    3.7057569259e-03
 690.0000000000    8.8911394666e-05    3.7060228100e-03
 690.5000000000    8.8909699721e-05    3.7062335220e-03
 691.0000000000    8.8906971229e-05    3.7063829855e-03
 691.5000000000    8.8902555581e-05    3.7064699278e-03
 692.0000000000    8.8895808264e-05    3.7064953019e-03
 692.5000000000    8.8886079984e-05    3.7064648552e-03
 693.0000000000    8.8872980291e-05    3.7063867303e-03
 693.5000000000    8.8856135218e-05    3.7062716457e-03
 694.0000000000    8.8835149406e-05    3.7061326232e-03
 694.5000000000    8.8809620878e-05    3.7059829873e-03
 695.0000000000    8.8779164486e-05    3.7058371379e-03
 695.5000000000    8.8743569483e-05    3.7057083427e-03
 696.0000000000    8.8702993789e-05    3.7056090076e-03
 696.5000000000    8.8658095345e-05    3.7055499674e-03
 697.0000000000    8.8609919336e-05    3.7055397788e-03
 697.5000000000    8.8559856465e-05    3.7055853656e-03
 698.0000000000    8.8509480532e-05    3.7056910670e-03
 698.5000000000    8.8460418019e-05    3.7058594958e-03
 699.0000000000    8.8414351852e-05    3.7060913380e-03
 699.5000000000    8.8372917380e-05    3.7063856308e-03
 700.0000000000    8.8337659209e-05    3.7067403871e-03
