#          time               M_ADM
   0.0000000000    9.5591898983e-02
   0.5000000000    9.5579373672e-02
   1.0000000000    9.5548582442e-02
   1.5000000000    9.5507313303e-02
   2.0000000000    9.5462597566e-02
   2.5000000000    9.5418475029e-02
   3.0000000000    9.5376275160e-02
   3.5000000000    9.5335778670e-02
   4.0000000000    9.5296202887e-02
   4.5000000000    9.5256754639e-02
   5.0000000000    9.5216847791e-02
   5.5000000000    9.5176134237e-02
   6.0000000000    9.5134455084e-02
   6.5000000000    9.5091772711e-02
   7.0000000000    9.5048113657e-02
   7.5000000000    9.5003533701e-02
   8.0000000000    9.4958103410e-02
   8.5000000000    9.4911904379e-02
   9.0000000000    9.4865025496e-02
   9.5000000000    9.4817554584e-02
  10.0000000000    9.4769568891e-02
  10.5000000000    9.4721131358e-02
  11.0000000000    9.4672295885e-02
  11.5000000000    9.4623117802e-02
  12.0000000000    9.4573658592e-02
  12.5000000000    9.4523985195e-02
  13.0000000000    9.4474161145e-02
  13.5000000000    9.4424232568e-02
  14.0000000000    9.4374232391e-02
  14.5000000000    9.4324189915e-02
  15.0000000000    9.4274140612e-02
  15.5000000000    9.4224130208e-02
  16.0000000000    9.4174208814e-02
  16.5000000000    9.4124420769e-02
  17.0000000000    9.4074795080e-02
  17.5000000000    9.4025341117e-02
  18.0000000000    9.3976075055e-02
  18.5000000000    9.3927017026e-02
  19.0000000000    9.3878204473e-02
  19.5000000000    9.3829674751e-02
  20.0000000000    9.3781455688e-02
  20.5000000000    9.3733551660e-02
  21.0000000000    9.3685988365e-02
  21.5000000000    9.3638757848e-02
  22.0000000000    9.3591879370e-02
  22.5000000000    9.3545388679e-02
  23.0000000000    9.3499317304e-02
  23.5000000000    9.3453674589e-02
  24.0000000000    9.3408467774e-02
  24.5000000000    9.3363694163e-02
  25.0000000000    9.3319354517e-02
  25.5000000000    9.3275458795e-02
  26.0000000000    9.3232026119e-02
  26.5000000000    9.3189084265e-02
  27.0000000000    9.3146647672e-02
  27.5000000000    9.3104716266e-02
  28.0000000000    9.3063282808e-02
  28.5000000000    9.3022342364e-02
  29.0000000000    9.2981901147e-02
  29.5000000000    9.2941975899e-02
  30.0000000000    9.2902585250e-02
  30.5000000000    9.2863739385e-02
  31.0000000000    9.2825440067e-02
  31.5000000000    9.2787683533e-02
  32.0000000000    9.2750460050e-02
  32.5000000000    9.2713760086e-02
  33.0000000000    9.2677595246e-02
  33.5000000000    9.2641985994e-02
  34.0000000000    9.2606938758e-02
  34.5000000000    9.2572439526e-02
  35.0000000000    9.2538480576e-02
  35.5000000000    9.2505055104e-02
  36.0000000000    9.2472158753e-02
  36.5000000000    9.2439805702e-02
  37.0000000000    9.2408007170e-02
  37.5000000000    9.2376766759e-02
  38.0000000000    9.2346075892e-02
  38.5000000000    9.2315918757e-02
  39.0000000000    9.2286283013e-02
  39.5000000000    9.2257166904e-02
  40.0000000000    9.2228578371e-02
  40.5000000000    9.2200527386e-02
  41.0000000000    9.2173016178e-02
  41.5000000000    9.2146034731e-02
  42.0000000000    9.2119566634e-02
  42.5000000000    9.2093598980e-02
  43.0000000000    9.2068127667e-02
  43.5000000000    9.2043158634e-02
  44.0000000000    9.2018701779e-02
  44.5000000000    9.1994758011e-02
  45.0000000000    9.1971314438e-02
  45.5000000000    9.1948352059e-02
  46.0000000000    9.1925857782e-02
  46.5000000000    9.1903828771e-02
  47.0000000000    9.1882267658e-02
  47.5000000000    9.1861177892e-02
  48.0000000000    9.1840560750e-02
  48.5000000000    9.1820409936e-02
  49.0000000000    9.1800709619e-02
  49.5000000000    9.1781440514e-02
  50.0000000000    9.1762591268e-02
  50.5000000000    9.1744161223e-02
  51.0000000000    9.1726151528e-02
  51.5000000000    9.1708555843e-02
  52.0000000000    9.1691345310e-02
  52.5000000000    9.1674478911e-02
  53.0000000000    9.1657894754e-02
  53.5000000000    9.1641516478e-02
  54.0000000000    9.1625243982e-02
  54.5000000000    9.1608940822e-02
  55.0000000000    9.1592426437e-02
  55.5000000000    9.1575487689e-02
  56.0000000000    9.1557922638e-02
  56.5000000000    9.1539618478e-02
  57.0000000000    9.1520643110e-02
  57.5000000000    9.1501308629e-02
  58.0000000000    9.1482157886e-02
  58.5000000000    9.1463845449e-02
  59.0000000000    9.1446948116e-02
  59.5000000000    9.1431798503e-02
  60.0000000000    9.1418424364e-02
  60.5000000000    9.1406607480e-02
  61.0000000000    9.1396002489e-02
  61.5000000000    9.1386245312e-02
  62.0000000000    9.1377016428e-02
  62.5000000000    9.1368066923e-02
  63.0000000000    9.1359236025e-02
  63.5000000000    9.1350462670e-02
  64.0000000000    9.1341765071e-02
  64.5000000000    9.1333189389e-02
  65.0000000000    9.1324769859e-02
  65.5000000000    9.1316529558e-02
  66.0000000000    9.1308488550e-02
  66.5000000000    9.1300657652e-02
  67.0000000000    9.1293034980e-02
  67.5000000000    9.1285617467e-02
  68.0000000000    9.1278411688e-02
  68.5000000000    9.1271427296e-02
  69.0000000000    9.1264672251e-02
  69.5000000000    9.1258148050e-02
  70.0000000000    9.1251847905e-02
  70.5000000000    9.1245761895e-02
  71.0000000000    9.1239876939e-02
  71.5000000000    9.1234189868e-02
  72.0000000000    9.1228706435e-02
  72.5000000000    9.1223433412e-02
  73.0000000000    9.1218372840e-02
  73.5000000000    9.1213518327e-02
  74.0000000000    9.1208858218e-02
  74.5000000000    9.1204381838e-02
  75.0000000000    9.1200086020e-02
  75.5000000000    9.1195973525e-02
  76.0000000000    9.1192047924e-02
  76.5000000000    9.1188308588e-02
  77.0000000000    9.1184749812e-02
  77.5000000000    9.1181365291e-02
  78.0000000000    9.1178150937e-02
  78.5000000000    9.1175103751e-02
  79.0000000000    9.1172220715e-02
  79.5000000000    9.1169499340e-02
  80.0000000000    9.1166941382e-02
  80.5000000000    9.1164551301e-02
  81.0000000000    9.1162331433e-02
  81.5000000000    9.1160278182e-02
  82.0000000000    9.1158379187e-02
  82.5000000000    9.1156616213e-02
  83.0000000000    9.1154979065e-02
  83.5000000000    9.1153475866e-02
  84.0000000000    9.1152123791e-02
  84.5000000000    9.1150929668e-02
  85.0000000000    9.1149885013e-02
  85.5000000000    9.1148977536e-02
  86.0000000000    9.1148202479e-02
  86.5000000000    9.1147562820e-02
  87.0000000000    9.1147062162e-02
  87.5000000000    9.1146700108e-02
  88.0000000000    9.1146470395e-02
  88.5000000000    9.1146364112e-02
  89.0000000000    9.1146374398e-02
  89.5000000000    9.1146502093e-02
  90.0000000000    9.1146753339e-02
  90.5000000000    9.1147134192e-02
  91.0000000000    9.1147645339e-02
  91.5000000000    9.1148280519e-02
  92.0000000000    9.1149030435e-02
  92.5000000000    9.1149888597e-02
  93.0000000000    9.1150854177e-02
  93.5000000000    9.1151932005e-02
  94.0000000000    9.1153129091e-02
  94.5000000000    9.1154447385e-02
  95.0000000000    9.1155881919e-02
  95.5000000000    9.1157423882e-02
  96.0000000000    9.1159065501e-02
  96.5000000000    9.1160804603e-02
  97.0000000000    9.1162646236e-02
  97.5000000000    9.1164597282e-02
  98.0000000000    9.1166660066e-02
  98.5000000000    9.1168831558e-02
  99.0000000000    9.1171104408e-02
  99.5000000000    9.1173471171e-02
 100.0000000000    9.1175929900e-02
 100.5000000000    9.1178484221e-02
 101.0000000000    9.1181138005e-02
 101.5000000000    9.1183890780e-02
 102.0000000000    9.1186739020e-02
 102.5000000000    9.1189679391e-02
 103.0000000000    9.1192708751e-02
 103.5000000000    9.1195824010e-02
 104.0000000000    9.1199025329e-02
 104.5000000000    9.1202317855e-02
 105.0000000000    9.1205706742e-02
 105.5000000000    9.1209191446e-02
 106.0000000000    9.1212764350e-02
 106.5000000000    9.1216416467e-02
 107.0000000000    9.1220142855e-02
 107.5000000000    9.1223945714e-02
 108.0000000000    9.1227832348e-02
 108.5000000000    9.1231808804e-02
 109.0000000000    9.1235875103e-02
 109.5000000000    9.1240025937e-02
 110.0000000000    9.1244254412e-02
 110.5000000000    9.1248556453e-02
 111.0000000000    9.1252933418e-02
 111.5000000000    9.1257391230e-02
 112.0000000000    9.1261935734e-02
 112.5000000000    9.1266567869e-02
 113.0000000000    9.1271282314e-02
 113.5000000000    9.1276070634e-02
 114.0000000000    9.1280926174e-02
 114.5000000000    9.1285847700e-02
 115.0000000000    9.1290838915e-02
 115.5000000000    9.1295905067e-02
 116.0000000000    9.1301047875e-02
 116.5000000000    9.1306263268e-02
 117.0000000000    9.1311543927e-02
 117.5000000000    9.1316884775e-02
 118.0000000000    9.1322286690e-02
 118.5000000000    9.1327755964e-02
 119.0000000000    9.1333299799e-02
 119.5000000000    9.1338920276e-02
 120.0000000000    9.1344611567e-02
 120.5000000000    9.1350362795e-02
 121.0000000000    9.1356165150e-02
 121.5000000000    9.1362016817e-02
 122.0000000000    9.1367923356e-02
 122.5000000000    9.1373893088e-02
 123.0000000000    9.1379931258e-02
 123.5000000000    9.1386037035e-02
 124.0000000000    9.1392204168e-02
 124.5000000000    9.1398424544e-02
 125.0000000000    9.1404693966e-02
 125.5000000000    9.1411015771e-02
 126.0000000000    9.1417397284e-02
 126.5000000000    9.1423842253e-02
 127.0000000000    9.1430348755e-02
 127.5000000000    9.1436912513e-02
 128.0000000000    9.1443529448e-02
 128.5000000000    9.1450196064e-02
 129.0000000000    9.1456912330e-02
 129.5000000000    9.1463683945e-02
 130.0000000000    9.1470517437e-02
 130.5000000000    9.1477413363e-02
 131.0000000000    9.1484367067e-02
 131.5000000000    9.1491372970e-02
 132.0000000000    9.1498426293e-02
 132.5000000000    9.1505525856e-02
 133.0000000000    9.1512677176e-02
 133.5000000000    9.1519888351e-02
 134.0000000000    9.1527161448e-02
 134.5000000000    9.1534491003e-02
 135.0000000000    9.1541869993e-02
 135.5000000000    9.1549294587e-02
 136.0000000000    9.1556764144e-02
 136.5000000000    9.1564281890e-02
 137.0000000000    9.1571853008e-02
 137.5000000000    9.1579479854e-02
 138.0000000000    9.1587159301e-02
 138.5000000000    9.1594885543e-02
 139.0000000000    9.1602655446e-02
 139.5000000000    9.1610469362e-02
 140.0000000000    9.1618331534e-02
 140.5000000000    9.1626247142e-02
 141.0000000000    9.1634218690e-02
 141.5000000000    9.1642245041e-02
 142.0000000000    9.1650323604e-02
 142.5000000000    9.1658452158e-02
 143.0000000000    9.1666629662e-02
 143.5000000000    9.1674857929e-02
 144.0000000000    9.1683141153e-02
 144.5000000000    9.1691483248e-02
 145.0000000000    9.1699885555e-02
 145.5000000000    9.1708346205e-02
 146.0000000000    9.1716861541e-02
 146.5000000000    9.1725429081e-02
 147.0000000000    9.1734049432e-02
 147.5000000000    9.1742725872e-02
 148.0000000000    9.1751462833e-02
 148.5000000000    9.1760262952e-02
 149.0000000000    9.1769123910e-02
 149.5000000000    9.1778039711e-02
 150.0000000000    9.1787005667e-02
 150.5000000000    9.1796021658e-02
 151.0000000000    9.1805091171e-02
 151.5000000000    9.1814219110e-02
 152.0000000000    9.1823408487e-02
 152.5000000000    9.1832657251e-02
 153.0000000000    9.1841959053e-02
 153.5000000000    9.1851308470e-02
 154.0000000000    9.1860704994e-02
 154.5000000000    9.1870153015e-02
 155.0000000000    9.1879658281e-02
 155.5000000000    9.1889223712e-02
 156.0000000000    9.1898847174e-02
 156.5000000000    9.1908522595e-02
 157.0000000000    9.1918245023e-02
 157.5000000000    9.1928015793e-02
 158.0000000000    9.1937842695e-02
 158.5000000000    9.1947734751e-02
 159.0000000000    9.1957696172e-02
 159.5000000000    9.1967722587e-02
 160.0000000000    9.1977803217e-02
 160.5000000000    9.1987929511e-02
 161.0000000000    9.1998102702e-02
 161.5000000000    9.2008333022e-02
 162.0000000000    9.2018632026e-02
 162.5000000000    9.2029005319e-02
 163.0000000000    9.2039450271e-02
 163.5000000000    9.2049959715e-02
 164.0000000000    9.2060527897e-02
 164.5000000000    9.2071153966e-02
 165.0000000000    9.2081841196e-02
 165.5000000000    9.2092594187e-02
 166.0000000000    9.2103416312e-02
 166.5000000000    9.2114308486e-02
 167.0000000000    9.2125269451e-02
 167.5000000000    9.2136297267e-02
 168.0000000000    9.2147390871e-02
 168.5000000000    9.2158550468e-02
 169.0000000000    9.2169776774e-02
 169.5000000000    9.2181070362e-02
 170.0000000000    9.2192431088e-02
 170.5000000000    9.2203857989e-02
 171.0000000000    9.2215349512e-02
 171.5000000000    9.2226903868e-02
 172.0000000000    9.2238519500e-02
 172.5000000000    9.2250195548e-02
 173.0000000000    9.2261932405e-02
 173.5000000000    9.2273731315e-02
 174.0000000000    9.2285592949e-02
 174.5000000000    9.2297516587e-02
 175.0000000000    9.2309500205e-02
 175.5000000000    9.2321541395e-02
 176.0000000000    9.2333639321e-02
 176.5000000000    9.2345796089e-02
 177.0000000000    9.2358015746e-02
 177.5000000000    9.2370301612e-02
 178.0000000000    9.2382654122e-02
 178.5000000000    9.2395070832e-02
 179.0000000000    9.2407548480e-02
 179.5000000000    9.2420085981e-02
 180.0000000000    9.2432685927e-02
 180.5000000000    9.2445353340e-02
 181.0000000000    9.2458091983e-02
 181.5000000000    9.2470901193e-02
 182.0000000000    9.2483775983e-02
 182.5000000000    9.2496710300e-02
 183.0000000000    9.2509701193e-02
 183.5000000000    9.2522750723e-02
 184.0000000000    9.2535864136e-02
 184.5000000000    9.2549045721e-02
 185.0000000000    9.2562295914e-02
 185.5000000000    9.2575611967e-02
 186.0000000000    9.2588991946e-02
 186.5000000000    9.2602439266e-02
 187.0000000000    9.2615963797e-02
 187.5000000000    9.2629578036e-02
 188.0000000000    9.2643291378e-02
 188.5000000000    9.2657106837e-02
 189.0000000000    9.2671021705e-02
 189.5000000000    9.2685031222e-02
 190.0000000000    9.2699132722e-02
 190.5000000000    9.2713327182e-02
 191.0000000000    9.2727617111e-02
 191.5000000000    9.2742002869e-02
 192.0000000000    9.2756480635e-02
 192.5000000000    9.2771043841e-02
 193.0000000000    9.2785687406e-02
 193.5000000000    9.2800411591e-02
 194.0000000000    9.2815221676e-02
 194.5000000000    9.2830123965e-02
 195.0000000000    9.2845122063e-02
 195.5000000000    9.2860215479e-02
 196.0000000000    9.2875400691e-02
 196.5000000000    9.2890674460e-02
 197.0000000000    9.2906037476e-02
 197.5000000000    9.2921494643e-02
 198.0000000000    9.2937051519e-02
 198.5000000000    9.2952710697e-02
 199.0000000000    9.2968471500e-02
 199.5000000000    9.2984331703e-02
 200.0000000000    9.3000289704e-02
 200.5000000000    9.3016346683e-02
 201.0000000000    9.3032506864e-02
 201.5000000000    9.3048775033e-02
 202.0000000000    9.3065153474e-02
 202.5000000000    9.3081641415e-02
 203.0000000000    9.3098236636e-02
 203.5000000000    9.3114937188e-02
 204.0000000000    9.3131742684e-02
 204.5000000000    9.3148654506e-02
 205.0000000000    9.3165674767e-02
 205.5000000000    9.3182805265e-02
 206.0000000000    9.3200047549e-02
 206.5000000000    9.3217403982e-02
 207.0000000000    9.3234878113e-02
 207.5000000000    9.3252473984e-02
 208.0000000000    9.3270195152e-02
 208.5000000000    9.3288043723e-02
 209.0000000000    9.3306020186e-02
 209.5000000000    9.3324124650e-02
 210.0000000000    9.3342358475e-02
 210.5000000000    9.3360724597e-02
 211.0000000000    9.3379226039e-02
 211.5000000000    9.3397864497e-02
 212.0000000000    9.3416640182e-02
 212.5000000000    9.3435553062e-02
 213.0000000000    9.3454604424e-02
 213.5000000000    9.3473797715e-02
 214.0000000000    9.3493137733e-02
 214.5000000000    9.3512628470e-02
 215.0000000000    9.3532271160e-02
 215.5000000000    9.3552064513e-02
 216.0000000000    9.3572007360e-02
 216.5000000000    9.3592100895e-02
 217.0000000000    9.3612348635e-02
 217.5000000000    9.3632754568e-02
 218.0000000000    9.3653320588e-02
 218.5000000000    9.3674045056e-02
 219.0000000000    9.3694924685e-02
 219.5000000000    9.3715958837e-02
 220.0000000000    9.3737152523e-02
 220.5000000000    9.3758515669e-02
 221.0000000000    9.3780058735e-02
 221.5000000000    9.3801787197e-02
 222.0000000000    9.3823698322e-02
 222.5000000000    9.3845782856e-02
 223.0000000000    9.3868031236e-02
 223.5000000000    9.3890440112e-02
 224.0000000000    9.3913014767e-02
 224.5000000000    9.3935766309e-02
 225.0000000000    9.3958705698e-02
 225.5000000000    9.3981838343e-02
 226.0000000000    9.4005162630e-02
 226.5000000000    9.4028673767e-02
 227.0000000000    9.4052369615e-02
 227.5000000000    9.4076253766e-02
 228.0000000000    9.4100334037e-02
 228.5000000000    9.4124617940e-02
 229.0000000000    9.4149108260e-02
 229.5000000000    9.4173802017e-02
 230.0000000000    9.4198693854e-02
 230.5000000000    9.4223781269e-02
 231.0000000000    9.4249067597e-02
 231.5000000000    9.4274561025e-02
 232.0000000000    9.4300271058e-02
 232.5000000000    9.4326205372e-02
 233.0000000000    9.4352369434e-02
 233.5000000000    9.4378768798e-02
 234.0000000000    9.4405411262e-02
 234.5000000000    9.4432306054e-02
 235.0000000000    9.4459459715e-02
 235.5000000000    9.4486871980e-02
 236.0000000000    9.4514534868e-02
 236.5000000000    9.4542437041e-02
 237.0000000000    9.4570570898e-02
 237.5000000000    9.4598937718e-02
 238.0000000000    9.4627547453e-02
 238.5000000000    9.4656413398e-02
 239.0000000000    9.4685545875e-02
 239.5000000000    9.4714949846e-02
 240.0000000000    9.4744628348e-02
 240.5000000000    9.4774588946e-02
 241.0000000000    9.4804847548e-02
 241.5000000000    9.4835425375e-02
 242.0000000000    9.4866339718e-02
 242.5000000000    9.4897594054e-02
 243.0000000000    9.4929174794e-02
 243.5000000000    9.4961058307e-02
 244.0000000000    9.4993225249e-02
 244.5000000000    9.5025673890e-02
 245.0000000000    9.5058424118e-02
 245.5000000000    9.5091509171e-02
 246.0000000000    9.5124959743e-02
 246.5000000000    9.5158790018e-02
 247.0000000000    9.5192993980e-02
 247.5000000000    9.5227553955e-02
 248.0000000000    9.5262455543e-02
 248.5000000000    9.5297699336e-02
 249.0000000000    9.5333302355e-02
 249.5000000000    9.5369288987e-02
 250.0000000000    9.5405678073e-02
 250.5000000000    9.5442475118e-02
 251.0000000000    9.5479674355e-02
 251.5000000000    9.5517268110e-02
 252.0000000000    9.5555256379e-02
 252.5000000000    9.5593650060e-02
 253.0000000000    9.5632466214e-02
 253.5000000000    9.5671719572e-02
 254.0000000000    9.5711416955e-02
 254.5000000000    9.5751558375e-02
 255.0000000000    9.5792143234e-02
 255.5000000000    9.5833176858e-02
 256.0000000000    9.5874672714e-02
 256.5000000000    9.5916648903e-02
 257.0000000000    9.5959121768e-02
 257.5000000000    9.6002101559e-02
 258.0000000000    9.6045592453e-02
 258.5000000000    9.6089595668e-02
 259.0000000000    9.6134112992e-02
 259.5000000000    9.6179148821e-02
 260.0000000000    9.6224710164e-02
 260.5000000000    9.6270805590e-02
 261.0000000000    9.6317444892e-02
 261.5000000000    9.6364640166e-02
 262.0000000000    9.6412407094e-02
 262.5000000000    9.6460764607e-02
 263.0000000000    9.6509732291e-02
 263.5000000000    9.6559326676e-02
 264.0000000000    9.6609558180e-02
 264.5000000000    9.6660430584e-02
 265.0000000000    9.6711944003e-02
 265.5000000000    9.6764100156e-02
 266.0000000000    9.6816906800e-02
 266.5000000000    9.6870378911e-02
 267.0000000000    9.6924536660e-02
 267.5000000000    9.6979401670e-02
 268.0000000000    9.7034993293e-02
 268.5000000000    9.7091326280e-02
 269.0000000000    9.7148410438e-02
 269.5000000000    9.7206251871e-02
 270.0000000000    9.7264855211e-02
 270.5000000000    9.7324226792e-02
 271.0000000000    9.7384378189e-02
 271.5000000000    9.7445328629e-02
 272.0000000000    9.7507104254e-02
 272.5000000000    9.7569733293e-02
 273.0000000000    9.7633238103e-02
 273.5000000000    9.7697627267e-02
 274.0000000000    9.7762892098e-02
 274.5000000000    9.7829010729e-02
 275.0000000000    9.7895959608e-02
 275.5000000000    9.7963727953e-02
 276.0000000000    9.8032327762e-02
 276.5000000000    9.8101792645e-02
 277.0000000000    9.8172163771e-02
 277.5000000000    9.8243468442e-02
 278.0000000000    9.8315702115e-02
 278.5000000000    9.8388824793e-02
 279.0000000000    9.8462775546e-02
 279.5000000000    9.8537497276e-02
 280.0000000000    9.8612955929e-02
 280.5000000000    9.8689140917e-02
 281.0000000000    9.8766045712e-02
 281.5000000000    9.8843641260e-02
 282.0000000000    9.8921860026e-02
 282.5000000000    9.9000600585e-02
 283.0000000000    9.9079746659e-02
 283.5000000000    9.9159183501e-02
 284.0000000000    9.9238797260e-02
 284.5000000000    9.9318457170e-02
 285.0000000000    9.9397993919e-02
 285.5000000000    9.9477188923e-02
 286.0000000000    9.9555778521e-02
 286.5000000000    9.9633463792e-02
 287.0000000000    9.9709912349e-02
 287.5000000000    9.9784746035e-02
 288.0000000000    9.9857520220e-02
 288.5000000000    9.9927705356e-02
 289.0000000000    9.9994676472e-02
 289.5000000000    1.0005770752e-01
 290.0000000000    1.0011596293e-01
 290.5000000000    1.0016848124e-01
 291.0000000000    1.0021415128e-01
 291.5000000000    1.0025168515e-01
 292.0000000000    1.0027959042e-01
 292.5000000000    1.0029614117e-01
 293.0000000000    1.0029934625e-01
 293.5000000000    1.0028691454e-01
 294.0000000000    1.0025621735e-01
 294.5000000000    1.0020424761e-01
 295.0000000000    1.0012757523e-01
 295.5000000000    1.0002229886e-01
 296.0000000000    9.9883996318e-02
 296.5000000000    9.9707678519e-02
 297.0000000000    9.9487751170e-02
 297.5000000000    9.9217988075e-02
 298.0000000000    9.8891519241e-02
 298.5000000000    9.8500839243e-02
 299.0000000000    9.8037843411e-02
 299.5000000000    9.7493900343e-02
 300.0000000000    9.6859969194e-02
 300.5000000000    9.6126769795e-02
 301.0000000000    9.5285012035e-02
 301.5000000000    9.4325686707e-02
 302.0000000000    9.3240411883e-02
 302.5000000000    9.2021817383e-02
 303.0000000000    9.0663938135e-02
 303.5000000000    8.9162577900e-02
 304.0000000000    8.7515599050e-02
 304.5000000000    8.5723092691e-02
 305.0000000000    8.3787387413e-02
 305.5000000000    8.1712866732e-02
 306.0000000000    7.9505585955e-02
 306.5000000000    7.7172708361e-02
 307.0000000000    7.4721815549e-02
 307.5000000000    7.2160183498e-02
 308.0000000000    6.9494148095e-02
 308.5000000000    6.6728705213e-02
 309.0000000000    6.3867494747e-02
 309.5000000000    6.0913298004e-02
 310.0000000000    5.7869123363e-02
 310.5000000000    5.4739855486e-02
 311.0000000000    5.1534293835e-02
 311.5000000000    4.8267221512e-02
 312.0000000000    4.4960977395e-02
 312.5000000000    4.1645937679e-02
 313.0000000000    3.8359437598e-02
 313.5000000000    3.5143010993e-02
 314.0000000000    3.2038320882e-02
 314.5000000000    2.9082617367e-02
 315.0000000000    2.6304785937e-02
 315.5000000000    2.3722922922e-02
 316.0000000000    2.1343937683e-02
 316.5000000000    1.9165097196e-02
 317.0000000000    1.7176890431e-02
 317.5000000000    1.5366269483e-02
 318.0000000000    1.3719365875e-02
 318.5000000000    1.2223179091e-02
 319.0000000000    1.0866239727e-02
 319.5000000000    9.6385665116e-03
 320.0000000000    8.5312876904e-03
 320.5000000000    7.5361992090e-03
 321.0000000000    6.6454115314e-03
 321.5000000000    5.8511444296e-03
 322.0000000000    5.1456649317e-03
 322.5000000000    4.5213242260e-03
 323.0000000000    3.9706383597e-03
 323.5000000000    3.4863721991e-03
 324.0000000000    3.0616102718e-03
 324.5000000000    2.6898148568e-03
 325.0000000000    2.3648756569e-03
 325.5000000000    2.0811515659e-03
 326.0000000000    1.8335009767e-03
 326.5000000000    1.6172964084e-03
 327.0000000000    1.4284215304e-03
 327.5000000000    1.2632517357e-03
 328.0000000000    1.1186218058e-03
 328.5000000000    9.9178533744e-04
 329.0000000000    8.8037049435e-04
 329.5000000000    7.8233563862e-04
 330.0000000000    6.9592707924e-04
 330.5000000000    6.1964003104e-04
 331.0000000000    5.5218320964e-04
 331.5000000000    4.9244728216e-04
 332.0000000000    4.3947735235e-04
 332.5000000000    3.9244952522e-04
 333.0000000000    3.5065127614e-04
 333.5000000000    3.1346503464e-04
 334.0000000000    2.8035427300e-04
 334.5000000000    2.5085154379e-04
 335.0000000000    2.2454820151e-04
 335.5000000000    2.0108574566e-04
 336.0000000000    1.8014873642e-04
 336.5000000000    1.6145905635e-04
 337.0000000000    1.4477114547e-04
 337.5000000000    1.2986786209e-04
 338.0000000000    1.1655677462e-04
 338.5000000000    1.0466689378e-04
 339.0000000000    9.4045939389e-05
 339.5000000000    8.4558162929e-05
 340.0000000000    7.6082601321e-05
 340.5000000000    6.8511554602e-05
 341.0000000000    6.1749129980e-05
 341.5000000000    5.5709825136e-05
 342.0000000000    5.0317248382e-05
 342.5000000000    4.5503080756e-05
 343.0000000000    4.1206285353e-05
 343.5000000000    3.7372461333e-05
 344.0000000000    3.3953205992e-05
 344.5000000000    3.0905415885e-05
 345.0000000000    2.8190573316e-05
 345.5000000000    2.5774126460e-05
 346.0000000000    2.3625040449e-05
 346.5000000000    2.1715493612e-05
 347.0000000000    2.0020614467e-05
 347.5000000000    1.8518161732e-05
 348.0000000000    1.7188135806e-05
 348.5000000000    1.6012401391e-05
 349.0000000000    1.4974423697e-05
 349.5000000000    1.4059152050e-05
 350.0000000000    1.3252985382e-05
 350.5000000000    1.2543705968e-05
 351.0000000000    1.1920323966e-05
 351.5000000000    1.1372852063e-05
 352.0000000000    1.0892136494e-05
 352.5000000000    1.0469804119e-05
 353.0000000000    1.0098311872e-05
 353.5000000000    9.7709945800e-06
 354.0000000000    9.4820146033e-06
 354.5000000000    9.2262088046e-06
 355.0000000000    8.9989202825e-06
 355.5000000000    8.7959183854e-06
 356.0000000000    8.6134358475e-06
 356.5000000000    8.4482446241e-06
 357.0000000000    8.2976642995e-06
 357.5000000000    8.1594567939e-06
 358.0000000000    8.0316642931e-06
 358.5000000000    7.9124984372e-06
 359.0000000000    7.8003440836e-06
 359.5000000000    7.6938421843e-06
 360.0000000000    7.5919503415e-06
 360.5000000000    7.4939031366e-06
 361.0000000000    7.3990856955e-06
 361.5000000000    7.3069116212e-06
 362.0000000000    7.2167929534e-06
 362.5000000000    7.1282103726e-06
 363.0000000000    7.0408071359e-06
 363.5000000000    6.9544133299e-06
 364.0000000000    6.8689705533e-06
 364.5000000000    6.7844149214e-06
 365.0000000000    6.7006122663e-06
 365.5000000000    6.6173928109e-06
 366.0000000000    6.5346474939e-06
 366.5000000000    6.4523966118e-06
 367.0000000000    6.3707678640e-06
 367.5000000000    6.2899000902e-06
 368.0000000000    6.2098522210e-06
 368.5000000000    6.1305910622e-06
 369.0000000000    6.0520624202e-06
 369.5000000000    5.9742797621e-06
 370.0000000000    5.8973516326e-06
 370.5000000000    5.8214235877e-06
 371.0000000000    5.7465838401e-06
 371.5000000000    5.6728121550e-06
 372.0000000000    5.6000122935e-06
 372.5000000000    5.5281036929e-06
 373.0000000000    5.4570827316e-06
 373.5000000000    5.3870187200e-06
 374.0000000000    5.3179794938e-06
 374.5000000000    5.2499575999e-06
 375.0000000000    5.1828598545e-06
 375.5000000000    5.1165695581e-06
 376.0000000000    5.0510289825e-06
 376.5000000000    4.9862731015e-06
 377.0000000000    4.9223875435e-06
 377.5000000000    4.8594272945e-06
 378.0000000000    4.7973647198e-06
 378.5000000000    4.7361098935e-06
 379.0000000000    4.6755843866e-06
 379.5000000000    4.6157845029e-06
 380.0000000000    4.5567802102e-06
 380.5000000000    4.4986511433e-06
 381.0000000000    4.4414134447e-06
 381.5000000000    4.3850079703e-06
 382.0000000000    4.3293418230e-06
 382.5000000000    4.2743706250e-06
 383.0000000000    4.2201335266e-06
 383.5000000000    4.1667200550e-06
 384.0000000000    4.1141964923e-06
 384.5000000000    4.0625545923e-06
 385.0000000000    4.0117253704e-06
 385.5000000000    3.9616446869e-06
 386.0000000000    3.9123130237e-06
 386.5000000000    3.8637980909e-06
 387.0000000000    3.8161787776e-06
 387.5000000000    3.7694788050e-06
 388.0000000000    3.7236468599e-06
 388.5000000000    3.6785997183e-06
 389.0000000000    3.6342908964e-06
 389.5000000000    3.5907460955e-06
 390.0000000000    3.5480362688e-06
 390.5000000000    3.5062128387e-06
 391.0000000000    3.4652609727e-06
 391.5000000000    3.4251103133e-06
 392.0000000000    3.3856926932e-06
 392.5000000000    3.3469964228e-06
 393.0000000000    3.3090708420e-06
 393.5000000000    3.2719784294e-06
 394.0000000000    3.2357362050e-06
 394.5000000000    3.2002967180e-06
 395.0000000000    3.1655835893e-06
 395.5000000000    3.1315503320e-06
 396.0000000000    3.0982119646e-06
 396.5000000000    3.0656232578e-06
 397.0000000000    3.0338234239e-06
 397.5000000000    3.0027949171e-06
 398.0000000000    2.9724707424e-06
 398.5000000000    2.9427827815e-06
 399.0000000000    2.9137090913e-06
 399.5000000000    2.8852803711e-06
 400.0000000000    2.8575412277e-06
 400.5000000000    2.8305002214e-06
 401.0000000000    2.8041113481e-06
 401.5000000000    2.7783018848e-06
 402.0000000000    2.7530219159e-06
 402.5000000000    2.7282733226e-06
 403.0000000000    2.7040943845e-06
 403.5000000000    2.6805139204e-06
 404.0000000000    2.6575145242e-06
 404.5000000000    2.6350356621e-06
 405.0000000000    2.6130130413e-06
 405.5000000000    2.5914202379e-06
 406.0000000000    2.5702774512e-06
 406.5000000000    2.5496207927e-06
 407.0000000000    2.5294589893e-06
 407.5000000000    2.5097543899e-06
 408.0000000000    2.4904439197e-06
 408.5000000000    2.4714812774e-06
 409.0000000000    2.4528642925e-06
 409.5000000000    2.4346246281e-06
 410.0000000000    2.4167894322e-06
 410.5000000000    2.3993478873e-06
 411.0000000000    2.3822508279e-06
 411.5000000000    2.3654431065e-06
 412.0000000000    2.3489005782e-06
 412.5000000000    2.3326403228e-06
 413.0000000000    2.3166961161e-06
 413.5000000000    2.3010806225e-06
 414.0000000000    2.2857666232e-06
 414.5000000000    2.2707027847e-06
 415.0000000000    2.2558498790e-06
 415.5000000000    2.2412063069e-06
 416.0000000000    2.2268015209e-06
 416.5000000000    2.2126636654e-06
 417.0000000000    2.1987893962e-06
 417.5000000000    2.1851413832e-06
 418.0000000000    2.1716750073e-06
 418.5000000000    2.1583709527e-06
 419.0000000000    2.1452458892e-06
 419.5000000000    2.1323327387e-06
 420.0000000000    2.1196480195e-06
 420.5000000000    2.1071741767e-06
 421.0000000000    2.0948714594e-06
 421.5000000000    2.0827085767e-06
 422.0000000000    2.0706873621e-06
 422.5000000000    2.0588196412e-06
 423.0000000000    2.0471731194e-06
 423.5000000000    2.0357125529e-06
 424.0000000000    2.0244232178e-06
 424.5000000000    2.0132696738e-06
 425.0000000000    2.0022362835e-06
 425.5000000000    1.9913378182e-06
 426.0000000000    1.9806041689e-06
 426.5000000000    1.9700527436e-06
 427.0000000000    1.9596721627e-06
 427.5000000000    1.9494306736e-06
 428.0000000000    1.9393015157e-06
 428.5000000000    1.9292833994e-06
 429.0000000000    1.9193989353e-06
 429.5000000000    1.9096729472e-06
 430.0000000000    1.9001094880e-06
 430.5000000000    1.8906869719e-06
 431.0000000000    1.8813750314e-06
 431.5000000000    1.8721583257e-06
 432.0000000000    1.8630345106e-06
 432.5000000000    1.8540531022e-06
 433.0000000000    1.8452175475e-06
 433.5000000000    1.8365200435e-06
 434.0000000000    1.8279344693e-06
 434.5000000000    1.8194370296e-06
 435.0000000000    1.8110244044e-06
 435.5000000000    1.8027142018e-06
 436.0000000000    1.7945277983e-06
 436.5000000000    1.7864704736e-06
 437.0000000000    1.7785256289e-06
 437.5000000000    1.7706675595e-06
 438.0000000000    1.7628815422e-06
 438.5000000000    1.7551741209e-06
 439.0000000000    1.7475652607e-06
 439.5000000000    1.7400694500e-06
 440.0000000000    1.7326819257e-06
 440.5000000000    1.7253815119e-06
 441.0000000000    1.7181472166e-06
 441.5000000000    1.7109742450e-06
 442.0000000000    1.7038759947e-06
 442.5000000000    1.6968707651e-06
 443.0000000000    1.6899646983e-06
 443.5000000000    1.6831455314e-06
 444.0000000000    1.6763920278e-06
 444.5000000000    1.6696906960e-06
 445.0000000000    1.6630456305e-06
 445.5000000000    1.6564725334e-06
 446.0000000000    1.6499864456e-06
 446.5000000000    1.6435847339e-06
 447.0000000000    1.6372511858e-06
 447.5000000000    1.6309683463e-06
 448.0000000000    1.6247313804e-06
 448.5000000000    1.6185509634e-06
 449.0000000000    1.6124431377e-06
 449.5000000000    1.6064151969e-06
 450.0000000000    1.6004592378e-06
 450.5000000000    1.5945588137e-06
 451.0000000000    1.5887025854e-06
 451.5000000000    1.5828932118e-06
 452.0000000000    1.5771442441e-06
 452.5000000000    1.5714680593e-06
 453.0000000000    1.5658650314e-06
 453.5000000000    1.5603231755e-06
 454.0000000000    1.5548280841e-06
 454.5000000000    1.5493745468e-06
 455.0000000000    1.5439700658e-06
 455.5000000000    1.5386275167e-06
 456.0000000000    1.5333536939e-06
 456.5000000000    1.5281433157e-06
 457.0000000000    1.5229832117e-06
 457.5000000000    1.5178630883e-06
 458.0000000000    1.5127834082e-06
 458.5000000000    1.5077541379e-06
 459.0000000000    1.5027856556e-06
 459.5000000000    1.4978795991e-06
 460.0000000000    1.4930273799e-06
 460.5000000000    1.4882172248e-06
 461.0000000000    1.4834436595e-06
 461.5000000000    1.4787114402e-06
 462.0000000000    1.4740307844e-06
 462.5000000000    1.4694082083e-06
 463.0000000000    1.4648408307e-06
 463.5000000000    1.4603187367e-06
 464.0000000000    1.4558331112e-06
 464.5000000000    1.4513831621e-06
 465.0000000000    1.4469762828e-06
 465.5000000000    1.4426208022e-06
 466.0000000000    1.4383193413e-06
 466.5000000000    1.4340661169e-06
 467.0000000000    1.4298519084e-06
 467.5000000000    1.4256714864e-06
 468.0000000000    1.4215273934e-06
 468.5000000000    1.4174271050e-06
 469.0000000000    1.4133885898e-06
 469.5000000000    1.4093856542e-06
 470.0000000000    1.4054113902e-06
 470.5000000000    1.4014826002e-06
 471.0000000000    1.3975848735e-06
 471.5000000000    1.3937224663e-06
 472.0000000000    1.3899016803e-06
 472.5000000000    1.3861250300e-06
 473.0000000000    1.3823889280e-06
 473.5000000000    1.3786860057e-06
 474.0000000000    1.3750113248e-06
 474.5000000000    1.3713654907e-06
 475.0000000000    1.3677536937e-06
 475.5000000000    1.3641807423e-06
 476.0000000000    1.3606468358e-06
 476.5000000000    1.3571473973e-06
 477.0000000000    1.3536767758e-06
 477.5000000000    1.3502326635e-06
 478.0000000000    1.3468176169e-06
 478.5000000000    1.3434365789e-06
 479.0000000000    1.3400924744e-06
 479.5000000000    1.3367837106e-06
 480.0000000000    1.3335059139e-06
 480.5000000000    1.3302550019e-06
 481.0000000000    1.3270305707e-06
 481.5000000000    1.3238358443e-06
 482.0000000000    1.3206744236e-06
 482.5000000000    1.3175475803e-06
 483.0000000000    1.3144529660e-06
 483.5000000000    1.3113865847e-06
 484.0000000000    1.3083458317e-06
 484.5000000000    1.3053313263e-06
 485.0000000000    1.3023460065e-06
 485.5000000000    1.2993924786e-06
 486.0000000000    1.2964707721e-06
 486.5000000000    1.2935782329e-06
 487.0000000000    1.2907115357e-06
 487.5000000000    1.2878691158e-06
 488.0000000000    1.2850520816e-06
 488.5000000000    1.2822629590e-06
 489.0000000000    1.2795033773e-06
 489.5000000000    1.2767726306e-06
 490.0000000000    1.2740681471e-06
 490.5000000000    1.2713873638e-06
 491.0000000000    1.2687294721e-06
 491.5000000000    1.2660956975e-06
 492.0000000000    1.2634880003e-06
 492.5000000000    1.2609073148e-06
 493.0000000000    1.2583526740e-06
 493.5000000000    1.2558217810e-06
 494.0000000000    1.2533125276e-06
 494.5000000000    1.2508243234e-06
 495.0000000000    1.2483582499e-06
 495.5000000000    1.2459160150e-06
 496.0000000000    1.2434985027e-06
 496.5000000000    1.2411048765e-06
 497.0000000000    1.2387329940e-06
 497.5000000000    1.2363809334e-06
 498.0000000000    1.2340483959e-06
 498.5000000000    1.2317368629e-06
 499.0000000000    1.2294483442e-06
 499.5000000000    1.2271836914e-06
 500.0000000000    1.2249417849e-06
 500.5000000000    1.2227202234e-06
 501.0000000000    1.2205171156e-06
 501.5000000000    1.2183325212e-06
 502.0000000000    1.2161683533e-06
 502.5000000000    1.2140267412e-06
 503.0000000000    1.2119081808e-06
 503.5000000000    1.2098205967e-06
 504.0000000000    1.2077420239e-06
 504.5000000000    1.2056804123e-06
 505.0000000000    1.2036365201e-06
 505.5000000000    1.2016120820e-06
 506.0000000000    1.1996088136e-06
 506.5000000000    1.1976171811e-06
 507.0000000000    1.1956531730e-06
 507.5000000000    1.1937040938e-06
 508.0000000000    1.1917684063e-06
 508.5000000000    1.1898473702e-06
 509.0000000000    1.1879431407e-06
 509.5000000000    1.1860576436e-06
 510.0000000000    1.1841901500e-06
 510.5000000000    1.1823378792e-06
 511.0000000000    1.1804982313e-06
 511.5000000000    1.1786710379e-06
 512.0000000000    1.1768589041e-06
 512.5000000000    1.1750652326e-06
 513.0000000000    1.1732913942e-06
 513.5000000000    1.1715354862e-06
 514.0000000000    1.1697937168e-06
 514.5000000000    1.1680635761e-06
 515.0000000000    1.1663456726e-06
 515.5000000000    1.1646432975e-06
 516.0000000000    1.1629594984e-06
 516.5000000000    1.1612943319e-06
 517.0000000000    1.1596444813e-06
 517.5000000000    1.1580060632e-06
 518.0000000000    1.1563777719e-06
 518.5000000000    1.1547619816e-06
 519.0000000000    1.1531628000e-06
 519.5000000000    1.1515825983e-06
 520.0000000000    1.1500198542e-06
 520.5000000000    1.1484703110e-06
 521.0000000000    1.1469304622e-06
 521.5000000000    1.1454004622e-06
 522.0000000000    1.1438839144e-06
 522.5000000000    1.1423847865e-06
 523.0000000000    1.1409039757e-06
 523.5000000000    1.1394383388e-06
 524.0000000000    1.1379832305e-06
 524.5000000000    1.1365362513e-06
 525.0000000000    1.1350992717e-06
 525.5000000000    1.1336768100e-06
 526.0000000000    1.1322721651e-06
 526.5000000000    1.1308845129e-06
 527.0000000000    1.1295094317e-06
 527.5000000000    1.1281425026e-06
 528.0000000000    1.1267829855e-06
 528.5000000000    1.1254344507e-06
 529.0000000000    1.1241100157e-06
 529.5000000000    1.1227950947e-06
 530.0000000000    1.1214952033e-06
 530.5000000000    1.1202051395e-06
 531.0000000000    1.1189215842e-06
 531.5000000000    1.1176459439e-06
 532.0000000000    1.1163832665e-06
 532.5000000000    1.1151299704e-06
 533.0000000000    1.1139023620e-06
 533.5000000000    1.1126880010e-06
 534.0000000000    1.1114817930e-06
 534.5000000000    1.1102823376e-06
 535.0000000000    1.1090832156e-06
 535.5000000000    1.1079132288e-06
 536.0000000000    1.1067641552e-06
 536.5000000000    1.1056281603e-06
 537.0000000000    1.1045011621e-06
 537.5000000000    1.1033806201e-06
 538.0000000000    1.1022671730e-06
 538.5000000000    1.1011656907e-06
 539.0000000000    1.1000809407e-06
 539.5000000000    1.0990133023e-06
 540.0000000000    1.0979582096e-06
 540.5000000000    1.0969098045e-06
 541.0000000000    1.0958657037e-06
 541.5000000000    1.0948288589e-06
 542.0000000000    1.0938049099e-06
 542.5000000000    1.0927972409e-06
 543.0000000000    1.0918038814e-06
 543.5000000000    1.0908188676e-06
 544.0000000000    1.0898369698e-06
 544.5000000000    1.0888578102e-06
 545.0000000000    1.0878859104e-06
 545.5000000000    1.0869266284e-06
 546.0000000000    1.0859814134e-06
 546.5000000000    1.0850464543e-06
 547.0000000000    1.0841159485e-06
 547.5000000000    1.0831872892e-06
 548.0000000000    1.0822637707e-06
 548.5000000000    1.0813524006e-06
 549.0000000000    1.0804585483e-06
 549.5000000000    1.0795819015e-06
 550.0000000000    1.0787171630e-06
 550.5000000000    1.0778588832e-06
 551.0000000000    1.0770062722e-06
 551.5000000000    1.0761638528e-06
 552.0000000000    1.0753373804e-06
 552.5000000000    1.0745284978e-06
 553.0000000000    1.0737328379e-06
 553.5000000000    1.0729433008e-06
 554.0000000000    1.0721628615e-06
 554.5000000000    1.0713792203e-06
 555.0000000000    1.0706057888e-06
 555.5000000000    1.0698477260e-06
 556.0000000000    1.0691046021e-06
 556.5000000000    1.0683707965e-06
 557.0000000000    1.0676333050e-06
 557.5000000000    1.0669048588e-06
 558.0000000000    1.0661829218e-06
 558.5000000000    1.0654737941e-06
 559.0000000000    1.0647784549e-06
 559.5000000000    1.0640898067e-06
 560.0000000000    1.0634132305e-06
 560.5000000000    1.0627458022e-06
 561.0000000000    1.0620720630e-06
 561.5000000000    1.0614065112e-06
 562.0000000000    1.0607545973e-06
 562.5000000000    1.0601164924e-06
 563.0000000000    1.0594869342e-06
 563.5000000000    1.0588596417e-06
 564.0000000000    1.0582326372e-06
 564.5000000000    1.0576099179e-06
 565.0000000000    1.0569980789e-06
 565.5000000000    1.0564007438e-06
 566.0000000000    1.0558154799e-06
 566.5000000000    1.0552358882e-06
 567.0000000000    1.0546514925e-06
 567.5000000000    1.0540741766e-06
 568.0000000000    1.0535097405e-06
 568.5000000000    1.0529530978e-06
 569.0000000000    1.0524108699e-06
 569.5000000000    1.0518782984e-06
 570.0000000000    1.0513487620e-06
 570.5000000000    1.0508194572e-06
 571.0000000000    1.0502936557e-06
 571.5000000000    1.0497779108e-06
 572.0000000000    1.0492764374e-06
 572.5000000000    1.0487874020e-06
 573.0000000000    1.0483043935e-06
 573.5000000000    1.0478217451e-06
 574.0000000000    1.0473393173e-06
 574.5000000000    1.0468625274e-06
 575.0000000000    1.0463976777e-06
 575.5000000000    1.0459465810e-06
 576.0000000000    1.0455049588e-06
 576.5000000000    1.0450660483e-06
 577.0000000000    1.0446263637e-06
 577.5000000000    1.0441886557e-06
 578.0000000000    1.0437595915e-06
 578.5000000000    1.0433440639e-06
 579.0000000000    1.0429410384e-06
 579.5000000000    1.0425444115e-06
 580.0000000000    1.0421482731e-06
 580.5000000000    1.0417519640e-06
 581.0000000000    1.0413606144e-06
 581.5000000000    1.0409807905e-06
 582.0000000000    1.0406148885e-06
 582.5000000000    1.0402591586e-06
 583.0000000000    1.0399069328e-06
 583.5000000000    1.0395542635e-06
 584.0000000000    1.0392032424e-06
 584.5000000000    1.0388601881e-06
 585.0000000000    1.0385302260e-06
 585.5000000000    1.0382129127e-06
 586.0000000000    1.0379026349e-06
 586.5000000000    1.0375933192e-06
 587.0000000000    1.0372835431e-06
 587.5000000000    1.0369776579e-06
 588.0000000000    1.0366819914e-06
 588.5000000000    1.0363994435e-06
 589.0000000000    1.0361270055e-06
 589.5000000000    1.0358582689e-06
 590.0000000000    1.0355888178e-06
 590.5000000000    1.0353198839e-06
 591.0000000000    1.0350572837e-06
 591.5000000000    1.0348064454e-06
 592.0000000000    1.0345678051e-06
 592.5000000000    1.0343364355e-06
 593.0000000000    1.0341062219e-06
 593.5000000000    1.0338750421e-06
 594.0000000000    1.0336465317e-06
 594.5000000000    1.0334270006e-06
 595.0000000000    1.0332200742e-06
 595.5000000000    1.0330236513e-06
 596.0000000000    1.0328316722e-06
 596.5000000000    1.0326392500e-06
 597.0000000000    1.0324468692e-06
 597.5000000000    1.0322599258e-06
 598.0000000000    1.0320841248e-06
 598.5000000000    1.0319206297e-06
 599.0000000000    1.0317650787e-06
 599.5000000000    1.0316112892e-06
 600.0000000000    1.0314564494e-06
 600.5000000000    1.0313034878e-06
 601.0000000000    1.0311585307e-06
 601.5000000000    1.0310256131e-06
 602.0000000000    1.0309032135e-06
 602.5000000000    1.0307855514e-06
 603.0000000000    1.0306674827e-06
 603.5000000000    1.0305488260e-06
 604.0000000000    1.0304344543e-06
 604.5000000000    1.0303301190e-06
 605.0000000000    1.0302375418e-06
 605.5000000000    1.0301530123e-06
 606.0000000000    1.0300705932e-06
 606.5000000000    1.0299871858e-06
 607.0000000000    1.0299051183e-06
 607.5000000000    1.0298231972e-06
 608.0000000000    1.0297666877e-06
 608.5000000000    1.0297068975e-06
 609.0000000000    1.0296595511e-06
 609.5000000000    1.0296194206e-06
 610.0000000000    1.0295648300e-06
 610.5000000000    1.0295207046e-06
 611.0000000000    1.0294855401e-06
 611.5000000000    1.0294614354e-06
 612.0000000000    1.0294453004e-06
 612.5000000000    1.0294313962e-06
 613.0000000000    1.0294160845e-06
 613.5000000000    1.0294007823e-06
 614.0000000000    1.0293906293e-06
 614.5000000000    1.0293900535e-06
 615.0000000000    1.0293989956e-06
 615.5000000000    1.0294129672e-06
 616.0000000000    1.0294268793e-06
 616.5000000000    1.0294393500e-06
 617.0000000000    1.0294538805e-06
 617.5000000000    1.0294759020e-06
 618.0000000000    1.0295082125e-06
 618.5000000000    1.0295486579e-06
 619.0000000000    1.0295920228e-06
 619.5000000000    1.0296344764e-06
 620.0000000000    1.0296768008e-06
 620.5000000000    1.0297236865e-06
 621.0000000000    1.0297796852e-06
 621.5000000000    1.0298453342e-06
 622.0000000000    1.0299167120e-06
 622.5000000000    1.0299887784e-06
 623.0000000000    1.0300596411e-06
 623.5000000000    1.0301321361e-06
 624.0000000000    1.0302113913e-06
 624.5000000000    1.0303005069e-06
 625.0000000000    1.0303980244e-06
 625.5000000000    1.0304992808e-06
 626.0000000000    1.0306004576e-06
 626.5000000000    1.0307018624e-06
 627.0000000000    1.0308076389e-06
 627.5000000000    1.0309222446e-06
 628.0000000000    1.0310466801e-06
 628.5000000000    1.0311776746e-06
 629.0000000000    1.0313104420e-06
 629.5000000000    1.0314426467e-06
 630.0000000000    1.0315762094e-06
 630.5000000000    1.0317155109e-06
 631.0000000000    1.0318635494e-06
 631.5000000000    1.0320193117e-06
 632.0000000000    1.0321785742e-06
 632.5000000000    1.0323373780e-06
 633.0000000000    1.0324952389e-06
 633.5000000000    1.0326554137e-06
 634.0000000000    1.0328220329e-06
 634.5000000000    1.0329965631e-06
 635.0000000000    1.0331765717e-06
 635.5000000000    1.0333577827e-06
 636.0000000000    1.0335376592e-06
 636.5000000000    1.0337174979e-06
 637.0000000000    1.0339012785e-06
 637.5000000000    1.0340922765e-06
 638.0000000000    1.0342902905e-06
 638.5000000000    1.0344918788e-06
 639.0000000000    1.0346932536e-06
 639.5000000000    1.0348934728e-06
 640.0000000000    1.0350951837e-06
 640.5000000000    1.0353023113e-06
 641.0000000000    1.0355167276e-06
 641.5000000000    1.0357366951e-06
 642.0000000000    1.0359583919e-06
 642.5000000000    1.0361791912e-06
 643.0000000000    1.0363998365e-06
 643.5000000000    1.0366238672e-06
 644.0000000000    1.0368545678e-06
 644.5000000000    1.0370923116e-06
 645.0000000000    1.0373343941e-06
 645.5000000000    1.0375774033e-06
 646.0000000000    1.0378202144e-06
 646.5000000000    1.0380649008e-06
 647.0000000000    1.0383149595e-06
 647.5000000000    1.0385723795e-06
 648.0000000000    1.0388360049e-06
 648.5000000000    1.0391025433e-06
 649.0000000000    1.0393693124e-06
 649.5000000000    1.0396363495e-06
 650.0000000000    1.0399061702e-06
 650.5000000000    1.0401814593e-06
 651.0000000000    1.0404626833e-06
 651.5000000000    1.0407475910e-06
 652.0000000000    1.0410329863e-06
 652.5000000000    1.0413172354e-06
 653.0000000000    1.0416014150e-06
 653.5000000000    1.0418882363e-06
 654.0000000000    1.0421796751e-06
 654.5000000000    1.0424753152e-06
 655.0000000000    1.0427727446e-06
 655.5000000000    1.0430696188e-06
 656.0000000000    1.0433656570e-06
 656.5000000000    1.0436629114e-06
 657.0000000000    1.0439641436e-06
 657.5000000000    1.0442706610e-06
 658.0000000000    1.0445814164e-06
 658.5000000000    1.0448940867e-06
 659.0000000000    1.0452071853e-06
 659.5000000000    1.0455214180e-06
 660.0000000000    1.0458391917e-06
 660.5000000000    1.0461627253e-06
 661.0000000000    1.0464923325e-06
 661.5000000000    1.0468263141e-06
 662.0000000000    1.0471625069e-06
 662.5000000000    1.0475001322e-06
 663.0000000000    1.0478404158e-06
 663.5000000000    1.0481854757e-06
 664.0000000000    1.0485364908e-06
 664.5000000000    1.0488926331e-06
 665.0000000000    1.0492516519e-06
 665.5000000000    1.0496115708e-06
 666.0000000000    1.0499720421e-06
 666.5000000000    1.0503342887e-06
 667.0000000000    1.0506997558e-06
 667.5000000000    1.0510686455e-06
 668.0000000000    1.0514395560e-06
 668.5000000000    1.0518104880e-06
 669.0000000000    1.0521803311e-06
 669.5000000000    1.0525496155e-06
 670.0000000000    1.0529199704e-06
 670.5000000000    1.0532928034e-06
 671.0000000000    1.0536682926e-06
 671.5000000000    1.0540454573e-06
 672.0000000000    1.0544231651e-06
 672.5000000000    1.0548011954e-06
 673.0000000000    1.0551805118e-06
 673.5000000000    1.0555625777e-06
 674.0000000000    1.0559482940e-06
 674.5000000000    1.0563373842e-06
 675.0000000000    1.0567286604e-06
 675.5000000000    1.0571209165e-06
 676.0000000000    1.0575137447e-06
 676.5000000000    1.0579076752e-06
 677.0000000000    1.0583035888e-06
 677.5000000000    1.0587018819e-06
 678.0000000000    1.0591020164e-06
 678.5000000000    1.0595027803e-06
 679.0000000000    1.0599030452e-06
 679.5000000000    1.0603024569e-06
 680.0000000000    1.0607015495e-06
 680.5000000000    1.0611011928e-06
 681.0000000000    1.0615017616e-06
 681.5000000000    1.0619026445e-06
 682.0000000000    1.0623024512e-06
 682.5000000000    1.0626997964e-06
 683.0000000000    1.0630940895e-06
 683.5000000000    1.0634857062e-06
 684.0000000000    1.0638760956e-06
 684.5000000000    1.0642639641e-06
 685.0000000000    1.0646490431e-06
 685.5000000000    1.0650295815e-06
 686.0000000000    1.0654041254e-06
 686.5000000000    1.0657724578e-06
 687.0000000000    1.0661356629e-06
 687.5000000000    1.0664952025e-06
 688.0000000000    1.0668517144e-06
 688.5000000000    1.0672045486e-06
 689.0000000000    1.0675524592e-06
 689.5000000000    1.0678949421e-06
 690.0000000000    1.0682324101e-06
 690.5000000000    1.0685685450e-06
 691.0000000000    1.0689048620e-06
 691.5000000000    1.0692421095e-06
 692.0000000000    1.0695794456e-06
 692.5000000000    1.0699156011e-06
 693.0000000000    1.0702504192e-06
 693.5000000000    1.0705854669e-06
 694.0000000000    1.0709231678e-06
 694.5000000000    1.0712651197e-06
 695.0000000000    1.0716109771e-06
 695.5000000000    1.0719588628e-06
 696.0000000000    1.0723070500e-06
 696.5000000000    1.0726555513e-06
 697.0000000000    1.0730062818e-06
 697.5000000000    1.0733616009e-06
 698.0000000000    1.0737223917e-06
 698.5000000000    1.0740872902e-06
 699.0000000000    1.0744537580e-06
 699.5000000000    1.0748201817e-06
 700.0000000000    1.0751872506e-06
