#          time             Min_Chi
   0.0000000000    5.1318610970e-01
   0.5000000000    5.1301411807e-01
   1.0000000000    5.1267938189e-01
   1.5000000000    5.1235224685e-01
   2.0000000000    5.1208203765e-01
   2.5000000000    5.1187007885e-01
   3.0000000000    5.1167540758e-01
   3.5000000000    5.1148459141e-01
   4.0000000000    5.1129798837e-01
   4.5000000000    5.1109744992e-01
   5.0000000000    5.1090612881e-01
   5.5000000000    5.1069409834e-01
   6.0000000000    5.1049434257e-01
   6.5000000000    5.1027670923e-01
   7.0000000000    5.1006839117e-01
   7.5000000000    5.0984831777e-01
   8.0000000000    5.0963307508e-01
   8.5000000000    5.0941154593e-01
   9.0000000000    5.0919098992e-01
   9.5000000000    5.0896910520e-01
  10.0000000000    5.0874501220e-01
  10.5000000000    5.0852391759e-01
  11.0000000000    5.0829790860e-01
  11.5000000000    5.0807862854e-01
  12.0000000000    5.0785180681e-01
  12.5000000000    5.0763485251e-01
  13.0000000000    5.0740905137e-01
  13.5000000000    5.0719497638e-01
  14.0000000000    5.0697083579e-01
  14.5000000000    5.0676066758e-01
  15.0000000000    5.0653912989e-01
  15.5000000000    5.0633296605e-01
  16.0000000000    5.0611478360e-01
  16.5000000000    5.0591170370e-01
  17.0000000000    5.0569874605e-01
  17.5000000000    5.0550178727e-01
  18.0000000000    5.0529228605e-01
  18.5000000000    5.0510008199e-01
  19.0000000000    5.0489538228e-01
  19.5000000000    5.0470809760e-01
  20.0000000000    5.0450882800e-01
  20.5000000000    5.0432658556e-01
  21.0000000000    5.0413274855e-01
  21.5000000000    5.0395574821e-01
  22.0000000000    5.0376758435e-01
  22.5000000000    5.0359465205e-01
  23.0000000000    5.0341453390e-01
  23.5000000000    5.0324655564e-01
  24.0000000000    5.0307073989e-01
  24.5000000000    5.0290925552e-01
  25.0000000000    5.0273903379e-01
  25.5000000000    5.0258287160e-01
  26.0000000000    5.0241837683e-01
  26.5000000000    5.0226698555e-01
  27.0000000000    5.0210869422e-01
  27.5000000000    5.0196233131e-01
  28.0000000000    5.0181001033e-01
  28.5000000000    5.0166859070e-01
  29.0000000000    5.0152210490e-01
  29.5000000000    5.0138545696e-01
  30.0000000000    5.0124470721e-01
  30.5000000000    5.0111256026e-01
  31.0000000000    5.0097656001e-01
  31.5000000000    5.0084942989e-01
  32.0000000000    5.0072092907e-01
  32.5000000000    5.0059861791e-01
  33.0000000000    5.0047310997e-01
  33.5000000000    5.0035526377e-01
  34.0000000000    5.0023606000e-01
  34.5000000000    5.0012226017e-01
  35.0000000000    5.0000752291e-01
  35.5000000000    4.9989842728e-01
  36.0000000000    4.9978849020e-01
  36.5000000000    4.9968347672e-01
  37.0000000000    4.9957800842e-01
  37.5000000000    4.9947715991e-01
  38.0000000000    4.9937606533e-01
  38.5000000000    4.9927940177e-01
  39.0000000000    4.9918240324e-01
  39.5000000000    4.9908979205e-01
  40.0000000000    4.9899669193e-01
  40.5000000000    4.9890795646e-01
  41.0000000000    4.9881853071e-01
  41.5000000000    4.9873381096e-01
  42.0000000000    4.9864783328e-01
  42.5000000000    4.9856698918e-01
  43.0000000000    4.9848438117e-01
  43.5000000000    4.9840730848e-01
  44.0000000000    4.9832759551e-01
  44.5000000000    4.9825457133e-01
  45.0000000000    4.9817797946e-01
  45.5000000000    4.9810845578e-01
  46.0000000000    4.9803413630e-01
  46.5000000000    4.9796845776e-01
  47.0000000000    4.9789687038e-01
  47.5000000000    4.9783497294e-01
  48.0000000000    4.9776533803e-01
  48.5000000000    4.9770695233e-01
  49.0000000000    4.9763947368e-01
  49.5000000000    4.9758501294e-01
  50.0000000000    4.9751935055e-01
  50.5000000000    4.9746850947e-01
  51.0000000000    4.9740438078e-01
  51.5000000000    4.9735719351e-01
  52.0000000000    4.9729448387e-01
  52.5000000000    4.9725104605e-01
  53.0000000000    4.9718942189e-01
  53.5000000000    4.9714733891e-01
  54.0000000000    4.9708853387e-01
  54.5000000000    4.9704664822e-01
  55.0000000000    4.9699018150e-01
  55.5000000000    4.9694628728e-01
  56.0000000000    4.9688897824e-01
  56.5000000000    4.9683663466e-01
  57.0000000000    4.9676943440e-01
  57.5000000000    4.9669837446e-01
  58.0000000000    4.9661749030e-01
  58.5000000000    4.9653924238e-01
  59.0000000000    4.9647290729e-01
  59.5000000000    4.9642294013e-01
  60.0000000000    4.9638805935e-01
  60.5000000000    4.9635733808e-01
  61.0000000000    4.9633255519e-01
  61.5000000000    4.9630209860e-01
  62.0000000000    4.9627995435e-01
  62.5000000000    4.9624799902e-01
  63.0000000000    4.9622559918e-01
  63.5000000000    4.9618746243e-01
  64.0000000000    4.9616581906e-01
  64.5000000000    4.9612901672e-01
  65.0000000000    4.9611086748e-01
  65.5000000000    4.9607432664e-01
  66.0000000000    4.9605353258e-01
  66.5000000000    4.9602065177e-01
  67.0000000000    4.9599946845e-01
  67.5000000000    4.9596982119e-01
  68.0000000000    4.9594710892e-01
  68.5000000000    4.9592176666e-01
  69.0000000000    4.9589767265e-01
  69.5000000000    4.9587608595e-01
  70.0000000000    4.9585056200e-01
  70.5000000000    4.9583319975e-01
  71.0000000000    4.9580646018e-01
  71.5000000000    4.9579319959e-01
  72.0000000000    4.9576471730e-01
  72.5000000000    4.9575377454e-01
  73.0000000000    4.9572540694e-01
  73.5000000000    4.9571267855e-01
  74.0000000000    4.9568883530e-01
  74.5000000000    4.9567420166e-01
  75.0000000000    4.9565486407e-01
  75.5000000000    4.9563820334e-01
  76.0000000000    4.9562347969e-01
  76.5000000000    4.9560465967e-01
  77.0000000000    4.9559455360e-01
  77.5000000000    4.9557313621e-01
  78.0000000000    4.9556797480e-01
  78.5000000000    4.9554441570e-01
  79.0000000000    4.9553775335e-01
  79.5000000000    4.9551843858e-01
  80.0000000000    4.9550878925e-01
  80.5000000000    4.9549421037e-01
  81.0000000000    4.9548133150e-01
  81.5000000000    4.9547200878e-01
  82.0000000000    4.9545764897e-01
  82.5000000000    4.9545552781e-01
  83.0000000000    4.9543758773e-01
  83.5000000000    4.9543384351e-01
  84.0000000000    4.9541541909e-01
  84.5000000000    4.9541034245e-01
  85.0000000000    4.9539929313e-01
  85.5000000000    4.9539066843e-01
  86.0000000000    4.9538502595e-01
  86.5000000000    4.9537302260e-01
  87.0000000000    4.9537316726e-01
  87.5000000000    4.9535721046e-01
  88.0000000000    4.9535698948e-01
  88.5000000000    4.9534434186e-01
  89.0000000000    4.9534026471e-01
  89.5000000000    4.9533393679e-01
  90.0000000000    4.9532592795e-01
  90.5000000000    4.9532607268e-01
  91.0000000000    4.9531410114e-01
  91.5000000000    4.9531705801e-01
  92.0000000000    4.9530480259e-01
  92.5000000000    4.9530366302e-01
  93.0000000000    4.9529839148e-01
  93.5000000000    4.9529280777e-01
  94.0000000000    4.9529455466e-01
  94.5000000000    4.9528457367e-01
  95.0000000000    4.9528905528e-01
  95.5000000000    4.9527912491e-01
  96.0000000000    4.9527910569e-01
  96.5000000000    4.9527663383e-01
  97.0000000000    4.9527177017e-01
  97.5000000000    4.9527712485e-01
  98.0000000000    4.9526733211e-01
  98.5000000000    4.9527152974e-01
  99.0000000000    4.9526574885e-01
  99.5000000000    4.9526505118e-01
 100.0000000000    4.9526761189e-01
 100.5000000000    4.9526194040e-01
 101.0000000000    4.9526978339e-01
 101.5000000000    4.9526153968e-01
 102.0000000000    4.9526375293e-01
 102.5000000000    4.9526433474e-01
 103.0000000000    4.9526138977e-01
 103.5000000000    4.9527097655e-01
 104.0000000000    4.9526244226e-01
 104.5000000000    4.9526690951e-01
 105.0000000000    4.9526668510e-01
 105.5000000000    4.9526563936e-01
 106.0000000000    4.9527490789e-01
 106.5000000000    4.9526800990e-01
 107.0000000000    4.9527389230e-01
 107.5000000000    4.9527404253e-01
 108.0000000000    4.9527383810e-01
 108.5000000000    4.9528402195e-01
 109.0000000000    4.9527774990e-01
 109.5000000000    4.9528394450e-01
 110.0000000000    4.9528573571e-01
 110.5000000000    4.9528573694e-01
 111.0000000000    4.9529789628e-01
 111.5000000000    4.9529169919e-01
 112.0000000000    4.9529741591e-01
 112.5000000000    4.9530212336e-01
 113.0000000000    4.9530134040e-01
 113.5000000000    4.9531248052e-01
 114.0000000000    4.9530996231e-01
 114.5000000000    4.9531441325e-01
 115.0000000000    4.9532341653e-01
 115.5000000000    4.9532093167e-01
 116.0000000000    4.9532993322e-01
 116.5000000000    4.9533243709e-01
 117.0000000000    4.9533448526e-01
 117.5000000000    4.9534781390e-01
 118.0000000000    4.9534413368e-01
 118.5000000000    4.9535023095e-01
 119.0000000000    4.9535909835e-01
 119.5000000000    4.9535818363e-01
 120.0000000000    4.9536838438e-01
 120.5000000000    4.9537235215e-01
 121.0000000000    4.9537488355e-01
 121.5000000000    4.9538786993e-01
 122.0000000000    4.9538653730e-01
 122.5000000000    4.9539206670e-01
 123.0000000000    4.9540473658e-01
 123.5000000000    4.9540294116e-01
 124.0000000000    4.9541142405e-01
 124.5000000000    4.9542018173e-01
 125.0000000000    4.9542080963e-01
 125.5000000000    4.9543143888e-01
 126.0000000000    4.9543682702e-01
 126.5000000000    4.9543991060e-01
 127.0000000000    4.9545259882e-01
 127.5000000000    4.9545485263e-01
 128.0000000000    4.9545956635e-01
 128.5000000000    4.9547413145e-01
 129.0000000000    4.9547434150e-01
 129.5000000000    4.9548031951e-01
 130.0000000000    4.9549593726e-01
 130.5000000000    4.9549450755e-01
 131.0000000000    4.9550157464e-01
 131.5000000000    4.9551631882e-01
 132.0000000000    4.9551554279e-01
 132.5000000000    4.9552364235e-01
 133.0000000000    4.9553756852e-01
 133.5000000000    4.9553704678e-01
 134.0000000000    4.9554561956e-01
 134.5000000000    4.9555979932e-01
 135.0000000000    4.9555959792e-01
 135.5000000000    4.9556821050e-01
 136.0000000000    4.9558318873e-01
 136.5000000000    4.9558305080e-01
 137.0000000000    4.9559121195e-01
 137.5000000000    4.9560730341e-01
 138.0000000000    4.9560684953e-01
 138.5000000000    4.9561451149e-01
 139.0000000000    4.9563016278e-01
 139.5000000000    4.9563136981e-01
 140.0000000000    4.9563812435e-01
 140.5000000000    4.9565270667e-01
 141.0000000000    4.9565665656e-01
 141.5000000000    4.9566217139e-01
 142.0000000000    4.9567522954e-01
 142.5000000000    4.9568267272e-01
 143.0000000000    4.9568677066e-01
 143.5000000000    4.9569817482e-01
 144.0000000000    4.9570985156e-01
 144.5000000000    4.9571208775e-01
 145.0000000000    4.9572142914e-01
 145.5000000000    4.9573787759e-01
 146.0000000000    4.9573837539e-01
 146.5000000000    4.9574555923e-01
 147.0000000000    4.9575961003e-01
 147.5000000000    4.9576615826e-01
 148.0000000000    4.9577074193e-01
 148.5000000000    4.9578199076e-01
 149.0000000000    4.9579546978e-01
 149.5000000000    4.9579745232e-01
 150.0000000000    4.9580581261e-01
 150.5000000000    4.9582056171e-01
 151.0000000000    4.9582608787e-01
 151.5000000000    4.9583127144e-01
 152.0000000000    4.9584256847e-01
 152.5000000000    4.9585697600e-01
 153.0000000000    4.9585889385e-01
 153.5000000000    4.9586670305e-01
 154.0000000000    4.9588031633e-01
 154.5000000000    4.9588927194e-01
 155.0000000000    4.9589328715e-01
 155.5000000000    4.9590287896e-01
 156.0000000000    4.9591801532e-01
 156.5000000000    4.9592298350e-01
 157.0000000000    4.9592851473e-01
 157.5000000000    4.9593930376e-01
 158.0000000000    4.9595520578e-01
 158.5000000000    4.9595737842e-01
 159.0000000000    4.9596354360e-01
 159.5000000000    4.9597511183e-01
 160.0000000000    4.9599146616e-01
 160.5000000000    4.9599339969e-01
 161.0000000000    4.9599960947e-01
 161.5000000000    4.9601033846e-01
 162.0000000000    4.9602587868e-01
 162.5000000000    4.9602809757e-01
 163.0000000000    4.9603449839e-01
 163.5000000000    4.9604519374e-01
 164.0000000000    4.9606004912e-01
 164.5000000000    4.9606460850e-01
 165.0000000000    4.9606979807e-01
 165.5000000000    4.9607909233e-01
 166.0000000000    4.9609238827e-01
 166.5000000000    4.9610124218e-01
 167.0000000000    4.9610509565e-01
 167.5000000000    4.9611291346e-01
 168.0000000000    4.9612451651e-01
 168.5000000000    4.9613975740e-01
 169.0000000000    4.9614185368e-01
 169.5000000000    4.9614754550e-01
 170.0000000000    4.9615677735e-01
 170.5000000000    4.9616949396e-01
 171.0000000000    4.9618040203e-01
 171.5000000000    4.9618377398e-01
 172.0000000000    4.9619043623e-01
 172.5000000000    4.9620028241e-01
 173.0000000000    4.9621315700e-01
 173.5000000000    4.9622259558e-01
 174.0000000000    4.9622628032e-01
 174.5000000000    4.9623289147e-01
 175.0000000000    4.9624235994e-01
 175.5000000000    4.9625461717e-01
 176.0000000000    4.9626589363e-01
 176.5000000000    4.9626900974e-01
 177.0000000000    4.9627474697e-01
 177.5000000000    4.9628308564e-01
 178.0000000000    4.9629386904e-01
 178.5000000000    4.9630698787e-01
 179.0000000000    4.9631238564e-01
 179.5000000000    4.9631676369e-01
 180.0000000000    4.9632331565e-01
 180.5000000000    4.9633198645e-01
 181.0000000000    4.9634274625e-01
 181.5000000000    4.9635549299e-01
 182.0000000000    4.9635990267e-01
 182.5000000000    4.9636417060e-01
 183.0000000000    4.9637023640e-01
 183.5000000000    4.9637797213e-01
 184.0000000000    4.9638728777e-01
 184.5000000000    4.9639811864e-01
 185.0000000000    4.9640640609e-01
 185.5000000000    4.9640906359e-01
 186.0000000000    4.9641318762e-01
 186.5000000000    4.9641867614e-01
 187.0000000000    4.9642551205e-01
 187.5000000000    4.9643373971e-01
 188.0000000000    4.9644331600e-01
 188.5000000000    4.9645306299e-01
 189.0000000000    4.9645552246e-01
 189.5000000000    4.9645939398e-01
 190.0000000000    4.9646447507e-01
 190.5000000000    4.9647065289e-01
 191.0000000000    4.9647781919e-01
 191.5000000000    4.9648587163e-01
 192.0000000000    4.9649476024e-01
 192.5000000000    4.9650442649e-01
 193.0000000000    4.9650947301e-01
 193.5000000000    4.9651244559e-01
 194.0000000000    4.9651623817e-01
 194.5000000000    4.9652075803e-01
 195.0000000000    4.9652585187e-01
 195.5000000000    4.9653156150e-01
 196.0000000000    4.9653792662e-01
 196.5000000000    4.9654474780e-01
 197.0000000000    4.9655194796e-01
 197.5000000000    4.9655952440e-01
 198.0000000000    4.9656743906e-01
 198.5000000000    4.9657081669e-01
 199.0000000000    4.9657359965e-01
 199.5000000000    4.9657679402e-01
 200.0000000000    4.9658035238e-01
 200.5000000000    4.9658414069e-01
 201.0000000000    4.9658810194e-01
 201.5000000000    4.9659226803e-01
 202.0000000000    4.9659660677e-01
 202.5000000000    4.9660108777e-01
 203.0000000000    4.9660569934e-01
 203.5000000000    4.9661040488e-01
 204.0000000000    4.9661506848e-01
 204.5000000000    4.9661959102e-01
 205.0000000000    4.9662395389e-01
 205.5000000000    4.9662816079e-01
 206.0000000000    4.9663220931e-01
 206.5000000000    4.9663610280e-01
 207.0000000000    4.9663985911e-01
 207.5000000000    4.9664344571e-01
 208.0000000000    4.9664677167e-01
 208.5000000000    4.9664984035e-01
 209.0000000000    4.9665267384e-01
 209.5000000000    4.9665522939e-01
 210.0000000000    4.9665747591e-01
 210.5000000000    4.9665946150e-01
 211.0000000000    4.9666117450e-01
 211.5000000000    4.9666257928e-01
 212.0000000000    4.9666365343e-01
 212.5000000000    4.9666441879e-01
 213.0000000000    4.9666490181e-01
 213.5000000000    4.9666511166e-01
 214.0000000000    4.9666505502e-01
 214.5000000000    4.9666477841e-01
 215.0000000000    4.9666432208e-01
 215.5000000000    4.9666362878e-01
 216.0000000000    4.9666270103e-01
 216.5000000000    4.9666162844e-01
 217.0000000000    4.9666046516e-01
 217.5000000000    4.9665923894e-01
 218.0000000000    4.9665802187e-01
 218.5000000000    4.9665682795e-01
 219.0000000000    4.9665559617e-01
 219.5000000000    4.9665431614e-01
 220.0000000000    4.9665310603e-01
 220.5000000000    4.9665210643e-01
 221.0000000000    4.9665146418e-01
 221.5000000000    4.9665133138e-01
 222.0000000000    4.9665104332e-01
 222.5000000000    4.9664536460e-01
 223.0000000000    4.9663985715e-01
 223.5000000000    4.9663451425e-01
 224.0000000000    4.9662941886e-01
 224.5000000000    4.9662471842e-01
 225.0000000000    4.9662065834e-01
 225.5000000000    4.9661749580e-01
 226.0000000000    4.9661535619e-01
 226.5000000000    4.9661423729e-01
 227.0000000000    4.9660628144e-01
 227.5000000000    4.9659730662e-01
 228.0000000000    4.9658918587e-01
 228.5000000000    4.9658215163e-01
 229.0000000000    4.9657651205e-01
 229.5000000000    4.9657244512e-01
 230.0000000000    4.9657000221e-01
 230.5000000000    4.9655867290e-01
 231.0000000000    4.9654719279e-01
 231.5000000000    4.9653716900e-01
 232.0000000000    4.9652885715e-01
 232.5000000000    4.9652258293e-01
 233.0000000000    4.9651659781e-01
 233.5000000000    4.9650109813e-01
 234.0000000000    4.9648812884e-01
 234.5000000000    4.9647794580e-01
 235.0000000000    4.9647076067e-01
 235.5000000000    4.9646361647e-01
 236.0000000000    4.9644660706e-01
 236.5000000000    4.9643238526e-01
 237.0000000000    4.9642107241e-01
 237.5000000000    4.9641300161e-01
 238.0000000000    4.9639475893e-01
 238.5000000000    4.9637653462e-01
 239.0000000000    4.9636251656e-01
 239.5000000000    4.9635291143e-01
 240.0000000000    4.9633241472e-01
 240.5000000000    4.9631222181e-01
 241.0000000000    4.9629672154e-01
 241.5000000000    4.9628399581e-01
 242.0000000000    4.9625890360e-01
 242.5000000000    4.9624000243e-01
 243.0000000000    4.9622744626e-01
 243.5000000000    4.9620477421e-01
 244.0000000000    4.9618159729e-01
 244.5000000000    4.9616417910e-01
 245.0000000000    4.9613997428e-01
 245.5000000000    4.9611216505e-01
 246.0000000000    4.9609239500e-01
 246.5000000000    4.9606711606e-01
 247.0000000000    4.9603960363e-01
 247.5000000000    4.9602065940e-01
 248.0000000000    4.9599018446e-01
 248.5000000000    4.9596134101e-01
 249.0000000000    4.9593944913e-01
 249.5000000000    4.9590167447e-01
 250.0000000000    4.9587463935e-01
 250.5000000000    4.9584345146e-01
 251.0000000000    4.9580976953e-01
 251.5000000000    4.9578434783e-01
 252.0000000000    4.9574290298e-01
 252.5000000000    4.9571342003e-01
 253.0000000000    4.9567211317e-01
 253.5000000000    4.9563714725e-01
 254.0000000000    4.9559837748e-01
 254.5000000000    4.9555883248e-01
 255.0000000000    4.9552033014e-01
 255.5000000000    4.9547611147e-01
 256.0000000000    4.9543578766e-01
 256.5000000000    4.9538808323e-01
 257.0000000000    4.9534523254e-01
 257.5000000000    4.9529583377e-01
 258.0000000000    4.9524923564e-01
 258.5000000000    4.9519919625e-01
 259.0000000000    4.9514720633e-01
 259.5000000000    4.9509759039e-01
 260.0000000000    4.9503874304e-01
 260.5000000000    4.9499089853e-01
 261.0000000000    4.9492394592e-01
 261.5000000000    4.9486707265e-01
 262.0000000000    4.9480370324e-01
 262.5000000000    4.9473697118e-01
 263.0000000000    4.9467852689e-01
 263.5000000000    4.9460328584e-01
 264.0000000000    4.9453365041e-01
 264.5000000000    4.9446797713e-01
 265.0000000000    4.9438622208e-01
 265.5000000000    4.9430922879e-01
 266.0000000000    4.9423599460e-01
 266.5000000000    4.9414582414e-01
 267.0000000000    4.9405779792e-01
 267.5000000000    4.9397227677e-01
 268.0000000000    4.9388224841e-01
 268.5000000000    4.9378219467e-01
 269.0000000000    4.9368301855e-01
 269.5000000000    4.9358377219e-01
 270.0000000000    4.9348354780e-01
 270.5000000000    4.9336881928e-01
 271.0000000000    4.9325179748e-01
 271.5000000000    4.9313259782e-01
 272.0000000000    4.9301064207e-01
 272.5000000000    4.9288541625e-01
 273.0000000000    4.9275648424e-01
 273.5000000000    4.9262146099e-01
 274.0000000000    4.9247744334e-01
 274.5000000000    4.9232901234e-01
 275.0000000000    4.9217525198e-01
 275.5000000000    4.9201525446e-01
 276.0000000000    4.9184842109e-01
 276.5000000000    4.9167465243e-01
 277.0000000000    4.9149430067e-01
 277.5000000000    4.9130787385e-01
 278.0000000000    4.9111558305e-01
 278.5000000000    4.9091699115e-01
 279.0000000000    4.9071108598e-01
 279.5000000000    4.9049494300e-01
 280.0000000000    4.9026342928e-01
 280.5000000000    4.9002251112e-01
 281.0000000000    4.8977348094e-01
 281.5000000000    4.8951753210e-01
 282.0000000000    4.8925504344e-01
 282.5000000000    4.8898010858e-01
 283.0000000000    4.8868611279e-01
 283.5000000000    4.8838343462e-01
 284.0000000000    4.8807338144e-01
 284.5000000000    4.8774247206e-01
 285.0000000000    4.8739986795e-01
 285.5000000000    4.8705273836e-01
 286.0000000000    4.8667857384e-01
 286.5000000000    4.8629599818e-01
 287.0000000000    4.8589566255e-01
 287.5000000000    4.8547768185e-01
 288.0000000000    4.8504615474e-01
 288.5000000000    4.8459536843e-01
 289.0000000000    4.8412641032e-01
 289.5000000000    4.8364362322e-01
 290.0000000000    4.8313076860e-01
 290.5000000000    4.8260563411e-01
 291.0000000000    4.8205994510e-01
 291.5000000000    4.8148426860e-01
 292.0000000000    4.8088913881e-01
 292.5000000000    4.8027114086e-01
 293.0000000000    4.7962699418e-01
 293.5000000000    4.7895336988e-01
 294.0000000000    4.7824559904e-01
 294.5000000000    4.7750222593e-01
 295.0000000000    4.7671610017e-01
 295.5000000000    4.7588214535e-01
 296.0000000000    4.7499421632e-01
 296.5000000000    4.7404464996e-01
 297.0000000000    4.7301789154e-01
 297.5000000000    4.7188705698e-01
 298.0000000000    4.7063939735e-01
 298.5000000000    4.6923922112e-01
 299.0000000000    4.6763651339e-01
 299.5000000000    4.6577142403e-01
 300.0000000000    4.6355899188e-01
 300.5000000000    4.6085979288e-01
 301.0000000000    4.5743494019e-01
 301.5000000000    4.4996755570e-01
 302.0000000000    4.3196681670e-01
 302.5000000000    4.1347484432e-01
 303.0000000000    3.9453459135e-01
 303.5000000000    3.7519593879e-01
 304.0000000000    3.5551493085e-01
 304.5000000000    3.3555273549e-01
 305.0000000000    3.1537450432e-01
 305.5000000000    2.9504836935e-01
 306.0000000000    2.7464485832e-01
 306.5000000000    2.5423698866e-01
 307.0000000000    2.3390124019e-01
 307.5000000000    2.1371952100e-01
 308.0000000000    1.9378206048e-01
 308.5000000000    1.7419092902e-01
 309.0000000000    1.5506353941e-01
 309.5000000000    1.3653514640e-01
 310.0000000000    1.1875907303e-01
 310.5000000000    1.0190335414e-01
 311.0000000000    8.6142828726e-02
 311.5000000000    7.1646570841e-02
 312.0000000000    5.8561832709e-02
 312.5000000000    4.6997052283e-02
 313.0000000000    3.7007415642e-02
 313.5000000000    2.8586405513e-02
 314.0000000000    2.1665548577e-02
 314.5000000000    1.6122538524e-02
 315.0000000000    1.1795827875e-02
 315.5000000000    8.5024205229e-03
 316.0000000000    6.0553484613e-03
 316.5000000000    4.2780478372e-03
 317.0000000000    3.0141063194e-03
 317.5000000000    2.1321697782e-03
 318.0000000000    1.5268153800e-03
 318.5000000000    1.1166917095e-03
 319.0000000000    8.4119222538e-04
 319.5000000000    6.5660458023e-04
 320.0000000000    5.3233311159e-04
 320.5000000000    4.4753866599e-04
 321.0000000000    3.8836441736e-04
 321.5000000000    3.4578601771e-04
 322.0000000000    3.1403269181e-04
 322.5000000000    2.8947604140e-04
 323.0000000000    2.6987102806e-04
 323.5000000000    2.5384659130e-04
 324.0000000000    2.4056745412e-04
 324.5000000000    2.2951275359e-04
 325.0000000000    2.2033534295e-04
 325.5000000000    2.1277709506e-04
 326.0000000000    2.0662223293e-04
 326.5000000000    2.0167504686e-04
 327.0000000000    1.9775183156e-04
 327.5000000000    1.9468000031e-04
 328.0000000000    1.9229998955e-04
 328.5000000000    1.9046757455e-04
 329.0000000000    1.8905555603e-04
 329.5000000000    1.8795453945e-04
 330.0000000000    1.8707286102e-04
 330.5000000000    1.8633585287e-04
 331.0000000000    1.8568463953e-04
 331.5000000000    1.8507461785e-04
 332.0000000000    1.8447375076e-04
 332.5000000000    1.8386077561e-04
 333.0000000000    1.8322340541e-04
 333.5000000000    1.8255659245e-04
 334.0000000000    1.8186090584e-04
 334.5000000000    1.8114106359e-04
 335.0000000000    1.8040464252e-04
 335.5000000000    1.7966096989e-04
 336.0000000000    1.7892020082e-04
 336.5000000000    1.7819257222e-04
 337.0000000000    1.7748783087e-04
 337.5000000000    1.7681481894e-04
 338.0000000000    1.7618120299e-04
 338.5000000000    1.7559332648e-04
 339.0000000000    1.7505616348e-04
 339.5000000000    1.7457335106e-04
 340.0000000000    1.7414727210e-04
 340.5000000000    1.7377917198e-04
 341.0000000000    1.7346929259e-04
 341.5000000000    1.7321701065e-04
 342.0000000000    1.7302097001e-04
 342.5000000000    1.7287920047e-04
 343.0000000000    1.7278921911e-04
 343.5000000000    1.7274811314e-04
 344.0000000000    1.7275260339e-04
 344.5000000000    1.7279909307e-04
 345.0000000000    1.7288370632e-04
 345.5000000000    1.7300231972e-04
 346.0000000000    1.7315059560e-04
 346.5000000000    1.7332401697e-04
 347.0000000000    1.7351792850e-04
 347.5000000000    1.7372758510e-04
 348.0000000000    1.7394821531e-04
 348.5000000000    1.7417509418e-04
 349.0000000000    1.7440362440e-04
 349.5000000000    1.7462942335e-04
 350.0000000000    1.7484840623e-04
 350.5000000000    1.7505686484e-04
 351.0000000000    1.7525153738e-04
 351.5000000000    1.7542966425e-04
 352.0000000000    1.7558902656e-04
 352.5000000000    1.7572797341e-04
 353.0000000000    1.7584544264e-04
 353.5000000000    1.7594096623e-04
 354.0000000000    1.7601465568e-04
 354.5000000000    1.7606716397e-04
 355.0000000000    1.7609962187e-04
 355.5000000000    1.7611355706e-04
 356.0000000000    1.7611081297e-04
 356.5000000000    1.7609348135e-04
 357.0000000000    1.7606384917e-04
 357.5000000000    1.7602434430e-04
 358.0000000000    1.7597746738e-04
 358.5000000000    1.7592570066e-04
 359.0000000000    1.7587140777e-04
 359.5000000000    1.7581675169e-04
 360.0000000000    1.7576365972e-04
 360.5000000000    1.7571382849e-04
 361.0000000000    1.7566874862e-04
 361.5000000000    1.7562971593e-04
 362.0000000000    1.7559781261e-04
 362.5000000000    1.7557386916e-04
 363.0000000000    1.7555844259e-04
 363.5000000000    1.7555182906e-04
 364.0000000000    1.7555411187e-04
 364.5000000000    1.7556521279e-04
 365.0000000000    1.7558492220e-04
 365.5000000000    1.7561289560e-04
 366.0000000000    1.7564863960e-04
 366.5000000000    1.7569150951e-04
 367.0000000000    1.7574073326e-04
 367.5000000000    1.7579545361e-04
 368.0000000000    1.7585476877e-04
 368.5000000000    1.7591775746e-04
 369.0000000000    1.7598348378e-04
 369.5000000000    1.7605099857e-04
 370.0000000000    1.7611935222e-04
 370.5000000000    1.7618761507e-04
 371.0000000000    1.7625489820e-04
 371.5000000000    1.7632037083e-04
 372.0000000000    1.7638327033e-04
 372.5000000000    1.7644291035e-04
 373.0000000000    1.7649869333e-04
 373.5000000000    1.7655013086e-04
 374.0000000000    1.7659686540e-04
 374.5000000000    1.7663869300e-04
 375.0000000000    1.7667558130e-04
 375.5000000000    1.7670767973e-04
 376.0000000000    1.7673531391e-04
 376.5000000000    1.7675896192e-04
 377.0000000000    1.7677920803e-04
 377.5000000000    1.7679667828e-04
 378.0000000000    1.7681196444e-04
 378.5000000000    1.7682554729e-04
 379.0000000000    1.7683773296e-04
 379.5000000000    1.7684860786e-04
 380.0000000000    1.7685802628e-04
 380.5000000000    1.7686564088e-04
 381.0000000000    1.7687098359e-04
 381.5000000000    1.7687358500e-04
 382.0000000000    1.7687311729e-04
 382.5000000000    1.7686953674e-04
 383.0000000000    1.7686320307e-04
 383.5000000000    1.7685494059e-04
 384.0000000000    1.7684602975e-04
 384.5000000000    1.7683812421e-04
 385.0000000000    1.7683309829e-04
 385.5000000000    1.7683283946e-04
 386.0000000000    1.7683900507e-04
 386.5000000000    1.7685279447e-04
 387.0000000000    1.7687477555e-04
 387.5000000000    1.7690479296e-04
 388.0000000000    1.7694197803e-04
 388.5000000000    1.7698486447e-04
 389.0000000000    1.7703158657e-04
 389.5000000000    1.7708012933e-04
 390.0000000000    1.7712859187e-04
 390.5000000000    1.7717542036e-04
 391.0000000000    1.7721957146e-04
 391.5000000000    1.7726058029e-04
 392.0000000000    1.7729852401e-04
 392.5000000000    1.7733389760e-04
 393.0000000000    1.7736742995e-04
 393.5000000000    1.7739988163e-04
 394.0000000000    1.7743186150e-04
 394.5000000000    1.7746370046e-04
 395.0000000000    1.7749539775e-04
 395.5000000000    1.7752664548e-04
 396.0000000000    1.7755691857e-04
 396.5000000000    1.7758560556e-04
 397.0000000000    1.7761214825e-04
 397.5000000000    1.7763615839e-04
 398.0000000000    1.7765749139e-04
 398.5000000000    1.7767626588e-04
 399.0000000000    1.7769282828e-04
 399.5000000000    1.7770767877e-04
 400.0000000000    1.7772138083e-04
 400.5000000000    1.7773447043e-04
 401.0000000000    1.7774738587e-04
 401.5000000000    1.7776043015e-04
 402.0000000000    1.7777377036e-04
 402.5000000000    1.7778746418e-04
 403.0000000000    1.7780150307e-04
 403.5000000000    1.7781585884e-04
 404.0000000000    1.7783052179e-04
 404.5000000000    1.7784552423e-04
 405.0000000000    1.7786094453e-04
 405.5000000000    1.7787689703e-04
 406.0000000000    1.7789350982e-04
 406.5000000000    1.7791089853e-04
 407.0000000000    1.7792914203e-04
 407.5000000000    1.7794826516e-04
 408.0000000000    1.7796823152e-04
 408.5000000000    1.7798894386e-04
 409.0000000000    1.7801025056e-04
 409.5000000000    1.7803195548e-04
 410.0000000000    1.7805382894e-04
 410.5000000000    1.7807562342e-04
 411.0000000000    1.7809709213e-04
 411.5000000000    1.7811801117e-04
 412.0000000000    1.7813820200e-04
 412.5000000000    1.7815755220e-04
 413.0000000000    1.7817602940e-04
 413.5000000000    1.7819368391e-04
 414.0000000000    1.7821064377e-04
 414.5000000000    1.7822709683e-04
 415.0000000000    1.7824326401e-04
 415.5000000000    1.7825936950e-04
 416.0000000000    1.7827560974e-04
 416.5000000000    1.7829212827e-04
 417.0000000000    1.7830900193e-04
 417.5000000000    1.7832624134e-04
 418.0000000000    1.7834380196e-04
 418.5000000000    1.7836160496e-04
 419.0000000000    1.7837956082e-04
 419.5000000000    1.7839759001e-04
 420.0000000000    1.7841563742e-04
 420.5000000000    1.7843367886e-04
 421.0000000000    1.7845171822e-04
 421.5000000000    1.7846977702e-04
 422.0000000000    1.7848787984e-04
 422.5000000000    1.7850603961e-04
 423.0000000000    1.7852424570e-04
 423.5000000000    1.7854245929e-04
 424.0000000000    1.7856061685e-04
 424.5000000000    1.7857863978e-04
 425.0000000000    1.7859644879e-04
 425.5000000000    1.7861397981e-04
 426.0000000000    1.7863119715e-04
 426.5000000000    1.7864810113e-04
 427.0000000000    1.7866473013e-04
 427.5000000000    1.7868115603e-04
 428.0000000000    1.7869747344e-04
 428.5000000000    1.7871378401e-04
 429.0000000000    1.7873017987e-04
 429.5000000000    1.7874672785e-04
 430.0000000000    1.7876345812e-04
 430.5000000000    1.7878035986e-04
 431.0000000000    1.7879738403e-04
 431.5000000000    1.7881445263e-04
 432.0000000000    1.7883147279e-04
 432.5000000000    1.7884835270e-04
 433.0000000000    1.7886501762e-04
 433.5000000000    1.7888142154e-04
 434.0000000000    1.7889755313e-04
 434.5000000000    1.7891343445e-04
 435.0000000000    1.7892911356e-04
 435.5000000000    1.7894465344e-04
 436.0000000000    1.7896011787e-04
 436.5000000000    1.7897556049e-04
 437.0000000000    1.7899101486e-04
 437.5000000000    1.7900648857e-04
 438.0000000000    1.7902196157e-04
 438.5000000000    1.7903738996e-04
 439.0000000000    1.7905271460e-04
 439.5000000000    1.7906787245e-04
 440.0000000000    1.7908280853e-04
 440.5000000000    1.7909748736e-04
 441.0000000000    1.7911190063e-04
 441.5000000000    1.7912607048e-04
 442.0000000000    1.7914004881e-04
 442.5000000000    1.7915391212e-04
 443.0000000000    1.7916775285e-04
 443.5000000000    1.7918166587e-04
 444.0000000000    1.7919573742e-04
 444.5000000000    1.7921003525e-04
 445.0000000000    1.7922459937e-04
 445.5000000000    1.7923943967e-04
 446.0000000000    1.7925453568e-04
 446.5000000000    1.7926983998e-04
 447.0000000000    1.7928528610e-04
 447.5000000000    1.7930079616e-04
 448.0000000000    1.7931629122e-04
 448.5000000000    1.7933169683e-04
 449.0000000000    1.7934695531e-04
 449.5000000000    1.7936203171e-04
 450.0000000000    1.7937691216e-04
 450.5000000000    1.7939160331e-04
 451.0000000000    1.7940613157e-04
 451.5000000000    1.7942053631e-04
 452.0000000000    1.7943485931e-04
 452.5000000000    1.7944913546e-04
 453.0000000000    1.7946338549e-04
 453.5000000000    1.7947761605e-04
 454.0000000000    1.7949182079e-04
 454.5000000000    1.7950598430e-04
 455.0000000000    1.7952008618e-04
 455.5000000000    1.7953410488e-04
 456.0000000000    1.7954802077e-04
 456.5000000000    1.7956181930e-04
 457.0000000000    1.7957549402e-04
 457.5000000000    1.7958904860e-04
 458.0000000000    1.7960249731e-04
 458.5000000000    1.7961586394e-04
 459.0000000000    1.7962917549e-04
 459.5000000000    1.7964245608e-04
 460.0000000000    1.7965572650e-04
 460.5000000000    1.7966900062e-04
 461.0000000000    1.7968227809e-04
 461.5000000000    1.7969555211e-04
 462.0000000000    1.7970881911e-04
 462.5000000000    1.7972207354e-04
 463.0000000000    1.7973530754e-04
 463.5000000000    1.7974851495e-04
 464.0000000000    1.7976169220e-04
 464.5000000000    1.7977483740e-04
 465.0000000000    1.7978795063e-04
 465.5000000000    1.7980103591e-04
 466.0000000000    1.7981409826e-04
 466.5000000000    1.7982713944e-04
 467.0000000000    1.7984015941e-04
 467.5000000000    1.7985315651e-04
 468.0000000000    1.7986612690e-04
 468.5000000000    1.7987906539e-04
 469.0000000000    1.7989196631e-04
 469.5000000000    1.7990482602e-04
 470.0000000000    1.7991764135e-04
 470.5000000000    1.7993040430e-04
 471.0000000000    1.7994310659e-04
 471.5000000000    1.7995574329e-04
 472.0000000000    1.7996831054e-04
 472.5000000000    1.7998080725e-04
 473.0000000000    1.7999323648e-04
 473.5000000000    1.8000560476e-04
 474.0000000000    1.8001792144e-04
 474.5000000000    1.8003019742e-04
 475.0000000000    1.8004244305e-04
 475.5000000000    1.8005466545e-04
 476.0000000000    1.8006686603e-04
 476.5000000000    1.8007904012e-04
 477.0000000000    1.8009118047e-04
 477.5000000000    1.8010328007e-04
 478.0000000000    1.8011533520e-04
 478.5000000000    1.8012734930e-04
 479.0000000000    1.8013933304e-04
 479.5000000000    1.8015130115e-04
 480.0000000000    1.8016326759e-04
 480.5000000000    1.8017524064e-04
 481.0000000000    1.8018721959e-04
 481.5000000000    1.8019919458e-04
 482.0000000000    1.8021115077e-04
 482.5000000000    1.8022307443e-04
 483.0000000000    1.8023495818e-04
 483.5000000000    1.8024680310e-04
 484.0000000000    1.8025861757e-04
 484.5000000000    1.8027041188e-04
 485.0000000000    1.8028219174e-04
 485.5000000000    1.8029395414e-04
 486.0000000000    1.8030568776e-04
 486.5000000000    1.8031737829e-04
 487.0000000000    1.8032901458e-04
 487.5000000000    1.8034059375e-04
 488.0000000000    1.8035212295e-04
 488.5000000000    1.8036361553e-04
 489.0000000000    1.8037508369e-04
 489.5000000000    1.8038653160e-04
 490.0000000000    1.8039795380e-04
 490.5000000000    1.8040933591e-04
 491.0000000000    1.8042066124e-04
 491.5000000000    1.8043191767e-04
 492.0000000000    1.8044310438e-04
 492.5000000000    1.8045423078e-04
 493.0000000000    1.8046531230e-04
 493.5000000000    1.8047636396e-04
 494.0000000000    1.8048739515e-04
 494.5000000000    1.8049840764e-04
 495.0000000000    1.8050939811e-04
 495.5000000000    1.8052036254e-04
 496.0000000000    1.8053129914e-04
 496.5000000000    1.8054220757e-04
 497.0000000000    1.8055308617e-04
 497.5000000000    1.8056392800e-04
 498.0000000000    1.8057471811e-04
 498.5000000000    1.8058543336e-04
 499.0000000000    1.8059604592e-04
 499.5000000000    1.8060652862e-04
 500.0000000000    1.8061686034e-04
 500.5000000000    1.8062702946e-04
 501.0000000000    1.8063703695e-04
 501.5000000000    1.8064690026e-04
 502.0000000000    1.8065665975e-04
 502.5000000000    1.8066638614e-04
 503.0000000000    1.8067618660e-04
 503.5000000000    1.8068620550e-04
 504.0000000000    1.8069661580e-04
 504.5000000000    1.8070759874e-04
 505.0000000000    1.8071931368e-04
 505.5000000000    1.8073186366e-04
 506.0000000000    1.8074526030e-04
 506.5000000000    1.8075938997e-04
 507.0000000000    1.8077399518e-04
 507.5000000000    1.8078867726e-04
 508.0000000000    1.8080290912e-04
 508.5000000000    1.8081606271e-04
 509.0000000000    1.8082746711e-04
 509.5000000000    1.8083648857e-04
 510.0000000000    1.8084261355e-04
 510.5000000000    1.8084553515e-04
 511.0000000000    1.8084523270e-04
 511.5000000000    1.8084202233e-04
 512.0000000000    1.8083656370e-04
 512.5000000000    1.8082981616e-04
 513.0000000000    1.8082294281e-04
 513.5000000000    1.8081717190e-04
 514.0000000000    1.8081363920e-04
 514.5000000000    1.8081324296e-04
 515.0000000000    1.8081653935e-04
 515.5000000000    1.8082369476e-04
 516.0000000000    1.8083450033e-04
 516.5000000000    1.8084844108e-04
 517.0000000000    1.8086480408e-04
 517.5000000000    1.8088280399e-04
 518.0000000000    1.8090170168e-04
 518.5000000000    1.8092089817e-04
 519.0000000000    1.8093998804e-04
 519.5000000000    1.8095876683e-04
 520.0000000000    1.8097719251e-04
 520.5000000000    1.8099531680e-04
 521.0000000000    1.8101320514e-04
 521.5000000000    1.8103087044e-04
 522.0000000000    1.8104823845e-04
 522.5000000000    1.8106515271e-04
 523.0000000000    1.8108141277e-04
 523.5000000000    1.8109682892e-04
 524.0000000000    1.8111127380e-04
 524.5000000000    1.8112471635e-04
 525.0000000000    1.8113722742e-04
 525.5000000000    1.8114895786e-04
 526.0000000000    1.8116010261e-04
 526.5000000000    1.8117085938e-04
 527.0000000000    1.8118139188e-04
 527.5000000000    1.8119180203e-04
 528.0000000000    1.8120212024e-04
 528.5000000000    1.8121232204e-04
 529.0000000000    1.8122234756e-04
 529.5000000000    1.8123212584e-04
 530.0000000000    1.8124160397e-04
 530.5000000000    1.8125076880e-04
 531.0000000000    1.8125964608e-04
 531.5000000000    1.8126828790e-04
 532.0000000000    1.8127676496e-04
 532.5000000000    1.8128515585e-04
 533.0000000000    1.8129353256e-04
 533.5000000000    1.8130195728e-04
 534.0000000000    1.8131048064e-04
 534.5000000000    1.8131913809e-04
 535.0000000000    1.8132794673e-04
 535.5000000000    1.8133690468e-04
 536.0000000000    1.8134599453e-04
 536.5000000000    1.8135518909e-04
 537.0000000000    1.8136445903e-04
 537.5000000000    1.8137378124e-04
 538.0000000000    1.8138314812e-04
 538.5000000000    1.8139257630e-04
 539.0000000000    1.8140211469e-04
 539.5000000000    1.8141184856e-04
 540.0000000000    1.8142189890e-04
 540.5000000000    1.8143241072e-04
 541.0000000000    1.8144352649e-04
 541.5000000000    1.8145535099e-04
 542.0000000000    1.8146791808e-04
 542.5000000000    1.8148115288e-04
 543.0000000000    1.8149483906e-04
 543.5000000000    1.8150860731e-04
 544.0000000000    1.8152194798e-04
 544.5000000000    1.8153424390e-04
 545.0000000000    1.8154482339e-04
 545.5000000000    1.8155304963e-04
 546.0000000000    1.8155843014e-04
 546.5000000000    1.8156072083e-04
 547.0000000000    1.8156002336e-04
 547.5000000000    1.8155685738e-04
 548.0000000000    1.8155218411e-04
 548.5000000000    1.8154737247e-04
 549.0000000000    1.8154410666e-04
 549.5000000000    1.8154423663e-04
 550.0000000000    1.8154958033e-04
 550.5000000000    1.8156169283e-04
 551.0000000000    1.8158163983e-04
 551.5000000000    1.8160980423e-04
 552.0000000000    1.8164576558e-04
 552.5000000000    1.8168827808e-04
 553.0000000000    1.8173536802e-04
 553.5000000000    1.8178453586e-04
 554.0000000000    1.8183304203e-04
 554.5000000000    1.8187822232e-04
 555.0000000000    1.8191779584e-04
 555.5000000000    1.8195011600e-04
 556.0000000000    1.8197432193e-04
 556.5000000000    1.8199037530e-04
 557.0000000000    1.8199897331e-04
 557.5000000000    1.8200135503e-04
 558.0000000000    1.8199903809e-04
 558.5000000000    1.8199353630e-04
 559.0000000000    1.8198612199e-04
 559.5000000000    1.8197767992e-04
 560.0000000000    1.8196868095e-04
 560.5000000000    1.8195926845e-04
 561.0000000000    1.8194941870e-04
 561.5000000000    1.8193912131e-04
 562.0000000000    1.8192852555e-04
 562.5000000000    1.8191800960e-04
 563.0000000000    1.8190815863e-04
 563.5000000000    1.8189966467e-04
 564.0000000000    1.8189318231e-04
 564.5000000000    1.8188918145e-04
 565.0000000000    1.8188783955e-04
 565.5000000000    1.8188900300e-04
 566.0000000000    1.8189222591e-04
 566.5000000000    1.8189687935e-04
 567.0000000000    1.8190230811e-04
 567.5000000000    1.8190798391e-04
 568.0000000000    1.8191361254e-04
 568.5000000000    1.8191917815e-04
 569.0000000000    1.8192491373e-04
 569.5000000000    1.8193121348e-04
 570.0000000000    1.8193851713e-04
 570.5000000000    1.8194718977e-04
 571.0000000000    1.8195743722e-04
 571.5000000000    1.8196926813e-04
 572.0000000000    1.8198249149e-04
 572.5000000000    1.8199674945e-04
 573.0000000000    1.8201157616e-04
 573.5000000000    1.8202646436e-04
 574.0000000000    1.8204092974e-04
 574.5000000000    1.8205456598e-04
 575.0000000000    1.8206708324e-04
 575.5000000000    1.8207832584e-04
 576.0000000000    1.8208827358e-04
 576.5000000000    1.8209702507e-04
 577.0000000000    1.8210477707e-04
 577.5000000000    1.8211178825e-04
 578.0000000000    1.8211834095e-04
 578.5000000000    1.8212470309e-04
 579.0000000000    1.8213109116e-04
 579.5000000000    1.8213764347e-04
 580.0000000000    1.8214441114e-04
 580.5000000000    1.8215136382e-04
 581.0000000000    1.8215841512e-04
 581.5000000000    1.8216545398e-04
 582.0000000000    1.8217237839e-04
 582.5000000000    1.8217912352e-04
 583.0000000000    1.8218567519e-04
 583.5000000000    1.8219206846e-04
 584.0000000000    1.8219837742e-04
 584.5000000000    1.8220469329e-04
 585.0000000000    1.8221110528e-04
 585.5000000000    1.8221768117e-04
 586.0000000000    1.8222445942e-04
 586.5000000000    1.8223144364e-04
 587.0000000000    1.8223861312e-04
 587.5000000000    1.8224592788e-04
 588.0000000000    1.8225334094e-04
 588.5000000000    1.8226080850e-04
 589.0000000000    1.8226829678e-04
 589.5000000000    1.8227578489e-04
 590.0000000000    1.8228326082e-04
 590.5000000000    1.8229072463e-04
 591.0000000000    1.8229818065e-04
 591.5000000000    1.8230563315e-04
 592.0000000000    1.8231309002e-04
 592.5000000000    1.8232056248e-04
 593.0000000000    1.8232805860e-04
 593.5000000000    1.8233558099e-04
 594.0000000000    1.8234313038e-04
 594.5000000000    1.8235070790e-04
 595.0000000000    1.8235831086e-04
 595.5000000000    1.8236592753e-04
 596.0000000000    1.8237354406e-04
 596.5000000000    1.8238114763e-04
 597.0000000000    1.8238872322e-04
 597.5000000000    1.8239625681e-04
 598.0000000000    1.8240373746e-04
 598.5000000000    1.8241115495e-04
 599.0000000000    1.8241849691e-04
 599.5000000000    1.8242574978e-04
 600.0000000000    1.8243289518e-04
 600.5000000000    1.8243990965e-04
 601.0000000000    1.8244676330e-04
 601.5000000000    1.8245341940e-04
 602.0000000000    1.8245983775e-04
 602.5000000000    1.8246597718e-04
 603.0000000000    1.8247180534e-04
 603.5000000000    1.8247729939e-04
 604.0000000000    1.8248245059e-04
 604.5000000000    1.8248726698e-04
 605.0000000000    1.8249177613e-04
 605.5000000000    1.8249602237e-04
 606.0000000000    1.8250006826e-04
 606.5000000000    1.8250399479e-04
 607.0000000000    1.8250789327e-04
 607.5000000000    1.8251186728e-04
 608.0000000000    1.8251602726e-04
 608.5000000000    1.8252048338e-04
 609.0000000000    1.8252534188e-04
 609.5000000000    1.8253069918e-04
 610.0000000000    1.8253663473e-04
 610.5000000000    1.8254320783e-04
 611.0000000000    1.8255045570e-04
 611.5000000000    1.8255838900e-04
 612.0000000000    1.8256699442e-04
 612.5000000000    1.8257623950e-04
 613.0000000000    1.8258607463e-04
 613.5000000000    1.8259643928e-04
 614.0000000000    1.8260726991e-04
 614.5000000000    1.8261850179e-04
 615.0000000000    1.8263007429e-04
 615.5000000000    1.8264193203e-04
 616.0000000000    1.8265402138e-04
 616.5000000000    1.8266628958e-04
 617.0000000000    1.8267867811e-04
 617.5000000000    1.8269111992e-04
 618.0000000000    1.8270353476e-04
 618.5000000000    1.8271582437e-04
 619.0000000000    1.8272787094e-04
 619.5000000000    1.8273953880e-04
 620.0000000000    1.8275067877e-04
 620.5000000000    1.8276113415e-04
 621.0000000000    1.8277074993e-04
 621.5000000000    1.8277938651e-04
 622.0000000000    1.8278692815e-04
 622.5000000000    1.8279329749e-04
 623.0000000000    1.8279846284e-04
 623.5000000000    1.8280244442e-04
 624.0000000000    1.8280531746e-04
 624.5000000000    1.8280721110e-04
 625.0000000000    1.8280830464e-04
 625.5000000000    1.8280881572e-04
 626.0000000000    1.8280899022e-04
 626.5000000000    1.8280908466e-04
 627.0000000000    1.8280934558e-04
 627.5000000000    1.8280999492e-04
 628.0000000000    1.8281121718e-04
 628.5000000000    1.8281314697e-04
 629.0000000000    1.8281586231e-04
 629.5000000000    1.8281938984e-04
 630.0000000000    1.8282370881e-04
 630.5000000000    1.8282875874e-04
 631.0000000000    1.8283445669e-04
 631.5000000000    1.8284071409e-04
 632.0000000000    1.8284744740e-04
 632.5000000000    1.8285459387e-04
 633.0000000000    1.8286211751e-04
 633.5000000000    1.8287000883e-04
 634.0000000000    1.8287828064e-04
 634.5000000000    1.8288695477e-04
 635.0000000000    1.8289605201e-04
 635.5000000000    1.8290558274e-04
 636.0000000000    1.8291553230e-04
 636.5000000000    1.8292585348e-04
 637.0000000000    1.8293646592e-04
 637.5000000000    1.8294725697e-04
 638.0000000000    1.8295808607e-04
 638.5000000000    1.8296879501e-04
 639.0000000000    1.8297921915e-04
 639.5000000000    1.8298920000e-04
 640.0000000000    1.8299859990e-04
 640.5000000000    1.8300731250e-04
 641.0000000000    1.8301527250e-04
 641.5000000000    1.8302246403e-04
 642.0000000000    1.8302892133e-04
 642.5000000000    1.8303472890e-04
 643.0000000000    1.8304001715e-04
 643.5000000000    1.8304494812e-04
 644.0000000000    1.8304970173e-04
 644.5000000000    1.8305446120e-04
 645.0000000000    1.8305939480e-04
 645.5000000000    1.8306464375e-04
 646.0000000000    1.8307031401e-04
 646.5000000000    1.8307647269e-04
 647.0000000000    1.8308315026e-04
 647.5000000000    1.8309034916e-04
 648.0000000000    1.8309805146e-04
 648.5000000000    1.8310623041e-04
 649.0000000000    1.8311485981e-04
 649.5000000000    1.8312391391e-04
 650.0000000000    1.8313336947e-04
 650.5000000000    1.8314319804e-04
 651.0000000000    1.8315335866e-04
 651.5000000000    1.8316378736e-04
 652.0000000000    1.8317439085e-04
 652.5000000000    1.8318503945e-04
 653.0000000000    1.8319557097e-04
 653.5000000000    1.8320579251e-04
 654.0000000000    1.8321549109e-04
 654.5000000000    1.8322444563e-04
 655.0000000000    1.8323243999e-04
 655.5000000000    1.8323927718e-04
 656.0000000000    1.8324478992e-04
 656.5000000000    1.8324885055e-04
 657.0000000000    1.8325137694e-04
 657.5000000000    1.8325233679e-04
 658.0000000000    1.8325174858e-04
 658.5000000000    1.8324968246e-04
 659.0000000000    1.8324625719e-04
 659.5000000000    1.8324163870e-04
 660.0000000000    1.8323604048e-04
 660.5000000000    1.8322971860e-04
 661.0000000000    1.8322296898e-04
 661.5000000000    1.8321612051e-04
 662.0000000000    1.8320952675e-04
 662.5000000000    1.8320355021e-04
 663.0000000000    1.8319854888e-04
 663.5000000000    1.8319485776e-04
 664.0000000000    1.8319277050e-04
 664.5000000000    1.8319252479e-04
 665.0000000000    1.8319428765e-04
 665.5000000000    1.8319814909e-04
 666.0000000000    1.8320411894e-04
 666.5000000000    1.8321213177e-04
 667.0000000000    1.8322205659e-04
 667.5000000000    1.8323371148e-04
 668.0000000000    1.8324687804e-04
 668.5000000000    1.8326131783e-04
 669.0000000000    1.8327678661e-04
 669.5000000000    1.8329304484e-04
 670.0000000000    1.8330986283e-04
 670.5000000000    1.8332702162e-04
 671.0000000000    1.8334430766e-04
 671.5000000000    1.8336150512e-04
 672.0000000000    1.8337838757e-04
 672.5000000000    1.8339471043e-04
 673.0000000000    1.8341020694e-04
 673.5000000000    1.8342458952e-04
 674.0000000000    1.8343755874e-04
 674.5000000000    1.8344881908e-04
 675.0000000000    1.8345809741e-04
 675.5000000000    1.8346516932e-04
 676.0000000000    1.8346988359e-04
 676.5000000000    1.8347218228e-04
 677.0000000000    1.8347211796e-04
 677.5000000000    1.8346986205e-04
 678.0000000000    1.8346570028e-04
 678.5000000000    1.8346002018e-04
 679.0000000000    1.8345328836e-04
 679.5000000000    1.8344601704e-04
 680.0000000000    1.8343872930e-04
 680.5000000000    1.8343192018e-04
 681.0000000000    1.8342601799e-04
 681.5000000000    1.8342135631e-04
 682.0000000000    1.8341815189e-04
 682.5000000000    1.8341649190e-04
 683.0000000000    1.8341633747e-04
 683.5000000000    1.8341753415e-04
 684.0000000000    1.8341983176e-04
 684.5000000000    1.8342291218e-04
 685.0000000000    1.8342641942e-04
 685.5000000000    1.8342998924e-04
 686.0000000000    1.8343327613e-04
 686.5000000000    1.8343597360e-04
 687.0000000000    1.8343782849e-04
 687.5000000000    1.8343864738e-04
 688.0000000000    1.8343829598e-04
 688.5000000000    1.8343669283e-04
 689.0000000000    1.8343379998e-04
 689.5000000000    1.8342961235e-04
 690.0000000000    1.8342414438e-04
 690.5000000000    1.8341742003e-04
 691.0000000000    1.8340946480e-04
 691.5000000000    1.8340030028e-04
 692.0000000000    1.8338994532e-04
 692.5000000000    1.8337842203e-04
 693.0000000000    1.8336576659e-04
 693.5000000000    1.8335204465e-04
 694.0000000000    1.8333736639e-04
 694.5000000000    1.8332190305e-04
 695.0000000000    1.8330590157e-04
 695.5000000000    1.8328969538e-04
 696.0000000000    1.8327370988e-04
 696.5000000000    1.8325846011e-04
 697.0000000000    1.8324454016e-04
 697.5000000000    1.8323260137e-04
 698.0000000000    1.8322332271e-04
 698.5000000000    1.8321737496e-04
 699.0000000000    1.8321538078e-04
 699.5000000000    1.8321787509e-04
 700.0000000000    1.8322526843e-04
