#          time             L^2_Ham             L^2_Mom
   0.0000000000    1.5850402562e-05    1.0504932807e-05
   0.5000000000    2.8398054739e-06    1.0814295990e-05
   1.0000000000    1.5874210950e-06    1.0601261327e-05
   1.5000000000    1.1782191664e-06    1.0802196368e-05
   2.0000000000    9.4212224802e-07    1.1086018437e-05
   2.5000000000    7.9901195255e-07    1.1314445966e-05
   3.0000000000    7.2669384294e-07    1.1443558563e-05
   3.5000000000    6.8972323761e-07    1.1488347088e-05
   4.0000000000    6.6393861342e-07    1.1488846192e-05
   4.5000000000    6.3274773358e-07    1.1477838111e-05
   5.0000000000    5.9630754114e-07    1.1472427123e-05
   5.5000000000    5.6101185388e-07    1.1477898693e-05
   6.0000000000    5.3021625423e-07    1.1493845536e-05
   6.5000000000    5.0690245611e-07    1.1518161115e-05
   7.0000000000    4.8947574842e-07    1.1548806881e-05
   7.5000000000    4.7744406679e-07    1.1584492863e-05
   8.0000000000    4.6895485768e-07    1.1623907246e-05
   8.5000000000    4.6366575332e-07    1.1667215541e-05
   9.0000000000    4.6067487793e-07    1.1712744713e-05
   9.5000000000    4.6037954171e-07    1.1761468180e-05
  10.0000000000    4.6677466268e-07    1.1811447014e-05
  10.5000000000    4.6676314835e-07    1.1864485461e-05
  11.0000000000    4.7260594748e-07    1.1920183621e-05
  11.5000000000    4.8007580718e-07    1.1977718118e-05
  12.0000000000    4.8878959585e-07    1.2037564979e-05
  12.5000000000    4.9935793507e-07    1.2099107141e-05
  13.0000000000    5.1665662160e-07    1.2163734913e-05
  13.5000000000    5.2656478851e-07    1.2229829139e-05
  14.0000000000    5.3554204025e-07    1.2296626237e-05
  14.5000000000    5.4589783843e-07    1.2364861104e-05
  15.0000000000    5.5711292625e-07    1.2437208170e-05
  15.5000000000    5.7004113686e-07    1.2509139072e-05
  16.0000000000    5.8268999855e-07    1.2584131671e-05
  16.5000000000    6.0093695114e-07    1.2659040425e-05
  17.0000000000    6.1805699147e-07    1.2735541764e-05
  17.5000000000    6.2926246552e-07    1.2814953306e-05
  18.0000000000    6.4053162528e-07    1.2894613809e-05
  18.5000000000    6.5192113850e-07    1.2974840951e-05
  19.0000000000    6.6439346554e-07    1.3057258037e-05
  19.5000000000    6.8192423299e-07    1.3140766262e-05
  20.0000000000    6.9238492619e-07    1.3224005856e-05
  20.5000000000    7.0384235190e-07    1.3309299731e-05
  21.0000000000    7.1527315095e-07    1.3396415740e-05
  21.5000000000    7.2954006773e-07    1.3482754477e-05
  22.0000000000    7.4697413052e-07    1.3570276283e-05
  22.5000000000    7.6264500849e-07    1.3659102582e-05
  23.0000000000    7.7649732292e-07    1.3749013130e-05
  23.5000000000    7.8974066775e-07    1.3838566254e-05
  24.0000000000    8.1273230677e-07    1.3930294719e-05
  24.5000000000    8.3482870882e-07    1.4020972542e-05
  25.0000000000    8.5603756549e-07    1.4112953877e-05
  25.5000000000    8.7680755861e-07    1.4205439893e-05
  26.0000000000    8.9612200153e-07    1.4297581729e-05
  26.5000000000    9.0732826561e-07    1.4393623687e-05
  27.0000000000    9.1848668650e-07    1.4486955247e-05
  27.5000000000    9.2785260811e-07    1.4579614214e-05
  28.0000000000    9.3610152647e-07    1.4675238976e-05
  28.5000000000    9.4394622242e-07    1.4768809775e-05
  29.0000000000    9.5372357611e-07    1.4863552960e-05
  29.5000000000    9.7793434665e-07    1.4959108511e-05
  30.0000000000    9.9872450584e-07    1.5054231613e-05
  30.5000000000    1.0195633402e-06    1.5152761574e-05
  31.0000000000    1.0386125648e-06    1.5247494753e-05
  31.5000000000    1.0929934218e-06    1.5342876957e-05
  32.0000000000    1.1595306105e-06    1.5443179396e-05
  32.5000000000    1.1641203388e-06    1.5536676756e-05
  33.0000000000    1.1672345577e-06    1.5633981294e-05
  33.5000000000    1.3503237208e-06    1.5730924347e-05
  34.0000000000    1.3747940901e-06    1.5829450582e-05
  34.5000000000    1.7128113661e-06    1.5927213463e-05
  35.0000000000    1.5682298177e-06    1.6028833636e-05
  35.5000000000    1.4677948481e-06    1.6123806444e-05
  36.0000000000    1.3811289839e-06    1.6219449527e-05
  36.5000000000    1.3138248204e-06    1.6316259792e-05
  37.0000000000    1.2707654387e-06    1.6414322067e-05
  37.5000000000    1.2803795512e-06    1.6514820813e-05
  38.0000000000    1.2708303598e-06    1.6612376602e-05
  38.5000000000    1.3090688974e-06    1.6713658276e-05
  39.0000000000    1.3208757896e-06    1.6811378495e-05
  39.5000000000    1.3821597218e-06    1.6916526850e-05
  40.0000000000    1.4096213495e-06    1.7012048500e-05
  40.5000000000    1.4466182824e-06    1.7111710329e-05
  41.0000000000    1.4720692506e-06    1.7222182402e-05
  41.5000000000    1.5186672947e-06    1.7323282505e-05
  42.0000000000    1.5332158987e-06    1.7421425203e-05
  42.5000000000    1.5519900010e-06    1.7526703758e-05
  43.0000000000    1.5610441926e-06    1.7626000649e-05
  43.5000000000    1.5718800117e-06    1.7730720927e-05
  44.0000000000    1.5424480941e-06    1.7835126869e-05
  44.5000000000    1.6814977860e-06    1.7943490984e-05
  45.0000000000    1.6563796920e-06    1.8051595177e-05
  45.5000000000    1.6666537525e-06    1.8162721024e-05
  46.0000000000    1.7441428544e-06    1.8270972843e-05
  46.5000000000    1.6410907526e-06    1.8386847571e-05
  47.0000000000    1.5981669512e-06    1.8506215839e-05
  47.5000000000    1.5753752856e-06    1.8620436714e-05
  48.0000000000    1.5678597848e-06    1.8750975251e-05
  48.5000000000    1.5750697475e-06    1.8868237060e-05
  49.0000000000    1.5863083515e-06    1.8985657879e-05
  49.5000000000    1.6001292016e-06    1.9110559210e-05
  50.0000000000    1.6121849340e-06    1.9241770863e-05
  50.5000000000    1.6337468652e-06    1.9369578175e-05
  51.0000000000    1.6509212858e-06    1.9513551308e-05
  51.5000000000    1.7922002815e-06    1.9661645146e-05
  52.0000000000    1.7677416118e-06    1.9811742457e-05
  52.5000000000    1.7565149430e-06    1.9965843456e-05
  53.0000000000    1.7366560273e-06    2.0127220294e-05
  53.5000000000    1.7601181892e-06    2.0299192839e-05
  54.0000000000    1.7732940683e-06    2.0478647170e-05
  54.5000000000    1.8126416933e-06    2.0671873035e-05
  55.0000000000    1.8576697121e-06    2.0875008346e-05
  55.5000000000    1.7980859118e-06    2.1090799167e-05
  56.0000000000    1.8197400822e-06    2.1324977296e-05
  56.5000000000    1.8503105530e-06    2.1570671986e-05
  57.0000000000    1.8822256762e-06    2.1835467481e-05
  57.5000000000    1.9156258275e-06    2.2118524903e-05
  58.0000000000    1.9496379515e-06    2.2422899816e-05
  58.5000000000    1.9847328559e-06    2.2751838811e-05
  59.0000000000    2.0175421746e-06    2.3110372391e-05
  59.5000000000    2.0508052499e-06    2.3547054959e-05
  60.0000000000    2.0938910895e-06    2.4081642291e-05
  60.5000000000    2.1415957680e-06    2.4714595739e-05
  61.0000000000    2.1933961243e-06    2.5439003750e-05
  61.5000000000    2.2469778169e-06    2.6262884945e-05
  62.0000000000    2.3047906653e-06    2.7243277334e-05
  62.5000000000    2.3718011429e-06    2.8405046248e-05
  63.0000000000    2.4491450050e-06    2.9811473119e-05
  63.5000000000    2.5384014071e-06    3.1544123803e-05
  64.0000000000    2.6442793366e-06    3.3692479367e-05
  64.5000000000    2.7683011062e-06    3.6396433996e-05
  65.0000000000    2.9134706274e-06    3.9907607747e-05
  65.5000000000    3.0864365799e-06    4.4476285853e-05
  66.0000000000    3.2832120499e-06    5.0450520264e-05
  66.5000000000    3.5267956971e-06    5.8493383485e-05
  67.0000000000    3.8245167612e-06    6.9545764654e-05
  67.5000000000    4.1946018834e-06    8.4874668547e-05
  68.0000000000    4.6653021896e-06    1.0658933441e-04
  68.5000000000    5.2736913390e-06    1.3809864229e-04
  69.0000000000    6.0898847275e-06    1.8472335613e-04
  69.5000000000    7.2586074168e-06    2.5492246372e-04
  70.0000000000    9.0686567632e-06    3.6220786978e-04
  70.5000000000    1.3472340825e-05    5.2664331605e-04
  71.0000000000    3.0136483716e-05    7.7596868812e-04
  71.5000000000    8.7382173196e-05    1.1480260295e-03
  72.0000000000    2.3856740608e-04    1.7199432325e-03
  72.5000000000    5.4316269045e-04    2.6981844750e-03
  73.0000000000    9.7813552459e-04    4.3112704194e-03
  73.5000000000    1.3039008043e-03    6.2027013536e-03
  74.0000000000    1.5710614728e-03    8.0246447927e-03
  74.5000000000    1.3518613068e-03    9.2615972057e-03
  75.0000000000    1.3672421309e-03    9.9254428115e-03
  75.5000000000    1.2794342849e-03    1.0463645095e-02
  76.0000000000    1.1270253558e-03    1.1373063753e-02
  76.5000000000    1.1945769138e-03    1.0276621746e-02
  77.0000000000    1.0133153739e-03    1.1877208009e-02
  77.5000000000    1.0638905893e-03    1.0641078715e-02
  78.0000000000    9.6454268809e-04    1.1556726901e-02
  78.5000000000    9.3234776867e-04    1.1397702379e-02
  79.0000000000    9.3132786249e-04    1.0682432092e-02
  79.5000000000    8.3820137390e-04    1.1829182710e-02
  80.0000000000    8.8878251176e-04    9.8658097440e-03
  80.5000000000    7.8479329887e-04    1.1876333093e-02
  81.0000000000    8.3144428939e-04    9.9547837997e-03
  81.5000000000    7.6299390448e-04    1.1556162254e-02
  82.0000000000    7.7168932799e-04    1.0799375309e-02
  82.5000000000    7.6152908725e-04    1.0768172425e-02
  83.0000000000    7.2730476813e-04    1.1527012907e-02
  83.5000000000    7.6520784089e-04    9.7369462173e-03
  84.0000000000    7.0612765672e-04    1.1802972932e-02
  84.5000000000    7.5685766549e-04    9.5499917513e-03
  85.0000000000    7.0690078545e-04    1.1625113000e-02
  85.5000000000    7.3191011917e-04    1.0520632882e-02
  86.0000000000    7.2313928732e-04    1.0876572607e-02
  86.5000000000    7.0428448257e-04    1.1442619504e-02
  87.0000000000    7.4008213066e-04    9.7363326876e-03
  87.5000000000    6.8944798999e-04    1.1781779234e-02
  88.0000000000    7.3820102464e-04    9.5109616369e-03
  88.5000000000    6.9313935273e-04    1.1576371715e-02
  89.0000000000    7.1455759738e-04    1.0578473715e-02
  89.5000000000    7.1101837604e-04    1.0718456168e-02
  90.0000000000    6.8826120561e-04    1.1492757207e-02
  90.5000000000    7.2688572366e-04    9.5401180769e-03
  91.0000000000    6.7694652040e-04    1.1751669148e-02
  91.5000000000    7.2067700878e-04    9.6461836413e-03
  92.0000000000    6.8573418085e-04    1.1389228226e-02
  92.5000000000    6.9526179303e-04    1.0880388298e-02
  93.0000000000    7.0718051716e-04    1.0278697796e-02
  93.5000000000    6.7391747330e-04    1.1632653328e-02
  94.0000000000    7.1894459835e-04    9.3197774884e-03
  94.5000000000    6.7197214941e-04    1.1662554028e-02
  95.0000000000    7.0373646802e-04    1.0167103851e-02
  95.5000000000    6.9014266479e-04    1.0922518747e-02
  96.0000000000    6.7788948211e-04    1.1350854209e-02
  96.5000000000    7.1182413525e-04    9.5746577165e-03
  97.0000000000    6.6665808190e-04    1.1719186748e-02
  97.5000000000    7.0891162161e-04    9.6402243030e-03
  98.0000000000    6.7876968610e-04    1.1288010077e-02
  98.5000000000    6.8319015455e-04    1.1020394398e-02
  99.0000000000    7.0364273189e-04    9.9596914665e-03
  99.5000000000    6.6526350219e-04    1.1684435996e-02
 100.0000000000    7.1019331286e-04    9.3862428696e-03
 100.5000000000    6.7203555372e-04    1.1459920628e-02
 101.0000000000    6.8672140515e-04    1.0755959638e-02
 101.5000000000    6.9744915450e-04    1.0223054400e-02
 102.0000000000    6.6491163982e-04    1.1635216535e-02
 102.5000000000    7.0942722823e-04    9.3087398986e-03
 103.0000000000    6.6866534494e-04    1.1520053620e-02
 103.5000000000    6.8759489572e-04    1.0631170641e-02
 104.0000000000    6.9450072875e-04    1.0310558049e-02
 104.5000000000    6.6417281979e-04    1.1615704002e-02
 105.0000000000    7.0816773887e-04    9.2992277987e-03
 105.5000000000    6.6781914968e-04    1.1507681464e-02
 106.0000000000    6.8557912038e-04    1.0674811551e-02
 106.5000000000    6.9494529485e-04    1.0214902602e-02
 107.0000000000    6.6256593882e-04    1.1637545248e-02
 107.5000000000    7.0645018826e-04    9.3457426015e-03
 108.0000000000    6.6946510625e-04    1.1418402582e-02
 108.5000000000    6.8075502016e-04    1.0873574517e-02
 109.0000000000    6.9830622044e-04    9.9438443839e-03
 109.5000000000    6.6077597085e-04    1.1674766374e-02
 110.0000000000    7.0293441571e-04    9.5355837305e-03
 110.5000000000    6.7416328174e-04    1.1207508242e-02
 111.0000000000    6.7350440435e-04    1.1171895967e-02
 111.5000000000    7.0303299510e-04    9.5541900446e-03
 112.0000000000    6.6047616451e-04    1.1672178368e-02
 112.5000000000    6.9580157093e-04    9.9706159135e-03
 113.0000000000    6.8249968701e-04    1.0799876616e-02
 113.5000000000    6.6560250145e-04    1.1463890337e-02
 114.0000000000    7.0573594288e-04    9.2771676278e-03
 114.5000000000    6.6386334111e-04    1.1551279187e-02
 115.0000000000    6.8455883393e-04    1.0593957279e-02
 115.5000000000    6.9325858340e-04    1.0162699605e-02
 116.0000000000    6.6006262662e-04    1.1643265474e-02
 116.5000000000    7.0239391817e-04    9.4584762787e-03
 117.0000000000    6.7218511797e-04    1.1223214995e-02
 117.5000000000    6.7212281250e-04    1.1163865121e-02
 118.0000000000    7.0202936503e-04    9.5077696312e-03
 118.5000000000    6.5960810008e-04    1.1651249918e-02
 119.0000000000    6.9233108394e-04    1.0090038424e-02
 119.5000000000    6.8412469002e-04    1.0636738603e-02
 120.0000000000    6.6236866311e-04    1.1528589651e-02
 120.5000000000    7.0413454429e-04    9.2750159295e-03
 121.0000000000    6.6641748259e-04    1.1416872002e-02
 121.5000000000    6.7639123704e-04    1.0944510025e-02
 122.0000000000    6.9957543481e-04    9.6588053833e-03
 122.5000000000    6.5933550552e-04    1.1654354544e-02
 123.0000000000    6.9114739595e-04    1.0169146523e-02
 123.5000000000    6.8862716506e-04    1.0408028675e-02
 124.0000000000    6.6038246682e-04    1.1624558999e-02
 124.5000000000    7.0114250710e-04    9.5531741711e-03
 125.0000000000    6.7793007382e-04    1.0981518275e-02
 125.5000000000    6.6550119737e-04    1.1441752531e-02
 126.0000000000    7.0511085335e-04    9.2754245993e-03
 126.5000000000    6.6865115927e-04    1.1351384542e-02
 127.0000000000    6.7257551127e-04    1.1128534218e-02
 127.5000000000    7.0307938866e-04    9.3849637774e-03
 128.0000000000    6.6194869755e-04    1.1550156245e-02
 128.5000000000    6.7989975842e-04    1.0732815077e-02
 129.0000000000    6.9752577545e-04    9.7236534435e-03
 129.5000000000    6.5839485306e-04    1.1630849760e-02
 130.0000000000    6.8636131475e-04    1.0337437709e-02
 130.5000000000    6.9151042018e-04    1.0090388091e-02
 131.0000000000    6.5745015711e-04    1.1643795424e-02
 131.5000000000    6.9149655161e-04    1.0013027657e-02
 132.0000000000    6.8672285180e-04    1.0382427140e-02
 132.5000000000    6.5798019639e-04    1.1624771972e-02
 133.0000000000    6.9504142308e-04    9.7928880056e-03
 133.5000000000    6.8352086462e-04    1.0572988139e-02
 134.0000000000    6.5881068283e-04    1.1598817598e-02
 134.5000000000    6.9697586902e-04    9.6719533731e-03
 135.0000000000    6.8178075126e-04    1.0668913658e-02
 135.5000000000    6.5923395280e-04    1.1581904728e-02
 136.0000000000    6.9747143562e-04    9.6330057813e-03
 136.5000000000    6.8140445908e-04    1.0680200336e-02
 137.0000000000    6.5901730033e-04    1.1581595625e-02
 137.5000000000    6.9668871586e-04    9.6693564953e-03
 138.0000000000    6.8248627643e-04    1.0607989489e-02
 138.5000000000    6.5830337054e-04    1.1597213145e-02
 139.0000000000    6.9461740113e-04    9.7897508186e-03
 139.5000000000    6.8516292804e-04    1.0444269044e-02
 140.0000000000    6.5750033216e-04    1.1618278338e-02
 140.5000000000    6.9100318365e-04    1.0010569154e-02
 141.0000000000    6.8939457170e-04    1.0179603958e-02
 141.5000000000    6.5726598765e-04    1.1624330839e-02
 142.0000000000    6.8548979406e-04    1.0334747006e-02
 142.5000000000    6.9462865572e-04    9.8241343689e-03
 143.0000000000    6.5852669404e-04    1.1584335932e-02
 143.5000000000    6.7804453118e-04    1.0731106553e-02
 144.0000000000    6.9949028073e-04    9.4518671252e-03
 144.5000000000    6.6241433953e-04    1.1451624926e-02
 145.0000000000    6.6946335389e-04    1.1128634982e-02
 145.5000000000    7.0159276820e-04    9.2563776036e-03
 146.0000000000    6.6996080247e-04    1.1154718426e-02
 146.5000000000    6.6155925256e-04    1.1441628122e-02
 147.0000000000    6.9806941279e-04    9.4886585352e-03
 147.5000000000    6.8126431837e-04    1.0608094164e-02
 148.0000000000    6.5704744541e-04    1.1601418086e-02
 148.5000000000    6.8763188303e-04    1.0166731036e-02
 149.0000000000    6.9379737540e-04    9.8325341102e-03
 149.5000000000    6.5894664766e-04    1.1546005592e-02
 150.0000000000    6.7293915434e-04    1.0945728651e-02
 150.5000000000    7.0095919246e-04    9.2689401478e-03
 151.0000000000    6.6933336968e-04    1.1155986200e-02
 151.5000000000    6.6033895570e-04    1.1465425902e-02
 152.0000000000    6.9523395447e-04    9.6490738472e-03
 152.5000000000    6.8642788686e-04    1.0283273733e-02
 153.0000000000    6.5689700131e-04    1.1594021295e-02
 153.5000000000    6.7764561655e-04    1.0695739232e-02
 154.0000000000    6.9985313779e-04    9.3341177380e-03
 154.5000000000    6.6720946661e-04    1.1226326311e-02
 155.0000000000    6.6055675731e-04    1.1442686585e-02
 155.5000000000    6.9443755628e-04    9.6791643895e-03
 156.0000000000    6.8813754973e-04    1.0155768424e-02
 156.5000000000    6.5753242514e-04    1.1563042518e-02
 157.0000000000    6.7250408868e-04    1.0930741071e-02
 157.5000000000    7.0034966435e-04    9.2529462408e-03
 158.0000000000    6.7418012545e-04    1.0904972023e-02
 158.5000000000    6.5680790587e-04    1.1566764777e-02
 159.0000000000    6.8450779889e-04    1.0286968728e-02
 159.5000000000    6.9725248277e-04    9.4978762341e-03
 160.0000000000    6.6482033058e-04    1.1295681881e-02
 160.5000000000    6.6039459274e-04    1.1426131519e-02
 161.0000000000    6.9231703688e-04    9.7847541169e-03
 161.5000000000    6.9161726908e-04    9.8908805468e-03
 162.0000000000    6.6012876003e-04    1.1457728746e-02
 162.5000000000    6.6426696088e-04    1.1266126239e-02
 163.0000000000    6.9586882729e-04    9.5271837058e-03
 163.5000000000    6.8763598920e-04    1.0137793307e-02
 164.0000000000    6.5838340925e-04    1.1508271641e-02
 164.5000000000    6.6610865173e-04    1.1181386423e-02
 165.0000000000    6.9660985066e-04    9.4613948458e-03
 165.5000000000    6.8687526795e-04    1.0172798715e-02
 166.0000000000    6.5841840260e-04    1.1499832051e-02
 166.5000000000    6.6502584012e-04    1.1218457188e-02
 167.0000000000    6.9515495179e-04    9.5516139889e-03
 167.5000000000    6.8956142755e-04    9.9894274336e-03
 168.0000000000    6.6036572879e-04    1.1426781097e-02
 168.5000000000    6.6143092360e-04    1.1354915785e-02
 169.0000000000    6.9061769550e-04    9.8477579813e-03
 169.5000000000    6.9464982436e-04    9.6212641710e-03
 170.0000000000    6.6560526879e-04    1.1221681532e-02
 170.5000000000    6.5711763335e-04    1.1508618100e-02
 171.0000000000    6.8139520715e-04    1.0397937042e-02
 171.5000000000    6.9882739317e-04    9.2726377523e-03
 172.0000000000    6.7610725801e-04    1.0737839367e-02
 172.5000000000    6.5594001046e-04    1.1552256909e-02
 173.0000000000    6.6813449285e-04    1.1055615860e-02
 173.5000000000    6.9522308310e-04    9.5022985338e-03
 174.0000000000    6.9078265906e-04    9.8637244522e-03
 174.5000000000    6.6348329665e-04    1.1285881059e-02
 175.0000000000    6.5701513113e-04    1.1495974685e-02
 175.5000000000    6.7908748557e-04    1.0503680310e-02
 176.0000000000    6.9858656962e-04    9.2521044626e-03
 176.5000000000    6.8238012795e-04    1.0377118188e-02
 177.0000000000    6.5865542833e-04    1.1451181991e-02
 177.5000000000    6.5981573564e-04    1.1381859935e-02
 178.0000000000    6.8398381872e-04    1.0211197151e-02
 178.5000000000    6.9829130379e-04    9.2658008192e-03
 179.0000000000    6.7973191731e-04    1.0512082813e-02
 179.5000000000    6.5800152062e-04    1.1463765388e-02
 180.0000000000    6.5962885041e-04    1.1379288138e-02
 180.5000000000    6.8237448924e-04    1.0292348370e-02
 181.0000000000    6.9819887607e-04    9.2494898760e-03
 181.5000000000    6.8366245758e-04    1.0273668715e-02
 182.0000000000    6.6087618379e-04    1.1354071022e-02
 182.5000000000    6.5653511359e-04    1.1486458232e-02
 183.0000000000    6.7405075629e-04    1.0731650944e-02
 183.5000000000    6.9529501776e-04    9.4363036572e-03
 184.0000000000    6.9282197309e-04    9.6570992884e-03
 184.5000000000    6.7067156843e-04    1.0940897171e-02
 185.0000000000    6.5583856320e-04    1.1513903844e-02
 185.5000000000    6.6115178368e-04    1.1299564627e-02
 186.0000000000    6.8182238019e-04    1.0296746708e-02
 186.5000000000    6.9735309027e-04    9.2727630310e-03
 187.0000000000    6.8910307054e-04    9.8984131197e-03
 187.5000000000    6.6794111374e-04    1.1049839900e-02
 188.0000000000    6.5552224181e-04    1.1513273840e-02
 188.5000000000    6.6063756530e-04    1.1308703291e-02
 189.0000000000    6.7928006792e-04    1.0426493059e-02
 189.5000000000    6.9580831197e-04    9.3640223063e-03
 190.0000000000    6.9325998308e-04    9.5871719699e-03
 190.5000000000    6.7507688322e-04    1.0700897029e-02
 191.0000000000    6.5885644084e-04    1.1393639818e-02
 191.5000000000    6.5565908874e-04    1.1488195193e-02
 192.0000000000    6.6665419653e-04    1.1044258103e-02
 192.5000000000    6.8496049053e-04    1.0077335241e-02
 193.0000000000    6.9679608276e-04    9.2763210727e-03
 193.5000000000    6.9186540551e-04    9.6696485498e-03
 194.0000000000    6.7533901536e-04    1.0672584658e-02
 194.5000000000    6.6026577009e-04    1.1331292946e-02
 195.0000000000    6.5496962676e-04    1.1504791428e-02
 195.5000000000    6.6120878205e-04    1.1261755992e-02
 196.0000000000    6.7580488061e-04    1.0584750111e-02
 196.5000000000    6.9093085735e-04    9.6696154797e-03
 197.0000000000    6.9691246777e-04    9.2534140897e-03
 197.5000000000    6.8993719707e-04    9.7834714195e-03
 198.0000000000    6.7549075114e-04    1.0647112993e-02
 198.5000000000    6.6211398906e-04    1.1247455317e-02
 199.0000000000    6.5530342292e-04    1.1485371802e-02
 199.5000000000    6.5677518809e-04    1.1420161363e-02
 200.0000000000    6.6558051063e-04    1.1061938303e-02
 200.5000000000    6.7855929678e-04    1.0416130938e-02
 201.0000000000    6.9061866312e-04    9.6683499819e-03
 201.5000000000    6.9645648993e-04    9.2575638702e-03
 202.0000000000    6.9367165578e-04    9.4880443376e-03
 202.5000000000    6.8421821838e-04    1.0132660002e-02
 203.0000000000    6.7247445380e-04    1.0777844319e-02
 203.5000000000    6.6240082440e-04    1.1218935489e-02
 204.0000000000    6.5628702890e-04    1.1439014660e-02
 204.5000000000    6.5491466051e-04    1.1476124346e-02
 205.0000000000    6.5805703278e-04    1.1354348275e-02
 205.5000000000    6.6480626048e-04    1.1077049109e-02
 206.0000000000    6.7372013420e-04    1.0653451961e-02
 206.5000000000    6.8296232811e-04    1.0135976599e-02
 207.0000000000    6.9061861365e-04    9.6406068497e-03
 207.5000000000    6.9518629208e-04    9.3172989463e-03
 208.0000000000    6.9600419153e-04    9.2675803404e-03
 208.5000000000    6.9336110882e-04    9.4777308144e-03
 209.0000000000    6.8822173607e-04    9.8434306529e-03
 209.5000000000    6.8178444713e-04    1.0248855382e-02
 210.0000000000    6.7512476329e-04    1.0616727268e-02
 210.5000000000    6.6901414647e-04    1.0913330065e-02
 211.0000000000    6.6389829333e-04    1.1133665321e-02
 211.5000000000    6.5996526315e-04    1.1286186635e-02
 212.0000000000    6.5722543091e-04    1.1383297965e-02
 212.5000000000    6.5557564229e-04    1.1436965876e-02
 213.0000000000    6.5485005647e-04    1.1457280365e-02
 213.5000000000    6.5485714214e-04    1.1452425092e-02
 214.0000000000    6.5540254213e-04    1.1429190309e-02
 214.5000000000    6.5630244183e-04    1.1393454434e-02
 215.0000000000    6.5739166214e-04    1.1350470242e-02
 215.5000000000    6.5852823493e-04    1.1305011092e-02
 216.0000000000    6.5959737548e-04    1.1261377979e-02
 216.5000000000    6.6051082739e-04    1.1223289360e-02
 217.0000000000    6.6120132060e-04    1.1193764475e-02
 217.5000000000    6.6162126861e-04    1.1175043908e-02
 218.0000000000    6.6174486046e-04    1.1168498985e-02
 218.5000000000    6.6156522400e-04    1.1174585469e-02
 219.0000000000    6.6109052414e-04    1.1192804983e-02
 219.5000000000    6.6034766382e-04    1.1221708998e-02
 220.0000000000    6.5938689553e-04    1.1258950532e-02
 220.5000000000    6.5828066352e-04    1.1301328291e-02
 221.0000000000    6.5712718864e-04    1.1344795255e-02
 221.5000000000    6.5605740449e-04    1.1384536410e-02
 222.0000000000    6.5523778408e-04    1.1414985314e-02
 222.5000000000    6.5486740805e-04    1.1429718654e-02
 223.0000000000    6.5517039285e-04    1.1421263044e-02
 223.5000000000    6.5638189902e-04    1.1380637480e-02
 224.0000000000    6.5872426781e-04    1.1296663979e-02
 224.5000000000    6.6236801752e-04    1.1155567951e-02
 225.0000000000    6.6737281515e-04    1.0941863660e-02
 225.5000000000    6.7359711729e-04    1.0642787690e-02
 226.0000000000    6.8057597478e-04    1.0259843471e-02
 226.5000000000    6.8740548617e-04    9.8297989219e-03
 227.0000000000    6.9273359988e-04    9.4479968673e-03
 227.5000000000    6.9500397381e-04    9.2624076152e-03
 228.0000000000    6.9303052213e-04    9.3943954429e-03
 228.5000000000    6.8669741412e-04    9.8246374980e-03
 229.0000000000    6.7729912200e-04    1.0388645388e-02
 229.5000000000    6.6720484841e-04    1.0899488387e-02
 230.0000000000    6.5908181390e-04    1.1247032417e-02
 230.5000000000    6.5519627818e-04    1.1398250281e-02
 231.0000000000    6.5701452559e-04    1.1340820890e-02
 231.5000000000    6.6484164172e-04    1.1035420997e-02
 232.0000000000    6.7708317590e-04    1.0440865633e-02
 232.5000000000    6.8928624536e-04    9.6839266233e-03
 233.0000000000    6.9478082412e-04    9.2646130168e-03
 233.5000000000    6.8917859262e-04    9.6483790657e-03
 234.0000000000    6.7532918800e-04    1.0484607443e-02
 234.5000000000    6.6150312965e-04    1.1139186829e-02
 235.0000000000    6.5527964052e-04    1.1387112147e-02
 235.5000000000    6.6031375629e-04    1.1209745491e-02
 236.0000000000    6.7514199646e-04    1.0535163546e-02
 236.5000000000    6.9083789249e-04    9.5630267687e-03
 237.0000000000    6.9334146067e-04    9.3524970049e-03
 237.5000000000    6.7895282348e-04    1.0277527885e-02
 238.0000000000    6.6138390340e-04    1.1138362876e-02
 238.5000000000    6.5567279451e-04    1.1370863112e-02
 239.0000000000    6.6695576385e-04    1.0928383987e-02
 239.5000000000    6.8707822570e-04    9.8215155520e-03
 240.0000000000    6.9380548223e-04    9.3176404402e-03
 240.5000000000    6.7697942752e-04    1.0383408760e-02
 241.0000000000    6.5825704381e-04    1.1259302605e-02
 241.5000000000    6.5890823639e-04    1.1251140109e-02
 242.0000000000    6.7946457033e-04    1.0286706315e-02
 242.5000000000    6.9447835714e-04    9.2722877622e-03
 243.0000000000    6.7897338964e-04    1.0268996061e-02
 243.5000000000    6.5785171516e-04    1.1272471403e-02
 244.0000000000    6.6178345176e-04    1.1136821000e-02
 244.5000000000    6.8662931733e-04    9.8424761515e-03
 245.0000000000    6.9105323374e-04    9.5050522210e-03
 245.5000000000    6.6551296320e-04    1.0949492447e-02
 246.0000000000    6.5726501516e-04    1.1304704095e-02
 246.5000000000    6.8092268721e-04    1.0199219916e-02
 247.0000000000    6.9289345600e-04    9.3795811414e-03
 247.5000000000    6.6630585934e-04    1.0912138252e-02
 248.0000000000    6.5815821300e-04    1.1269352158e-02
 248.5000000000    6.8539536678e-04    9.9200089395e-03
 249.0000000000    6.8823818530e-04    9.6948122036e-03
 249.5000000000    6.5919532527e-04    1.1213091708e-02
 250.0000000000    6.6728543937e-04    1.0897835262e-02
 250.5000000000    6.9427430496e-04    9.2929228805e-03
 251.0000000000    6.7021598385e-04    1.0726795939e-02
 251.5000000000    6.5896851308e-04    1.1236440260e-02
 252.0000000000    6.9031104016e-04    9.5904907273e-03
 252.5000000000    6.7778189859e-04    1.0331847853e-02
 253.0000000000    6.5723546868e-04    1.1296526624e-02
 253.5000000000    6.8826733289e-04    9.7342916327e-03
 254.0000000000    6.7843675135e-04    1.0297557616e-02
 254.5000000000    6.5794573085e-04    1.1271325584e-02
 255.0000000000    6.9122987708e-04    9.5299193972e-03
 255.5000000000    6.7184045970e-04    1.0646751169e-02
 256.0000000000    6.6285383408e-04    1.1083034858e-02
 256.5000000000    6.9434794942e-04    9.2913899637e-03
 257.0000000000    6.6071473095e-04    1.1149929507e-02
 257.5000000000    6.7810476301e-04    1.0358589035e-02
 258.0000000000    6.8310535683e-04    1.0030855314e-02
 258.5000000000    6.5928645078e-04    1.1220541237e-02
 259.0000000000    6.9440042424e-04    9.2980011682e-03
 259.5000000000    6.6003421235e-04    1.1177997961e-02
 260.0000000000    6.8446151561e-04    9.9908345653e-03
 260.5000000000    6.7254735766e-04    1.0616940598e-02
 261.0000000000    6.7065160602e-04    1.0743522332e-02
 261.5000000000    6.8474744520e-04    9.9411167778e-03
 262.0000000000    6.6248423551e-04    1.1099644122e-02
 262.5000000000    6.9132342012e-04    9.5185099634e-03
 263.0000000000    6.5940281982e-04    1.1216861061e-02
 263.5000000000    6.9351937537e-04    9.3712824031e-03
 264.0000000000    6.5881439772e-04    1.1237847148e-02
 264.5000000000    6.9372287248e-04    9.3626662222e-03
 265.0000000000    6.5948438573e-04    1.1215212178e-02
 265.5000000000    6.9214295972e-04    9.4778261847e-03
 266.0000000000    6.6237429942e-04    1.1107551678e-02
 266.5000000000    6.8638964391e-04    9.8591899597e-03
 267.0000000000    6.7033110372e-04    1.0768385677e-02
 267.5000000000    6.7446619595e-04    1.0537295124e-02
 268.0000000000    6.8467871152e-04    1.0006304498e-02
 268.5000000000    6.6155941803e-04    1.1128942086e-02
 269.0000000000    6.9495698197e-04    9.3124556282e-03
 269.5000000000    6.6238450444e-04    1.1112402729e-02
 270.0000000000    6.8041260888e-04    1.0230856861e-02
 270.5000000000    6.8535386295e-04    9.9802007057e-03
 271.0000000000    6.6003953531e-04    1.1198207026e-02
 271.5000000000    6.9058713988e-04    9.6234926464e-03
 272.0000000000    6.7830405365e-04    1.0390359558e-02
 272.5000000000    6.6141229434e-04    1.1146827398e-02
 273.0000000000    6.9064858150e-04    9.6326188112e-03
 273.5000000000    6.8268270715e-04    1.0158507333e-02
 274.0000000000    6.6054108482e-04    1.1190778957e-02
 274.5000000000    6.7995684788e-04    1.0285314920e-02
 275.0000000000    6.9470846313e-04    9.3974892764e-03
 275.5000000000    6.7137866524e-04    1.0752305406e-02
 276.0000000000    6.6193671587e-04    1.1140729926e-02
 276.5000000000    6.8118004873e-04    1.0235446685e-02
 277.0000000000    6.9593099251e-04    9.3336740328e-03
 277.5000000000    6.8247281960e-04    1.0205490128e-02
 278.0000000000    6.6498700486e-04    1.1040002089e-02
 278.5000000000    6.6351765615e-04    1.1089554104e-02
 279.0000000000    6.7625341862e-04    1.0516247133e-02
 279.5000000000    6.9100665702e-04    9.6864905698e-03
 280.0000000000    6.9644655096e-04    9.3449693473e-03
 280.5000000000    6.9142246162e-04    9.7044677622e-03
 281.0000000000    6.8214230798e-04    1.0263008556e-02
 281.5000000000    6.7392303130e-04    1.0681234057e-02
 282.0000000000    6.6860968707e-04    1.0919023550e-02
 282.5000000000    6.6592019138e-04    1.1031451790e-02
 283.0000000000    6.6493185953e-04    1.1073780386e-02
 283.5000000000    6.6484875672e-04    1.1081687567e-02
 284.0000000000    6.6531477321e-04    1.1069006311e-02
 284.5000000000    6.6653728646e-04    1.1026555181e-02
 285.0000000000    6.6929314134e-04    1.0920359082e-02
 285.5000000000    6.7469337299e-04    1.0691297353e-02
 286.0000000000    6.8334954532e-04    1.0272821045e-02
 286.5000000000    6.9344218515e-04    9.6988384917e-03
 287.0000000000    6.9852651988e-04    9.3703043117e-03
 287.5000000000    6.9098976508e-04    9.8527986123e-03
 288.0000000000    6.7473220055e-04    1.0710433462e-02
 288.5000000000    6.6739251309e-04    1.1037049239e-02
 289.0000000000    6.8169447990e-04    1.0420687350e-02
 289.5000000000    6.9954604628e-04    9.3903267950e-03
 290.0000000000    6.8321337409e-04    1.0345892450e-02
 290.5000000000    6.6937981915e-04    1.0993814449e-02
 291.0000000000    6.9462156367e-04    9.7717933685e-03
 291.5000000000    6.8824027027e-04    1.0128283080e-02
 292.0000000000    6.7215910637e-04    1.0914096930e-02
 292.5000000000    7.0141145740e-04    9.4022336939e-03
 293.0000000000    6.7277489347e-04    1.0904706441e-02
 293.5000000000    6.9813772932e-04    9.6698347253e-03
 294.0000000000    6.7590779119e-04    1.0801846136e-02
 294.5000000000    7.0045610139e-04    9.5819992865e-03
 295.0000000000    6.7369855179e-04    1.0926429453e-02
 295.5000000000    7.0254316613e-04    9.5034669007e-03
 296.0000000000    6.8439184649e-04    1.0519586000e-02
 296.5000000000    6.7995087054e-04    1.0721496005e-02
 297.0000000000    7.0393907175e-04    9.5312521537e-03
 297.5000000000    6.9746835486e-04    9.9564848671e-03
 298.0000000000    6.8098937014e-04    1.0759840352e-02
 298.5000000000    6.7991958533e-04    1.0820269645e-02
 299.0000000000    6.8836458305e-04    1.0489374214e-02
 299.5000000000    6.9651698757e-04    1.0143873548e-02
 300.0000000000    7.0069081113e-04    9.9803971029e-03
 300.5000000000    7.0072477219e-04    1.0029851446e-02
 301.0000000000    6.9649636093e-04    1.0284909388e-02
 301.5000000000    6.8944121844e-04    1.0640376982e-02
 302.0000000000    6.8783001748e-04    1.0756376007e-02
 302.5000000000    7.0322541722e-04    1.0167601859e-02
 303.0000000000    7.1753766660e-04    9.5136587849e-03
 303.5000000000    6.9653100957e-04    1.0570551203e-02
 304.0000000000    7.0838230376e-04    1.0162897204e-02
 304.5000000000    7.1332125802e-04    1.0014828932e-02
 305.0000000000    7.0924939636e-04    1.0307607359e-02
 305.5000000000    7.1236657627e-04    1.0263427622e-02
 306.0000000000    7.2903364494e-04    9.6740296189e-03
 306.5000000000    7.0979152861e-04    1.0587365827e-02
 307.0000000000    7.2008350553e-04    1.0324689021e-02
 307.5000000000    7.4105315360e-04    9.6492716217e-03
 308.0000000000    7.4452171409e-04    9.7249223142e-03
 308.5000000000    7.3705509569e-04    1.0215753901e-02
 309.0000000000    7.3267381571e-04    1.0532025169e-02
 309.5000000000    7.4005354291e-04    1.0485639186e-02
 310.0000000000    7.6434511993e-04    9.9696560961e-03
 310.5000000000    7.8214783776e-04    9.7179921997e-03
 311.0000000000    7.6235566177e-04    1.0532420567e-02
 311.5000000000    8.0760965679e-04    9.6755180262e-03
 312.0000000000    8.1410205626e-04    9.8647970126e-03
 312.5000000000    8.3747741939e-04    9.7165548847e-03
 313.0000000000    8.3149502084e-04    1.0232947700e-02
 313.5000000000    8.8698500952e-04    9.6357220442e-03
 314.0000000000    8.9828736128e-04    9.9163250879e-03
 314.5000000000    9.0542760828e-04    1.0081905784e-02
 315.0000000000    9.1893581777e-04    1.0204783708e-02
 315.5000000000    1.0178743443e-03    9.6674257375e-03
 316.0000000000    9.8988601390e-04    1.0115242961e-02
 316.5000000000    1.0652303292e-03    9.8757614556e-03
 317.0000000000    1.0711244146e-03    9.7222961514e-03
 317.5000000000    1.0318923854e-03    9.3387961341e-03
 318.0000000000    1.0621659372e-03    8.6257762945e-03
 318.5000000000    9.6817816825e-04    7.8372584193e-03
 319.0000000000    8.5527773711e-04    7.0822321121e-03
 319.5000000000    6.6868545784e-04    5.7285840520e-03
 320.0000000000    4.7283598634e-04    4.2007689872e-03
 320.5000000000    3.0858467030e-04    2.9287321422e-03
 321.0000000000    2.0010953812e-04    2.3245554083e-03
 321.5000000000    1.4357246483e-04    2.2676049012e-03
 322.0000000000    1.1951482745e-04    2.4584356245e-03
 322.5000000000    1.1182151451e-04    2.7004178487e-03
 323.0000000000    1.1051987314e-04    2.9054899216e-03
 323.5000000000    1.1078050830e-04    3.0492571061e-03
 324.0000000000    1.1087432653e-04    3.1349885040e-03
 324.5000000000    1.1044474311e-04    3.1753105377e-03
 325.0000000000    1.0959996709e-04    3.1843817540e-03
 325.5000000000    1.0853712963e-04    3.1747758917e-03
 326.0000000000    1.0741609604e-04    3.1564363964e-03
 326.5000000000    1.0633601297e-04    3.1365868621e-03
 327.0000000000    1.0534777133e-04    3.1200988023e-03
 327.5000000000    1.0447379377e-04    3.1099882786e-03
 328.0000000000    1.0372424655e-04    3.1078944710e-03
 328.5000000000    1.0310705705e-04    3.1145054498e-03
 329.0000000000    1.0263248997e-04    3.1298049263e-03
 329.5000000000    1.0231325380e-04    3.1532721447e-03
 330.0000000000    1.0216226199e-04    3.1839842732e-03
 330.5000000000    1.0218930506e-04    3.2207060992e-03
 331.0000000000    1.0239788138e-04    3.2619639479e-03
 331.5000000000    1.0278276783e-04    3.3061286716e-03
 332.0000000000    1.0332878786e-04    3.3515091765e-03
 332.5000000000    1.0401139366e-04    3.3964517343e-03
 333.0000000000    1.0479743918e-04    3.4394272638e-03
 333.5000000000    1.0564817621e-04    3.4791110734e-03
 334.0000000000    1.0652161023e-04    3.5144369810e-03
 334.5000000000    1.0737584880e-04    3.5446142656e-03
 335.0000000000    1.0817172940e-04    3.5691541740e-03
 335.5000000000    1.0887580800e-04    3.5878275157e-03
 336.0000000000    1.0946190090e-04    3.6006572328e-03
 336.5000000000    1.0991258574e-04    3.6078692254e-03
 337.0000000000    1.1021894308e-04    3.6098567173e-03
 337.5000000000    1.1038065597e-04    3.6071443465e-03
 338.0000000000    1.1040450682e-04    3.6003502932e-03
 338.5000000000    1.1030336750e-04    3.5901559718e-03
 339.0000000000    1.1009395765e-04    3.5772766809e-03
 339.5000000000    1.0979607029e-04    3.5624361084e-03
 340.0000000000    1.0943052347e-04    3.5463453493e-03
 340.5000000000    1.0901812516e-04    3.5296830116e-03
 341.0000000000    1.0857834939e-04    3.5130789976e-03
 341.5000000000    1.0812886698e-04    3.4971024388e-03
 342.0000000000    1.0768477537e-04    3.4822528056e-03
 342.5000000000    1.0725842099e-04    3.4689539377e-03
 343.0000000000    1.0685947616e-04    3.4575505540e-03
 343.5000000000    1.0649549985e-04    3.4483074672e-03
 344.0000000000    1.0617149646e-04    3.4414102276e-03
 344.5000000000    1.0589120142e-04    3.4369670000e-03
 345.0000000000    1.0565695835e-04    3.4350122331e-03
 345.5000000000    1.0547004775e-04    3.4355114753e-03
 346.0000000000    1.0533090462e-04    3.4383670023e-03
 346.5000000000    1.0523935602e-04    3.4434277452e-03
 347.0000000000    1.0519474764e-04    3.4504799387e-03
 347.5000000000    1.0519575311e-04    3.4592858578e-03
 348.0000000000    1.0524033286e-04    3.4695612915e-03
 348.5000000000    1.0532574567e-04    3.4809987418e-03
 349.0000000000    1.0544857876e-04    3.4932738812e-03
 349.5000000000    1.0560452798e-04    3.5060564922e-03
 350.0000000000    1.0578858724e-04    3.5190223539e-03
 350.5000000000    1.0599484101e-04    3.5318633227e-03
 351.0000000000    1.0621700950e-04    3.5442958717e-03
 351.5000000000    1.0644815469e-04    3.5560681758e-03
 352.0000000000    1.0668132843e-04    3.5669648871e-03
 352.5000000000    1.0690957989e-04    3.5768107192e-03
 353.0000000000    1.0712663941e-04    3.5854742135e-03
 353.5000000000    1.0732676942e-04    3.5928702920e-03
 354.0000000000    1.0750505771e-04    3.5989602914e-03
 354.5000000000    1.0765761184e-04    3.6037487826e-03
 355.0000000000    1.0778131148e-04    3.6072771579e-03
 355.5000000000    1.0787436690e-04    3.6096166994e-03
 356.0000000000    1.0793612828e-04    3.6108631685e-03
 356.5000000000    1.0796737022e-04    3.6111318311e-03
 357.0000000000    1.0797009807e-04    3.6105568162e-03
 357.5000000000    1.0794758581e-04    3.6092857775e-03
 358.0000000000    1.0790338067e-04    3.6074746139e-03
 358.5000000000    1.0784101301e-04    3.6052797032e-03
 359.0000000000    1.0776356224e-04    3.6028514750e-03
 359.5000000000    1.0767428576e-04    3.6003312312e-03
 360.0000000000    1.0757664607e-04    3.5978507859e-03
 360.5000000000    1.0747481403e-04    3.5955325387e-03
 361.0000000000    1.0737315803e-04    3.5934880472e-03
 361.5000000000    1.0727507735e-04    3.5918151329e-03
 362.0000000000    1.0718276863e-04    3.5905946705e-03
 362.5000000000    1.0709743791e-04    3.5898881474e-03
 363.0000000000    1.0701994605e-04    3.5897373505e-03
 363.5000000000    1.0695167348e-04    3.5901654509e-03
 364.0000000000    1.0689444105e-04    3.5911772671e-03
 364.5000000000    1.0684999759e-04    3.5927596177e-03
 365.0000000000    1.0681895164e-04    3.5948831288e-03
 365.5000000000    1.0680087802e-04    3.5975046961e-03
 366.0000000000    1.0679506850e-04    3.6005694128e-03
 366.5000000000    1.0680079335e-04    3.6040122035e-03
 367.0000000000    1.0681786376e-04    3.6077602422e-03
 367.5000000000    1.0684603495e-04    3.6117374814e-03
 368.0000000000    1.0688438533e-04    3.6158693467e-03
 368.5000000000    1.0693109115e-04    3.6200855160e-03
 369.0000000000    1.0698388182e-04    3.6243215019e-03
 369.5000000000    1.0704066717e-04    3.6285192349e-03
 370.0000000000    1.0709996807e-04    3.6326262890e-03
 370.5000000000    1.0716034728e-04    3.6365954918e-03
 371.0000000000    1.0722069236e-04    3.6403853493e-03
 371.5000000000    1.0727932728e-04    3.6439607343e-03
 372.0000000000    1.0733445574e-04    3.6472926177e-03
 372.5000000000    1.0738460546e-04    3.6503565799e-03
 373.0000000000    1.0742912369e-04    3.6531314877e-03
 373.5000000000    1.0746779506e-04    3.6556003660e-03
 374.0000000000    1.0750080933e-04    3.6577522460e-03
 374.5000000000    1.0752860217e-04    3.6595847662e-03
 375.0000000000    1.0755166446e-04    3.6611049210e-03
 375.5000000000    1.0757113622e-04    3.6623294076e-03
 376.0000000000    1.0758795767e-04    3.6632851001e-03
 376.5000000000    1.0760312207e-04    3.6640088405e-03
 377.0000000000    1.0761734422e-04    3.6645471954e-03
 377.5000000000    1.0763081718e-04    3.6649545488e-03
 378.0000000000    1.0764312054e-04    3.6652887313e-03
 378.5000000000    1.0765307641e-04    3.6656063948e-03
 379.0000000000    1.0765881169e-04    3.6659591322e-03
 379.5000000000    1.0765785691e-04    3.6663891798e-03
 380.0000000000    1.0764771258e-04    3.6669258555e-03
 380.5000000000    1.0762614013e-04    3.6675854797e-03
 381.0000000000    1.0759161524e-04    3.6683726897e-03
 381.5000000000    1.0754419182e-04    3.6692823884e-03
 382.0000000000    1.0748518341e-04    3.6703033759e-03
 382.5000000000    1.0741748276e-04    3.6714239653e-03
 383.0000000000    1.0734540260e-04    3.6726344395e-03
 383.5000000000    1.0727431879e-04    3.6739345546e-03
 384.0000000000    1.0721022743e-04    3.6753296944e-03
 384.5000000000    1.0715900187e-04    3.6768299488e-03
 385.0000000000    1.0712548131e-04    3.6784496913e-03
 385.5000000000    1.0711275933e-04    3.6802032860e-03
 386.0000000000    1.0712164452e-04    3.6820987680e-03
 386.5000000000    1.0715055418e-04    3.6841331919e-03
 387.0000000000    1.0719578369e-04    3.6862878752e-03
 387.5000000000    1.0725209987e-04    3.6885269817e-03
 388.0000000000    1.0731348867e-04    3.6908011725e-03
 388.5000000000    1.0737407468e-04    3.6930545070e-03
 389.0000000000    1.0742883334e-04    3.6952326398e-03
 389.5000000000    1.0747416484e-04    3.6972903019e-03
 390.0000000000    1.0750856869e-04    3.6991968532e-03
 390.5000000000    1.0753235697e-04    3.7009404505e-03
 391.0000000000    1.0754774017e-04    3.7025294741e-03
 391.5000000000    1.0755800550e-04    3.7039895459e-03
 392.0000000000    1.0756631024e-04    3.7053586692e-03
 392.5000000000    1.0757559493e-04    3.7066785264e-03
 393.0000000000    1.0758790773e-04    3.7079869431e-03
 393.5000000000    1.0760374308e-04    3.7093092854e-03
 394.0000000000    1.0762239232e-04    3.7106540896e-03
 394.5000000000    1.0764218547e-04    3.7120126701e-03
 395.0000000000    1.0766089934e-04    3.7133623674e-03
 395.5000000000    1.0767599983e-04    3.7146733088e-03
 396.0000000000    1.0768564974e-04    3.7159162201e-03
 396.5000000000    1.0768913976e-04    3.7170690761e-03
 397.0000000000    1.0768675851e-04    3.7181232430e-03
 397.5000000000    1.0767950134e-04    3.7190860047e-03
 398.0000000000    1.0766922171e-04    3.7199797674e-03
 398.5000000000    1.0765814796e-04    3.7208383697e-03
 399.0000000000    1.0764809162e-04    3.7217004126e-03
 399.5000000000    1.0764035158e-04    3.7226020437e-03
 400.0000000000    1.0763570379e-04    3.7235703888e-03
 400.5000000000    1.0763415991e-04    3.7246196177e-03
 401.0000000000    1.0763503743e-04    3.7257485801e-03
 401.5000000000    1.0763733587e-04    3.7269438229e-03
 402.0000000000    1.0764018502e-04    3.7281831903e-03
 402.5000000000    1.0764285588e-04    3.7294407817e-03
 403.0000000000    1.0764493073e-04    3.7306933886e-03
 403.5000000000    1.0764645398e-04    3.7319257615e-03
 404.0000000000    1.0764785108e-04    3.7331334090e-03
 404.5000000000    1.0764970924e-04    3.7343224423e-03
 405.0000000000    1.0765268660e-04    3.7355068844e-03
 405.5000000000    1.0765746014e-04    3.7367042820e-03
 406.0000000000    1.0766437746e-04    3.7379305976e-03
 406.5000000000    1.0767357219e-04    3.7391957457e-03
 407.0000000000    1.0768487577e-04    3.7405006033e-03
 407.5000000000    1.0769787176e-04    3.7418359959e-03
 408.0000000000    1.0771204083e-04    3.7431839596e-03
 408.5000000000    1.0772669618e-04    3.7445209585e-03
 409.0000000000    1.0774111072e-04    3.7458225263e-03
 409.5000000000    1.0775453070e-04    3.7470680901e-03
 410.0000000000    1.0776616670e-04    3.7482451500e-03
 410.5000000000    1.0777539554e-04    3.7493513993e-03
 411.0000000000    1.0778177010e-04    3.7503948392e-03
 411.5000000000    1.0778506471e-04    3.7513920322e-03
 412.0000000000    1.0778536546e-04    3.7523650437e-03
 412.5000000000    1.0778298079e-04    3.7533371060e-03
 413.0000000000    1.0777853425e-04    3.7543278067e-03
 413.5000000000    1.0777284622e-04    3.7553494720e-03
 414.0000000000    1.0776694041e-04    3.7564052853e-03
 414.5000000000    1.0776176661e-04    3.7574892031e-03
 415.0000000000    1.0775819395e-04    3.7585876765e-03
 415.5000000000    1.0775673987e-04    3.7596830519e-03
 416.0000000000    1.0775763724e-04    3.7607573206e-03
 416.5000000000    1.0776077797e-04    3.7617958555e-03
 417.0000000000    1.0776583331e-04    3.7627906075e-03
 417.5000000000    1.0777232058e-04    3.7637418414e-03
 418.0000000000    1.0777967938e-04    3.7646582016e-03
 418.5000000000    1.0778736107e-04    3.7655554723e-03
 419.0000000000    1.0779485961e-04    3.7664536921e-03
 419.5000000000    1.0780193325e-04    3.7673727787e-03
 420.0000000000    1.0780847632e-04    3.7683286254e-03
 420.5000000000    1.0781466478e-04    3.7693307460e-03
 421.0000000000    1.0782075813e-04    3.7703808569e-03
 421.5000000000    1.0782704237e-04    3.7714721172e-03
 422.0000000000    1.0783369166e-04    3.7725901464e-03
 422.5000000000    1.0784075522e-04    3.7737162315e-03
 423.0000000000    1.0784812630e-04    3.7748313788e-03
 423.5000000000    1.0785561617e-04    3.7759195785e-03
 424.0000000000    1.0786296970e-04    3.7769702429e-03
 424.5000000000    1.0786992430e-04    3.7779798864e-03
 425.0000000000    1.0787614999e-04    3.7789522879e-03
 425.5000000000    1.0788125722e-04    3.7798970253e-03
 426.0000000000    1.0788495112e-04    3.7808272761e-03
 426.5000000000    1.0788709442e-04    3.7817572893e-03
 427.0000000000    1.0788782179e-04    3.7826994198e-03
 427.5000000000    1.0788749322e-04    3.7836614666e-03
 428.0000000000    1.0788657749e-04    3.7846454467e-03
 428.5000000000    1.0788553438e-04    3.7856481006e-03
 429.0000000000    1.0788467441e-04    3.7866626145e-03
 429.5000000000    1.0788411919e-04    3.7876807106e-03
 430.0000000000    1.0788388846e-04    3.7886945424e-03
 430.5000000000    1.0788403883e-04    3.7896981288e-03
 431.0000000000    1.0788473068e-04    3.7906880959e-03
 431.5000000000    1.0788629692e-04    3.7916640251e-03
 432.0000000000    1.0788917717e-04    3.7926287126e-03
 432.5000000000    1.0789378549e-04    3.7935875260e-03
 433.0000000000    1.0790039707e-04    3.7945466757e-03
 433.5000000000    1.0790909280e-04    3.7955116411e-03
 434.0000000000    1.0791978177e-04    3.7964862344e-03
 434.5000000000    1.0793223358e-04    3.7974719305e-03
 435.0000000000    1.0794619587e-04    3.7984680795e-03
 435.5000000000    1.0796136418e-04    3.7994732574e-03
 436.0000000000    1.0797732383e-04    3.8004865347e-03
 436.5000000000    1.0799351876e-04    3.8015079915e-03
 437.0000000000    1.0800930110e-04    3.8025390161e-03
 437.5000000000    1.0802405531e-04    3.8035826333e-03
 438.0000000000    1.0803736379e-04    3.8046432495e-03
 438.5000000000    1.0804912597e-04    3.8057253590e-03
 439.0000000000    1.0805952096e-04    3.8068317667e-03
 439.5000000000    1.0806890169e-04    3.8079620557e-03
 440.0000000000    1.0807769472e-04    3.8091110439e-03
 440.5000000000    1.0808629930e-04    3.8102677230e-03
 441.0000000000    1.0809512472e-04    3.8114144310e-03
 441.5000000000    1.0810467853e-04    3.8125276183e-03
 442.0000000000    1.0811552907e-04    3.8135784727e-03
 442.5000000000    1.0812821872e-04    3.8145341113e-03
 443.0000000000    1.0814319304e-04    3.8153596500e-03
 443.5000000000    1.0816065818e-04    3.8160217043e-03
 444.0000000000    1.0818050877e-04    3.8164919832e-03
 444.5000000000    1.0820235210e-04    3.8167508298e-03
 445.0000000000    1.0822547679e-04    3.8167914424e-03
 445.5000000000    1.0824867558e-04    3.8166213740e-03
 446.0000000000    1.0827018771e-04    3.8162608390e-03
 446.5000000000    1.0828754357e-04    3.8157556368e-03
 447.0000000000    1.0829753653e-04    3.8151632576e-03
 447.5000000000    1.0829626831e-04    3.8145507847e-03
 448.0000000000    1.0827939718e-04    3.8139953841e-03
 448.5000000000    1.0824241714e-04    3.8135811917e-03
 449.0000000000    1.0818109015e-04    3.8133809540e-03
 449.5000000000    1.0809203203e-04    3.8134550915e-03
 450.0000000000    1.0797335022e-04    3.8138470086e-03
 450.5000000000    1.0782544900e-04    3.8145731229e-03
 451.0000000000    1.0765161382e-04    3.8156263083e-03
 451.5000000000    1.0745843394e-04    3.8169732594e-03
 452.0000000000    1.0725590188e-04    3.8185610065e-03
 452.5000000000    1.0705708185e-04    3.8203246485e-03
 453.0000000000    1.0687722731e-04    3.8221959121e-03
 453.5000000000    1.0673250523e-04    3.8241134369e-03
 454.0000000000    1.0663834883e-04    3.8260259119e-03
 454.5000000000    1.0660763833e-04    3.8279023191e-03
 455.0000000000    1.0664903501e-04    3.8297274099e-03
 455.5000000000    1.0676568869e-04    3.8314992909e-03
 456.0000000000    1.0695451146e-04    3.8332254863e-03
 456.5000000000    1.0720613729e-04    3.8349074288e-03
 457.0000000000    1.0750555596e-04    3.8365475986e-03
 457.5000000000    1.0783342894e-04    3.8381305421e-03
 458.0000000000    1.0816791163e-04    3.8396273730e-03
 458.5000000000    1.0848675912e-04    3.8409970448e-03
 459.0000000000    1.0876951533e-04    3.8421907886e-03
 459.5000000000    1.0899949056e-04    3.8431637337e-03
 460.0000000000    1.0916530106e-04    3.8438823992e-03
 460.5000000000    1.0926184193e-04    3.8443347647e-03
 461.0000000000    1.0929043480e-04    3.8445359214e-03
 461.5000000000    1.0925821908e-04    3.8445292172e-03
 462.0000000000    1.0917695916e-04    3.8443825954e-03
 462.5000000000    1.0906120771e-04    3.8441801937e-03
 463.0000000000    1.0892633008e-04    3.8440102865e-03
 463.5000000000    1.0878662813e-04    3.8439523073e-03
 464.0000000000    1.0865372949e-04    3.8440652051e-03
 464.5000000000    1.0853570589e-04    3.8443788928e-03
 465.0000000000    1.0843668435e-04    3.8448904788e-03
 465.5000000000    1.0835720065e-04    3.8455661760e-03
 466.0000000000    1.0829503264e-04    3.8463488561e-03
 466.5000000000    1.0824626067e-04    3.8471696627e-03
 467.0000000000    1.0820652722e-04    3.8479614615e-03
 467.5000000000    1.0817198723e-04    3.8486717656e-03
 468.0000000000    1.0814011167e-04    3.8492720463e-03
 468.5000000000    1.0810990283e-04    3.8497626418e-03
 469.0000000000    1.0808180861e-04    3.8501709380e-03
 469.5000000000    1.0805735248e-04    3.8505444322e-03
 470.0000000000    1.0803852352e-04    3.8509402811e-03
 470.5000000000    1.0802712054e-04    3.8514133780e-03
 471.0000000000    1.0802423968e-04    3.8520040214e-03
 471.5000000000    1.0802987587e-04    3.8527320473e-03
 472.0000000000    1.0804304333e-04    3.8535923329e-03
 472.5000000000    1.0806182286e-04    3.8545561430e-03
 473.0000000000    1.0808382658e-04    3.8555773792e-03
 473.5000000000    1.0810660951e-04    3.8566015325e-03
 474.0000000000    1.0812807671e-04    3.8575756928e-03
 474.5000000000    1.0814664872e-04    3.8584581804e-03
 475.0000000000    1.0816141138e-04    3.8592256553e-03
 475.5000000000    1.0817207588e-04    3.8598766183e-03
 476.0000000000    1.0817886644e-04    3.8604303554e-03
 476.5000000000    1.0818235620e-04    3.8609224558e-03
 477.0000000000    1.0818337738e-04    3.8613973107e-03
 477.5000000000    1.0818289695e-04    3.8618992036e-03
 478.0000000000    1.0818192177e-04    3.8624640318e-03
 478.5000000000    1.0818144312e-04    3.8631129396e-03
 479.0000000000    1.0818234611e-04    3.8638494597e-03
 479.5000000000    1.0818539269e-04    3.8646605171e-03
 480.0000000000    1.0819097955e-04    3.8655203619e-03
 480.5000000000    1.0819929485e-04    3.8663965797e-03
 481.0000000000    1.0821011561e-04    3.8672567441e-03
 481.5000000000    1.0822301087e-04    3.8680740090e-03
 482.0000000000    1.0823745561e-04    3.8688308616e-03
 482.5000000000    1.0825292682e-04    3.8695205813e-03
 483.0000000000    1.0826889914e-04    3.8701470885e-03
 483.5000000000    1.0828491660e-04    3.8707233476e-03
 484.0000000000    1.0830049570e-04    3.8712684359e-03
 484.5000000000    1.0831509005e-04    3.8718038971e-03
 485.0000000000    1.0832816050e-04    3.8723501271e-03
 485.5000000000    1.0833920701e-04    3.8729230697e-03
 486.0000000000    1.0834788509e-04    3.8735315545e-03
 486.5000000000    1.0835411380e-04    3.8741758528e-03
 487.0000000000    1.0835801832e-04    3.8748482117e-03
 487.5000000000    1.0835982669e-04    3.8755350734e-03
 488.0000000000    1.0835981165e-04    3.8762205254e-03
 488.5000000000    1.0835820507e-04    3.8768894996e-03
 489.0000000000    1.0835529415e-04    3.8775311348e-03
 489.5000000000    1.0835145627e-04    3.8781400731e-03
 490.0000000000    1.0834724144e-04    3.8787166861e-03
 490.5000000000    1.0834327972e-04    3.8792661547e-03
 491.0000000000    1.0834019426e-04    3.8797967794e-03
 491.5000000000    1.0833840102e-04    3.8803183882e-03
 492.0000000000    1.0833789717e-04    3.8808410982e-03
 492.5000000000    1.0833843256e-04    3.8813738350e-03
 493.0000000000    1.0833951693e-04    3.8819233271e-03
 493.5000000000    1.0834079179e-04    3.8824929463e-03
 494.0000000000    1.0834209097e-04    3.8830820983e-03
 494.5000000000    1.0834349382e-04    3.8836862056e-03
 495.0000000000    1.0834524622e-04    3.8842978881e-03
 495.5000000000    1.0834763935e-04    3.8849088781e-03
 496.0000000000    1.0835080296e-04    3.8855119643e-03
 496.5000000000    1.0835462387e-04    3.8861028358e-03
 497.0000000000    1.0835877639e-04    3.8866806833e-03
 497.5000000000    1.0836274068e-04    3.8872476688e-03
 498.0000000000    1.0836593313e-04    3.8878081947e-03
 498.5000000000    1.0836798838e-04    3.8883677063e-03
 499.0000000000    1.0836869984e-04    3.8889319136e-03
 499.5000000000    1.0836829576e-04    3.8895054826e-03
 500.0000000000    1.0836731351e-04    3.8900921288e-03
 500.5000000000    1.0836638051e-04    3.8906935624e-03
 501.0000000000    1.0836610829e-04    3.8913099288e-03
 501.5000000000    1.0836691680e-04    3.8919398945e-03
 502.0000000000    1.0836902212e-04    3.8925815200e-03
 502.5000000000    1.0837258856e-04    3.8932331220e-03
 503.0000000000    1.0837786703e-04    3.8938932553e-03
 503.5000000000    1.0838553006e-04    3.8945602587e-03
 504.0000000000    1.0839640618e-04    3.8952310223e-03
 504.5000000000    1.0841147022e-04    3.8958992582e-03
 505.0000000000    1.0843145563e-04    3.8965542761e-03
 505.5000000000    1.0845648008e-04    3.8971817503e-03
 506.0000000000    1.0848582094e-04    3.8977663633e-03
 506.5000000000    1.0851786816e-04    3.8982950469e-03
 507.0000000000    1.0855011107e-04    3.8987602370e-03
 507.5000000000    1.0857927380e-04    3.8991620367e-03
 508.0000000000    1.0860185849e-04    3.8995085742e-03
 508.5000000000    1.0861425330e-04    3.8998148759e-03
 509.0000000000    1.0861352640e-04    3.9001009856e-03
 509.5000000000    1.0859790014e-04    3.9003902851e-03
 510.0000000000    1.0856728358e-04    3.9007074003e-03
 510.5000000000    1.0852349450e-04    3.9010754937e-03
 511.0000000000    1.0847021409e-04    3.9015126632e-03
 511.5000000000    1.0841249767e-04    3.9020277501e-03
 512.0000000000    1.0835606076e-04    3.9026170466e-03
 512.5000000000    1.0830643168e-04    3.9032635391e-03
 513.0000000000    1.0826813547e-04    3.9039400549e-03
 513.5000000000    1.0824402560e-04    3.9046158417e-03
 514.0000000000    1.0823498020e-04    3.9052646216e-03
 514.5000000000    1.0823979585e-04    3.9058711936e-03
 515.0000000000    1.0825547379e-04    3.9064338491e-03
 515.5000000000    1.0827789102e-04    3.9069630054e-03
 516.0000000000    1.0830267973e-04    3.9074760435e-03
 516.5000000000    1.0832605041e-04    3.9079921980e-03
 517.0000000000    1.0834558267e-04    3.9085250669e-03
 517.5000000000    1.0836039584e-04    3.9090863065e-03
 518.0000000000    1.0837120580e-04    3.9096796874e-03
 518.5000000000    1.0837966501e-04    3.9103030218e-03
 519.0000000000    1.0838774465e-04    3.9109481650e-03
 519.5000000000    1.0839702118e-04    3.9116015664e-03
 520.0000000000    1.0840828080e-04    3.9122458479e-03
 520.5000000000    1.0842134338e-04    3.9128638149e-03
 521.0000000000    1.0843536793e-04    3.9134428220e-03
 521.5000000000    1.0844912599e-04    3.9139786214e-03
 522.0000000000    1.0846135826e-04    3.9144763069e-03
 522.5000000000    1.0847118088e-04    3.9149481508e-03
 523.0000000000    1.0847819594e-04    3.9154091606e-03
 523.5000000000    1.0848254487e-04    3.9158722838e-03
 524.0000000000    1.0848482152e-04    3.9163457562e-03
 524.5000000000    1.0848588768e-04    3.9168330616e-03
 525.0000000000    1.0848664871e-04    3.9173341466e-03
 525.5000000000    1.0848782430e-04    3.9178472282e-03
 526.0000000000    1.0848980046e-04    3.9183690891e-03
 526.5000000000    1.0849252118e-04    3.9188958952e-03
 527.0000000000    1.0849559106e-04    3.9194225681e-03
 527.5000000000    1.0849847217e-04    3.9199437342e-03
 528.0000000000    1.0850059070e-04    3.9204556621e-03
 528.5000000000    1.0850170137e-04    3.9209578945e-03
 529.0000000000    1.0850181143e-04    3.9214537522e-03
 529.5000000000    1.0850121496e-04    3.9219494500e-03
 530.0000000000    1.0850042678e-04    3.9224517692e-03
 530.5000000000    1.0849976826e-04    3.9229658129e-03
 531.0000000000    1.0849963977e-04    3.9234936326e-03
 531.5000000000    1.0850005713e-04    3.9240348168e-03
 532.0000000000    1.0850092848e-04    3.9245871645e-03
 532.5000000000    1.0850212799e-04    3.9251475800e-03
 533.0000000000    1.0850355170e-04    3.9257126767e-03
 533.5000000000    1.0850513212e-04    3.9262790632e-03
 534.0000000000    1.0850698762e-04    3.9268414255e-03
 534.5000000000    1.0850914838e-04    3.9273959344e-03
 535.0000000000    1.0851168573e-04    3.9279369520e-03
 535.5000000000    1.0851453311e-04    3.9284620456e-03
 536.0000000000    1.0851765914e-04    3.9289693063e-03
 536.5000000000    1.0852097453e-04    3.9294605098e-03
 537.0000000000    1.0852436635e-04    3.9299359905e-03
 537.5000000000    1.0852777130e-04    3.9304001092e-03
 538.0000000000    1.0853110642e-04    3.9308561115e-03
 538.5000000000    1.0853423507e-04    3.9313078804e-03
 539.0000000000    1.0853708299e-04    3.9317602023e-03
 539.5000000000    1.0853952249e-04    3.9322191349e-03
 540.0000000000    1.0854153820e-04    3.9326911140e-03
 540.5000000000    1.0854322653e-04    3.9331816111e-03
 541.0000000000    1.0854480413e-04    3.9336941756e-03
 541.5000000000    1.0854655233e-04    3.9342233854e-03
 542.0000000000    1.0854881511e-04    3.9347619306e-03
 542.5000000000    1.0855179107e-04    3.9352933906e-03
 543.0000000000    1.0855539326e-04    3.9357967379e-03
 543.5000000000    1.0855906665e-04    3.9362490628e-03
 544.0000000000    1.0856168907e-04    3.9366290202e-03
 544.5000000000    1.0856142058e-04    3.9369258228e-03
 545.0000000000    1.0855594505e-04    3.9371420876e-03
 545.5000000000    1.0854273787e-04    3.9372979761e-03
 546.0000000000    1.0851947675e-04    3.9374320249e-03
 546.5000000000    1.0848483800e-04    3.9375986235e-03
 547.0000000000    1.0843894897e-04    3.9378609672e-03
 547.5000000000    1.0838405108e-04    3.9382805523e-03
 548.0000000000    1.0832479363e-04    3.9389046058e-03
 548.5000000000    1.0826796905e-04    3.9397540288e-03
 549.0000000000    1.0822207291e-04    3.9408147103e-03
 549.5000000000    1.0819590166e-04    3.9420345087e-03
 550.0000000000    1.0819725843e-04    3.9433287962e-03
 550.5000000000    1.0823117527e-04    3.9445931979e-03
 551.0000000000    1.0829864146e-04    3.9457231743e-03
 551.5000000000    1.0839602915e-04    3.9466290042e-03
 552.0000000000    1.0851518066e-04    3.9472635401e-03
 552.5000000000    1.0864447996e-04    3.9476222085e-03
 553.0000000000    1.0877067773e-04    3.9477510546e-03
 553.5000000000    1.0888096887e-04    3.9477305793e-03
 554.0000000000    1.0896494906e-04    3.9476666277e-03
 554.5000000000    1.0901652716e-04    3.9476641131e-03
 555.0000000000    1.0903456675e-04    3.9478054479e-03
 555.5000000000    1.0902293259e-04    3.9481345409e-03
 556.0000000000    1.0898944917e-04    3.9486510647e-03
 556.5000000000    1.0894402469e-04    3.9492988581e-03
 557.0000000000    1.0889649080e-04    3.9500088743e-03
 557.5000000000    1.0885451395e-04    3.9506852179e-03
 558.0000000000    1.0882231101e-04    3.9512549211e-03
 558.5000000000    1.0880019713e-04    3.9516475801e-03
 559.0000000000    1.0878537134e-04    3.9518645216e-03
 559.5000000000    1.0877336967e-04    3.9519271582e-03
 560.0000000000    1.0875965587e-04    3.9518950901e-03
 560.5000000000    1.0874116224e-04    3.9518439828e-03
 561.0000000000    1.0871713230e-04    3.9518541013e-03
 561.5000000000    1.0868915107e-04    3.9519869462e-03
 562.0000000000    1.0866040510e-04    3.9522766898e-03
 562.5000000000    1.0863472765e-04    3.9527245188e-03
 563.0000000000    1.0861538118e-04    3.9533002926e-03
 563.5000000000    1.0860402251e-04    3.9539530264e-03
 564.0000000000    1.0860041188e-04    3.9546235449e-03
 564.5000000000    1.0860250635e-04    3.9552583976e-03
 565.0000000000    1.0860718519e-04    3.9558191250e-03
 565.5000000000    1.0861123852e-04    3.9562907921e-03
 566.0000000000    1.0861231692e-04    3.9566780695e-03
 566.5000000000    1.0860951303e-04    3.9570052334e-03
 567.0000000000    1.0860349718e-04    3.9573060057e-03
 567.5000000000    1.0859625235e-04    3.9576181065e-03
 568.0000000000    1.0859024327e-04    3.9579737247e-03
 568.5000000000    1.0858771871e-04    3.9583941834e-03
 569.0000000000    1.0859015650e-04    3.9588857774e-03
 569.5000000000    1.0859782529e-04    3.9594394622e-03
 570.0000000000    1.0861004363e-04    3.9600335764e-03
 570.5000000000    1.0862524004e-04    3.9606394784e-03
 571.0000000000    1.0864155193e-04    3.9612258094e-03
 571.5000000000    1.0865710420e-04    3.9617692104e-03
 572.0000000000    1.0867033609e-04    3.9622551897e-03
 572.5000000000    1.0868020902e-04    3.9626815529e-03
 573.0000000000    1.0868620211e-04    3.9630570626e-03
 573.5000000000    1.0868828455e-04    3.9633966636e-03
 574.0000000000    1.0868670318e-04    3.9637226473e-03
 574.5000000000    1.0868202587e-04    3.9640547929e-03
 575.0000000000    1.0867478953e-04    3.9644083500e-03
 575.5000000000    1.0866573967e-04    3.9647912039e-03
 576.0000000000    1.0865534828e-04    3.9652031052e-03
 576.5000000000    1.0864411796e-04    3.9656338842e-03
 577.0000000000    1.0863261113e-04    3.9660752420e-03
 577.5000000000    1.0862096854e-04    3.9665154629e-03
 578.0000000000    1.0860929192e-04    3.9669487284e-03
 578.5000000000    1.0859759643e-04    3.9673766097e-03
 579.0000000000    1.0858606291e-04    3.9678096956e-03
 579.5000000000    1.0857508506e-04    3.9682686583e-03
 580.0000000000    1.0856568982e-04    3.9687713315e-03
 580.5000000000    1.0855989916e-04    3.9693442337e-03
 581.0000000000    1.0856044455e-04    3.9700051088e-03
 581.5000000000    1.0857073647e-04    3.9707610648e-03
 582.0000000000    1.0859452088e-04    3.9716049806e-03
 582.5000000000    1.0863528378e-04    3.9725150606e-03
 583.0000000000    1.0869565350e-04    3.9734536271e-03
 583.5000000000    1.0877673123e-04    3.9743717978e-03
 584.0000000000    1.0887776121e-04    3.9752137100e-03
 584.5000000000    1.0899566804e-04    3.9759237545e-03
 585.0000000000    1.0912503509e-04    3.9764559376e-03
 585.5000000000    1.0925830082e-04    3.9767737747e-03
 586.0000000000    1.0938642390e-04    3.9768678769e-03
 586.5000000000    1.0949944715e-04    3.9767485929e-03
 587.0000000000    1.0958754362e-04    3.9764429481e-03
 587.5000000000    1.0964202139e-04    3.9760057136e-03
 588.0000000000    1.0965639454e-04    3.9754985706e-03
 588.5000000000    1.0962719670e-04    3.9749900278e-03
 589.0000000000    1.0955449272e-04    3.9745367087e-03
 589.5000000000    1.0944228502e-04    3.9741964960e-03
 590.0000000000    1.0929789443e-04    3.9740036411e-03
 590.5000000000    1.0913134806e-04    3.9739645413e-03
 591.0000000000    1.0895444038e-04    3.9740798713e-03
 591.5000000000    1.0877906232e-04    3.9743255929e-03
 592.0000000000    1.0861610643e-04    3.9746707297e-03
 592.5000000000    1.0847439054e-04    3.9750799676e-03
 593.0000000000    1.0835978285e-04    3.9755241356e-03
 593.5000000000    1.0827523289e-04    3.9759814852e-03
 594.0000000000    1.0822091182e-04    3.9764428958e-03
 594.5000000000    1.0819478059e-04    3.9769108134e-03
 595.0000000000    1.0819336607e-04    3.9773933346e-03
 595.5000000000    1.0821219026e-04    3.9779045396e-03
 596.0000000000    1.0824689709e-04    3.9784563992e-03
 596.5000000000    1.0829320146e-04    3.9790554679e-03
 597.0000000000    1.0834707003e-04    3.9797006163e-03
 597.5000000000    1.0840517290e-04    3.9803819747e-03
 598.0000000000    1.0846500507e-04    3.9810834080e-03
 598.5000000000    1.0852421904e-04    3.9817801656e-03
 599.0000000000    1.0858108364e-04    3.9824521627e-03
 599.5000000000    1.0863423785e-04    3.9830776563e-03
 600.0000000000    1.0868229468e-04    3.9836439725e-03
 600.5000000000    1.0872415395e-04    3.9841368412e-03
 601.0000000000    1.0875924440e-04    3.9845613113e-03
 601.5000000000    1.0878746148e-04    3.9849223245e-03
 602.0000000000    1.0880912848e-04    3.9852303980e-03
 602.5000000000    1.0882504662e-04    3.9854980651e-03
 603.0000000000    1.0883630888e-04    3.9857385371e-03
 603.5000000000    1.0884387711e-04    3.9859673561e-03
 604.0000000000    1.0884842301e-04    3.9861871117e-03
 604.5000000000    1.0885059843e-04    3.9863911891e-03
 605.0000000000    1.0885079459e-04    3.9866042836e-03
 605.5000000000    1.0884931212e-04    3.9868194219e-03
 606.0000000000    1.0884620900e-04    3.9870397280e-03
 606.5000000000    1.0884144426e-04    3.9872603963e-03
 607.0000000000    1.0883510976e-04    3.9874903617e-03
 607.5000000000    1.0882698757e-04    3.9877310389e-03
 608.0000000000    1.0881690374e-04    3.9879872175e-03
 608.5000000000    1.0880474969e-04    3.9882623120e-03
 609.0000000000    1.0879040788e-04    3.9885619513e-03
 609.5000000000    1.0877385854e-04    3.9888887385e-03
 610.0000000000    1.0875503794e-04    3.9892465780e-03
 610.5000000000    1.0873401959e-04    3.9896386330e-03
 611.0000000000    1.0871082549e-04    3.9900703714e-03
 611.5000000000    1.0868570768e-04    3.9905496141e-03
 612.0000000000    1.0865936602e-04    3.9910886886e-03
 612.5000000000    1.0863283468e-04    3.9917042270e-03
 613.0000000000    1.0860802491e-04    3.9924158406e-03
 613.5000000000    1.0858773086e-04    3.9932429209e-03
 614.0000000000    1.0857526471e-04    3.9942000499e-03
 614.5000000000    1.0857501767e-04    3.9952915699e-03
 615.0000000000    1.0859191252e-04    3.9965063516e-03
 615.5000000000    1.0863039560e-04    3.9978141082e-03
 616.0000000000    1.0869438936e-04    3.9991640368e-03
 616.5000000000    1.0878632332e-04    4.0004868786e-03
 617.0000000000    1.0890627167e-04    4.0017003343e-03
 617.5000000000    1.0905141702e-04    4.0027181239e-03
 618.0000000000    1.0921577027e-04    4.0034609381e-03
 618.5000000000    1.0939003490e-04    4.0038681455e-03
 619.0000000000    1.0956249311e-04    4.0039080462e-03
 619.5000000000    1.0971976842e-04    4.0035848944e-03
 620.0000000000    1.0984774106e-04    4.0029410496e-03
 620.5000000000    1.0993398112e-04    4.0020531906e-03
 621.0000000000    1.0996861880e-04    4.0010239694e-03
 621.5000000000    1.0994605945e-04    3.9999653096e-03
 622.0000000000    1.0986568160e-04    3.9989881877e-03
 622.5000000000    1.0973244666e-04    3.9981841003e-03
 623.0000000000    1.0955652287e-04    3.9976142064e-03
 623.5000000000    1.0935175473e-04    3.9972984328e-03
 624.0000000000    1.0913426959e-04    3.9972249203e-03
 624.5000000000    1.0892041692e-04    3.9973475471e-03
 625.0000000000    1.0872479642e-04    3.9976028459e-03
 625.5000000000    1.0855856419e-04    3.9979231278e-03
 626.0000000000    1.0842870577e-04    3.9982514552e-03
 626.5000000000    1.0833754389e-04    3.9985526593e-03
 627.0000000000    1.0828376101e-04    3.9988181571e-03
 627.5000000000    1.0826278897e-04    3.9990658618e-03
 628.0000000000    1.0826846962e-04    3.9993330027e-03
 628.5000000000    1.0829417723e-04    3.9996665191e-03
 629.0000000000    1.0833381289e-04    4.0001087249e-03
 629.5000000000    1.0838242280e-04    4.0006905777e-03
 630.0000000000    1.0843636499e-04    4.0014216373e-03
 630.5000000000    1.0849320426e-04    4.0022879057e-03
 631.0000000000    1.0855145664e-04    4.0032550577e-03
 631.5000000000    1.0861009495e-04    4.0042699901e-03
 632.0000000000    1.0866825036e-04    4.0052791476e-03
 632.5000000000    1.0872501671e-04    4.0062282830e-03
 633.0000000000    1.0877952943e-04    4.0070757398e-03
 633.5000000000    1.0883087821e-04    4.0077957196e-03
 634.0000000000    1.0887838936e-04    4.0083813316e-03
 634.5000000000    1.0892148991e-04    4.0088425302e-03
 635.0000000000    1.0895989533e-04    4.0092013867e-03
 635.5000000000    1.0899350297e-04    4.0094872329e-03
 636.0000000000    1.0902212802e-04    4.0097301417e-03
 636.5000000000    1.0904550923e-04    4.0099564313e-03
 637.0000000000    1.0906321038e-04    4.0101847880e-03
 637.5000000000    1.0907464667e-04    4.0104250966e-03
 638.0000000000    1.0907932651e-04    4.0106794924e-03
 638.5000000000    1.0907704467e-04    4.0109430276e-03
 639.0000000000    1.0906796908e-04    4.0112085326e-03
 639.5000000000    1.0905302321e-04    4.0114679831e-03
 640.0000000000    1.0903368094e-04    4.0117184244e-03
 640.5000000000    1.0901175030e-04    4.0119465268e-03
 641.0000000000    1.0898929670e-04    4.0121633194e-03
 641.5000000000    1.0896833089e-04    4.0123727821e-03
 642.0000000000    1.0895037249e-04    4.0125750776e-03
 642.5000000000    1.0893654419e-04    4.0127882451e-03
 643.0000000000    1.0892727206e-04    4.0130174694e-03
 643.5000000000    1.0892239953e-04    4.0132753052e-03
 644.0000000000    1.0892124511e-04    4.0135696081e-03
 644.5000000000    1.0892275979e-04    4.0139067020e-03
 645.0000000000    1.0892580263e-04    4.0142909726e-03
 645.5000000000    1.0892934717e-04    4.0147254951e-03
 646.0000000000    1.0893248566e-04    4.0152033456e-03
 646.5000000000    1.0893494746e-04    4.0157265269e-03
 647.0000000000    1.0893668871e-04    4.0162877155e-03
 647.5000000000    1.0893805342e-04    4.0168823934e-03
 648.0000000000    1.0893965005e-04    4.0175040842e-03
 648.5000000000    1.0894185504e-04    4.0181467416e-03
 649.0000000000    1.0894502956e-04    4.0188049988e-03
 649.5000000000    1.0894944673e-04    4.0194727627e-03
 650.0000000000    1.0895492503e-04    4.0201448846e-03
 650.5000000000    1.0896131577e-04    4.0208140378e-03
 651.0000000000    1.0896838749e-04    4.0214718224e-03
 651.5000000000    1.0897594064e-04    4.0221075163e-03
 652.0000000000    1.0898356267e-04    4.0227080762e-03
 652.5000000000    1.0899101990e-04    4.0232595229e-03
 653.0000000000    1.0899818282e-04    4.0237464465e-03
 653.5000000000    1.0900466498e-04    4.0241543797e-03
 654.0000000000    1.0901053669e-04    4.0244700769e-03
 654.5000000000    1.0901587546e-04    4.0246828621e-03
 655.0000000000    1.0902084922e-04    4.0247857212e-03
 655.5000000000    1.0902566054e-04    4.0247753645e-03
 656.0000000000    1.0903048965e-04    4.0246534164e-03
 656.5000000000    1.0903532496e-04    4.0244258812e-03
 657.0000000000    1.0903993093e-04    4.0241037683e-03
 657.5000000000    1.0904414366e-04    4.0237029292e-03
 658.0000000000    1.0904739623e-04    4.0232436013e-03
 658.5000000000    1.0904917287e-04    4.0227501853e-03
 659.0000000000    1.0904912211e-04    4.0222502286e-03
 659.5000000000    1.0904693711e-04    4.0217735824e-03
 660.0000000000    1.0904264890e-04    4.0213508743e-03
 660.5000000000    1.0903640753e-04    4.0210121233e-03
 661.0000000000    1.0902830355e-04    4.0207853085e-03
 661.5000000000    1.0901866429e-04    4.0206944980e-03
 662.0000000000    1.0900775379e-04    4.0207588529e-03
 662.5000000000    1.0899582107e-04    4.0209912616e-03
 663.0000000000    1.0898327236e-04    4.0213976961e-03
 663.5000000000    1.0897062789e-04    4.0219771064e-03
 664.0000000000    1.0895861743e-04    4.0227214057e-03
 664.5000000000    1.0894811084e-04    4.0236159566e-03
 665.0000000000    1.0893988141e-04    4.0246401443e-03
 665.5000000000    1.0893463708e-04    4.0257683404e-03
 666.0000000000    1.0893288468e-04    4.0269706911e-03
 666.5000000000    1.0893514940e-04    4.0282140979e-03
 667.0000000000    1.0894161232e-04    4.0294635546e-03
 667.5000000000    1.0895236787e-04    4.0306834077e-03
 668.0000000000    1.0896749440e-04    4.0318390347e-03
 668.5000000000    1.0898678712e-04    4.0328984176e-03
 669.0000000000    1.0900984819e-04    4.0338340868e-03
 669.5000000000    1.0903597002e-04    4.0346249271e-03
 670.0000000000    1.0906389703e-04    4.0352574524e-03
 670.5000000000    1.0909231752e-04    4.0357269835e-03
 671.0000000000    1.0911970454e-04    4.0360382192e-03
 671.5000000000    1.0914434573e-04    4.0362049868e-03
 672.0000000000    1.0916474065e-04    4.0362490602e-03
 672.5000000000    1.0917961162e-04    4.0361987492e-03
 673.0000000000    1.0918807880e-04    4.0360866118e-03
 673.5000000000    1.0918967134e-04    4.0359468543e-03
 674.0000000000    1.0918440001e-04    4.0358128753e-03
 674.5000000000    1.0917289028e-04    4.0357147268e-03
 675.0000000000    1.0915616824e-04    4.0356770249e-03
 675.5000000000    1.0913577282e-04    4.0357174879e-03
 676.0000000000    1.0911347155e-04    4.0358462311e-03
 676.5000000000    1.0909123536e-04    4.0360656264e-03
 677.0000000000    1.0907085020e-04    4.0363708254e-03
 677.5000000000    1.0905386281e-04    4.0367508748e-03
 678.0000000000    1.0904140504e-04    4.0371900530e-03
 678.5000000000    1.0903406513e-04    4.0376696889e-03
 679.0000000000    1.0903186658e-04    4.0381695207e-03
 679.5000000000    1.0903438765e-04    4.0386689564e-03
 680.0000000000    1.0904084573e-04    4.0391481477e-03
 680.5000000000    1.0905012828e-04    4.0395883709e-03
 681.0000000000    1.0906111218e-04    4.0399723375e-03
 681.5000000000    1.0907265375e-04    4.0402838566e-03
 682.0000000000    1.0908386737e-04    4.0405077027e-03
 682.5000000000    1.0909410470e-04    4.0406296691e-03
 683.0000000000    1.0910330523e-04    4.0406442758e-03
 683.5000000000    1.0911159346e-04    4.0405168731e-03
 684.0000000000    1.0911934276e-04    4.0402613313e-03
 684.5000000000    1.0912722670e-04    4.0398648298e-03
 685.0000000000    1.0913570598e-04    4.0393282555e-03
 685.5000000000    1.0914501679e-04    4.0386592420e-03
 686.0000000000    1.0915483816e-04    4.0378739926e-03
 686.5000000000    1.0916461625e-04    4.0369979952e-03
 687.0000000000    1.0917356625e-04    4.0360660891e-03
 687.5000000000    1.0918075253e-04    4.0351214003e-03
 688.0000000000    1.0918530384e-04    4.0342136756e-03
 688.5000000000    1.0918666754e-04    4.0333965870e-03
 689.0000000000    1.0918432178e-04    4.0327243549e-03
 689.5000000000    1.0917782799e-04    4.0322484430e-03
 690.0000000000    1.0916691114e-04    4.0320138113e-03
 690.5000000000    1.0915136866e-04    4.0320556523e-03
 691.0000000000    1.0913137191e-04    4.0323970067e-03
 691.5000000000    1.0910794766e-04    4.0330470355e-03
 692.0000000000    1.0908262454e-04    4.0340004941e-03
 692.5000000000    1.0905749643e-04    4.0352381556e-03
 693.0000000000    1.0903495894e-04    4.0367283128e-03
 693.5000000000    1.0901716923e-04    4.0384288810e-03
 694.0000000000    1.0900547171e-04    4.0402900021e-03
 694.5000000000    1.0900076935e-04    4.0422569962e-03
 695.0000000000    1.0900321273e-04    4.0442759872e-03
 695.5000000000    1.0901250804e-04    4.0462830145e-03
 696.0000000000    1.0902804477e-04    4.0482325396e-03
 696.5000000000    1.0904886733e-04    4.0500791600e-03
 697.0000000000    1.0907355693e-04    4.0517463605e-03
 697.5000000000    1.0910045816e-04    4.0532344582e-03
 698.0000000000    1.0912757499e-04    4.0545034387e-03
 698.5000000000    1.0915301874e-04    4.0555036786e-03
 699.0000000000    1.0917526473e-04    4.0562450913e-03
 699.5000000000    1.0919322872e-04    4.0567081689e-03
 700.0000000000    1.0920640594e-04    4.0568917182e-03
