#          time         max mod phi
   0.0000000000    2.9999349190e-02
   0.5000000000    2.9999743045e-02
   1.0000000000    2.9999603615e-02
   1.5000000000    2.9999777683e-02
   2.0000000000    2.9999727510e-02
   2.5000000000    2.9999713534e-02
   3.0000000000    2.9999713205e-02
   3.5000000000    2.9999567541e-02
   4.0000000000    2.9999759773e-02
   4.5000000000    2.9999579850e-02
   5.0000000000    2.9999813762e-02
   5.5000000000    2.9999649858e-02
   6.0000000000    2.9999626500e-02
   6.5000000000    2.9999600527e-02
   7.0000000000    2.9999541436e-02
   7.5000000000    2.9999779462e-02
   8.0000000000    2.9999596492e-02
   8.5000000000    2.9999813640e-02
   9.0000000000    2.9999592840e-02
   9.5000000000    2.9999601007e-02
  10.0000000000    2.9999619325e-02
  10.5000000000    2.9999651543e-02
  11.0000000000    2.9999887858e-02
  11.5000000000    2.9999672787e-02
  12.0000000000    2.9999833905e-02
  12.5000000000    2.9999564991e-02
  13.0000000000    2.9999651333e-02
  13.5000000000    2.9999695054e-02
  14.0000000000    2.9999799456e-02
  14.5000000000    2.9999967816e-02
  15.0000000000    2.9999745247e-02
  15.5000000000    2.9999826019e-02
  16.0000000000    2.9999525038e-02
  16.5000000000    2.9999725283e-02
  17.0000000000    2.9999760156e-02
  17.5000000000    2.9999923325e-02
  18.0000000000    2.9999986143e-02
  18.5000000000    2.9999784701e-02
  19.0000000000    2.9999799298e-02
  19.5000000000    2.9999481313e-02
  20.0000000000    2.9999805008e-02
  20.5000000000    2.9999772870e-02
  21.0000000000    3.0000014222e-02
  21.5000000000    2.9999940766e-02
  22.0000000000    2.9999801602e-02
  22.5000000000    2.9999761923e-02
  23.0000000000    2.9999592994e-02
  23.5000000000    2.9999852423e-02
  24.0000000000    2.9999808752e-02
  24.5000000000    3.0000059832e-02
  25.0000000000    2.9999861947e-02
  25.5000000000    2.9999827447e-02
  26.0000000000    2.9999676341e-02
  26.5000000000    2.9999688976e-02
  27.0000000000    2.9999953539e-02
  27.5000000000    2.9999845900e-02
  28.0000000000    3.0000043359e-02
  28.5000000000    2.9999726496e-02
  29.0000000000    2.9999803497e-02
  29.5000000000    2.9999660144e-02
  30.0000000000    2.9999776960e-02
  30.5000000000    2.9999902226e-02
  31.0000000000    2.9999904000e-02
  31.5000000000    2.9999992203e-02
  32.0000000000    2.9999669794e-02
  32.5000000000    2.9999790945e-02
  33.0000000000    2.9999615960e-02
  33.5000000000    2.9999887429e-02
  34.0000000000    2.9999862008e-02
  34.5000000000    2.9999945236e-02
  35.0000000000    2.9999904659e-02
  35.5000000000    2.9999702399e-02
  36.0000000000    2.9999767237e-02
  36.5000000000    2.9999577726e-02
  37.0000000000    2.9999913497e-02
  37.5000000000    2.9999791658e-02
  38.0000000000    2.9999944387e-02
  38.5000000000    2.9999768736e-02
  39.0000000000    2.9999709543e-02
  39.5000000000    2.9999706428e-02
  40.0000000000    2.9999649246e-02
  40.5000000000    2.9999861770e-02
  41.0000000000    2.9999663948e-02
  41.5000000000    2.9999872030e-02
  42.0000000000    2.9999601724e-02
  42.5000000000    2.9999692746e-02
  43.0000000000    2.9999613676e-02
  43.5000000000    2.9999696213e-02
  44.0000000000    2.9999802331e-02
  44.5000000000    2.9999706575e-02
  45.0000000000    2.9999809114e-02
  45.5000000000    2.9999467101e-02
  46.0000000000    2.9999673121e-02
  46.5000000000    2.9999520985e-02
  47.0000000000    2.9999731604e-02
  47.5000000000    2.9999731122e-02
  48.0000000000    2.9999721552e-02
  48.5000000000    2.9999712134e-02
  49.0000000000    2.9999493955e-02
  49.5000000000    2.9999641776e-02
  50.0000000000    2.9999421452e-02
  50.5000000000    2.9999732390e-02
  51.0000000000    2.9999620653e-02
  51.5000000000    2.9999693893e-02
  52.0000000000    2.9999601180e-02
  52.5000000000    2.9999501431e-02
  53.0000000000    2.9999592364e-02
  53.5000000000    2.9999438748e-02
  54.0000000000    2.9999693922e-02
  54.5000000000    2.9999480017e-02
  55.0000000000    2.9999633554e-02
  55.5000000000    2.9999472659e-02
  56.0000000000    2.9999488609e-02
  56.5000000000    2.9999520033e-02
  57.0000000000    2.9999461641e-02
  57.5000000000    2.9999621795e-02
  58.0000000000    2.9999359356e-02
  58.5000000000    2.9999557816e-02
  59.0000000000    2.9999325852e-02
  59.5000000000    2.9999465831e-02
  60.0000000000    2.9999424252e-02
  60.5000000000    2.9999462023e-02
  61.0000000000    2.9999520171e-02
  61.5000000000    2.9999344517e-02
  62.0000000000    2.9999463853e-02
  62.5000000000    2.9999170752e-02
  63.0000000000    2.9999423851e-02
  63.5000000000    2.9999311793e-02
  64.0000000000    2.9999426910e-02
  64.5000000000    2.9999397580e-02
  65.0000000000    2.9999294435e-02
  65.5000000000    2.9999358534e-02
  66.0000000000    2.9999118642e-02
  66.5000000000    2.9999363329e-02
  67.0000000000    2.9999195079e-02
  67.5000000000    2.9999362130e-02
  68.0000000000    2.9999270292e-02
  68.5000000000    2.9999222982e-02
  69.0000000000    2.9999252770e-02
  69.5000000000    2.9999079371e-02
  70.0000000000    2.9999290230e-02
  70.5000000000    2.9999080296e-02
  71.0000000000    2.9999274646e-02
  71.5000000000    2.9999145923e-02
  72.0000000000    2.9999133716e-02
  72.5000000000    2.9999155470e-02
  73.0000000000    2.9999014932e-02
  73.5000000000    2.9999209851e-02
  74.0000000000    2.9998977715e-02
  74.5000000000    2.9999167346e-02
  75.0000000000    2.9999026026e-02
  75.5000000000    2.9999029412e-02
  76.0000000000    2.9999065726e-02
  76.5000000000    2.9998929593e-02
  77.0000000000    2.9999120457e-02
  77.5000000000    2.9998888634e-02
  78.0000000000    2.9999052951e-02
  78.5000000000    2.9998925822e-02
  79.0000000000    2.9998908085e-02
  79.5000000000    2.9998981429e-02
  80.0000000000    2.9998807982e-02
  80.5000000000    2.9999026197e-02
  81.0000000000    2.9998813752e-02
  81.5000000000    2.9998913055e-02
  82.0000000000    2.9998836488e-02
  82.5000000000    2.9998766230e-02
  83.0000000000    2.9998901370e-02
  83.5000000000    2.9998648888e-02
  84.0000000000    2.9998912365e-02
  84.5000000000    2.9998750393e-02
  85.0000000000    2.9998753569e-02
  85.5000000000    2.9998754778e-02
  86.0000000000    2.9998592752e-02
  86.5000000000    2.9998813624e-02
  87.0000000000    2.9998637256e-02
  87.5000000000    2.9998769838e-02
  88.0000000000    2.9998687439e-02
  88.5000000000    2.9998557317e-02
  89.0000000000    2.9998666268e-02
  89.5000000000    2.9998438029e-02
  90.0000000000    2.9998697122e-02
  90.5000000000    2.9998627558e-02
  91.0000000000    2.9998577174e-02
  91.5000000000    2.9998608380e-02
  92.0000000000    2.9998293193e-02
  92.5000000000    2.9998551431e-02
  93.0000000000    2.9998468203e-02
  93.5000000000    2.9998524364e-02
  94.0000000000    2.9998583656e-02
  94.5000000000    2.9998305635e-02
  95.0000000000    2.9998478874e-02
  95.5000000000    2.9998314599e-02
  96.0000000000    2.9998366540e-02
  96.5000000000    2.9998459022e-02
  97.0000000000    2.9998259890e-02
  97.5000000000    2.9998476327e-02
  98.0000000000    2.9998295895e-02
  98.5000000000    2.9998267401e-02
  99.0000000000    2.9998305617e-02
  99.5000000000    2.9998076349e-02
 100.0000000000    2.9998367638e-02
 100.5000000000    2.9998286649e-02
 101.0000000000    2.9998254822e-02
 101.5000000000    2.9998276251e-02
 102.0000000000    2.9997958706e-02
 102.5000000000    2.9998185074e-02
 103.0000000000    2.9998153221e-02
 103.5000000000    2.9998137870e-02
 104.0000000000    2.9998273031e-02
 104.5000000000    2.9998018921e-02
 105.0000000000    2.9998107728e-02
 105.5000000000    2.9998047685e-02
 106.0000000000    2.9997890169e-02
 106.5000000000    2.9998126186e-02
 107.0000000000    2.9998028443e-02
 107.5000000000    2.9998071240e-02
 108.0000000000    2.9998081659e-02
 108.5000000000    2.9997748795e-02
 109.0000000000    2.9997951408e-02
 109.5000000000    2.9997917136e-02
 110.0000000000    2.9997872589e-02
 110.5000000000    2.9998067011e-02
 111.0000000000    2.9997888739e-02
 111.5000000000    2.9997898046e-02
 112.0000000000    2.9997879693e-02
 112.5000000000    2.9997593402e-02
 113.0000000000    2.9997869845e-02
 113.5000000000    2.9997880832e-02
 114.0000000000    2.9997784173e-02
 114.5000000000    2.9997919432e-02
 115.0000000000    2.9997710100e-02
 115.5000000000    2.9997667193e-02
 116.0000000000    2.9997740386e-02
 116.5000000000    2.9997570487e-02
 117.0000000000    2.9997784449e-02
 117.5000000000    2.9997809271e-02
 118.0000000000    2.9997522563e-02
 118.5000000000    2.9997674367e-02
 119.0000000000    2.9997562435e-02
 119.5000000000    2.9997443342e-02
 120.0000000000    2.9997668927e-02
 120.5000000000    2.9997610454e-02
 121.0000000000    2.9997591232e-02
 121.5000000000    2.9997650238e-02
 122.0000000000    2.9997409059e-02
 122.5000000000    2.9997432580e-02
 123.0000000000    2.9997531958e-02
 123.5000000000    2.9997396686e-02
 124.0000000000    2.9997585356e-02
 124.5000000000    2.9997615169e-02
 125.0000000000    2.9997316803e-02
 125.5000000000    2.9997439377e-02
 126.0000000000    2.9997425832e-02
 126.5000000000    2.9997211610e-02
 127.0000000000    2.9997525040e-02
 127.5000000000    2.9997555272e-02
 128.0000000000    2.9997303275e-02
 128.5000000000    2.9997457937e-02
 129.0000000000    2.9997360103e-02
 129.5000000000    2.9997137789e-02
 130.0000000000    2.9997412503e-02
 130.5000000000    2.9997451384e-02
 131.0000000000    2.9997270727e-02
 131.5000000000    2.9997442350e-02
 132.0000000000    2.9997329013e-02
 132.5000000000    2.9997044518e-02
 133.0000000000    2.9997261501e-02
 133.5000000000    2.9997296879e-02
 134.0000000000    2.9997110762e-02
 134.5000000000    2.9997352481e-02
 135.0000000000    2.9997289724e-02
 135.5000000000    2.9996966181e-02
 136.0000000000    2.9997099688e-02
 136.5000000000    2.9997136345e-02
 137.0000000000    2.9996997615e-02
 137.5000000000    2.9997175824e-02
 138.0000000000    2.9997228588e-02
 138.5000000000    2.9996997126e-02
 139.0000000000    2.9996948450e-02
 139.5000000000    2.9997009187e-02
 140.0000000000    2.9996927308e-02
 140.5000000000    2.9996935610e-02
 141.0000000000    2.9997137524e-02
 141.5000000000    2.9997063915e-02
 142.0000000000    2.9996802605e-02
 142.5000000000    2.9996934989e-02
 143.0000000000    2.9996919417e-02
 143.5000000000    2.9996774504e-02
 144.0000000000    2.9996994151e-02
 144.5000000000    2.9997113559e-02
 145.0000000000    2.9996966299e-02
 145.5000000000    2.9996862757e-02
 146.0000000000    2.9996947423e-02
 146.5000000000    2.9996906354e-02
 147.0000000000    2.9996758907e-02
 147.5000000000    2.9997069879e-02
 148.0000000000    2.9997147011e-02
 148.5000000000    2.9996968567e-02
 149.0000000000    2.9996919036e-02
 149.5000000000    2.9997000374e-02
 150.0000000000    2.9996972914e-02
 150.5000000000    2.9996838088e-02
 151.0000000000    2.9997139200e-02
 151.5000000000    2.9997208084e-02
 152.0000000000    2.9997036437e-02
 152.5000000000    2.9996926499e-02
 153.0000000000    2.9997040301e-02
 153.5000000000    2.9997057405e-02
 154.0000000000    2.9996956136e-02
 154.5000000000    2.9997128741e-02
 155.0000000000    2.9997223262e-02
 155.5000000000    2.9997095068e-02
 156.0000000000    2.9996801049e-02
 156.5000000000    2.9996980193e-02
 157.0000000000    2.9997072834e-02
 157.5000000000    2.9997049839e-02
 158.0000000000    2.9996950144e-02
 158.5000000000    2.9997105593e-02
 159.0000000000    2.9997059693e-02
 159.5000000000    2.9996869840e-02
 160.0000000000    2.9996734299e-02
 160.5000000000    2.9996937500e-02
 161.0000000000    2.9997025182e-02
 161.5000000000    2.9996940089e-02
 162.0000000000    2.9996777924e-02
 162.5000000000    2.9996854617e-02
 163.0000000000    2.9996813294e-02
 163.5000000000    2.9996702790e-02
 164.0000000000    2.9996573886e-02
 164.5000000000    2.9996808668e-02
 165.0000000000    2.9996877771e-02
 165.5000000000    2.9996761162e-02
 166.0000000000    2.9996491392e-02
 166.5000000000    2.9996546400e-02
 167.0000000000    2.9996639418e-02
 167.5000000000    2.9996671796e-02
 168.0000000000    2.9996595388e-02
 168.5000000000    2.9996562964e-02
 169.0000000000    2.9996650858e-02
 169.5000000000    2.9996609198e-02
 170.0000000000    2.9996497510e-02
 170.5000000000    2.9996349073e-02
 171.0000000000    2.9996540483e-02
 171.5000000000    2.9996701651e-02
 172.0000000000    2.9996713720e-02
 172.5000000000    2.9996575464e-02
 173.0000000000    2.9996365253e-02
 173.5000000000    2.9996524939e-02
 174.0000000000    2.9996656457e-02
 174.5000000000    2.9996737029e-02
 175.0000000000    2.9996714791e-02
 175.5000000000    2.9996595470e-02
 176.0000000000    2.9996729428e-02
 176.5000000000    2.9996780079e-02
 177.0000000000    2.9996798712e-02
 177.5000000000    2.9996800241e-02
 178.0000000000    2.9996754116e-02
 178.5000000000    2.9996960620e-02
 179.0000000000    2.9997086584e-02
 179.5000000000    2.9997097073e-02
 180.0000000000    2.9997044613e-02
 180.5000000000    2.9996977576e-02
 181.0000000000    2.9997029673e-02
 181.5000000000    2.9997284343e-02
 182.0000000000    2.9997437430e-02
 182.5000000000    2.9997467190e-02
 183.0000000000    2.9997401160e-02
 183.5000000000    2.9997292528e-02
 184.0000000000    2.9997336811e-02
 184.5000000000    2.9997573099e-02
 185.0000000000    2.9997755541e-02
 185.5000000000    2.9997839143e-02
 186.0000000000    2.9997812686e-02
 186.5000000000    2.9997710335e-02
 187.0000000000    2.9997596850e-02
 187.5000000000    2.9997802815e-02
 188.0000000000    2.9997998770e-02
 188.5000000000    2.9998139728e-02
 189.0000000000    2.9998185964e-02
 189.5000000000    2.9998136417e-02
 190.0000000000    2.9998031209e-02
 190.5000000000    2.9997919616e-02
 191.0000000000    2.9998103825e-02
 191.5000000000    2.9998284004e-02
 192.0000000000    2.9998407797e-02
 192.5000000000    2.9998443480e-02
 193.0000000000    2.9998399877e-02
 193.5000000000    2.9998319945e-02
 194.0000000000    2.9998247286e-02
 194.5000000000    2.9998193541e-02
 195.0000000000    2.9998356506e-02
 195.5000000000    2.9998483325e-02
 196.0000000000    2.9998531493e-02
 196.5000000000    2.9998518032e-02
 197.0000000000    2.9998486120e-02
 197.5000000000    2.9998471567e-02
 198.0000000000    2.9998476437e-02
 198.5000000000    2.9998469704e-02
 199.0000000000    2.9998414267e-02
 199.5000000000    2.9998319602e-02
 200.0000000000    2.9998353879e-02
 200.5000000000    2.9998384652e-02
 201.0000000000    2.9998438836e-02
 201.5000000000    2.9998510411e-02
 202.0000000000    2.9998567583e-02
 202.5000000000    2.9998580461e-02
 203.0000000000    2.9998544800e-02
 203.5000000000    2.9998486344e-02
 204.0000000000    2.9998441244e-02
 204.5000000000    2.9998427961e-02
 205.0000000000    2.9998434289e-02
 205.5000000000    2.9998430665e-02
 206.0000000000    2.9998394741e-02
 206.5000000000    2.9998328829e-02
 207.0000000000    2.9998335037e-02
 207.5000000000    2.9998388129e-02
 208.0000000000    2.9998470986e-02
 208.5000000000    2.9998568439e-02
 209.0000000000    2.9998654172e-02
 209.5000000000    2.9998713043e-02
 210.0000000000    2.9998753269e-02
 210.5000000000    2.9998797673e-02
 211.0000000000    2.9998868113e-02
 211.5000000000    2.9998969279e-02
 212.0000000000    2.9999084823e-02
 212.5000000000    2.9999193584e-02
 213.0000000000    2.9999287114e-02
 213.5000000000    2.9999374373e-02
 214.0000000000    2.9999475929e-02
 214.5000000000    2.9999606291e-02
 215.0000000000    2.9999765037e-02
 215.5000000000    2.9999937010e-02
 216.0000000000    3.0000105939e-02
 216.5000000000    3.0000267801e-02
 217.0000000000    3.0000434333e-02
 217.5000000000    3.0000616227e-02
 218.0000000000    3.0000826608e-02
 218.5000000000    3.0001058526e-02
 219.0000000000    3.0001302200e-02
 219.5000000000    3.0001544145e-02
 220.0000000000    3.0001783742e-02
 220.5000000000    3.0002031459e-02
 221.0000000000    3.0002293481e-02
 221.5000000000    3.0002575545e-02
 222.0000000000    3.0002872677e-02
 222.5000000000    3.0003246964e-02
 223.0000000000    3.0003666847e-02
 223.5000000000    3.0004091302e-02
 224.0000000000    3.0004527209e-02
 224.5000000000    3.0004979569e-02
 225.0000000000    3.0005446698e-02
 225.5000000000    3.0005925998e-02
 226.0000000000    3.0006409663e-02
 226.5000000000    3.0006892981e-02
 227.0000000000    3.0007375124e-02
 227.5000000000    3.0007859274e-02
 228.0000000000    3.0008346240e-02
 228.5000000000    3.0008833980e-02
 229.0000000000    3.0009449700e-02
 229.5000000000    3.0010147089e-02
 230.0000000000    3.0010841338e-02
 230.5000000000    3.0011531091e-02
 231.0000000000    3.0012215194e-02
 231.5000000000    3.0012891590e-02
 232.0000000000    3.0013555744e-02
 232.5000000000    3.0014203100e-02
 233.0000000000    3.0014886549e-02
 233.5000000000    3.0015783768e-02
 234.0000000000    3.0016667161e-02
 234.5000000000    3.0017531961e-02
 235.0000000000    3.0018372772e-02
 235.5000000000    3.0019182659e-02
 236.0000000000    3.0019957089e-02
 236.5000000000    3.0020882945e-02
 237.0000000000    3.0021935526e-02
 237.5000000000    3.0022956709e-02
 238.0000000000    3.0023939959e-02
 238.5000000000    3.0024875305e-02
 239.0000000000    3.0025754012e-02
 239.5000000000    3.0026932928e-02
 240.0000000000    3.0028096385e-02
 240.5000000000    3.0029206478e-02
 241.0000000000    3.0030259626e-02
 241.5000000000    3.0031245125e-02
 242.0000000000    3.0032569128e-02
 242.5000000000    3.0033840855e-02
 243.0000000000    3.0035023291e-02
 243.5000000000    3.0036116355e-02
 244.0000000000    3.0037345793e-02
 244.5000000000    3.0038752086e-02
 245.0000000000    3.0040062262e-02
 245.5000000000    3.0041259131e-02
 246.0000000000    3.0042513349e-02
 246.5000000000    3.0043975105e-02
 247.0000000000    3.0045309691e-02
 247.5000000000    3.0046518043e-02
 248.0000000000    3.0047903494e-02
 248.5000000000    3.0049401259e-02
 249.0000000000    3.0050734503e-02
 249.5000000000    3.0051882519e-02
 250.0000000000    3.0053429328e-02
 250.5000000000    3.0054801388e-02
 251.0000000000    3.0055991731e-02
 251.5000000000    3.0057380776e-02
 252.0000000000    3.0058804766e-02
 252.5000000000    3.0059992024e-02
 253.0000000000    3.0061193859e-02
 253.5000000000    3.0062511984e-02
 254.0000000000    3.0063566711e-02
 254.5000000000    3.0064607829e-02
 255.0000000000    3.0065819036e-02
 255.5000000000    3.0066730257e-02
 256.0000000000    3.0067604764e-02
 256.5000000000    3.0068525224e-02
 257.0000000000    3.0069066956e-02
 257.5000000000    3.0069668584e-02
 258.0000000000    3.0070200032e-02
 258.5000000000    3.0070338815e-02
 259.0000000000    3.0070685588e-02
 259.5000000000    3.0070671093e-02
 260.0000000000    3.0070271702e-02
 260.5000000000    3.0069982022e-02
 261.0000000000    3.0069157731e-02
 261.5000000000    3.0068242702e-02
 262.0000000000    3.0067106546e-02
 262.5000000000    3.0065352201e-02
 263.0000000000    3.0063715039e-02
 263.5000000000    3.0061340405e-02
 264.0000000000    3.0058612941e-02
 264.5000000000    3.0055533763e-02
 265.0000000000    3.0051680271e-02
 265.5000000000    3.0047822024e-02
 266.0000000000    3.0043060546e-02
 266.5000000000    3.0037774626e-02
 267.0000000000    3.0031814131e-02
 267.5000000000    3.0024851504e-02
 268.0000000000    3.0017537048e-02
 268.5000000000    3.0009082474e-02
 269.0000000000    2.9999966685e-02
 269.5000000000    2.9989836359e-02
 270.0000000000    2.9978446346e-02
 270.5000000000    2.9966229050e-02
 271.0000000000    2.9952451799e-02
 271.5000000000    2.9937647652e-02
 272.0000000000    2.9921434287e-02
 272.5000000000    2.9903590945e-02
 273.0000000000    2.9884536679e-02
 273.5000000000    2.9863450175e-02
 274.0000000000    2.9840637467e-02
 274.5000000000    2.9815944774e-02
 275.0000000000    2.9788950233e-02
 275.5000000000    2.9760162212e-02
 276.0000000000    2.9728975596e-02
 276.5000000000    2.9695081228e-02
 277.0000000000    2.9658919408e-02
 277.5000000000    2.9619761171e-02
 278.0000000000    2.9577432588e-02
 278.5000000000    2.9532267608e-02
 279.0000000000    2.9483841322e-02
 279.5000000000    2.9431807843e-02
 280.0000000000    2.9375947265e-02
 280.5000000000    2.9316503549e-02
 281.0000000000    2.9252779919e-02
 281.5000000000    2.9184613318e-02
 282.0000000000    2.9111855881e-02
 282.5000000000    2.9034329350e-02
 283.0000000000    2.8951920811e-02
 283.5000000000    2.8864305809e-02
 284.0000000000    2.8771080555e-02
 284.5000000000    2.8671999232e-02
 285.0000000000    2.8566855667e-02
 285.5000000000    2.8455452554e-02
 286.0000000000    2.8337558269e-02
 286.5000000000    2.8212888416e-02
 287.0000000000    2.8081446244e-02
 287.5000000000    2.7942670957e-02
 288.0000000000    2.7796285409e-02
 288.5000000000    2.7642054211e-02
 289.0000000000    2.7480452777e-02
 289.5000000000    2.7310701783e-02
 290.0000000000    2.7761269207e-02
 290.5000000000    2.8509868948e-02
 291.0000000000    2.9277631665e-02
 291.5000000000    3.0064940866e-02
 292.0000000000    3.0872152307e-02
 292.5000000000    3.1699570856e-02
 293.0000000000    3.2547460972e-02
 293.5000000000    3.3416083587e-02
 294.0000000000    3.4305733665e-02
 294.5000000000    3.5216750419e-02
 295.0000000000    3.6149491951e-02
 295.5000000000    3.7104292565e-02
 296.0000000000    3.8081434890e-02
 296.5000000000    3.9081163187e-02
 297.0000000000    4.0103728594e-02
 297.5000000000    4.1149441049e-02
 298.0000000000    4.2218692381e-02
 298.5000000000    4.3311938661e-02
 299.0000000000    4.4429658111e-02
 299.5000000000    4.5572320889e-02
 300.0000000000    4.6740402310e-02
 300.5000000000    4.7934438492e-02
 301.0000000000    4.9155098853e-02
 301.5000000000    5.0403234904e-02
 302.0000000000    5.1679884369e-02
 302.5000000000    5.2986240309e-02
 303.0000000000    5.4323621596e-02
 303.5000000000    5.5693482556e-02
 304.0000000000    5.7097472565e-02
 304.5000000000    5.8537527389e-02
 305.0000000000    6.0015951836e-02
 305.5000000000    6.1535459272e-02
 306.0000000000    6.3099165129e-02
 306.5000000000    6.4710560531e-02
 307.0000000000    6.6373506644e-02
 307.5000000000    6.8092277628e-02
 308.0000000000    6.9871647988e-02
 308.5000000000    7.1716994838e-02
 309.0000000000    7.3634374967e-02
 309.5000000000    7.5630553269e-02
 310.0000000000    7.7712989840e-02
 310.5000000000    7.9889815495e-02
 311.0000000000    8.2169833950e-02
 311.5000000000    8.4562570423e-02
 312.0000000000    8.7078360817e-02
 312.5000000000    8.9728452946e-02
 313.0000000000    9.2525087835e-02
 313.5000000000    9.5481540784e-02
 314.0000000000    9.8612130424e-02
 314.5000000000    1.0193221624e-01
 315.0000000000    1.0545821761e-01
 315.5000000000    1.0920766739e-01
 316.0000000000    1.1319929674e-01
 316.5000000000    1.1745312084e-01
 317.0000000000    1.2199048474e-01
 317.5000000000    1.2683401703e-01
 318.0000000000    1.3200744352e-01
 318.5000000000    1.3753519708e-01
 319.0000000000    1.4344172634e-01
 319.5000000000    1.4975037604e-01
 320.0000000000    1.5648160409e-01
 320.5000000000    1.6365026429e-01
 321.0000000000    1.7126159664e-01
 321.5000000000    1.7930559131e-01
 322.0000000000    1.8774956972e-01
 322.5000000000    1.9652926300e-01
 323.0000000000    2.0553952899e-01
 323.5000000000    2.1462703507e-01
 324.0000000000    2.2358833651e-01
 324.5000000000    2.3217669196e-01
 325.0000000000    2.4011810088e-01
 325.5000000000    2.4712932591e-01
 326.0000000000    2.5291296720e-01
 326.5000000000    2.5706823006e-01
 327.0000000000    2.5882888897e-01
 327.5000000000    2.5669535226e-01
 328.0000000000    2.4850943514e-01
 328.5000000000    2.3259305570e-01
 329.0000000000    2.0926086758e-01
 329.5000000000    1.8104980370e-01
 330.0000000000    1.5143490344e-01
 330.5000000000    1.2338334725e-01
 331.0000000000    9.8711632613e-02
 331.5000000000    7.8165827219e-02
 332.0000000000    6.1769265465e-02
 332.5000000000    4.9135103545e-02
 333.0000000000    4.1589122129e-02
 333.5000000000    3.7790641351e-02
 334.0000000000    3.4575654956e-02
 334.5000000000    3.2344316456e-02
 335.0000000000    3.1102536985e-02
 335.5000000000    3.0661627076e-02
 336.0000000000    3.0826616082e-02
 336.5000000000    3.1078083401e-02
 337.0000000000    3.1417916593e-02
 337.5000000000    3.1834357894e-02
 338.0000000000    3.2318256389e-02
 338.5000000000    3.2850201194e-02
 339.0000000000    3.3424062478e-02
 339.5000000000    3.4004293043e-02
 340.0000000000    3.4599002932e-02
 340.5000000000    3.5182167235e-02
 341.0000000000    3.5747102597e-02
 341.5000000000    3.6294848114e-02
 342.0000000000    3.6886313784e-02
 342.5000000000    3.7499719327e-02
 343.0000000000    3.8089854922e-02
 343.5000000000    3.8655087139e-02
 344.0000000000    3.9190330433e-02
 344.5000000000    3.9688490055e-02
 345.0000000000    4.0142812313e-02
 345.5000000000    4.0548936350e-02
 346.0000000000    4.0905775262e-02
 346.5000000000    4.1215006370e-02
 347.0000000000    4.1479592366e-02
 347.5000000000    4.1702117077e-02
 348.0000000000    4.1883689885e-02
 348.5000000000    4.2023825716e-02
 349.0000000000    4.2121214751e-02
 349.5000000000    4.2174901416e-02
 350.0000000000    4.2185256509e-02
 350.5000000000    4.2154289352e-02
 351.0000000000    4.2085204862e-02
 351.5000000000    4.1981478450e-02
 352.0000000000    4.1845929685e-02
 352.5000000000    4.1680232332e-02
 353.0000000000    4.1485051460e-02
 353.5000000000    4.1260673959e-02
 354.0000000000    4.1007765740e-02
 354.5000000000    4.0727856508e-02
 355.0000000000    4.0423322829e-02
 355.5000000000    4.0096915765e-02
 356.0000000000    3.9751108772e-02
 356.5000000000    3.9387616041e-02
 357.0000000000    3.9007320165e-02
 357.5000000000    3.8610616215e-02
 358.0000000000    3.8197960156e-02
 358.5000000000    3.7770314031e-02
 359.0000000000    3.7329257790e-02
 359.5000000000    3.6876730596e-02
 360.0000000000    3.6414568203e-02
 360.5000000000    3.5944105859e-02
 361.0000000000    3.5466063937e-02
 361.5000000000    3.4980764386e-02
 362.0000000000    3.4488538745e-02
 362.5000000000    3.3990087584e-02
 363.0000000000    3.3486589316e-02
 363.5000000000    3.2979508458e-02
 364.0000000000    3.2470228673e-02
 364.5000000000    3.1959731499e-02
 365.0000000000    3.1448508057e-02
 365.5000000000    3.0936746397e-02
 366.0000000000    3.0424670938e-02
 366.5000000000    2.9912823153e-02
 367.0000000000    2.9402114607e-02
 367.5000000000    2.8893627225e-02
 368.0000000000    2.8388291809e-02
 368.5000000000    2.7886648499e-02
 369.0000000000    2.7388836558e-02
 369.5000000000    2.6894813523e-02
 370.0000000000    2.6404657990e-02
 370.5000000000    2.5918760136e-02
 371.0000000000    2.5437781100e-02
 371.5000000000    2.4962414709e-02
 372.0000000000    2.4493113229e-02
 372.5000000000    2.4029957908e-02
 373.0000000000    2.3572756457e-02
 373.5000000000    2.3121296705e-02
 374.0000000000    2.2675584389e-02
 374.5000000000    2.2235909072e-02
 375.0000000000    2.1802700829e-02
 375.5000000000    2.1376283021e-02
 376.0000000000    2.0956693409e-02
 376.5000000000    2.0543693872e-02
 377.0000000000    2.0136957107e-02
 377.5000000000    1.9736298246e-02
 378.0000000000    1.9341793443e-02
 378.5000000000    1.8953709066e-02
 379.0000000000    1.8572298509e-02
 379.5000000000    1.8197613718e-02
 380.0000000000    1.7829461199e-02
 380.5000000000    1.7467528097e-02
 381.0000000000    1.7111583208e-02
 381.5000000000    1.6761609972e-02
 382.0000000000    1.6417781820e-02
 382.5000000000    1.6080304346e-02
 383.0000000000    1.5749241615e-02
 383.5000000000    1.5424449671e-02
 384.0000000000    1.5105659050e-02
 384.5000000000    1.4792640005e-02
 385.0000000000    1.4485329758e-02
 385.5000000000    1.4183833927e-02
 386.0000000000    1.3888307728e-02
 386.5000000000    1.3598808635e-02
 387.0000000000    1.3315226985e-02
 387.5000000000    1.3037337836e-02
 388.0000000000    1.2764930292e-02
 388.5000000000    1.2497917709e-02
 389.0000000000    1.2236351245e-02
 389.5000000000    1.1980333715e-02
 390.0000000000    1.1729902291e-02
 390.5000000000    1.1484964961e-02
 391.0000000000    1.1245332315e-02
 391.5000000000    1.1010814842e-02
 392.0000000000    1.0781311889e-02
 392.5000000000    1.0556830130e-02
 393.0000000000    1.0337424114e-02
 393.5000000000    1.0123107222e-02
 394.0000000000    9.9137985007e-03
 394.5000000000    9.7093402807e-03
 395.0000000000    9.5095674264e-03
 395.5000000000    9.3143746824e-03
 396.0000000000    9.1237356175e-03
 396.5000000000    8.9376642249e-03
 397.0000000000    8.7561516592e-03
 397.5000000000    8.5791246483e-03
 398.0000000000    8.4064523067e-03
 398.5000000000    8.2379911243e-03
 399.0000000000    8.0736330064e-03
 399.5000000000    7.9133232299e-03
 400.0000000000    7.7570397044e-03
 400.5000000000    7.6047522351e-03
 401.0000000000    7.4563918343e-03
 401.5000000000    7.3118490643e-03
 402.0000000000    7.1709984770e-03
 402.5000000000    7.0337298390e-03
 403.0000000000    6.8999658087e-03
 403.5000000000    6.7696564032e-03
 404.0000000000    6.6427570554e-03
 404.5000000000    6.5192062948e-03
 405.0000000000    6.3989159682e-03
 405.5000000000    6.2817785192e-03
 406.0000000000    6.1676853513e-03
 406.5000000000    6.0565448477e-03
 407.0000000000    5.9482898954e-03
 407.5000000000    5.8428706302e-03
 408.0000000000    5.7402382225e-03
 408.5000000000    5.6403275103e-03
 409.0000000000    5.5430502936e-03
 409.5000000000    5.4483037335e-03
 410.0000000000    5.3559897431e-03
 410.5000000000    5.2660333861e-03
 411.0000000000    5.1783874600e-03
 411.5000000000    5.0930186192e-03
 412.0000000000    5.0098823995e-03
 412.5000000000    4.9289062886e-03
 413.0000000000    4.8499933091e-03
 413.5000000000    4.7730412650e-03
 414.0000000000    4.6979724080e-03
 414.5000000000    4.6247459055e-03
 415.0000000000    4.5533433907e-03
 415.5000000000    4.4837384734e-03
 416.0000000000    4.4158721375e-03
 416.5000000000    4.3496509916e-03
 417.0000000000    4.2849731839e-03
 417.5000000000    4.2217646721e-03
 418.0000000000    4.1599959370e-03
 418.5000000000    4.0996661076e-03
 419.0000000000    4.0407655167e-03
 419.5000000000    3.9832447786e-03
 420.0000000000    3.9270143499e-03
 420.5000000000    3.8719766992e-03
 421.0000000000    3.8180673291e-03
 421.5000000000    3.7652718800e-03
 422.0000000000    3.7136063694e-03
 422.5000000000    3.6630740078e-03
 423.0000000000    3.6136327318e-03
 423.5000000000    3.5651980308e-03
 424.0000000000    3.5176803647e-03
 424.5000000000    3.4710286505e-03
 425.0000000000    3.4252452227e-03
 425.5000000000    3.3803606396e-03
 426.0000000000    3.3363870067e-03
 426.5000000000    3.2932856763e-03
 427.0000000000    3.2509767147e-03
 427.5000000000    3.2093773538e-03
 428.0000000000    3.1684511819e-03
 428.5000000000    3.1282172371e-03
 429.0000000000    3.0887158883e-03
 429.5000000000    3.0499625880e-03
 430.0000000000    3.0119184495e-03
 430.5000000000    2.9745045091e-03
 431.0000000000    2.9376489901e-03
 431.5000000000    2.9013301988e-03
 432.0000000000    2.8655788552e-03
 432.5000000000    2.8304418003e-03
 433.0000000000    2.7959318027e-03
 433.5000000000    2.7620062959e-03
 434.0000000000    2.7285896610e-03
 434.5000000000    2.6956216952e-03
 435.0000000000    2.6630950689e-03
 435.5000000000    2.6310507381e-03
 436.0000000000    2.5995365117e-03
 436.5000000000    2.5685596831e-03
 437.0000000000    2.5380726754e-03
 437.5000000000    2.5080047459e-03
 438.0000000000    2.4783088536e-03
 438.5000000000    2.4489895640e-03
 439.0000000000    2.4200948214e-03
 439.5000000000    2.3916701388e-03
 440.0000000000    2.3637136273e-03
 440.5000000000    2.3361738981e-03
 441.0000000000    2.3089861931e-03
 441.5000000000    2.2821165120e-03
 442.0000000000    2.2555824268e-03
 442.5000000000    2.2294342948e-03
 443.0000000000    2.2037123106e-03
 443.5000000000    2.1784078498e-03
 444.0000000000    2.1534636371e-03
 444.5000000000    2.1288211835e-03
 445.0000000000    2.1044594222e-03
 445.5000000000    2.0804068925e-03
 446.0000000000    2.0567155828e-03
 446.5000000000    2.0334150356e-03
 447.0000000000    2.0104840638e-03
 447.5000000000    1.9878663346e-03
 448.0000000000    1.9655126358e-03
 448.5000000000    1.9434145995e-03
 449.0000000000    1.9216076006e-03
 449.5000000000    1.9001373457e-03
 450.0000000000    1.8790218675e-03
 450.5000000000    1.8582341701e-03
 451.0000000000    1.8377206301e-03
 451.5000000000    1.8174414798e-03
 452.0000000000    1.7973994760e-03
 452.5000000000    1.7776333771e-03
 453.0000000000    1.7581837811e-03
 453.5000000000    1.7390588169e-03
 454.0000000000    1.7202243713e-03
 454.5000000000    1.7016308260e-03
 455.0000000000    1.6832489364e-03
 455.5000000000    1.6650895767e-03
 456.0000000000    1.6471921593e-03
 456.5000000000    1.6295893106e-03
 457.0000000000    1.6122783493e-03
 457.5000000000    1.5952231334e-03
 458.0000000000    1.5783795502e-03
 458.5000000000    1.5617278264e-03
 459.0000000000    1.5452862449e-03
 459.5000000000    1.5290938193e-03
 460.0000000000    1.5131731903e-03
 460.5000000000    1.4975142508e-03
 461.0000000000    1.4820805264e-03
 461.5000000000    1.4668328582e-03
 462.0000000000    1.4517623057e-03
 462.5000000000    1.4368923826e-03
 463.0000000000    1.4222560833e-03
 463.5000000000    1.4078685469e-03
 464.0000000000    1.3937149047e-03
 464.5000000000    1.3797574498e-03
 465.0000000000    1.3659653758e-03
 465.5000000000    1.3523380545e-03
 466.0000000000    1.3389004900e-03
 466.5000000000    1.3256817945e-03
 467.0000000000    1.3126888573e-03
 467.5000000000    1.2998996124e-03
 468.0000000000    1.2872798894e-03
 468.5000000000    1.2748079804e-03
 469.0000000000    1.2624824649e-03
 469.5000000000    1.2503297140e-03
 470.0000000000    1.2383860326e-03
 470.5000000000    1.2266486924e-03
 471.0000000000    1.2150885080e-03
 471.5000000000    1.2036758876e-03
 472.0000000000    1.1923835149e-03
 472.5000000000    1.1812256763e-03
 473.0000000000    1.1702495418e-03
 473.5000000000    1.1594719165e-03
 474.0000000000    1.1488757825e-03
 474.5000000000    1.1384385708e-03
 475.0000000000    1.1281380555e-03
 475.5000000000    1.1179581056e-03
 476.0000000000    1.1079043496e-03
 476.5000000000    1.0979998557e-03
 477.0000000000    1.0882631896e-03
 477.5000000000    1.0786854446e-03
 478.0000000000    1.0692382948e-03
 478.5000000000    1.0599001302e-03
 479.0000000000    1.0506701175e-03
 479.5000000000    1.0415654716e-03
 480.0000000000    1.0326061141e-03
 480.5000000000    1.0238022106e-03
 481.0000000000    1.0151421868e-03
 481.5000000000    1.0066021413e-03
 482.0000000000    9.9816304569e-04
 482.5000000000    9.8982473950e-04
 483.0000000000    9.8160487750e-04
 483.5000000000    9.7352206119e-04
 484.0000000000    9.6557901807e-04
 484.5000000000    9.5775885758e-04
 485.0000000000    9.5003993469e-04
 485.5000000000    9.4241032456e-04
 486.0000000000    9.3487130530e-04
 486.5000000000    9.2743587476e-04
 487.0000000000    9.2012022375e-04
 487.5000000000    9.1292799554e-04
 488.0000000000    9.0584563336e-04
 488.5000000000    8.9885029713e-04
 489.0000000000    8.9192831930e-04
 489.5000000000    8.8508981889e-04
 490.0000000000    8.7835524447e-04
 490.5000000000    8.7173613311e-04
 491.0000000000    8.6523227367e-04
 491.5000000000    8.5882455478e-04
 492.0000000000    8.5248265561e-04
 492.5000000000    8.4619779734e-04
 493.0000000000    8.3999179163e-04
 493.5000000000    8.3388615594e-04
 494.0000000000    8.2788716492e-04
 494.5000000000    8.2198655895e-04
 495.0000000000    8.1616185801e-04
 495.5000000000    8.1039338638e-04
 496.0000000000    8.0468282088e-04
 496.5000000000    7.9905024555e-04
 497.0000000000    7.9351418800e-04
 497.5000000000    7.8807894878e-04
 498.0000000000    7.8273046233e-04
 498.5000000000    7.7744611489e-04
 499.0000000000    7.7221223426e-04
 499.5000000000    7.6703336026e-04
 500.0000000000    7.6192553499e-04
 500.5000000000    7.5690232394e-04
 501.0000000000    7.5197224132e-04
 501.5000000000    7.4712007471e-04
 502.0000000000    7.4231237149e-04
 502.5000000000    7.3754154144e-04
 503.0000000000    7.3281317473e-04
 503.5000000000    7.2814331421e-04
 504.0000000000    7.2357075453e-04
 504.5000000000    7.1909396949e-04
 505.0000000000    7.1466809278e-04
 505.5000000000    7.1027288913e-04
 506.0000000000    7.0591234317e-04
 506.5000000000    7.0159204229e-04
 507.0000000000    6.9733109055e-04
 507.5000000000    6.9315624620e-04
 508.0000000000    6.8906810366e-04
 508.5000000000    6.8503493389e-04
 509.0000000000    6.8102586871e-04
 509.5000000000    6.7704449617e-04
 510.0000000000    6.7311936684e-04
 510.5000000000    6.6927411446e-04
 511.0000000000    6.6550579317e-04
 511.5000000000    6.6178764417e-04
 512.0000000000    6.5809828252e-04
 512.5000000000    6.5442604738e-04
 513.0000000000    6.5076832813e-04
 513.5000000000    6.4715243149e-04
 514.0000000000    6.4361046573e-04
 514.5000000000    6.4013346736e-04
 515.0000000000    6.3669244329e-04
 515.5000000000    6.3326963671e-04
 516.0000000000    6.2986017463e-04
 516.5000000000    6.2648107375e-04
 517.0000000000    6.2316070028e-04
 517.5000000000    6.1990713049e-04
 518.0000000000    6.1670256972e-04
 518.5000000000    6.1352003974e-04
 519.0000000000    6.1034703557e-04
 519.5000000000    6.0719585953e-04
 520.0000000000    6.0408773800e-04
 520.5000000000    6.0103739786e-04
 521.0000000000    5.9804542281e-04
 521.5000000000    5.9509539829e-04
 522.0000000000    5.9216708028e-04
 522.5000000000    5.8924831558e-04
 523.0000000000    5.8634056578e-04
 523.5000000000    5.8346977607e-04
 524.0000000000    5.8066700153e-04
 524.5000000000    5.7792641652e-04
 525.0000000000    5.7520953869e-04
 525.5000000000    5.7248923859e-04
 526.0000000000    5.6977041198e-04
 526.5000000000    5.6707779136e-04
 527.0000000000    5.6443576021e-04
 527.5000000000    5.6185002969e-04
 528.0000000000    5.5929953831e-04
 528.5000000000    5.5675468561e-04
 529.0000000000    5.5420635857e-04
 529.5000000000    5.5166985632e-04
 530.0000000000    5.4916587440e-04
 530.5000000000    5.4670674683e-04
 531.0000000000    5.4429158777e-04
 531.5000000000    5.4190571694e-04
 532.0000000000    5.3952925376e-04
 532.5000000000    5.3715158936e-04
 533.0000000000    5.3478061400e-04
 533.5000000000    5.3243790122e-04
 534.0000000000    5.3014201599e-04
 534.5000000000    5.2788894669e-04
 535.0000000000    5.2565311982e-04
 535.5000000000    5.2341226907e-04
 536.0000000000    5.2115846861e-04
 536.5000000000    5.1890843731e-04
 537.0000000000    5.1670171574e-04
 537.5000000000    5.1455073706e-04
 538.0000000000    5.1242918396e-04
 538.5000000000    5.1031208580e-04
 539.0000000000    5.0818072044e-04
 539.5000000000    5.0603352819e-04
 540.0000000000    5.0390584143e-04
 540.5000000000    5.0183464653e-04
 541.0000000000    4.9981498582e-04
 541.5000000000    4.9781046258e-04
 542.0000000000    4.9579397587e-04
 542.5000000000    4.9376756036e-04
 543.0000000000    4.9175448568e-04
 543.5000000000    4.8978190112e-04
 544.0000000000    4.8786110162e-04
 544.5000000000    4.8597130005e-04
 545.0000000000    4.8407840324e-04
 545.5000000000    4.8216985892e-04
 546.0000000000    4.8025752045e-04
 546.5000000000    4.7837036228e-04
 547.0000000000    4.7653882378e-04
 547.5000000000    4.7475100915e-04
 548.0000000000    4.7296278972e-04
 548.5000000000    4.7116101781e-04
 549.0000000000    4.6935977697e-04
 549.5000000000    4.6756406354e-04
 550.0000000000    4.6578470579e-04
 550.5000000000    4.6404032877e-04
 551.0000000000    4.6232520320e-04
 551.5000000000    4.6061104238e-04
 552.0000000000    4.5888266260e-04
 552.5000000000    4.5715057018e-04
 553.0000000000    4.5542917673e-04
 553.5000000000    4.5372752768e-04
 554.0000000000    4.5205304528e-04
 554.5000000000    4.5040226046e-04
 555.0000000000    4.4933188313e-04
 555.5000000000    4.4867875021e-04
 556.0000000000    4.4801600996e-04
 556.5000000000    4.4732822319e-04
 557.0000000000    4.4663384689e-04
 557.5000000000    4.4595432851e-04
 558.0000000000    4.4530190037e-04
 558.5000000000    4.4467326830e-04
 559.0000000000    4.4405109614e-04
 559.5000000000    4.4341546650e-04
 560.0000000000    4.4276453019e-04
 560.5000000000    4.4211511380e-04
 561.0000000000    4.4148926958e-04
 561.5000000000    4.4089419467e-04
 562.0000000000    4.4031049059e-04
 562.5000000000    4.3971520709e-04
 563.0000000000    4.3909714894e-04
 563.5000000000    4.3846807266e-04
 564.0000000000    4.3785506744e-04
 564.5000000000    4.3727445078e-04
 565.0000000000    4.3671662451e-04
 565.5000000000    4.3615930829e-04
 566.0000000000    4.3558441338e-04
 566.5000000000    4.3499100543e-04
 567.0000000000    4.3439687538e-04
 567.5000000000    4.3382629641e-04
 568.0000000000    4.3328486945e-04
 568.5000000000    4.3275696726e-04
 569.0000000000    4.3221899977e-04
 569.5000000000    4.3166193986e-04
 570.0000000000    4.3109730940e-04
 570.5000000000    4.3054503668e-04
 571.0000000000    4.3001939450e-04
 571.5000000000    4.2951691705e-04
 572.0000000000    4.2901584977e-04
 572.5000000000    4.2849819805e-04
 573.0000000000    4.2796627043e-04
 573.5000000000    4.2743640832e-04
 574.0000000000    4.2692676451e-04
 574.5000000000    4.2644375923e-04
 575.0000000000    4.2597427040e-04
 575.5000000000    4.2549503131e-04
 576.0000000000    4.2499704331e-04
 576.5000000000    4.2449383151e-04
 577.0000000000    4.2400539838e-04
 577.5000000000    4.2354147892e-04
 578.0000000000    4.2309644011e-04
 578.5000000000    4.2265446153e-04
 579.0000000000    4.2219801317e-04
 579.5000000000    4.2172703179e-04
 580.0000000000    4.2126071924e-04
 580.5000000000    4.2081737095e-04
 581.0000000000    4.2040039341e-04
 581.5000000000    4.1999569070e-04
 582.0000000000    4.1958183951e-04
 582.5000000000    4.1914901846e-04
 583.0000000000    4.1870801602e-04
 583.5000000000    4.1828099358e-04
 584.0000000000    4.1787612588e-04
 584.5000000000    4.1748967518e-04
 585.0000000000    4.1710432785e-04
 585.5000000000    4.1670479297e-04
 586.0000000000    4.1628976831e-04
 586.5000000000    4.1587105943e-04
 587.0000000000    4.1547077026e-04
 587.5000000000    4.1509523291e-04
 588.0000000000    4.1473047641e-04
 588.5000000000    4.1435608781e-04
 589.0000000000    4.1396202340e-04
 589.5000000000    4.1356125809e-04
 590.0000000000    4.1317451680e-04
 590.5000000000    4.1281421478e-04
 591.0000000000    4.1247144213e-04
 591.5000000000    4.1212999071e-04
 592.0000000000    4.1177415060e-04
 592.5000000000    4.1140629106e-04
 593.0000000000    4.1104248276e-04
 593.5000000000    4.1070004027e-04
 594.0000000000    4.1037541614e-04
 594.5000000000    4.1006108733e-04
 595.0000000000    4.0973523786e-04
 595.5000000000    4.0939395630e-04
 596.0000000000    4.0904603344e-04
 596.5000000000    4.0870744429e-04
 597.0000000000    4.0839728620e-04
 597.5000000000    4.0809962502e-04
 598.0000000000    4.0780375600e-04
 598.5000000000    4.0750049164e-04
 599.0000000000    4.0717800399e-04
 599.5000000000    4.0685499445e-04
 600.0000000000    4.0655801149e-04
 600.5000000000    4.0627922452e-04
 601.0000000000    4.0601480362e-04
 601.5000000000    4.0573876275e-04
 602.0000000000    4.0543627755e-04
 602.5000000000    4.0514046823e-04
 603.0000000000    4.0485804250e-04
 603.5000000000    4.0460149886e-04
 604.0000000000    4.0436764061e-04
 604.5000000000    4.0412350967e-04
 605.0000000000    4.0386373727e-04
 605.5000000000    4.0359349087e-04
 606.0000000000    4.0331972472e-04
 606.5000000000    4.0308001468e-04
 607.0000000000    4.0285289923e-04
 607.5000000000    4.0262473949e-04
 608.0000000000    4.0239438137e-04
 608.5000000000    4.0213779477e-04
 609.0000000000    4.0187807409e-04
 609.5000000000    4.0163762178e-04
 610.0000000000    4.0141232220e-04
 610.5000000000    4.0120605925e-04
 611.0000000000    4.0099121970e-04
 611.5000000000    4.0075476079e-04
 612.0000000000    4.0052044726e-04
 612.5000000000    4.0029048398e-04
 613.0000000000    4.0008039991e-04
 613.5000000000    3.9989572134e-04
 614.0000000000    3.9970758326e-04
 614.5000000000    3.9951190304e-04
 615.0000000000    3.9929981653e-04
 615.5000000000    3.9907719168e-04
 616.0000000000    3.9887122714e-04
 616.5000000000    3.9869154048e-04
 617.0000000000    3.9851766987e-04
 617.5000000000    3.9834226053e-04
 618.0000000000    3.9814624245e-04
 618.5000000000    3.9793802073e-04
 619.0000000000    3.9774689203e-04
 619.5000000000    3.9757344180e-04
 620.0000000000    3.9741297986e-04
 620.5000000000    3.9725709936e-04
 621.0000000000    3.9708504119e-04
 621.5000000000    3.9690110274e-04
 622.0000000000    3.9672129546e-04
 622.5000000000    3.9655580370e-04
 623.0000000000    3.9641183905e-04
 623.5000000000    3.9627687783e-04
 624.0000000000    3.9613569242e-04
 624.5000000000    3.9598381091e-04
 625.0000000000    3.9582915532e-04
 625.5000000000    3.9568273339e-04
 626.0000000000    3.9555416295e-04
 626.5000000000    3.9543997073e-04
 627.0000000000    3.9532797179e-04
 627.5000000000    3.9520613502e-04
 628.0000000000    3.9507331685e-04
 628.5000000000    3.9493957402e-04
 629.0000000000    3.9481825977e-04
 629.5000000000    3.9471603756e-04
 630.0000000000    3.9462300784e-04
 630.5000000000    3.9452382626e-04
 631.0000000000    3.9440967592e-04
 631.5000000000    3.9428628468e-04
 632.0000000000    3.9416959493e-04
 632.5000000000    3.9407045872e-04
 633.0000000000    3.9398778563e-04
 633.5000000000    3.9390524671e-04
 634.0000000000    3.9380787566e-04
 634.5000000000    3.9370075781e-04
 635.0000000000    3.9359231994e-04
 635.5000000000    3.9349779491e-04
 636.0000000000    3.9342242720e-04
 636.5000000000    3.9335474850e-04
 637.0000000000    3.9328005727e-04
 637.5000000000    3.9319101304e-04
 638.0000000000    3.9309639520e-04
 638.5000000000    3.9301550021e-04
 639.0000000000    3.9294847861e-04
 639.5000000000    3.9289330510e-04
 640.0000000000    3.9283951322e-04
 640.5000000000    3.9277257999e-04
 641.0000000000    3.9269403378e-04
 641.5000000000    3.9261461091e-04
 642.0000000000    3.9255072939e-04
 642.5000000000    3.9250843001e-04
 643.0000000000    3.9247438907e-04
 643.5000000000    3.9243015591e-04
 644.0000000000    3.9237594566e-04
 644.5000000000    3.9231184843e-04
 645.0000000000    3.9225549767e-04
 645.5000000000    3.9222245809e-04
 646.0000000000    3.9220239328e-04
 646.5000000000    3.9217779171e-04
 647.0000000000    3.9214253153e-04
 647.5000000000    3.9209476904e-04
 648.0000000000    3.9205489466e-04
 648.5000000000    3.9203107495e-04
 649.0000000000    3.9202243846e-04
 649.5000000000    3.9202087552e-04
 650.0000000000    3.9200826391e-04
 650.5000000000    3.9198881896e-04
 651.0000000000    3.9196633260e-04
 651.5000000000    3.9195215132e-04
 652.0000000000    3.9195744288e-04
 652.5000000000    3.9197120879e-04
 653.0000000000    3.9198153415e-04
 653.5000000000    3.9197970022e-04
 654.0000000000    3.9196867806e-04
 654.5000000000    3.9196485999e-04
 655.0000000000    3.9197453809e-04
 655.5000000000    3.9199859713e-04
 656.0000000000    3.9202592257e-04
 656.5000000000    3.9204438960e-04
 657.0000000000    3.9205271685e-04
 657.5000000000    3.9206000712e-04
 658.0000000000    3.9207831660e-04
 658.5000000000    3.9211233261e-04
 659.0000000000    3.9215534091e-04
 659.5000000000    3.9219452169e-04
 660.0000000000    3.9222115979e-04
 660.5000000000    3.9223875114e-04
 661.0000000000    3.9226073781e-04
 661.5000000000    3.9229771909e-04
 662.0000000000    3.9234734289e-04
 662.5000000000    3.9239738858e-04
 663.0000000000    3.9243875644e-04
 663.5000000000    3.9247041301e-04
 664.0000000000    3.9250179717e-04
 664.5000000000    3.9254250984e-04
 665.0000000000    3.9259620594e-04
 665.5000000000    3.9265764982e-04
 666.0000000000    3.9271720329e-04
 666.5000000000    3.9276859054e-04
 667.0000000000    3.9281318655e-04
 667.5000000000    3.9285919900e-04
 668.0000000000    3.9291750274e-04
 668.5000000000    3.9299087015e-04
 669.0000000000    3.9306790756e-04
 669.5000000000    3.9314109002e-04
 670.0000000000    3.9320041603e-04
 670.5000000000    3.9325455527e-04
 671.0000000000    3.9332414007e-04
 671.5000000000    3.9340683718e-04
 672.0000000000    3.9350361116e-04
 672.5000000000    3.9359821256e-04
 673.0000000000    3.9367397787e-04
 673.5000000000    3.9374177224e-04
 674.0000000000    3.9381871207e-04
 674.5000000000    3.9390711396e-04
 675.0000000000    3.9401547308e-04
 675.5000000000    3.9412518131e-04
 676.0000000000    3.9422050734e-04
 676.5000000000    3.9431212413e-04
 677.0000000000    3.9439805007e-04
 677.5000000000    3.9449457194e-04
 678.0000000000    3.9461696011e-04
 678.5000000000    3.9474082273e-04
 679.0000000000    3.9485986693e-04
 679.5000000000    3.9496907896e-04
 680.0000000000    3.9506701379e-04
 680.5000000000    3.9517512360e-04
 681.0000000000    3.9530259766e-04
 681.5000000000    3.9543516158e-04
 682.0000000000    3.9557098371e-04
 682.5000000000    3.9569647679e-04
 683.0000000000    3.9580804126e-04
 683.5000000000    3.9592722812e-04
 684.0000000000    3.9605818206e-04
 684.5000000000    3.9620136180e-04
 685.0000000000    3.9635287346e-04
 685.5000000000    3.9649184589e-04
 686.0000000000    3.9661822787e-04
 686.5000000000    3.9674502808e-04
 687.0000000000    3.9687598178e-04
 687.5000000000    3.9702347822e-04
 688.0000000000    3.9718156091e-04
 688.5000000000    3.9733484340e-04
 689.0000000000    3.9747617004e-04
 689.5000000000    3.9761103847e-04
 690.0000000000    3.9774811248e-04
 690.5000000000    3.9790215783e-04
 691.0000000000    3.9806732839e-04
 691.5000000000    3.9823452411e-04
 692.0000000000    3.9839627039e-04
 692.5000000000    3.9854679668e-04
 693.0000000000    3.9869388338e-04
 693.5000000000    3.9885180853e-04
 694.0000000000    3.9902251672e-04
 694.5000000000    3.9920199204e-04
 695.0000000000    3.9937943968e-04
 695.5000000000    3.9954522697e-04
 696.0000000000    3.9970314189e-04
 696.5000000000    3.9986679099e-04
 697.0000000000    4.0004527329e-04
 697.5000000000    4.0023653978e-04
 698.0000000000    4.0042882216e-04
 698.5000000000    4.0061219850e-04
 699.0000000000    4.0078684654e-04
 699.5000000000    4.0096208352e-04
 700.0000000000    4.0114552568e-04
