#          time             L^2_Ham             L^2_Mom
   0.0000000000    4.0431622750e-06    3.8891857724e-06
   0.5000000000    1.2234457077e-06    3.8571099275e-06
   1.0000000000    1.0509526562e-06    3.8177481457e-06
   1.5000000000    9.0336344639e-07    3.7927964777e-06
   2.0000000000    7.6983199357e-07    3.7924136281e-06
   2.5000000000    6.5789323551e-07    3.8138057198e-06
   3.0000000000    5.8972642245e-07    3.8493232204e-06
   3.5000000000    5.5281313226e-07    3.8899491375e-06
   4.0000000000    5.3284498605e-07    3.9287797779e-06
   4.5000000000    5.1898207419e-07    3.9622252855e-06
   5.0000000000    5.0225395999e-07    3.9902312552e-06
   5.5000000000    4.8084383649e-07    4.0140186397e-06
   6.0000000000    4.5685021814e-07    4.0352762570e-06
   6.5000000000    4.3232818398e-07    4.0555091122e-06
   7.0000000000    4.0856834114e-07    4.0758916401e-06
   7.5000000000    3.8644084292e-07    4.0974198488e-06
   8.0000000000    3.6696758235e-07    4.1201997228e-06
   8.5000000000    3.4995044317e-07    4.1454150180e-06
   9.0000000000    3.3528739820e-07    4.1723167921e-06
   9.5000000000    3.2241631978e-07    4.2012940393e-06
  10.0000000000    3.1139574456e-07    4.2319334881e-06
  10.5000000000    3.0190630098e-07    4.2658946501e-06
  11.0000000000    2.9468170128e-07    4.2997630689e-06
  11.5000000000    2.8685392186e-07    4.3362067433e-06
  12.0000000000    2.8134299119e-07    4.3750744336e-06
  12.5000000000    2.7701263139e-07    4.4167991270e-06
  13.0000000000    2.7667084813e-07    4.4584660943e-06
  13.5000000000    2.7256600255e-07    4.5029674609e-06
  14.0000000000    2.7798112139e-07    4.5490757174e-06
  14.5000000000    2.7781101506e-07    4.5945852822e-06
  15.0000000000    2.7590498197e-07    4.6437404698e-06
  15.5000000000    2.7486085406e-07    4.6971287030e-06
  16.0000000000    2.7613598586e-07    4.7460268874e-06
  16.5000000000    2.8671125969e-07    4.7967328544e-06
  17.0000000000    3.0708420061e-07    4.8510815304e-06
  17.5000000000    3.0501441001e-07    4.9058487727e-06
  18.0000000000    3.0132929038e-07    4.9619629238e-06
  18.5000000000    3.0017022153e-07    5.0195881232e-06
  19.0000000000    2.9881936662e-07    5.0793192817e-06
  19.5000000000    3.0125468955e-07    5.1368564255e-06
  20.0000000000    3.0993454110e-07    5.1982993255e-06
  20.5000000000    2.9211773407e-07    5.2561900290e-06
  21.0000000000    2.9108731273e-07    5.3172045620e-06
  21.5000000000    2.9482810636e-07    5.3796743113e-06
  22.0000000000    3.0294924186e-07    5.4438023794e-06
  22.5000000000    3.1186692080e-07    5.5087156234e-06
  23.0000000000    3.1541204981e-07    5.5737208374e-06
  23.5000000000    3.1821346367e-07    5.6397161081e-06
  24.0000000000    3.2093544962e-07    5.7059725604e-06
  24.5000000000    3.2610649538e-07    5.7775639500e-06
  25.0000000000    3.3339494482e-07    5.8431383787e-06
  25.5000000000    3.3938069170e-07    5.9115082996e-06
  26.0000000000    3.3957443011e-07    5.9781048277e-06
  26.5000000000    3.3361216224e-07    6.0471667505e-06
  27.0000000000    3.3619366393e-07    6.1172520118e-06
  27.5000000000    3.4033771588e-07    6.1876274104e-06
  28.0000000000    3.4484493217e-07    6.2585047447e-06
  28.5000000000    3.4956007384e-07    6.3292974209e-06
  29.0000000000    3.5464700360e-07    6.4007752066e-06
  29.5000000000    3.5980244233e-07    6.4747300341e-06
  30.0000000000    3.6519830768e-07    6.5462001019e-06
  30.5000000000    3.7110639784e-07    6.6189047946e-06
  31.0000000000    3.7679290208e-07    6.6928099582e-06
  31.5000000000    3.8289655585e-07    6.7670360472e-06
  32.0000000000    3.8916546489e-07    6.8391457505e-06
  32.5000000000    3.9610210117e-07    6.9180214115e-06
  33.0000000000    4.0252671713e-07    6.9894737502e-06
  33.5000000000    4.0927942678e-07    7.0623816393e-06
  34.0000000000    4.1557676596e-07    7.1490336906e-06
  34.5000000000    4.2108476717e-07    7.2130248184e-06
  35.0000000000    4.2732895067e-07    7.2861652594e-06
  35.5000000000    4.3095655205e-07    7.3643793690e-06
  36.0000000000    4.3494385928e-07    7.4363462585e-06
  36.5000000000    4.3907938402e-07    7.5112508229e-06
  37.0000000000    4.4243877825e-07    7.5863148189e-06
  37.5000000000    4.4596462705e-07    7.6618420375e-06
  38.0000000000    4.4904844872e-07    7.7359266783e-06
  38.5000000000    4.5171072702e-07    7.8112237944e-06
  39.0000000000    4.5442132965e-07    7.8869696153e-06
  39.5000000000    4.5702080733e-07    7.9628725519e-06
  40.0000000000    4.5951454600e-07    8.0413322039e-06
  40.5000000000    4.6251021055e-07    8.1159067396e-06
  41.0000000000    4.6556148530e-07    8.1925598558e-06
  41.5000000000    4.6815609653e-07    8.2686930582e-06
  42.0000000000    4.7105959324e-07    8.3542313897e-06
  42.5000000000    4.7424798433e-07    8.4250250761e-06
  43.0000000000    4.7750492398e-07    8.4959868349e-06
  43.5000000000    4.8100026921e-07    8.5690861820e-06
  44.0000000000    4.8415535125e-07    8.6437063196e-06
  44.5000000000    4.8744301387e-07    8.7186969708e-06
  45.0000000000    4.9127391723e-07    8.8073180518e-06
  45.5000000000    4.9494134994e-07    8.8725819319e-06
  46.0000000000    4.9847961198e-07    8.9539259070e-06
  46.5000000000    5.0192854506e-07    9.0226425471e-06
  47.0000000000    5.0542665889e-07    9.0997590930e-06
  47.5000000000    5.0907262778e-07    9.1776760625e-06
  48.0000000000    5.1273569625e-07    9.2430699152e-06
  48.5000000000    5.1669115554e-07    9.3174750495e-06
  49.0000000000    5.2057886239e-07    9.3978911327e-06
  49.5000000000    5.2415201757e-07    9.4687960638e-06
  50.0000000000    5.2784920819e-07    9.5504301794e-06
  50.5000000000    5.3164107823e-07    9.6173370773e-06
  51.0000000000    5.3549259519e-07    9.6907286608e-06
  51.5000000000    5.3950788826e-07    9.7630347430e-06
  52.0000000000    5.4306840768e-07    9.8331744764e-06
  52.5000000000    5.4698825570e-07    9.9057643745e-06
  53.0000000000    5.5092653746e-07    9.9796256581e-06
  53.5000000000    5.5490727981e-07    1.0053453409e-05
  54.0000000000    5.5898933287e-07    1.0143146441e-05
  54.5000000000    5.6293631935e-07    1.0205649116e-05
  55.0000000000    5.6690613534e-07    1.0271920962e-05
  55.5000000000    5.7068610011e-07    1.0346612312e-05
  56.0000000000    5.7423782883e-07    1.0413891870e-05
  56.5000000000    5.7839616615e-07    1.0482095096e-05
  57.0000000000    5.8222410855e-07    1.0557067208e-05
  57.5000000000    5.8536592337e-07    1.0616483111e-05
  58.0000000000    5.8896611084e-07    1.0677641769e-05
  58.5000000000    5.9226160344e-07    1.0735839723e-05
  59.0000000000    5.9531764772e-07    1.0798992952e-05
  59.5000000000    5.9872872633e-07    1.0866007481e-05
  60.0000000000    6.0252658786e-07    1.0935551293e-05
  60.5000000000    6.0644335618e-07    1.1010637772e-05
  61.0000000000    6.1056755635e-07    1.1080830665e-05
  61.5000000000    6.1478524120e-07    1.1152576169e-05
  62.0000000000    6.1870724372e-07    1.1243669282e-05
  62.5000000000    6.2272783247e-07    1.1297008152e-05
  63.0000000000    6.2620296538e-07    1.1374592038e-05
  63.5000000000    6.2993218500e-07    1.1429605688e-05
  64.0000000000    6.3397457153e-07    1.1499566781e-05
  64.5000000000    6.3779056326e-07    1.1561640870e-05
  65.0000000000    6.4170534130e-07    1.1629555130e-05
  65.5000000000    6.4574748524e-07    1.1709107671e-05
  66.0000000000    6.4978566080e-07    1.1765306196e-05
  66.5000000000    6.5377891605e-07    1.1832557941e-05
  67.0000000000    6.5767891177e-07    1.1899138936e-05
  67.5000000000    6.6163805915e-07    1.1966815407e-05
  68.0000000000    6.6558256869e-07    1.2040924224e-05
  68.5000000000    6.6954104304e-07    1.2162080180e-05
  69.0000000000    6.7330902631e-07    1.2200844359e-05
  69.5000000000    6.7728503513e-07    1.2243331695e-05
  70.0000000000    6.8107540603e-07    1.2296715714e-05
  70.5000000000    6.8502095062e-07    1.2469407428e-05
  71.0000000000    6.8876265586e-07    1.2453603308e-05
  71.5000000000    6.9280342502e-07    1.2503034272e-05
  72.0000000000    6.9658595815e-07    1.2585622884e-05
  72.5000000000    7.0018330142e-07    1.2703536497e-05
  73.0000000000    7.0458341355e-07    1.2730519024e-05
  73.5000000000    7.0891672560e-07    1.2770122164e-05
  74.0000000000    7.1260755333e-07    1.2818273674e-05
  74.5000000000    7.1665560624e-07    1.2887560380e-05
  75.0000000000    7.2265968644e-07    1.2977724886e-05
  75.5000000000    7.2581125523e-07    1.3039782881e-05
  76.0000000000    7.2973154618e-07    1.3098962028e-05
  76.5000000000    7.3374131463e-07    1.3150208050e-05
  77.0000000000    7.3649844834e-07    1.3205702901e-05
  77.5000000000    7.3851273212e-07    1.3273057034e-05
  78.0000000000    7.4281424865e-07    1.3334287422e-05
  78.5000000000    7.4759693781e-07    1.3400296931e-05
  79.0000000000    7.5155207818e-07    1.3452488498e-05
  79.5000000000    7.5578304872e-07    1.3508369975e-05
  80.0000000000    7.5891507228e-07    1.3570279538e-05
  80.5000000000    7.6205678574e-07    1.3632057103e-05
  81.0000000000    7.6563670825e-07    1.3701545048e-05
  81.5000000000    7.6946178675e-07    1.3758577004e-05
  82.0000000000    7.7315223439e-07    1.3817465100e-05
  82.5000000000    7.7724129199e-07    1.3878244421e-05
  83.0000000000    7.8083944504e-07    1.3939673537e-05
  83.5000000000    7.8434553523e-07    1.4000899127e-05
  84.0000000000    7.8822636764e-07    1.4060499395e-05
  84.5000000000    7.9179594758e-07    1.4119951349e-05
  85.0000000000    7.9608234898e-07    1.4180020735e-05
  85.5000000000    8.0087778910e-07    1.4240096503e-05
  86.0000000000    8.0759193891e-07    1.4304636273e-05
  86.5000000000    8.1526263522e-07    1.4361268533e-05
  87.0000000000    8.2255636819e-07    1.4420072661e-05
  87.5000000000    8.3396136454e-07    1.4479193310e-05
  88.0000000000    8.4745011786e-07    1.4538197782e-05
  88.5000000000    8.5850478917e-07    1.4613444785e-05
  89.0000000000    8.6699012768e-07    1.4666526871e-05
  89.5000000000    8.7524111556e-07    1.4716847545e-05
  90.0000000000    8.8342480153e-07    1.4774348045e-05
  90.5000000000    8.9006442700e-07    1.4834642056e-05
  91.0000000000    8.9575039138e-07    1.4894987946e-05
  91.5000000000    8.9963018895e-07    1.4951152520e-05
  92.0000000000    9.0319663700e-07    1.5005403356e-05
  92.5000000000    9.0634368526e-07    1.5062975962e-05
  93.0000000000    9.0915297401e-07    1.5121112585e-05
  93.5000000000    9.1071179799e-07    1.5176827958e-05
  94.0000000000    9.1251687248e-07    1.5234918756e-05
  94.5000000000    9.1543384319e-07    1.5289857820e-05
  95.0000000000    9.1805036425e-07    1.5346539418e-05
  95.5000000000    9.1997911571e-07    1.5403222627e-05
  96.0000000000    9.2203822110e-07    1.5463637548e-05
  96.5000000000    9.2545251371e-07    1.5553420354e-05
  97.0000000000    9.2870056108e-07    1.5586760500e-05
  97.5000000000    9.3120995232e-07    1.5630809430e-05
  98.0000000000    9.3362186126e-07    1.5686906429e-05
  98.5000000000    9.3664298356e-07    1.5751535231e-05
  99.0000000000    9.3989863951e-07    1.5806224150e-05
  99.5000000000    9.4334701305e-07    1.5854598698e-05
 100.0000000000    9.4816193018e-07    1.5910369575e-05
 100.5000000000    9.5186767124e-07    1.5980579263e-05
 101.0000000000    9.5144514314e-07    1.6018248480e-05
 101.5000000000    9.4954176626e-07    1.6071899018e-05
 102.0000000000    9.5243857874e-07    1.6126895236e-05
 102.5000000000    9.6055970591e-07    1.6180844512e-05
 103.0000000000    9.6668258252e-07    1.6233815476e-05
 103.5000000000    9.6593712888e-07    1.6417982672e-05
 104.0000000000    9.6424323324e-07    1.6347035410e-05
 104.5000000000    9.6762806640e-07    1.6392684343e-05
 105.0000000000    9.7209949890e-07    1.6453213881e-05
 105.5000000000    9.7462629192e-07    1.6516330589e-05
 106.0000000000    9.7600624220e-07    1.6560017419e-05
 106.5000000000    9.7852428408e-07    1.6602100223e-05
 107.0000000000    9.8144041669e-07    1.6658383473e-05
 107.5000000000    9.8403032179e-07    1.6709689547e-05
 108.0000000000    9.8656899905e-07    1.6761508607e-05
 108.5000000000    9.8921852003e-07    1.6825439261e-05
 109.0000000000    9.9181689771e-07    1.6871547917e-05
 109.5000000000    9.9424541176e-07    1.6922491175e-05
 110.0000000000    9.9683852993e-07    1.6973013292e-05
 110.5000000000    9.9949323598e-07    1.7029810652e-05
 111.0000000000    1.0022113098e-06    1.7078025354e-05
 111.5000000000    1.0048357197e-06    1.7129507390e-05
 112.0000000000    1.0073770325e-06    1.7181183772e-05
 112.5000000000    1.0100555562e-06    1.7232471650e-05
 113.0000000000    1.0126534479e-06    1.7283725631e-05
 113.5000000000    1.0154961940e-06    1.7334849812e-05
 114.0000000000    1.0182240989e-06    1.7385940536e-05
 114.5000000000    1.0209747258e-06    1.7436828249e-05
 115.0000000000    1.0236982340e-06    1.7487610820e-05
 115.5000000000    1.0265348294e-06    1.7543944935e-05
 116.0000000000    1.0293704276e-06    1.7590983553e-05
 116.5000000000    1.0322931972e-06    1.7671170428e-05
 117.0000000000    1.0350306074e-06    1.7675382622e-05
 117.5000000000    1.0380974056e-06    1.7725256802e-05
 118.0000000000    1.0413614878e-06    1.7802546671e-05
 118.5000000000    1.0445448761e-06    1.7832892546e-05
 119.0000000000    1.0475507541e-06    1.7877785700e-05
 119.5000000000    1.0507961970e-06    1.7926302925e-05
 120.0000000000    1.0544077101e-06    1.8000583522e-05
 120.5000000000    1.0580644769e-06    1.8028084132e-05
 121.0000000000    1.0617260755e-06    1.8077329295e-05
 121.5000000000    1.0651430319e-06    1.8127133425e-05
 122.0000000000    1.0688697920e-06    1.8176530563e-05
 122.5000000000    1.0728924295e-06    1.8225715795e-05
 123.0000000000    1.0766664385e-06    1.8274794364e-05
 123.5000000000    1.0801984484e-06    1.8323807578e-05
 124.0000000000    1.0839983791e-06    1.8372700319e-05
 124.5000000000    1.0881563337e-06    1.8421465322e-05
 125.0000000000    1.0917421707e-06    1.8476304095e-05
 125.5000000000    1.0947028202e-06    1.8520873229e-05
 126.0000000000    1.0982233357e-06    1.8569663466e-05
 126.5000000000    1.1023946404e-06    1.8618343421e-05
 127.0000000000    1.1060164816e-06    1.8666781975e-05
 127.5000000000    1.1085513227e-06    1.8715029571e-05
 128.0000000000    1.1115929373e-06    1.8774134300e-05
 128.5000000000    1.1154640751e-06    1.8815877001e-05
 129.0000000000    1.1189559526e-06    1.8862185991e-05
 129.5000000000    1.1213631258e-06    1.8936717292e-05
 130.0000000000    1.1242644425e-06    1.8959362866e-05
 130.5000000000    1.1277907595e-06    1.9006605174e-05
 131.0000000000    1.1307414981e-06    1.9054651860e-05
 131.5000000000    1.1332948285e-06    1.9102424117e-05
 132.0000000000    1.1362904889e-06    1.9150029656e-05
 132.5000000000    1.1395096851e-06    1.9197515814e-05
 133.0000000000    1.1422670756e-06    1.9244913655e-05
 133.5000000000    1.1450652241e-06    1.9292342774e-05
 134.0000000000    1.1478501488e-06    1.9367998881e-05
 134.5000000000    1.1508922919e-06    1.9389430289e-05
 135.0000000000    1.1536854142e-06    1.9436214118e-05
 135.5000000000    1.1564849952e-06    1.9483890738e-05
 136.0000000000    1.1593254970e-06    1.9531162221e-05
 136.5000000000    1.1622690988e-06    1.9578197371e-05
 137.0000000000    1.1652382318e-06    1.9651494967e-05
 137.5000000000    1.1678579181e-06    1.9677644771e-05
 138.0000000000    1.1706091577e-06    1.9721214156e-05
 138.5000000000    1.1735680880e-06    1.9767363828e-05
 139.0000000000    1.1764652405e-06    1.9820919383e-05
 139.5000000000    1.1792890613e-06    1.9862611186e-05
 140.0000000000    1.1820213314e-06    1.9909728248e-05
 140.5000000000    1.1848075466e-06    1.9956693296e-05
 141.0000000000    1.1876782352e-06    2.0003335350e-05
 141.5000000000    1.1906011702e-06    2.0049869085e-05
 142.0000000000    1.1932133457e-06    2.0096359240e-05
 142.5000000000    1.1961094853e-06    2.0142798817e-05
 143.0000000000    1.1989229653e-06    2.0189217726e-05
 143.5000000000    1.2018528372e-06    2.0242905080e-05
 144.0000000000    1.2070650764e-06    2.0459719209e-05
 144.5000000000    1.2092723577e-06    2.0392160060e-05
 145.0000000000    1.2111464731e-06    2.0387127148e-05
 145.5000000000    1.2142452399e-06    2.0447633771e-05
 146.0000000000    1.2171707464e-06    2.0476893295e-05
 146.5000000000    1.2207569497e-06    2.0538710484e-05
 147.0000000000    1.2243579735e-06    2.0581415030e-05
 147.5000000000    1.2280952979e-06    2.0614743952e-05
 148.0000000000    1.2329040745e-06    2.0747344547e-05
 148.5000000000    1.2402347204e-06    2.0714903513e-05
 149.0000000000    1.2494865028e-06    2.0757242531e-05
 149.5000000000    1.2573994175e-06    2.0803688613e-05
 150.0000000000    1.2649614671e-06    2.0848635034e-05
 150.5000000000    1.2795183161e-06    2.0892520452e-05
 151.0000000000    1.3008891551e-06    2.1108851467e-05
 151.5000000000    1.3149684094e-06    2.1093514425e-05
 152.0000000000    1.3238567776e-06    2.1065219266e-05
 152.5000000000    1.3467972556e-06    2.1133310997e-05
 153.0000000000    1.3783374325e-06    2.1145197134e-05
 153.5000000000    1.3901491427e-06    2.1173424853e-05
 154.0000000000    1.3917464291e-06    2.1224526855e-05
 154.5000000000    1.4189740437e-06    2.1267423649e-05
 155.0000000000    1.4544686882e-06    2.1316509032e-05
 155.5000000000    1.4567293362e-06    2.1371399464e-05
 156.0000000000    1.4494199198e-06    2.1409722958e-05
 156.5000000000    1.4738460259e-06    2.1453991512e-05
 157.0000000000    1.4987240638e-06    2.2215776567e-05
 157.5000000000    1.4878840754e-06    2.1575703390e-05
 158.0000000000    1.4757416508e-06    2.1609326067e-05
 158.5000000000    1.4890886312e-06    2.1662264735e-05
 159.0000000000    1.4969046074e-06    2.1705213480e-05
 159.5000000000    1.4872307887e-06    2.1750940730e-05
 160.0000000000    1.4873932714e-06    2.1797144489e-05
 160.5000000000    1.5005244153e-06    2.1842839767e-05
 161.0000000000    1.5056306077e-06    2.1888906378e-05
 161.5000000000    1.5005330701e-06    2.1944004421e-05
 162.0000000000    1.4972606166e-06    2.1982763175e-05
 162.5000000000    1.4951891740e-06    2.2029792823e-05
 163.0000000000    1.4902523053e-06    2.2076146677e-05
 163.5000000000    1.4865830965e-06    2.2122361787e-05
 164.0000000000    1.4876481865e-06    2.2168413695e-05
 164.5000000000    1.4908478131e-06    2.2226342012e-05
 165.0000000000    1.4913986206e-06    2.2263598841e-05
 165.5000000000    1.4891665675e-06    2.2308151884e-05
 166.0000000000    1.4861891380e-06    2.2364029131e-05
 166.5000000000    1.4834739458e-06    2.2402403023e-05
 167.0000000000    1.4812454747e-06    2.2449747972e-05
 167.5000000000    1.4800942778e-06    2.2496504415e-05
 168.0000000000    1.4797380926e-06    2.2542864334e-05
 168.5000000000    1.4790110474e-06    2.2589302934e-05
 169.0000000000    1.4774031866e-06    2.2635699875e-05
 169.5000000000    1.4758236604e-06    2.2682155931e-05
 170.0000000000    1.4750420730e-06    2.2769283899e-05
 170.5000000000    1.4750730480e-06    2.2778028018e-05
 171.0000000000    1.4751732830e-06    2.2824090392e-05
 171.5000000000    1.4752812845e-06    2.2871427873e-05
 172.0000000000    1.4752782206e-06    2.2918145624e-05
 172.5000000000    1.4753256355e-06    2.2964851473e-05
 173.0000000000    1.4755863854e-06    2.3023540251e-05
 173.5000000000    1.4761346203e-06    2.3060979010e-05
 174.0000000000    1.4768276958e-06    2.3106132770e-05
 174.5000000000    1.4777008384e-06    2.3249944201e-05
 175.0000000000    1.4783592658e-06    2.3207823698e-05
 175.5000000000    1.4794281755e-06    2.3246262142e-05
 176.0000000000    1.4807171059e-06    2.3292143021e-05
 176.5000000000    1.4820234000e-06    2.3339271380e-05
 177.0000000000    1.4833808240e-06    2.3386376709e-05
 177.5000000000    1.4847431649e-06    2.3433341237e-05
 178.0000000000    1.4863194288e-06    2.3507121433e-05
 178.5000000000    1.4880448859e-06    2.3543244251e-05
 179.0000000000    1.4899677029e-06    2.3589844082e-05
 179.5000000000    1.4918306593e-06    2.3621185814e-05
 180.0000000000    1.4936308841e-06    2.3667082940e-05
 180.5000000000    1.4958205927e-06    2.3713821319e-05
 181.0000000000    1.4979055436e-06    2.3761073972e-05
 181.5000000000    1.5002655428e-06    2.3808668953e-05
 182.0000000000    1.5025809275e-06    2.3856516233e-05
 182.5000000000    1.5050998188e-06    2.3963943953e-05
 183.0000000000    1.5079308858e-06    2.4110217813e-05
 183.5000000000    1.5107379414e-06    2.4036837832e-05
 184.0000000000    1.5140214699e-06    2.4066051927e-05
 184.5000000000    1.5174832734e-06    2.4104953657e-05
 185.0000000000    1.5215904108e-06    2.4148356025e-05
 185.5000000000    1.5258417256e-06    2.4194471090e-05
 186.0000000000    1.5299877717e-06    2.4241956391e-05
 186.5000000000    1.5334913400e-06    2.4290145567e-05
 187.0000000000    1.5362523537e-06    2.4385289976e-05
 187.5000000000    1.5382640952e-06    2.4387300633e-05
 188.0000000000    1.5403533474e-06    2.4435736689e-05
 188.5000000000    1.5423940888e-06    2.4485512783e-05
 189.0000000000    1.5453491418e-06    2.4534943816e-05
 189.5000000000    1.5490902222e-06    2.4584525930e-05
 190.0000000000    1.5527537687e-06    2.4634242040e-05
 190.5000000000    1.5570410505e-06    2.4684050478e-05
 191.0000000000    1.5618708660e-06    2.4738786027e-05
 191.5000000000    1.5677340148e-06    2.4798962907e-05
 192.0000000000    1.5739907708e-06    2.4836892687e-05
 192.5000000000    1.5790275528e-06    2.4887355845e-05
 193.0000000000    1.5814460961e-06    2.4937120527e-05
 193.5000000000    1.5814490755e-06    2.4987481308e-05
 194.0000000000    1.5811831106e-06    2.5038251883e-05
 194.5000000000    1.5828993204e-06    2.5089225037e-05
 195.0000000000    1.5880564340e-06    2.5140356047e-05
 195.5000000000    1.5952604979e-06    2.5203628905e-05
 196.0000000000    1.6019565279e-06    2.5244790495e-05
 196.5000000000    1.6057356765e-06    2.5297584746e-05
 197.0000000000    1.6066839649e-06    2.5349148321e-05
 197.5000000000    1.6065740904e-06    2.5401144187e-05
 198.0000000000    1.6081243884e-06    2.5453491631e-05
 198.5000000000    1.6124803343e-06    2.5506024828e-05
 199.0000000000    1.6179511403e-06    2.5558768912e-05
 199.5000000000    1.6231068618e-06    2.5624037248e-05
 200.0000000000    1.6266418811e-06    2.5667470666e-05
 200.5000000000    1.6294505857e-06    2.5721562213e-05
 201.0000000000    1.6324445637e-06    2.5774474051e-05
 201.5000000000    1.6362565302e-06    2.5828082331e-05
 202.0000000000    1.6406787688e-06    2.5882133012e-05
 202.5000000000    1.6449657524e-06    2.5936425918e-05
 203.0000000000    1.6487489008e-06    2.5990950701e-05
 203.5000000000    1.6525542619e-06    2.6057232086e-05
 204.0000000000    1.6564763493e-06    2.6103485636e-05
 204.5000000000    1.6606143577e-06    2.6159356328e-05
 205.0000000000    1.6646949752e-06    2.6214212933e-05
 205.5000000000    1.6685912473e-06    2.6269903557e-05
 206.0000000000    1.6726586705e-06    2.6325978124e-05
 206.5000000000    1.6769190680e-06    2.6382315396e-05
 207.0000000000    1.6813115419e-06    2.6438924882e-05
 207.5000000000    1.6856350516e-06    2.6506405379e-05
 208.0000000000    1.6900427901e-06    2.6555926325e-05
 208.5000000000    1.6943493609e-06    2.6613533156e-05
 209.0000000000    1.6988507138e-06    2.6670603698e-05
 209.5000000000    1.7035738446e-06    2.6728708754e-05
 210.0000000000    1.7081869126e-06    2.6787178372e-05
 210.5000000000    1.7129205985e-06    2.6845904747e-05
 211.0000000000    1.7176825188e-06    2.6904985020e-05
 211.5000000000    1.7223932933e-06    2.6973917656e-05
 212.0000000000    1.7271116388e-06    2.7029223358e-05
 212.5000000000    1.7319321116e-06    2.7088095614e-05
 213.0000000000    1.7379190269e-06    2.7147243766e-05
 213.5000000000    1.7444045374e-06    2.7207746273e-05
 214.0000000000    1.7524565249e-06    2.7268838548e-05
 214.5000000000    1.7638667985e-06    2.7330333373e-05
 215.0000000000    1.7792713181e-06    2.7442720352e-05
 215.5000000000    1.7990673498e-06    2.7456641991e-05
 216.0000000000    1.8212967376e-06    2.7524149286e-05
 216.5000000000    1.8421546204e-06    2.7584538208e-05
 217.0000000000    1.8564381019e-06    2.7646876888e-05
 217.5000000000    1.8609657706e-06    2.7710376200e-05
 218.0000000000    1.8585407565e-06    2.7774587778e-05
 218.5000000000    1.8578631454e-06    2.7839456817e-05
 219.0000000000    1.8735216192e-06    2.7911445954e-05
 219.5000000000    1.9149312692e-06    2.7974587482e-05
 220.0000000000    1.9781962064e-06    2.8039244739e-05
 220.5000000000    2.0452162235e-06    2.8104759938e-05
 221.0000000000    2.0927551987e-06    2.8171756577e-05
 221.5000000000    2.1060022626e-06    2.8239725574e-05
 222.0000000000    2.0876523297e-06    2.8308323555e-05
 222.5000000000    2.0566862144e-06    2.8421977635e-05
 223.0000000000    2.0409142495e-06    2.8449912676e-05
 223.5000000000    2.0544302000e-06    2.8520145785e-05
 224.0000000000    2.0881558155e-06    2.8589687591e-05
 224.5000000000    2.1177731123e-06    2.8659605318e-05
 225.0000000000    2.1227646468e-06    2.8730719116e-05
 225.5000000000    2.1017333259e-06    2.8803182382e-05
 226.0000000000    2.0711332082e-06    2.8876467617e-05
 226.5000000000    2.0515244629e-06    2.8953894202e-05
 227.0000000000    2.0522388487e-06    2.9028545764e-05
 227.5000000000    2.0636990832e-06    2.9101365928e-05
 228.0000000000    2.0698066439e-06    2.9177107544e-05
 228.5000000000    2.0622732687e-06    2.9251473532e-05
 229.0000000000    2.0460943162e-06    2.9327562133e-05
 229.5000000000    2.0334199614e-06    2.9405428864e-05
 230.0000000000    2.0310186892e-06    2.9486469072e-05
 230.5000000000    2.0359689867e-06    2.9566901815e-05
 231.0000000000    2.0405107321e-06    2.9645334858e-05
 231.5000000000    2.0401992690e-06    2.9726543326e-05
 232.0000000000    2.0378456326e-06    2.9808214978e-05
 232.5000000000    2.0387629187e-06    2.9887999172e-05
 233.0000000000    2.0449520599e-06    2.9995871013e-05
 233.5000000000    2.0538727334e-06    3.0057168995e-05
 234.0000000000    2.0625464433e-06    3.0181803785e-05
 234.5000000000    2.0692997478e-06    3.0259359851e-05
 235.0000000000    2.0747259312e-06    3.0351718470e-05
 235.5000000000    2.0839450437e-06    3.0433195776e-05
 236.0000000000    2.0930519666e-06    3.0622069471e-05
 236.5000000000    2.1040302590e-06    3.0614693310e-05
 237.0000000000    2.1130239669e-06    3.0783775839e-05
 237.5000000000    2.1242285366e-06    3.1085360299e-05
 238.0000000000    2.1392852347e-06    3.3629437859e-05
 238.5000000000    2.1488606403e-06    3.4624389011e-05
 239.0000000000    2.1577816577e-06    3.1928194639e-05
 239.5000000000    2.1651433469e-06    3.1244533222e-05
 240.0000000000    2.1723619753e-06    3.1533002923e-05
 240.5000000000    2.1806933889e-06    3.1405312434e-05
 241.0000000000    2.1915320422e-06    3.1730303608e-05
 241.5000000000    2.2005303806e-06    3.1667877633e-05
 242.0000000000    2.2103724521e-06    3.1667510835e-05
 242.5000000000    2.2205864110e-06    3.1763065137e-05
 243.0000000000    2.2303263619e-06    3.1895641973e-05
 243.5000000000    2.2402186236e-06    3.1969197770e-05
 244.0000000000    2.2505472334e-06    3.2079140902e-05
 244.5000000000    2.2614116829e-06    3.2189462684e-05
 245.0000000000    2.2727585254e-06    3.2299947370e-05
 245.5000000000    2.2870407584e-06    3.4288884705e-05
 246.0000000000    2.2980692868e-06    3.2813148431e-05
 246.5000000000    2.3101550458e-06    3.2715411966e-05
 247.0000000000    2.3223359783e-06    3.2862611351e-05
 247.5000000000    2.3352996801e-06    3.3016186786e-05
 248.0000000000    2.3489929736e-06    3.3039457789e-05
 248.5000000000    2.3631231699e-06    3.3155627627e-05
 249.0000000000    2.3780080481e-06    3.3294127947e-05
 249.5000000000    2.3931553561e-06    3.3410289248e-05
 250.0000000000    2.4087826073e-06    3.3548333637e-05
 250.5000000000    2.4248387233e-06    3.3681895403e-05
 251.0000000000    2.4415359860e-06    3.3818810716e-05
 251.5000000000    2.4587020838e-06    3.3957099029e-05
 252.0000000000    2.4762701014e-06    3.4098136004e-05
 252.5000000000    2.4943206964e-06    3.4247129076e-05
 253.0000000000    2.5127972058e-06    3.4399540200e-05
 253.5000000000    2.5317882441e-06    3.4553867066e-05
 254.0000000000    2.5511744159e-06    3.4712006914e-05
 254.5000000000    2.5712645535e-06    3.4872609354e-05
 255.0000000000    2.5916409612e-06    3.5057700147e-05
 255.5000000000    2.6126159298e-06    3.5213799814e-05
 256.0000000000    2.6341238286e-06    3.5378132967e-05
 256.5000000000    2.6560575316e-06    3.5572673325e-05
 257.0000000000    2.6784992330e-06    3.5730306229e-05
 257.5000000000    2.7015087880e-06    3.5912160564e-05
 258.0000000000    2.7253557352e-06    3.6101213722e-05
 258.5000000000    2.7499154037e-06    3.6314855526e-05
 259.0000000000    2.7753071945e-06    3.6502194576e-05
 259.5000000000    2.8013237876e-06    3.6696745393e-05
 260.0000000000    2.8279151456e-06    3.6903520206e-05
 260.5000000000    2.8550712607e-06    3.7116733744e-05
 261.0000000000    2.8829388726e-06    3.7337476098e-05
 261.5000000000    2.9118528611e-06    3.7565166176e-05
 262.0000000000    2.9421194278e-06    3.7821946907e-05
 262.5000000000    2.9740052905e-06    3.8049881259e-05
 263.0000000000    3.0073385791e-06    3.8292860807e-05
 263.5000000000    3.0417455847e-06    3.8545002937e-05
 264.0000000000    3.0768508951e-06    3.8808877805e-05
 264.5000000000    3.1126088086e-06    3.9082522417e-05
 265.0000000000    3.1495249572e-06    3.9366054128e-05
 265.5000000000    3.1883446204e-06    3.9682479094e-05
 266.0000000000    3.2296333746e-06    3.9972181854e-05
 266.5000000000    3.2735120308e-06    4.0280066354e-05
 267.0000000000    3.3193763006e-06    4.0604543262e-05
 267.5000000000    3.3665990739e-06    4.0943702194e-05
 268.0000000000    3.4150315351e-06    4.1297547726e-05
 268.5000000000    3.4651699517e-06    4.1666626610e-05
 269.0000000000    3.5178203544e-06    4.2042100254e-05
 269.5000000000    3.5735943263e-06    4.2444495640e-05
 270.0000000000    3.6326092584e-06    4.2864132358e-05
 270.5000000000    3.6946946710e-06    4.3306345236e-05
 271.0000000000    3.7596562668e-06    4.3767512316e-05
 271.5000000000    3.8276079293e-06    4.4253400916e-05
 272.0000000000    3.8990394320e-06    4.4763403022e-05
 272.5000000000    3.9745537747e-06    4.5291302633e-05
 273.0000000000    4.0544351598e-06    4.5857322697e-05
 273.5000000000    4.1391369597e-06    4.6458698105e-05
 274.0000000000    4.2288311929e-06    4.7096217866e-05
 274.5000000000    4.3239004173e-06    4.7773495411e-05
 275.0000000000    4.4249919734e-06    4.8494939767e-05
 275.5000000000    4.5327388182e-06    4.9331626993e-05
 276.0000000000    4.6477212351e-06    5.0096636203e-05
 276.5000000000    4.7705860341e-06    5.0975304991e-05
 277.0000000000    4.9020521556e-06    5.1925836826e-05
 277.5000000000    5.0431339880e-06    5.2979913799e-05
 278.0000000000    5.1948316568e-06    5.4107816609e-05
 278.5000000000    5.3586909388e-06    5.5325258128e-05
 279.0000000000    5.5361514564e-06    5.6654636926e-05
 279.5000000000    5.7287786298e-06    5.8133056356e-05
 280.0000000000    5.9383075817e-06    5.9777103551e-05
 280.5000000000    6.1667366871e-06    6.1615635896e-05
 281.0000000000    6.4164773593e-06    6.3686856217e-05
 281.5000000000    6.6906200661e-06    6.6043892813e-05
 282.0000000000    6.9928696346e-06    6.8733349536e-05
 282.5000000000    7.3274114357e-06    7.1871976211e-05
 283.0000000000    7.6990981389e-06    7.5560828751e-05
 283.5000000000    8.1134793312e-06    7.9967762082e-05
 284.0000000000    8.5770258775e-06    8.5314235948e-05
 284.5000000000    9.0977652353e-06    9.1928154813e-05
 285.0000000000    9.6854248175e-06    1.0027462464e-04
 285.5000000000    1.0351659212e-05    1.1106592788e-04
 286.0000000000    1.1109848426e-05    1.2533901867e-04
 286.5000000000    1.1975482353e-05    1.4465697135e-04
 287.0000000000    1.2967141363e-05    1.7136328878e-04
 287.5000000000    1.4109894554e-05    2.0893775300e-04
 288.0000000000    1.5446823653e-05    2.6240276243e-04
 288.5000000000    1.7085082070e-05    3.3887006112e-04
 289.0000000000    1.9426042146e-05    4.4794595052e-04
 289.5000000000    2.4557271720e-05    6.0235608169e-04
 290.0000000000    4.1755070171e-05    8.2028568080e-04
 290.5000000000    9.3082124647e-05    1.1376944133e-03
 291.0000000000    2.0916776677e-04    1.6458227945e-03
 291.5000000000    4.1484356705e-04    2.5088746574e-03
 292.0000000000    6.9347506168e-04    3.8056609129e-03
 292.5000000000    9.6258870744e-04    5.3117934941e-03
 293.0000000000    1.1243610977e-03    6.6269315754e-03
 293.5000000000    1.1522722031e-03    7.5446376668e-03
 294.0000000000    1.0969743061e-03    8.1756579860e-03
 294.5000000000    1.0211911328e-03    8.6946025940e-03
 295.0000000000    9.6264919491e-04    9.1064968653e-03
 295.5000000000    9.3383746714e-04    9.2891652115e-03
 296.0000000000    9.2241290113e-04    9.1903644375e-03
 296.5000000000    8.9404108391e-04    9.1329324238e-03
 297.0000000000    8.3267531045e-04    9.5218798712e-03
 297.5000000000    7.8495245408e-04    9.8239379921e-03
 298.0000000000    7.8918135882e-04    9.3957741667e-03
 298.5000000000    7.7083838194e-04    9.2326430861e-03
 299.0000000000    7.1837039559e-04    9.7950064200e-03
 299.5000000000    7.3491891807e-04    9.0071902421e-03
 300.0000000000    6.8397755407e-04    9.7300350037e-03
 300.5000000000    6.9866870108e-04    8.9632465512e-03
 301.0000000000    6.7103883809e-04    9.3465942740e-03
 301.5000000000    6.4903990445e-04    9.6289485779e-03
 302.0000000000    6.5589654489e-04    9.2117495208e-03
 302.5000000000    6.6230687247e-04    8.8321294769e-03
 303.0000000000    6.5752408143e-04    8.9200725238e-03
 303.5000000000    6.4743163275e-04    9.2549152515e-03
 304.0000000000    6.3996642197e-04    9.5208727888e-03
 304.5000000000    6.4294833198e-04    9.5075504443e-03
 305.0000000000    6.6180523601e-04    9.0784389729e-03
 305.5000000000    6.7388018129e-04    8.8798454615e-03
 306.0000000000    6.5492373359e-04    9.5116704857e-03
 306.5000000000    6.8821206619e-04    8.8039305581e-03
 307.0000000000    6.7214591626e-04    9.3346820244e-03
 307.5000000000    6.7197302997e-04    9.4562489087e-03
 308.0000000000    6.8951691028e-04    9.2352356392e-03
 308.5000000000    7.1735527978e-04    8.9084443622e-03
 309.0000000000    7.3477716483e-04    8.7810058743e-03
 309.5000000000    7.5608819217e-04    8.7067200454e-03
 310.0000000000    7.2258975114e-04    9.3721735484e-03
 310.5000000000    7.6581675801e-04    9.1458887696e-03
 311.0000000000    7.7002570631e-04    9.2700798257e-03
 311.5000000000    8.4459268349e-04    8.7946665359e-03
 312.0000000000    8.2065048159e-04    9.1113280174e-03
 312.5000000000    8.5069424799e-04    9.0226057691e-03
 313.0000000000    8.6931960231e-04    8.7294149128e-03
 313.5000000000    9.0309864701e-04    8.4213189294e-03
 314.0000000000    8.6407243661e-04    8.2787315063e-03
 314.5000000000    8.4082700942e-04    7.3734101698e-03
 315.0000000000    7.6367226062e-04    6.8918245203e-03
 315.5000000000    6.5771569994e-04    6.0907294233e-03
 316.0000000000    5.1393315588e-04    4.9298594118e-03
 316.5000000000    3.7203660793e-04    3.6891988965e-03
 317.0000000000    2.5317090852e-04    2.6774850703e-03
 317.5000000000    1.7114362775e-04    2.1516535822e-03
 318.0000000000    1.2448748926e-04    2.0391555396e-03
 318.5000000000    1.0185132308e-04    2.1482859812e-03
 319.0000000000    9.2789521840e-05    2.3336863849e-03
 319.5000000000    9.0155085029e-05    2.5141385597e-03
 320.0000000000    8.9853839353e-05    2.6567182980e-03
 320.5000000000    9.0011398735e-05    2.7547920454e-03
 321.0000000000    8.9975864283e-05    2.8131636075e-03
 321.5000000000    8.9633531182e-05    2.8406125562e-03
 322.0000000000    8.9057269435e-05    2.8464336908e-03
 322.5000000000    8.8353808203e-05    2.8389546935e-03
 323.0000000000    8.7609525117e-05    2.8249213668e-03
 323.5000000000    8.6879757991e-05    2.8094149022e-03
 324.0000000000    8.6195117153e-05    2.7959881868e-03
 324.5000000000    8.5571598701e-05    2.7869557507e-03
 325.0000000000    8.5018607033e-05    2.7837043454e-03
 325.5000000000    8.4543678943e-05    2.7868664145e-03
 326.0000000000    8.4153802388e-05    2.7966243381e-03
 326.5000000000    8.3855918344e-05    2.8127190728e-03
 327.0000000000    8.3656648477e-05    2.8345949081e-03
 327.5000000000    8.3561864198e-05    2.8614735980e-03
 328.0000000000    8.3575844060e-05    2.8924359496e-03
 328.5000000000    8.3700393017e-05    2.9264609960e-03
 329.0000000000    8.3933839746e-05    2.9624873856e-03
 329.5000000000    8.4270334323e-05    2.9994541065e-03
 330.0000000000    8.4699366289e-05    3.0363399522e-03
 330.5000000000    8.5206085846e-05    3.0722043374e-03
 331.0000000000    8.5771665897e-05    3.1062126693e-03
 331.5000000000    8.6374513309e-05    3.1376475855e-03
 332.0000000000    8.6991360454e-05    3.1659184787e-03
 332.5000000000    8.7598722193e-05    3.1905608489e-03
 333.0000000000    8.8174252161e-05    3.2112405337e-03
 333.5000000000    8.8697815968e-05    3.2277569334e-03
 334.0000000000    8.9152318549e-05    3.2400435383e-03
 334.5000000000    8.9524477200e-05    3.2481597910e-03
 335.0000000000    8.9805001196e-05    3.2522770603e-03
 335.5000000000    8.9989241463e-05    3.2526630354e-03
 336.0000000000    9.0077332343e-05    3.2496675150e-03
 336.5000000000    9.0073744359e-05    3.2437106987e-03
 337.0000000000    8.9986910847e-05    3.2352579682e-03
 337.5000000000    8.9827862689e-05    3.2248218561e-03
 338.0000000000    8.9609430964e-05    3.2129066054e-03
 338.5000000000    8.9345025511e-05    3.2000286091e-03
 339.0000000000    8.9047757309e-05    3.1866713185e-03
 339.5000000000    8.8729807330e-05    3.1732826356e-03
 340.0000000000    8.8402033664e-05    3.1602668742e-03
 340.5000000000    8.8073805809e-05    3.1479778454e-03
 341.0000000000    8.7752909047e-05    3.1367143510e-03
 341.5000000000    8.7445866844e-05    3.1267188112e-03
 342.0000000000    8.7157708146e-05    3.1181801104e-03
 342.5000000000    8.6892420712e-05    3.1112393733e-03
 343.0000000000    8.6652897920e-05    3.1059960845e-03
 343.5000000000    8.6441124503e-05    3.1025124005e-03
 344.0000000000    8.6258428988e-05    3.1008150957e-03
 344.5000000000    8.6105541045e-05    3.1008961028e-03
 345.0000000000    8.5982967198e-05    3.1027136215e-03
 345.5000000000    8.5890940353e-05    3.1061940225e-03
 346.0000000000    8.5829611510e-05    3.1112338421e-03
 346.5000000000    8.5798959024e-05    3.1177013606e-03
 347.0000000000    8.5798466352e-05    3.1254386715e-03
 347.5000000000    8.5827302298e-05    3.1342628248e-03
 348.0000000000    8.5883970559e-05    3.1439718363e-03
 348.5000000000    8.5966496878e-05    3.1543502105e-03
 349.0000000000    8.6072304338e-05    3.1651746228e-03
 349.5000000000    8.6198391505e-05    3.1762214766e-03
 350.0000000000    8.6341261133e-05    3.1872738244e-03
 350.5000000000    8.6497240239e-05    3.1981273485e-03
 351.0000000000    8.6662323285e-05    3.2085960170e-03
 351.5000000000    8.6832425672e-05    3.2185166918e-03
 352.0000000000    8.7003611755e-05    3.2277522212e-03
 352.5000000000    8.7171767550e-05    3.2361931412e-03
 353.0000000000    8.7333210838e-05    3.2437577612e-03
 353.5000000000    8.7484630813e-05    3.2503912618e-03
 354.0000000000    8.7622944223e-05    3.2560644569e-03
 354.5000000000    8.7745829518e-05    3.2607723226e-03
 355.0000000000    8.7851375111e-05    3.2645321226e-03
 355.5000000000    8.7938306518e-05    3.2673807050e-03
 356.0000000000    8.8005873189e-05    3.2693713416e-03
 356.5000000000    8.8053628876e-05    3.2705709444e-03
 357.0000000000    8.8081865218e-05    3.2710579624e-03
 357.5000000000    8.8091141135e-05    3.2709202113e-03
 358.0000000000    8.8082807554e-05    3.2702529010e-03
 358.5000000000    8.8058602566e-05    3.2691564426e-03
 359.0000000000    8.8020636340e-05    3.2677336058e-03
 359.5000000000    8.7971161500e-05    3.2660864939e-03
 360.0000000000    8.7912367530e-05    3.2643141461e-03
 360.5000000000    8.7846471757e-05    3.2625110476e-03
 361.0000000000    8.7775570429e-05    3.2607658089e-03
 361.5000000000    8.7701799986e-05    3.2591596662e-03
 362.0000000000    8.7627305523e-05    3.2577650523e-03
 362.5000000000    8.7554173165e-05    3.2566444379e-03
 363.0000000000    8.7483923406e-05    3.2558498711e-03
 363.5000000000    8.7417877534e-05    3.2554228008e-03
 364.0000000000    8.7356977236e-05    3.2553964490e-03
 364.5000000000    8.7302031797e-05    3.2557845512e-03
 365.0000000000    8.7253917150e-05    3.2566028383e-03
 365.5000000000    8.7213315401e-05    3.2578463978e-03
 366.0000000000    8.7180867000e-05    3.2595051457e-03
 366.5000000000    8.7156925847e-05    3.2615565215e-03
 367.0000000000    8.7141514019e-05    3.2639726949e-03
 367.5000000000    8.7134463643e-05    3.2667177498e-03
 368.0000000000    8.7135678436e-05    3.2697518410e-03
 368.5000000000    8.7144851642e-05    3.2730306030e-03
 369.0000000000    8.7161564023e-05    3.2765080232e-03
 369.5000000000    8.7185312303e-05    3.2801369152e-03
 370.0000000000    8.7215313037e-05    3.2838707696e-03
 370.5000000000    8.7250607194e-05    3.2876642131e-03
 371.0000000000    8.7290132537e-05    3.2914738737e-03
 371.5000000000    8.7332835825e-05    3.2952583496e-03
 372.0000000000    8.7377719720e-05    3.2989783135e-03
 372.5000000000    8.7423678956e-05    3.3025963388e-03
 373.0000000000    8.7469496454e-05    3.3060772331e-03
 373.5000000000    8.7514400424e-05    3.3093885220e-03
 374.0000000000    8.7557400273e-05    3.3125009318e-03
 374.5000000000    8.7598054439e-05    3.3153888929e-03
 375.0000000000    8.7636073718e-05    3.3180303483e-03
 375.5000000000    8.7671462111e-05    3.3204093330e-03
 376.0000000000    8.7704289499e-05    3.3225178385e-03
 376.5000000000    8.7734867646e-05    3.3243563558e-03
 377.0000000000    8.7763687407e-05    3.3259351249e-03
 377.5000000000    8.7790859365e-05    3.3272737700e-03
 378.0000000000    8.7816884726e-05    3.3284000789e-03
 378.5000000000    8.7841759425e-05    3.3293482700e-03
 379.0000000000    8.7865074777e-05    3.3301565568e-03
 379.5000000000    8.7886114084e-05    3.3308658310e-03
 380.0000000000    8.7903613981e-05    3.3315079327e-03
 380.5000000000    8.7915984914e-05    3.3321189996e-03
 381.0000000000    8.7921357734e-05    3.3327209969e-03
 381.5000000000    8.7917900634e-05    3.3333303407e-03
 382.0000000000    8.7904040096e-05    3.3339560627e-03
 382.5000000000    8.7878815622e-05    3.3346022442e-03
 383.0000000000    8.7842102504e-05    3.3352705119e-03
 383.5000000000    8.7794913661e-05    3.3359639671e-03
 384.0000000000    8.7739257882e-05    3.3366860889e-03
 384.5000000000    8.7678116234e-05    3.3374506699e-03
 385.0000000000    8.7615628817e-05    3.3382726021e-03
 385.5000000000    8.7555902381e-05    3.3391744839e-03
 386.0000000000    8.7503221463e-05    3.3401949832e-03
 386.5000000000    8.7461076805e-05    3.3413184173e-03
 387.0000000000    8.7431783582e-05    3.3426056597e-03
 387.5000000000    8.7416930131e-05    3.3440542413e-03
 388.0000000000    8.7416127837e-05    3.3456645095e-03
 388.5000000000    8.7427960989e-05    3.3474235565e-03
 389.0000000000    8.7450061738e-05    3.3493066206e-03
 389.5000000000    8.7479011482e-05    3.3512788849e-03
 390.0000000000    8.7511588762e-05    3.3532992464e-03
 390.5000000000    8.7544647626e-05    3.3553256011e-03
 391.0000000000    8.7575905685e-05    3.3573204074e-03
 391.5000000000    8.7603882590e-05    3.3592551782e-03
 392.0000000000    8.7627992934e-05    3.3611130826e-03
 392.5000000000    8.7648865089e-05    3.3628897355e-03
 393.0000000000    8.7667488278e-05    3.3645921780e-03
 393.5000000000    8.7685196914e-05    3.3662358860e-03
 394.0000000000    8.7703296667e-05    3.3678403722e-03
 394.5000000000    8.7722692044e-05    3.3694245387e-03
 395.0000000000    8.7743693794e-05    3.3710027692e-03
 395.5000000000    8.7765944777e-05    3.3725822220e-03
 396.0000000000    8.7788656078e-05    3.3741614505e-03
 396.5000000000    8.7810825322e-05    3.3757304525e-03
 397.0000000000    8.7831292122e-05    3.3772724453e-03
 397.5000000000    8.7849020210e-05    3.3787670981e-03
 398.0000000000    8.7863527368e-05    3.3801943317e-03
 398.5000000000    8.7874366790e-05    3.3815379625e-03
 399.0000000000    8.7881734574e-05    3.3827884568e-03
 399.5000000000    8.7886084633e-05    3.3839445663e-03
 400.0000000000    8.7887998224e-05    3.3850136101e-03
 400.5000000000    8.7888191309e-05    3.3860103992e-03
 401.0000000000    8.7887253585e-05    3.3869549458e-03
 401.5000000000    8.7885698702e-05    3.3878694438e-03
 402.0000000000    8.7883806460e-05    3.3887753019e-03
 402.5000000000    8.7881780030e-05    3.3896907328e-03
 403.0000000000    8.7879666685e-05    3.3906290601e-03
 403.5000000000    8.7877566152e-05    3.3915979147e-03
 404.0000000000    8.7875514247e-05    3.3925994121e-03
 404.5000000000    8.7873576972e-05    3.3936312401e-03
 405.0000000000    8.7871805555e-05    3.3946884332e-03
 405.5000000000    8.7870266077e-05    3.3957653101e-03
 406.0000000000    8.7869142801e-05    3.3968570826e-03
 406.5000000000    8.7868555767e-05    3.3979607892e-03
 407.0000000000    8.7868738542e-05    3.3990756305e-03
 407.5000000000    8.7869840301e-05    3.4002025744e-03
 408.0000000000    8.7871872017e-05    3.4013433557e-03
 408.5000000000    8.7875011689e-05    3.4024993772e-03
 409.0000000000    8.7879276628e-05    3.4036705146e-03
 409.5000000000    8.7884694553e-05    3.4048544484e-03
 410.0000000000    8.7891234773e-05    3.4060466200e-03
 410.5000000000    8.7898729830e-05    3.4072407733e-03
 411.0000000000    8.7906903900e-05    3.4084301717e-03
 411.5000000000    8.7915337259e-05    3.4096088869e-03
 412.0000000000    8.7923483359e-05    3.4107731953e-03
 412.5000000000    8.7930808464e-05    3.4119224855e-03
 413.0000000000    8.7936785134e-05    3.4130593615e-03
 413.5000000000    8.7941048516e-05    3.4141891445e-03
 414.0000000000    8.7943427824e-05    3.4153186375e-03
 414.5000000000    8.7943934371e-05    3.4164545712e-03
 415.0000000000    8.7942843400e-05    3.4176019847e-03
 415.5000000000    8.7940622863e-05    3.4187628182e-03
 416.0000000000    8.7937863294e-05    3.4199350227e-03
 416.5000000000    8.7935314188e-05    3.4211124115e-03
 417.0000000000    8.7933590523e-05    3.4222854655e-03
 417.5000000000    8.7933202275e-05    3.4234430564e-03
 418.0000000000    8.7934460565e-05    3.4245744269e-03
 418.5000000000    8.7937394845e-05    3.4256711556e-03
 419.0000000000    8.7941835617e-05    3.4267286121e-03
 419.5000000000    8.7947457298e-05    3.4277468638e-03
 420.0000000000    8.7953793157e-05    3.4287307824e-03
 420.5000000000    8.7960356833e-05    3.4296893350e-03
 421.0000000000    8.7966834640e-05    3.4306341696e-03
 421.5000000000    8.7972868361e-05    3.4315776230e-03
 422.0000000000    8.7978343375e-05    3.4325305111e-03
 422.5000000000    8.7983317211e-05    3.4335002319e-03
 423.0000000000    8.7987932928e-05    3.4344896522e-03
 423.5000000000    8.7992452732e-05    3.4354969930e-03
 424.0000000000    8.7997139016e-05    3.4365165382e-03
 424.5000000000    8.8002189958e-05    3.4375398783e-03
 425.0000000000    8.8007643609e-05    3.4385575614e-03
 425.5000000000    8.8013362177e-05    3.4395609139e-03
 426.0000000000    8.8019059684e-05    3.4405436807e-03
 426.5000000000    8.8024404344e-05    3.4415031599e-03
 427.0000000000    8.8029132766e-05    3.4424405313e-03
 427.5000000000    8.8033146091e-05    3.4433604272e-03
 428.0000000000    8.8036536660e-05    3.4442700018e-03
 428.5000000000    8.8039484266e-05    3.4451776769e-03
 429.0000000000    8.8042357661e-05    3.4460917009e-03
 429.5000000000    8.8045197649e-05    3.4470187307e-03
 430.0000000000    8.8048178706e-05    3.4479626983e-03
 430.5000000000    8.8051449900e-05    3.4489242951e-03
 431.0000000000    8.8054906746e-05    3.4499010782e-03
 431.5000000000    8.8058623597e-05    3.4508881242e-03
 432.0000000000    8.8062635101e-05    3.4518790486e-03
 432.5000000000    8.8066917378e-05    3.4528671237e-03
 433.0000000000    8.8071392489e-05    3.4538462343e-03
 433.5000000000    8.8075897764e-05    3.4548117080e-03
 434.0000000000    8.8080206277e-05    3.4557607393e-03
 434.5000000000    8.8084143635e-05    3.4566925884e-03
 435.0000000000    8.8087674876e-05    3.4576085410e-03
 435.5000000000    8.8090881405e-05    3.4585116284e-03
 436.0000000000    8.8093938802e-05    3.4594059520e-03
 436.5000000000    8.8097034398e-05    3.4602958675e-03
 437.0000000000    8.8100303313e-05    3.4611851456e-03
 437.5000000000    8.8103751347e-05    3.4620763921e-03
 438.0000000000    8.8107296003e-05    3.4629707892e-03
 438.5000000000    8.8110835701e-05    3.4638681228e-03
 439.0000000000    8.8114290161e-05    3.4647668815e-03
 439.5000000000    8.8117595325e-05    3.4656645179e-03
 440.0000000000    8.8120646627e-05    3.4665580221e-03
 440.5000000000    8.8123350812e-05    3.4674445217e-03
 441.0000000000    8.8125582946e-05    3.4683218936e-03
 441.5000000000    8.8127252352e-05    3.4691890529e-03
 442.0000000000    8.8128396008e-05    3.4700548277e-03
 442.5000000000    8.8129125061e-05    3.4708943185e-03
 443.0000000000    8.8129659110e-05    3.4717356286e-03
 443.5000000000    8.8130223577e-05    3.4725722884e-03
 444.0000000000    8.8131013543e-05    3.4734130892e-03
 444.5000000000    8.8132167712e-05    3.4742372929e-03
 445.0000000000    8.8133829809e-05    3.4750705681e-03
 445.5000000000    8.8136074416e-05    3.4759059785e-03
 446.0000000000    8.8138935933e-05    3.4767432833e-03
 446.5000000000    8.8142382514e-05    3.4775825479e-03
 447.0000000000    8.8146321160e-05    3.4784228332e-03
 447.5000000000    8.8150609136e-05    3.4792628529e-03
 448.0000000000    8.8155083068e-05    3.4801011932e-03
 448.5000000000    8.8159582861e-05    3.4809363968e-03
 449.0000000000    8.8163989303e-05    3.4817671209e-03
 449.5000000000    8.8168195282e-05    3.4825930073e-03
 450.0000000000    8.8172144423e-05    3.4834117517e-03
 450.5000000000    8.8175799953e-05    3.4842251206e-03
 451.0000000000    8.8179191466e-05    3.4850334604e-03
 451.5000000000    8.8182394872e-05    3.4858378505e-03
 452.0000000000    8.8185468256e-05    3.4866392953e-03
 452.5000000000    8.8188472918e-05    3.4874393176e-03
 453.0000000000    8.8191499977e-05    3.4882384805e-03
 453.5000000000    8.8194594623e-05    3.4890377673e-03
 454.0000000000    8.8197761781e-05    3.4898371016e-03
 454.5000000000    8.8201004557e-05    3.4906426951e-03
 455.0000000000    8.8204283278e-05    3.4914310030e-03
 455.5000000000    8.8207586615e-05    3.4922268519e-03
 456.0000000000    8.8210852114e-05    3.4930180879e-03
 456.5000000000    8.8214038378e-05    3.4938065097e-03
 457.0000000000    8.8217103596e-05    3.4945901112e-03
 457.5000000000    8.8220024203e-05    3.4953683045e-03
 458.0000000000    8.8222807662e-05    3.4961407191e-03
 458.5000000000    8.8225490884e-05    3.4969076172e-03
 459.0000000000    8.8228123056e-05    3.4976697276e-03
 459.5000000000    8.8230742967e-05    3.4984281317e-03
 460.0000000000    8.8233375661e-05    3.4991840490e-03
 460.5000000000    8.8236031201e-05    3.4999385606e-03
 461.0000000000    8.8238698631e-05    3.5006924111e-03
 461.5000000000    8.8241386637e-05    3.5014459544e-03
 462.0000000000    8.8244059120e-05    3.5021992408e-03
 462.5000000000    8.8246743236e-05    3.5029521505e-03
 463.0000000000    8.8249390159e-05    3.5037044750e-03
 463.5000000000    8.8252032278e-05    3.5044559616e-03
 464.0000000000    8.8254664153e-05    3.5052063230e-03
 464.5000000000    8.8257225327e-05    3.5059552036e-03
 465.0000000000    8.8259757303e-05    3.5067021871e-03
 465.5000000000    8.8262264573e-05    3.5074468476e-03
 466.0000000000    8.8264770283e-05    3.5081888289e-03
 466.5000000000    8.8267292889e-05    3.5089278406e-03
 467.0000000000    8.8269884067e-05    3.5096637085e-03
 467.5000000000    8.8272523484e-05    3.5103964169e-03
 468.0000000000    8.8275245503e-05    3.5111260205e-03
 468.5000000000    8.8278042967e-05    3.5118525725e-03
 469.0000000000    8.8280899743e-05    3.5125761223e-03
 469.5000000000    8.8283818956e-05    3.5132967052e-03
 470.0000000000    8.8286776430e-05    3.5140142770e-03
 470.5000000000    8.8289745111e-05    3.5147287289e-03
 471.0000000000    8.8292719451e-05    3.5154399022e-03
 471.5000000000    8.8295669252e-05    3.5161475751e-03
 472.0000000000    8.8298582278e-05    3.5168515055e-03
 472.5000000000    8.8301434802e-05    3.5175515582e-03
 473.0000000000    8.8304216062e-05    3.5182478080e-03
 473.5000000000    8.8306932412e-05    3.5189447163e-03
 474.0000000000    8.8309551791e-05    3.5196305431e-03
 474.5000000000    8.8312111946e-05    3.5203174688e-03
 475.0000000000    8.8314637916e-05    3.5210023516e-03
 475.5000000000    8.8317161189e-05    3.5216852381e-03
 476.0000000000    8.8319716433e-05    3.5223660445e-03
 476.5000000000    8.8322324569e-05    3.5230448851e-03
 477.0000000000    8.8324986799e-05    3.5237217773e-03
 477.5000000000    8.8327700972e-05    3.5243969534e-03
 478.0000000000    8.8330437910e-05    3.5250708932e-03
 478.5000000000    8.8333185745e-05    3.5257442196e-03
 479.0000000000    8.8335933220e-05    3.5264175178e-03
 479.5000000000    8.8338655396e-05    3.5270923968e-03
 480.0000000000    8.8341361714e-05    3.5277650846e-03
 480.5000000000    8.8344033869e-05    3.5284384872e-03
 481.0000000000    8.8346669016e-05    3.5291109802e-03
 481.5000000000    8.8349289009e-05    3.5297817895e-03
 482.0000000000    8.8351960754e-05    3.5304545518e-03
 482.5000000000    8.8354723030e-05    3.5311180096e-03
 483.0000000000    8.8357703817e-05    3.5317829307e-03
 483.5000000000    8.8360986655e-05    3.5324465910e-03
 484.0000000000    8.8364573705e-05    3.5331088813e-03
 484.5000000000    8.8368366439e-05    3.5337695567e-03
 485.0000000000    8.8372163981e-05    3.5344284092e-03
 485.5000000000    8.8375707730e-05    3.5350849474e-03
 486.0000000000    8.8378792578e-05    3.5357388181e-03
 486.5000000000    8.8381384944e-05    3.5363900436e-03
 487.0000000000    8.8383681165e-05    3.5370389480e-03
 487.5000000000    8.8386050423e-05    3.5376858886e-03
 488.0000000000    8.8388871888e-05    3.5383309971e-03
 488.5000000000    8.8392340646e-05    3.5389740678e-03
 489.0000000000    8.8396345257e-05    3.5396146527e-03
 489.5000000000    8.8400504106e-05    3.5402522825e-03
 490.0000000000    8.8404348519e-05    3.5408866908e-03
 490.5000000000    8.8407535270e-05    3.5415179521e-03
 491.0000000000    8.8410000630e-05    3.5421464695e-03
 491.5000000000    8.8411951983e-05    3.5427727968e-03
 492.0000000000    8.8413728072e-05    3.5433974044e-03
 492.5000000000    8.8415619345e-05    3.5440205298e-03
 493.0000000000    8.8417754217e-05    3.5446421692e-03
 493.5000000000    8.8420089236e-05    3.5452621951e-03
 494.0000000000    8.8422487572e-05    3.5458805018e-03
 494.5000000000    8.8424800514e-05    3.5464970966e-03
 495.0000000000    8.8426950852e-05    3.5471120898e-03
 495.5000000000    8.8428938151e-05    3.5477256150e-03
 496.0000000000    8.8430773266e-05    3.5483377464e-03
 496.5000000000    8.8432562328e-05    3.5489484333e-03
 497.0000000000    8.8434406716e-05    3.5495574935e-03
 497.5000000000    8.8436396663e-05    3.5501646390e-03
 498.0000000000    8.8438570075e-05    3.5507695035e-03
 498.5000000000    8.8440909520e-05    3.5513717020e-03
 499.0000000000    8.8443346198e-05    3.5519708870e-03
 499.5000000000    8.8445812907e-05    3.5525668079e-03
 500.0000000000    8.8448284542e-05    3.5531594549e-03
 500.5000000000    8.8450782705e-05    3.5537492478e-03
 501.0000000000    8.8453367280e-05    3.5543372063e-03
 501.5000000000    8.8456083405e-05    3.5549250767e-03
 502.0000000000    8.8458918952e-05    3.5555153485e-03
 502.5000000000    8.8461812020e-05    3.5561111012e-03
 503.0000000000    8.8464683087e-05    3.5567156746e-03
 503.5000000000    8.8467514194e-05    3.5573321669e-03
 504.0000000000    8.8470444221e-05    3.5579627552e-03
 504.5000000000    8.8473820570e-05    3.5586078616e-03
 505.0000000000    8.8478178901e-05    3.5592653627e-03
 505.5000000000    8.8484154705e-05    3.5599299945e-03
 506.0000000000    8.8492354742e-05    3.5605931340e-03
 506.5000000000    8.8503229791e-05    3.5612432268e-03
 507.0000000000    8.8516968573e-05    3.5618670360e-03
 507.5000000000    8.8533403398e-05    3.5624516347e-03
 508.0000000000    8.8551919874e-05    3.5629868342e-03
 508.5000000000    8.8571383967e-05    3.5634674846e-03
 509.0000000000    8.8590135662e-05    3.5638951328e-03
 509.5000000000    8.8606106218e-05    3.5642785254e-03
 510.0000000000    8.8617059097e-05    3.5646328769e-03
 510.5000000000    8.8620911035e-05    3.5649778728e-03
 511.0000000000    8.8616124848e-05    3.5653348561e-03
 511.5000000000    8.8602021066e-05    3.5657237147e-03
 512.0000000000    8.8578991784e-05    3.5661599908e-03
 512.5000000000    8.8548537682e-05    3.5666526678e-03
 513.0000000000    8.8513129120e-05    3.5672029183e-03
 513.5000000000    8.8475890797e-05    3.5678040173e-03
 514.0000000000    8.8440168999e-05    3.5684438693e-03
 514.5000000000    8.8409019642e-05    3.5691009152e-03
 515.0000000000    8.8384824286e-05    3.5697597321e-03
 515.5000000000    8.8368932887e-05    3.5704027254e-03
 516.0000000000    8.8361594624e-05    3.5710182570e-03
 516.5000000000    8.8361996184e-05    3.5716035023e-03
 517.0000000000    8.8368508555e-05    3.5721589141e-03
 517.5000000000    8.8379142519e-05    3.5726961154e-03
 518.0000000000    8.8391853042e-05    3.5732274154e-03
 518.5000000000    8.8404954497e-05    3.5737664120e-03
 519.0000000000    8.8417351584e-05    3.5743240600e-03
 519.5000000000    8.8428625517e-05    3.5749066171e-03
 520.0000000000    8.8438936748e-05    3.5755151906e-03
 520.5000000000    8.8448833228e-05    3.5761461688e-03
 521.0000000000    8.8458967485e-05    3.5767922708e-03
 521.5000000000    8.8469843420e-05    3.5774440313e-03
 522.0000000000    8.8481609451e-05    3.5780914112e-03
 522.5000000000    8.8494036152e-05    3.5787254355e-03
 523.0000000000    8.8506601484e-05    3.5793393356e-03
 523.5000000000    8.8518638729e-05    3.5799293115e-03
 524.0000000000    8.8529523807e-05    3.5804948902e-03
 524.5000000000    8.8538825101e-05    3.5810387242e-03
 525.0000000000    8.8546390666e-05    3.5815658686e-03
 525.5000000000    8.8552346023e-05    3.5820826850e-03
 526.0000000000    8.8557024869e-05    3.5825957048e-03
 526.5000000000    8.8560852816e-05    3.5831105106e-03
 527.0000000000    8.8564238083e-05    3.5836311860e-03
 527.5000000000    8.8567489353e-05    3.5841598877e-03
 528.0000000000    8.8570767520e-05    3.5846967148e-03
 528.5000000000    8.8574070675e-05    3.5852399853e-03
 529.0000000000    8.8577291848e-05    3.5857866146e-03
 529.5000000000    8.8580284185e-05    3.5863326549e-03
 530.0000000000    8.8582906823e-05    3.5868740335e-03
 530.5000000000    8.8585071628e-05    3.5874073864e-03
 531.0000000000    8.8586761510e-05    3.5879307596e-03
 531.5000000000    8.8588019075e-05    3.5884439847e-03
 532.0000000000    8.8588936304e-05    3.5889485910e-03
 532.5000000000    8.8589626126e-05    3.5894472941e-03
 533.0000000000    8.8590201505e-05    3.5899432700e-03
 533.5000000000    8.8590742030e-05    3.5904394620e-03
 534.0000000000    8.8591338349e-05    3.5909381426e-03
 534.5000000000    8.8591955515e-05    3.5914407787e-03
 535.0000000000    8.8592577048e-05    3.5919487410e-03
 535.5000000000    8.8593149931e-05    3.5924601825e-03
 536.0000000000    8.8593652460e-05    3.5929768763e-03
 536.5000000000    8.8594133158e-05    3.5934975193e-03
 537.0000000000    8.8594682030e-05    3.5940143453e-03
 537.5000000000    8.8595426884e-05    3.5945311486e-03
 538.0000000000    8.8596466961e-05    3.5950444865e-03
 538.5000000000    8.8597849795e-05    3.5955537346e-03
 539.0000000000    8.8599510553e-05    3.5960599616e-03
 539.5000000000    8.8601306162e-05    3.5965662496e-03
 540.0000000000    8.8603078889e-05    3.5970777318e-03
 540.5000000000    8.8604683322e-05    3.5976002553e-03
 541.0000000000    8.8606066439e-05    3.5981394194e-03
 541.5000000000    8.8607303410e-05    3.5986988010e-03
 542.0000000000    8.8608592902e-05    3.5992783043e-03
 542.5000000000    8.8610218823e-05    3.5998727348e-03
 543.0000000000    8.8612467323e-05    3.6004708367e-03
 543.5000000000    8.8615511323e-05    3.6010556075e-03
 544.0000000000    8.8619291750e-05    3.6016060368e-03
 544.5000000000    8.8623396694e-05    3.6021004267e-03
 545.0000000000    8.8626981358e-05    3.6025209398e-03
 545.5000000000    8.8628772731e-05    3.6028585079e-03
 546.0000000000    8.8627156058e-05    3.6031169575e-03
 546.5000000000    8.8620364328e-05    3.6033152062e-03
 547.0000000000    8.8606754068e-05    3.6034867447e-03
 547.5000000000    8.8585135853e-05    3.6036761715e-03
 548.0000000000    8.8555114675e-05    3.6039332513e-03
 548.5000000000    8.8517388170e-05    3.6043054661e-03
 549.0000000000    8.8473942599e-05    3.6048302221e-03
 549.5000000000    8.8428120940e-05    3.6055278709e-03
 550.0000000000    8.8384464002e-05    3.6063966251e-03
 550.5000000000    8.8348360327e-05    3.6074104039e-03
 551.0000000000    8.8325446399e-05    3.6085202282e-03
 551.5000000000    8.8320807970e-05    3.6096597179e-03
 552.0000000000    8.8338094763e-05    3.6107543510e-03
 552.5000000000    8.8378731128e-05    3.6117333350e-03
 553.0000000000    8.8441376915e-05    3.6125418669e-03
 553.5000000000    8.8521843636e-05    3.6131513317e-03
 554.0000000000    8.8613532773e-05    3.6135647176e-03
 554.5000000000    8.8708344171e-05    3.6138158884e-03
 555.0000000000    8.8797922110e-05    3.6139625046e-03
 555.5000000000    8.8874962038e-05    3.6140743118e-03
 556.0000000000    8.8934328239e-05    3.6142193810e-03
 556.5000000000    8.8973727553e-05    3.6144514341e-03
 557.0000000000    8.8993815250e-05    3.6148008248e-03
 557.5000000000    8.8997710656e-05    3.6152707526e-03
 558.0000000000    8.8990069052e-05    3.6158390599e-03
 558.5000000000    8.8975933899e-05    3.6164647577e-03
 559.0000000000    8.8959666674e-05    3.6170993590e-03
 559.5000000000    8.8944149655e-05    3.6176884255e-03
 560.0000000000    8.8930526625e-05    3.6181980921e-03
 560.5000000000    8.8918384562e-05    3.6186100625e-03
 561.0000000000    8.8906208250e-05    3.6189037561e-03
 561.5000000000    8.8892204267e-05    3.6191092418e-03
 562.0000000000    8.8874948526e-05    3.6192515440e-03
 562.5000000000    8.8853893843e-05    3.6193660596e-03
 563.0000000000    8.8829573879e-05    3.6194895323e-03
 563.5000000000    8.8803457496e-05    3.6196554096e-03
 564.0000000000    8.8777568947e-05    3.6198876741e-03
 564.5000000000    8.8753932392e-05    3.6201996998e-03
 565.0000000000    8.8734183407e-05    3.6205927158e-03
 565.5000000000    8.8719144278e-05    3.6210569381e-03
 566.0000000000    8.8708802787e-05    3.6215738622e-03
 566.5000000000    8.8702337971e-05    3.6221195621e-03
 567.0000000000    8.8698478208e-05    3.6226708045e-03
 567.5000000000    8.8695756583e-05    3.6232003576e-03
 568.0000000000    8.8692977761e-05    3.6236989694e-03
 568.5000000000    8.8689345291e-05    3.6241561928e-03
 569.0000000000    8.8684740852e-05    3.6245758434e-03
 569.5000000000    8.8679582746e-05    3.6249680598e-03
 570.0000000000    8.8674793021e-05    3.6253470403e-03
 570.5000000000    8.8671385953e-05    3.6257286198e-03
 571.0000000000    8.8670464737e-05    3.6261261380e-03
 571.5000000000    8.8672721368e-05    3.6265485661e-03
 572.0000000000    8.8678469323e-05    3.6269991576e-03
 572.5000000000    8.8687497605e-05    3.6274753191e-03
 573.0000000000    8.8699200014e-05    3.6279699505e-03
 573.5000000000    8.8712639761e-05    3.6284731112e-03
 574.0000000000    8.8726825153e-05    3.6289742017e-03
 574.5000000000    8.8740713376e-05    3.6294637945e-03
 575.0000000000    8.8753454521e-05    3.6299350207e-03
 575.5000000000    8.8764352980e-05    3.6303845277e-03
 576.0000000000    8.8772992204e-05    3.6308124561e-03
 576.5000000000    8.8779171782e-05    3.6312219550e-03
 577.0000000000    8.8782987529e-05    3.6316183354e-03
 577.5000000000    8.8784748943e-05    3.6320078739e-03
 578.0000000000    8.8784982561e-05    3.6323966164e-03
 578.5000000000    8.8784335930e-05    3.6327894991e-03
 579.0000000000    8.8783429516e-05    3.6331896341e-03
 579.5000000000    8.8782830669e-05    3.6335980599e-03
 580.0000000000    8.8782882467e-05    3.6340139706e-03
 580.5000000000    8.8783707970e-05    3.6344352222e-03
 581.0000000000    8.8785115957e-05    3.6348589837e-03
 581.5000000000    8.8786816243e-05    3.6352823623e-03
 582.0000000000    8.8788523882e-05    3.6357028537e-03
 582.5000000000    8.8789893556e-05    3.6361186474e-03
 583.0000000000    8.8790750853e-05    3.6365287369e-03
 583.5000000000    8.8791089291e-05    3.6369329186e-03
 584.0000000000    8.8791024651e-05    3.6373317757e-03
 584.5000000000    8.8790722672e-05    3.6377265593e-03
 585.0000000000    8.8790404161e-05    3.6381189389e-03
 585.5000000000    8.8790230628e-05    3.6385107509e-03
 586.0000000000    8.8790298313e-05    3.6389037615e-03
 586.5000000000    8.8790652904e-05    3.6392994051e-03
 587.0000000000    8.8791362219e-05    3.6396985070e-03
 587.5000000000    8.8792359145e-05    3.6401012434e-03
 588.0000000000    8.8793655396e-05    3.6405071380e-03
 588.5000000000    8.8795188941e-05    3.6409151674e-03
 589.0000000000    8.8796874931e-05    3.6413239724e-03
 589.5000000000    8.8798620539e-05    3.6417320997e-03
 590.0000000000    8.8800251300e-05    3.6421383810e-03
 590.5000000000    8.8801757735e-05    3.6425420644e-03
 591.0000000000    8.8803076763e-05    3.6429429015e-03
 591.5000000000    8.8804308364e-05    3.6433410057e-03
 592.0000000000    8.8805538512e-05    3.6437368279e-03
 592.5000000000    8.8806956691e-05    3.6441310468e-03
 593.0000000000    8.8808647663e-05    3.6445242600e-03
 593.5000000000    8.8810569544e-05    3.6449169597e-03
 594.0000000000    8.8812654668e-05    3.6453096585e-03
 594.5000000000    8.8814747182e-05    3.6457026860e-03
 595.0000000000    8.8816698026e-05    3.6460961245e-03
 595.5000000000    8.8818441820e-05    3.6464900676e-03
 596.0000000000    8.8820078808e-05    3.6468845718e-03
 596.5000000000    8.8821765781e-05    3.6472793557e-03
 597.0000000000    8.8823550146e-05    3.6476738766e-03
 597.5000000000    8.8825495096e-05    3.6480675210e-03
 598.0000000000    8.8827473335e-05    3.6484596895e-03
 598.5000000000    8.8829386855e-05    3.6488497088e-03
 599.0000000000    8.8831241906e-05    3.6492368814e-03
 599.5000000000    8.8832763842e-05    3.6496204509e-03
 600.0000000000    8.8834192571e-05    3.6499994830e-03
 600.5000000000    8.8835654599e-05    3.6503729058e-03
 601.0000000000    8.8837199766e-05    3.6507394828e-03
 601.5000000000    8.8838579107e-05    3.6510978232e-03
 602.0000000000    8.8840055002e-05    3.6514463056e-03
 602.5000000000    8.8841408415e-05    3.6517832004e-03
 603.0000000000    8.8842591010e-05    3.6521067624e-03
 603.5000000000    8.8843691311e-05    3.6524154881e-03
 604.0000000000    8.8844737568e-05    3.6527080752e-03
 604.5000000000    8.8845908330e-05    3.6529834012e-03
 605.0000000000    8.8847122879e-05    3.6532410848e-03
 605.5000000000    8.8848460642e-05    3.6534815613e-03
 606.0000000000    8.8849995245e-05    3.6537063777e-03
 606.5000000000    8.8851645057e-05    3.6539182232e-03
 607.0000000000    8.8853447123e-05    3.6541208879e-03
 607.5000000000    8.8855379420e-05    3.6543193286e-03
 608.0000000000    8.8857428506e-05    3.6545192675e-03
 608.5000000000    8.8859517815e-05    3.6547269776e-03
 609.0000000000    8.8861569231e-05    3.6549490453e-03
 609.5000000000    8.8863448949e-05    3.6551919383e-03
 610.0000000000    8.8865092342e-05    3.6554617110e-03
 610.5000000000    8.8866414959e-05    3.6557638499e-03
 611.0000000000    8.8867432636e-05    3.6561036699e-03
 611.5000000000    8.8868075128e-05    3.6564848014e-03
 612.0000000000    8.8868191156e-05    3.6569079764e-03
 612.5000000000    8.8867862587e-05    3.6573727146e-03
 613.0000000000    8.8867079386e-05    3.6578861441e-03
 613.5000000000    8.8865803304e-05    3.6584411128e-03
 614.0000000000    8.8864265267e-05    3.6590341578e-03
 614.5000000000    8.8862616524e-05    3.6596681407e-03
 615.0000000000    8.8861057859e-05    3.6603296846e-03
 615.5000000000    8.8859935510e-05    3.6610180772e-03
 616.0000000000    8.8859495932e-05    3.6617232139e-03
 616.5000000000    8.8860037819e-05    3.6624372682e-03
 617.0000000000    8.8861816394e-05    3.6631502678e-03
 617.5000000000    8.8865001225e-05    3.6638533432e-03
 618.0000000000    8.8869686681e-05    3.6645368410e-03
 618.5000000000    8.8875864183e-05    3.6651918790e-03
 619.0000000000    8.8883378243e-05    3.6658102659e-03
 619.5000000000    8.8892002875e-05    3.6663848438e-03
 620.0000000000    8.8901506610e-05    3.6669099593e-03
 620.5000000000    8.8911475498e-05    3.6673812571e-03
 621.0000000000    8.8921479158e-05    3.6677961731e-03
 621.5000000000    8.8931047863e-05    3.6681538479e-03
 622.0000000000    8.8939743312e-05    3.6684554456e-03
 622.5000000000    8.8947138196e-05    3.6687040379e-03
 623.0000000000    8.8952854306e-05    3.6689045073e-03
 623.5000000000    8.8956616411e-05    3.6690632838e-03
 624.0000000000    8.8958506196e-05    3.6691880818e-03
 624.5000000000    8.8958336468e-05    3.6692874892e-03
 625.0000000000    8.8956260015e-05    3.6693703426e-03
 625.5000000000    8.8952583390e-05    3.6694451674e-03
 626.0000000000    8.8947837433e-05    3.6695196962e-03
 626.5000000000    8.8942452905e-05    3.6696004724e-03
 627.0000000000    8.8936903682e-05    3.6696926891e-03
 627.5000000000    8.8931642922e-05    3.6698002563e-03
 628.0000000000    8.8927080997e-05    3.6699259842e-03
 628.5000000000    8.8923481447e-05    3.6700719686e-03
 629.0000000000    8.8920912144e-05    3.6702400753e-03
 629.5000000000    8.8919326580e-05    3.6704323025e-03
 630.0000000000    8.8918568510e-05    3.6706511050e-03
 630.5000000000    8.8918319306e-05    3.6708994404e-03
 631.0000000000    8.8918212165e-05    3.6711806851e-03
 631.5000000000    8.8917912848e-05    3.6714982603e-03
 632.0000000000    8.8917318823e-05    3.6718550643e-03
 632.5000000000    8.8916186440e-05    3.6722529001e-03
 633.0000000000    8.8914603733e-05    3.6726918221e-03
 633.5000000000    8.8912672322e-05    3.6731697750e-03
 634.0000000000    8.8910804300e-05    3.6736824791e-03
 634.5000000000    8.8909359639e-05    3.6742235253e-03
 635.0000000000    8.8908767648e-05    3.6747848609e-03
 635.5000000000    8.8909401433e-05    3.6753574515e-03
 636.0000000000    8.8911616280e-05    3.6759319256e-03
 636.5000000000    8.8915587341e-05    3.6764993222e-03
 637.0000000000    8.8921317394e-05    3.6770517634e-03
 637.5000000000    8.8928692093e-05    3.6775827701e-03
 638.0000000000    8.8937371738e-05    3.6780875527e-03
 638.5000000000    8.8946909342e-05    3.6785630484e-03
 639.0000000000    8.8956821212e-05    3.6790078858e-03
 639.5000000000    8.8966597267e-05    3.6794224096e-03
 640.0000000000    8.8975788674e-05    3.6798085183e-03
 640.5000000000    8.8984016239e-05    3.6801695262e-03
 641.0000000000    8.8990921768e-05    3.6805099605e-03
 641.5000000000    8.8996271198e-05    3.6808351920e-03
 642.0000000000    8.8999894731e-05    3.6811509812e-03
 642.5000000000    8.9001705219e-05    3.6814629330e-03
 643.0000000000    8.9001948386e-05    3.6817759271e-03
 643.5000000000    8.9000761784e-05    3.6820936101e-03
 644.0000000000    8.8998669223e-05    3.6824181437e-03
 644.5000000000    8.8996279276e-05    3.6827502093e-03
 645.0000000000    8.8993981703e-05    3.6830892641e-03
 645.5000000000    8.8992326495e-05    3.6834341839e-03
 646.0000000000    8.8991595347e-05    3.6837839226e-03
 646.5000000000    8.8991834389e-05    3.6841382627e-03
 647.0000000000    8.8993036923e-05    3.6844985602e-03
 647.5000000000    8.8994961630e-05    3.6848680726e-03
 648.0000000000    8.8997454665e-05    3.6852518215e-03
 648.5000000000    8.9000155820e-05    3.6856561742e-03
 649.0000000000    8.9002796053e-05    3.6860880530e-03
 649.5000000000    8.9005153979e-05    3.6865539380e-03
 650.0000000000    8.9007057627e-05    3.6870588142e-03
 650.5000000000    8.9008482328e-05    3.6876052471e-03
 651.0000000000    8.9009443367e-05    3.6881927951e-03
 651.5000000000    8.9010159840e-05    3.6888178344e-03
 652.0000000000    8.9010806245e-05    3.6894736106e-03
 652.5000000000    8.9011527923e-05    3.6901505532e-03
 653.0000000000    8.9012540373e-05    3.6908367821e-03
 653.5000000000    8.9013997074e-05    3.6915187203e-03
 654.0000000000    8.9016007967e-05    3.6921817757e-03
 654.5000000000    8.9018759333e-05    3.6928110402e-03
 655.0000000000    8.9022337305e-05    3.6933919985e-03
 655.5000000000    8.9026942538e-05    3.6939111933e-03
 656.0000000000    8.9032822524e-05    3.6943568605e-03
 656.5000000000    8.9039810093e-05    3.6947195088e-03
 657.0000000000    8.9048131831e-05    3.6949924259e-03
 657.5000000000    8.9057910513e-05    3.6951721002e-03
 658.0000000000    8.9068741042e-05    3.6952585659e-03
 658.5000000000    8.9080558757e-05    3.6952555408e-03
 659.0000000000    8.9093161697e-05    3.6951704312e-03
 659.5000000000    8.9105849751e-05    3.6950137028e-03
 660.0000000000    8.9118286706e-05    3.6948001387e-03
 660.5000000000    8.9129643087e-05    3.6945395245e-03
 661.0000000000    8.9139601523e-05    3.6942523016e-03
 661.5000000000    8.9147597195e-05    3.6939513065e-03
 662.0000000000    8.9153200893e-05    3.6936445972e-03
 662.5000000000    8.9156364044e-05    3.6933473542e-03
 663.0000000000    8.9157082287e-05    3.6930608876e-03
 663.5000000000    8.9155373694e-05    3.6927895878e-03
 664.0000000000    8.9151833785e-05    3.6925352090e-03
 664.5000000000    8.9146887641e-05    3.6922888033e-03
 665.0000000000    8.9140741250e-05    3.6920543015e-03
 665.5000000000    8.9134032136e-05    3.6918311786e-03
 666.0000000000    8.9126576992e-05    3.6916231713e-03
 666.5000000000    8.9118363311e-05    3.6914396681e-03
 667.0000000000    8.9109095272e-05    3.6912937035e-03
 667.5000000000    8.9097999576e-05    3.6912061255e-03
 668.0000000000    8.9084065346e-05    3.6912018912e-03
 668.5000000000    8.9066206362e-05    3.6913072194e-03
 669.0000000000    8.9043011145e-05    3.6915473858e-03
 669.5000000000    8.9013192650e-05    3.6919442554e-03
 670.0000000000    8.8975777813e-05    3.6925134489e-03
 670.5000000000    8.8929872912e-05    3.6932541703e-03
 671.0000000000    8.8875345160e-05    3.6941621277e-03
 671.5000000000    8.8812699195e-05    3.6952131518e-03
 672.0000000000    8.8743299810e-05    3.6963773532e-03
 672.5000000000    8.8669025487e-05    3.6975976554e-03
 673.0000000000    8.8593146988e-05    3.6988309462e-03
 673.5000000000    8.8519454696e-05    3.7000225286e-03
 674.0000000000    8.8452336090e-05    3.7011254945e-03
 674.5000000000    8.8396327708e-05    3.7020990203e-03
 675.0000000000    8.8356178329e-05    3.7029191492e-03
 675.5000000000    8.8335721555e-05    3.7035728392e-03
 676.0000000000    8.8338189090e-05    3.7040721487e-03
 676.5000000000    8.8365528575e-05    3.7044446631e-03
 677.0000000000    8.8417853391e-05    3.7047158496e-03
 677.5000000000    8.8493951890e-05    3.7049373362e-03
 678.0000000000    8.8591178911e-05    3.7051509833e-03
 678.5000000000    8.8704698590e-05    3.7053954717e-03
 679.0000000000    8.8828922822e-05    3.7056999180e-03
 679.5000000000    8.8957543986e-05    3.7060739053e-03
 680.0000000000    8.9083867411e-05    3.7065201648e-03
 680.5000000000    8.9201346914e-05    3.7070201672e-03
 681.0000000000    8.9304634897e-05    3.7075467679e-03
 681.5000000000    8.9389324414e-05    3.7080617552e-03
 682.0000000000    8.9452939681e-05    3.7085306361e-03
 682.5000000000    8.9494761415e-05    3.7089165834e-03
 683.0000000000    8.9516040000e-05    3.7092011808e-03
 683.5000000000    8.9519717903e-05    3.7093736723e-03
 684.0000000000    8.9509844774e-05    3.7094417056e-03
 684.5000000000    8.9491819436e-05    3.7094241094e-03
 685.0000000000    8.9470810763e-05    3.7093583619e-03
 685.5000000000    8.9451416735e-05    3.7092853190e-03
 686.0000000000    8.9437424913e-05    3.7092477335e-03
 686.5000000000    8.9431023208e-05    3.7092866505e-03
 687.0000000000    8.9432833027e-05    3.7094294329e-03
 687.5000000000    8.9441839563e-05    3.7096911789e-03
 688.0000000000    8.9455929841e-05    3.7100680548e-03
 688.5000000000    8.9471929864e-05    3.7105393842e-03
 689.0000000000    8.9486263133e-05    3.7110706599e-03
 689.5000000000    8.9495370992e-05    3.7116176318e-03
 690.0000000000    8.9495484135e-05    3.7121298472e-03
 690.5000000000    8.9484130472e-05    3.7125636229e-03
 691.0000000000    8.9459539872e-05    3.7128835603e-03
 691.5000000000    8.9421506153e-05    3.7130683616e-03
 692.0000000000    8.9371516487e-05    3.7131158854e-03
 692.5000000000    8.9312447528e-05    3.7130380923e-03
 693.0000000000    8.9248546583e-05    3.7128655067e-03
 693.5000000000    8.9184483863e-05    3.7126428490e-03
 694.0000000000    8.9124740172e-05    3.7124197002e-03
 694.5000000000    8.9072739718e-05    3.7122396132e-03
 695.0000000000    8.9030807076e-05    3.7121486713e-03
 695.5000000000    8.8999679890e-05    3.7121742241e-03
 696.0000000000    8.8978938272e-05    3.7123308660e-03
 696.5000000000    8.8967167252e-05    3.7126151445e-03
 697.0000000000    8.8962172182e-05    3.7130084222e-03
 697.5000000000    8.8961518518e-05    3.7134798115e-03
 698.0000000000    8.8962539469e-05    3.7139903253e-03
 698.5000000000    8.8962886708e-05    3.7145003110e-03
 699.0000000000    8.8960833149e-05    3.7149735008e-03
 699.5000000000    8.8955536174e-05    3.7153834023e-03
 700.0000000000    8.8947154839e-05    3.7157157682e-03
