#          time         max mod phi
   0.0000000000    8.2190055398e-02
   0.5000000000    8.2196018626e-02
   1.0000000000    8.2193505914e-02
   1.5000000000    8.2195874129e-02
   2.0000000000    8.2195040084e-02
   2.5000000000    8.2195168622e-02
   3.0000000000    8.2195897635e-02
   3.5000000000    8.2193700597e-02
   4.0000000000    8.2196233112e-02
   4.5000000000    8.2192629545e-02
   5.0000000000    8.2196388407e-02
   5.5000000000    8.2194355152e-02
   6.0000000000    8.2195893650e-02
   6.5000000000    8.2195311937e-02
   7.0000000000    8.2194935623e-02
   7.5000000000    8.2196131257e-02
   8.0000000000    8.2194041871e-02
   8.5000000000    8.2196798669e-02
   9.0000000000    8.2192825520e-02
   9.5000000000    8.2196723835e-02
  10.0000000000    8.2194059232e-02
  10.5000000000    8.2196381613e-02
  11.0000000000    8.2195346062e-02
  11.5000000000    8.2196197206e-02
  12.0000000000    8.2196456937e-02
  12.5000000000    8.2195526578e-02
  13.0000000000    8.2196835634e-02
  13.5000000000    8.2194366008e-02
  14.0000000000    8.2197089706e-02
  14.5000000000    8.2193445580e-02
  15.0000000000    8.2197543874e-02
  15.5000000000    8.2194458293e-02
  16.0000000000    8.2197493255e-02
  16.5000000000    8.2195284157e-02
  17.0000000000    8.2197013582e-02
  17.5000000000    8.2196074326e-02
  18.0000000000    8.2196814789e-02
  18.5000000000    8.2197074936e-02
  19.0000000000    8.2196584146e-02
  19.5000000000    8.2197569759e-02
  20.0000000000    8.2195762127e-02
  20.5000000000    8.2197681763e-02
  21.0000000000    8.2194951783e-02
  21.5000000000    8.2198101103e-02
  22.0000000000    8.2194474550e-02
  22.5000000000    8.2198463989e-02
  23.0000000000    8.2194764913e-02
  23.5000000000    8.2198254719e-02
  24.0000000000    8.2195373518e-02
  24.5000000000    8.2198097644e-02
  25.0000000000    8.2196302386e-02
  25.5000000000    8.2198284778e-02
  26.0000000000    8.2197184464e-02
  26.5000000000    8.2198014874e-02
  27.0000000000    8.2197523615e-02
  27.5000000000    8.2197463392e-02
  28.0000000000    8.2197901261e-02
  28.5000000000    8.2197233736e-02
  29.0000000000    8.2198575837e-02
  29.5000000000    8.2197034213e-02
  30.0000000000    8.2198913840e-02
  30.5000000000    8.2196358567e-02
  31.0000000000    8.2198913378e-02
  31.5000000000    8.2195699373e-02
  32.0000000000    8.2199209078e-02
  32.5000000000    8.2195356694e-02
  33.0000000000    8.2199561722e-02
  33.5000000000    8.2195738472e-02
  34.0000000000    8.2199458421e-02
  34.5000000000    8.2196273061e-02
  35.0000000000    8.2199290169e-02
  35.5000000000    8.2197048628e-02
  36.0000000000    8.2199488889e-02
  36.5000000000    8.2197903187e-02
  37.0000000000    8.2199418140e-02
  37.5000000000    8.2198326506e-02
  38.0000000000    8.2198989389e-02
  38.5000000000    8.2198704754e-02
  39.0000000000    8.2198799061e-02
  39.5000000000    8.2199399681e-02
  40.0000000000    8.2198710852e-02
  40.5000000000    8.2199876306e-02
  41.0000000000    8.2198191552e-02
  41.5000000000    8.2199991087e-02
  42.0000000000    8.2197571427e-02
  42.5000000000    8.2200313289e-02
  43.0000000000    8.2197239233e-02
  43.5000000000    8.2200763732e-02
  44.0000000000    8.2196699377e-02
  44.5000000000    8.2200803929e-02
  45.0000000000    8.2196971560e-02
  45.5000000000    8.2200713560e-02
  46.0000000000    8.2197858324e-02
  46.5000000000    8.2200891100e-02
  47.0000000000    8.2198925454e-02
  47.5000000000    8.2200933284e-02
  48.0000000000    8.2199584154e-02
  48.5000000000    8.2200505699e-02
  49.0000000000    8.2200067640e-02
  49.5000000000    8.2200217548e-02
  50.0000000000    8.2200853925e-02
  50.5000000000    8.2200045433e-02
  51.0000000000    8.2201485403e-02
  51.5000000000    8.2199461883e-02
  52.0000000000    8.2201704503e-02
  52.5000000000    8.2198624145e-02
  53.0000000000    8.2201976055e-02
  53.5000000000    8.2197965439e-02
  54.0000000000    8.2202394096e-02
  54.5000000000    8.2199016591e-02
  55.0000000000    8.2202430726e-02
  55.5000000000    8.2199938058e-02
  56.0000000000    8.2202152848e-02
  56.5000000000    8.2200842077e-02
  57.0000000000    8.2202048205e-02
  57.5000000000    8.2201909241e-02
  58.0000000000    8.2201892853e-02
  58.5000000000    8.2202585627e-02
  59.0000000000    8.2201293232e-02
  59.5000000000    8.2202923945e-02
  60.0000000000    8.2200655302e-02
  60.5000000000    8.2203460098e-02
  61.0000000000    8.2200155552e-02
  61.5000000000    8.2203960465e-02
  62.0000000000    8.2199968421e-02
  62.5000000000    8.2203991767e-02
  63.0000000000    8.2201048220e-02
  63.5000000000    8.2203898431e-02
  64.0000000000    8.2202275954e-02
  64.5000000000    8.2203944784e-02
  65.0000000000    8.2203488999e-02
  65.5000000000    8.2203652557e-02
  66.0000000000    8.2204220845e-02
  66.5000000000    8.2202894081e-02
  67.0000000000    8.2204766092e-02
  67.5000000000    8.2202150456e-02
  68.0000000000    8.2205436573e-02
  68.5000000000    8.2201329043e-02
  69.0000000000    8.2205788057e-02
  69.5000000000    8.2202727483e-02
  70.0000000000    8.2205623320e-02
  70.5000000000    8.2203973148e-02
  71.0000000000    8.2205417854e-02
  71.5000000000    8.2205323863e-02
  72.0000000000    8.2205127193e-02
  72.5000000000    8.2206361260e-02
  73.0000000000    8.2204255380e-02
  73.5000000000    8.2206829951e-02
  74.0000000000    8.2202952583e-02
  74.5000000000    8.2207169460e-02
  75.0000000000    8.2204252066e-02
  75.5000000000    8.2207437415e-02
  76.0000000000    8.2206025409e-02
  76.5000000000    8.2207125257e-02
  77.0000000000    8.2207153489e-02
  77.5000000000    8.2206218707e-02
  78.0000000000    8.2207992631e-02
  78.5000000000    8.2205214373e-02
  79.0000000000    8.2208818217e-02
  79.5000000000    8.2205344908e-02
  80.0000000000    8.2209025048e-02
  80.5000000000    8.2207102119e-02
  81.0000000000    8.2208544528e-02
  81.5000000000    8.2208524692e-02
  82.0000000000    8.2207890606e-02
  82.5000000000    8.2209803963e-02
  83.0000000000    8.2206805544e-02
  83.5000000000    8.2210428321e-02
  84.0000000000    8.2207181506e-02
  84.5000000000    8.2210312679e-02
  85.0000000000    8.2209085168e-02
  85.5000000000    8.2209904868e-02
  86.0000000000    8.2210783077e-02
  86.5000000000    8.2209015812e-02
  87.0000000000    8.2211744135e-02
  87.5000000000    8.2207781479e-02
  88.0000000000    8.2211865402e-02
  88.5000000000    8.2210055611e-02
  89.0000000000    8.2211559570e-02
  89.5000000000    8.2212004786e-02
  90.0000000000    8.2210700011e-02
  90.5000000000    8.2213182702e-02
  91.0000000000    8.2209142649e-02
  91.5000000000    8.2213375257e-02
  92.0000000000    8.2211609253e-02
  92.5000000000    8.2212982878e-02
  93.0000000000    8.2213634943e-02
  93.5000000000    8.2211948424e-02
  94.0000000000    8.2214806791e-02
  94.5000000000    8.2211325536e-02
  95.0000000000    8.2214844915e-02
  95.5000000000    8.2213764155e-02
  96.0000000000    8.2214121444e-02
  96.5000000000    8.2215615234e-02
  97.0000000000    8.2212636825e-02
  97.5000000000    8.2216505872e-02
  98.0000000000    8.2214219478e-02
  98.5000000000    8.2216080353e-02
  99.0000000000    8.2216311373e-02
  99.5000000000    8.2214698195e-02
 100.0000000000    8.2217699492e-02
 100.5000000000    8.2214795576e-02
 101.0000000000    8.2217983490e-02
 101.5000000000    8.2217484709e-02
 102.0000000000    8.2216659846e-02
 102.5000000000    8.2218864272e-02
 103.0000000000    8.2215405663e-02
 103.5000000000    8.2219339838e-02
 104.0000000000    8.2218702002e-02
 104.5000000000    8.2218505774e-02
 105.0000000000    8.2220520969e-02
 105.5000000000    8.2216860283e-02
 106.0000000000    8.2220776655e-02
 106.5000000000    8.2220061120e-02
 107.0000000000    8.2219803704e-02
 107.5000000000    8.2222098401e-02
 108.0000000000    8.2218880935e-02
 108.5000000000    8.2222458082e-02
 109.0000000000    8.2222047564e-02
 109.5000000000    8.2220955069e-02
 110.0000000000    8.2223605287e-02
 110.5000000000    8.2221026960e-02
 111.0000000000    8.2223754665e-02
 111.5000000000    8.2224264180e-02
 112.0000000000    8.2222000687e-02
 112.5000000000    8.2225448146e-02
 113.0000000000    8.2223717093e-02
 113.5000000000    8.2224713557e-02
 114.0000000000    8.2226309820e-02
 114.5000000000    8.2222898147e-02
 115.0000000000    8.2227116091e-02
 115.5000000000    8.2226849733e-02
 116.0000000000    8.2225576005e-02
 116.5000000000    8.2228467666e-02
 117.0000000000    8.2226491942e-02
 117.5000000000    8.2228056199e-02
 118.0000000000    8.2229562516e-02
 118.5000000000    8.2226249251e-02
 119.0000000000    8.2230314948e-02
 119.5000000000    8.2230241831e-02
 120.0000000000    8.2228351745e-02
 120.5000000000    8.2231686656e-02
 121.0000000000    8.2230443418e-02
 121.5000000000    8.2230873442e-02
 122.0000000000    8.2233204005e-02
 122.5000000000    8.2230913169e-02
 123.0000000000    8.2233098852e-02
 123.5000000000    8.2234211560e-02
 124.0000000000    8.2230889047e-02
 124.5000000000    8.2234799670e-02
 125.0000000000    8.2235265072e-02
 125.5000000000    8.2232743350e-02
 126.0000000000    8.2236810431e-02
 126.5000000000    8.2236472013e-02
 127.0000000000    8.2234967296e-02
 127.5000000000    8.2238254858e-02
 128.0000000000    8.2237410437e-02
 128.5000000000    8.2237070145e-02
 129.0000000000    8.2240091703e-02
 129.5000000000    8.2238951570e-02
 130.0000000000    8.2239224054e-02
 130.5000000000    8.2241698706e-02
 131.0000000000    8.2240151958e-02
 131.5000000000    8.2240863194e-02
 132.0000000000    8.2243306373e-02
 132.5000000000    8.2241875519e-02
 133.0000000000    8.2242861311e-02
 133.5000000000    8.2245191438e-02
 134.0000000000    8.2243617970e-02
 134.5000000000    8.2244302265e-02
 135.0000000000    8.2246688353e-02
 135.5000000000    8.2245438003e-02
 136.0000000000    8.2245919341e-02
 136.5000000000    8.2248686964e-02
 137.0000000000    8.2247755853e-02
 137.5000000000    8.2247359587e-02
 138.0000000000    8.2250317410e-02
 138.5000000000    8.2249783134e-02
 139.0000000000    8.2248457059e-02
 139.5000000000    8.2252129334e-02
 140.0000000000    8.2252383024e-02
 140.5000000000    8.2249751975e-02
 141.0000000000    8.2253943825e-02
 141.5000000000    8.2254739616e-02
 142.0000000000    8.2252265485e-02
 142.5000000000    8.2255313690e-02
 143.0000000000    8.2257157456e-02
 143.5000000000    8.2255837478e-02
 144.0000000000    8.2256869508e-02
 144.5000000000    8.2259570160e-02
 145.0000000000    8.2259097469e-02
 145.5000000000    8.2257529569e-02
 146.0000000000    8.2261327164e-02
 146.5000000000    8.2262202221e-02
 147.0000000000    8.2260153627e-02
 147.5000000000    8.2263097378e-02
 148.0000000000    8.2265140939e-02
 148.5000000000    8.2264228252e-02
 149.0000000000    8.2263702751e-02
 149.5000000000    8.2267098278e-02
 150.0000000000    8.2267803687e-02
 150.5000000000    8.2265824743e-02
 151.0000000000    8.2268781016e-02
 151.5000000000    8.2270951559e-02
 152.0000000000    8.2270388316e-02
 152.5000000000    8.2268957506e-02
 153.0000000000    8.2272729415e-02
 153.5000000000    8.2274034771e-02
 154.0000000000    8.2272886498e-02
 154.5000000000    8.2273815828e-02
 155.0000000000    8.2276870923e-02
 155.5000000000    8.2277418352e-02
 156.0000000000    8.2275570264e-02
 156.5000000000    8.2277866152e-02
 157.0000000000    8.2280494168e-02
 157.5000000000    8.2280894268e-02
 158.0000000000    8.2279047041e-02
 158.5000000000    8.2282234179e-02
 159.0000000000    8.2284576360e-02
 159.5000000000    8.2284726607e-02
 160.0000000000    8.2282805853e-02
 160.5000000000    8.2286089263e-02
 161.0000000000    8.2288657346e-02
 161.5000000000    8.2289199225e-02
 162.0000000000    8.2287704753e-02
 162.5000000000    8.2290256414e-02
 163.0000000000    8.2292961694e-02
 163.5000000000    8.2293774941e-02
 164.0000000000    8.2292793848e-02
 164.5000000000    8.2293981546e-02
 165.0000000000    8.2297396155e-02
 165.5000000000    8.2298979685e-02
 166.0000000000    8.2298741123e-02
 166.5000000000    8.2297450787e-02
 167.0000000000    8.2301404952e-02
 167.5000000000    8.2303734139e-02
 168.0000000000    8.2304507913e-02
 168.5000000000    8.2303739202e-02
 169.0000000000    8.2305178225e-02
 169.5000000000    8.2308532770e-02
 170.0000000000    8.2310287876e-02
 170.5000000000    8.2310539454e-02
 171.0000000000    8.2309401881e-02
 171.5000000000    8.2312047734e-02
 172.0000000000    8.2315217216e-02
 172.5000000000    8.2317008267e-02
 173.0000000000    8.2317400888e-02
 173.5000000000    8.2316420610e-02
 174.0000000000    8.2318771321e-02
 174.5000000000    8.2321862013e-02
 175.0000000000    8.2323808530e-02
 175.5000000000    8.2324647695e-02
 176.0000000000    8.2324358142e-02
 176.5000000000    8.2325222192e-02
 177.0000000000    8.2328749817e-02
 177.5000000000    8.2331120495e-02
 178.0000000000    8.2332459349e-02
 178.5000000000    8.2332877805e-02
 179.0000000000    8.2332421735e-02
 179.5000000000    8.2334961670e-02
 180.0000000000    8.2338328310e-02
 180.5000000000    8.2340660871e-02
 181.0000000000    8.2342029494e-02
 181.5000000000    8.2342559458e-02
 182.0000000000    8.2342367967e-02
 182.5000000000    8.2344177157e-02
 183.0000000000    8.2347812585e-02
 183.5000000000    8.2350618881e-02
 184.0000000000    8.2352578200e-02
 184.5000000000    8.2353747883e-02
 185.0000000000    8.2354246569e-02
 185.5000000000    8.2354194451e-02
 186.0000000000    8.2356902211e-02
 186.5000000000    8.2360456665e-02
 187.0000000000    8.2363360014e-02
 187.5000000000    8.2365582051e-02
 188.0000000000    8.2367166373e-02
 188.5000000000    8.2368222248e-02
 189.0000000000    8.2368869304e-02
 189.5000000000    8.2369175209e-02
 190.0000000000    8.2372872148e-02
 190.5000000000    8.2376325266e-02
 191.0000000000    8.2379241765e-02
 191.5000000000    8.2381650666e-02
 192.0000000000    8.2383646633e-02
 192.5000000000    8.2385342820e-02
 193.0000000000    8.2386811735e-02
 193.5000000000    8.2388055548e-02
 194.0000000000    8.2389025272e-02
 194.5000000000    8.2391491328e-02
 195.0000000000    8.2394911300e-02
 195.5000000000    8.2398002964e-02
 196.0000000000    8.2400871947e-02
 196.5000000000    8.2403594563e-02
 197.0000000000    8.2406181839e-02
 197.5000000000    8.2408592776e-02
 198.0000000000    8.2410778769e-02
 198.5000000000    8.2412734770e-02
 199.0000000000    8.2414515096e-02
 199.5000000000    8.2416209934e-02
 200.0000000000    8.2417896947e-02
 200.5000000000    8.2419601790e-02
 201.0000000000    8.2421966031e-02
 201.5000000000    8.2425405160e-02
 202.0000000000    8.2428657013e-02
 202.5000000000    8.2431753388e-02
 203.0000000000    8.2434767088e-02
 203.5000000000    8.2437771743e-02
 204.0000000000    8.2440802300e-02
 204.5000000000    8.2443840562e-02
 205.0000000000    8.2446836602e-02
 205.5000000000    8.2449752666e-02
 206.0000000000    8.2452595377e-02
 206.5000000000    8.2455416822e-02
 207.0000000000    8.2458283269e-02
 207.5000000000    8.2461238150e-02
 208.0000000000    8.2464275291e-02
 208.5000000000    8.2467350249e-02
 209.0000000000    8.2470409691e-02
 209.5000000000    8.2473433250e-02
 210.0000000000    8.2476446985e-02
 210.5000000000    8.2479508649e-02
 211.0000000000    8.2482666708e-02
 211.5000000000    8.2485925584e-02
 212.0000000000    8.2489242189e-02
 212.5000000000    8.2492552620e-02
 213.0000000000    8.2495811683e-02
 213.5000000000    8.2499018768e-02
 214.0000000000    8.2502215030e-02
 214.5000000000    8.2505449536e-02
 215.0000000000    8.2508736980e-02
 215.5000000000    8.2512038367e-02
 216.0000000000    8.2515278123e-02
 216.5000000000    8.2518385698e-02
 217.0000000000    8.2521333196e-02
 217.5000000000    8.2524142187e-02
 218.0000000000    8.2526886305e-02
 218.5000000000    8.2531639299e-02
 219.0000000000    8.2536414158e-02
 219.5000000000    8.2541129241e-02
 220.0000000000    8.2545689156e-02
 220.5000000000    8.2550033312e-02
 221.0000000000    8.2554161142e-02
 221.5000000000    8.2558108360e-02
 222.0000000000    8.2561899291e-02
 222.5000000000    8.2565502568e-02
 223.0000000000    8.2568827941e-02
 223.5000000000    8.2571756724e-02
 224.0000000000    8.2575349218e-02
 224.5000000000    8.2581033479e-02
 225.0000000000    8.2586364855e-02
 225.5000000000    8.2591365693e-02
 226.0000000000    8.2596007699e-02
 226.5000000000    8.2600194631e-02
 227.0000000000    8.2603788124e-02
 227.5000000000    8.2606666009e-02
 228.0000000000    8.2611073980e-02
 228.5000000000    8.2617337771e-02
 229.0000000000    8.2622985771e-02
 229.5000000000    8.2627989900e-02
 230.0000000000    8.2632248140e-02
 230.5000000000    8.2635603294e-02
 231.0000000000    8.2639304808e-02
 231.5000000000    8.2646332304e-02
 232.0000000000    8.2652328220e-02
 232.5000000000    8.2657290179e-02
 233.0000000000    8.2661184255e-02
 233.5000000000    8.2663902318e-02
 234.0000000000    8.2671644575e-02
 234.5000000000    8.2678355971e-02
 235.0000000000    8.2683555596e-02
 235.5000000000    8.2687172595e-02
 236.0000000000    8.2691385813e-02
 236.5000000000    8.2699307902e-02
 237.0000000000    8.2705636582e-02
 237.5000000000    8.2710180427e-02
 238.0000000000    8.2713625209e-02
 238.5000000000    8.2722259516e-02
 239.0000000000    8.2728763119e-02
 239.5000000000    8.2733073776e-02
 240.0000000000    8.2737727997e-02
 240.5000000000    8.2746428818e-02
 241.0000000000    8.2752727104e-02
 241.5000000000    8.2756367169e-02
 242.0000000000    8.2764486372e-02
 242.5000000000    8.2771973053e-02
 243.0000000000    8.2776474111e-02
 243.5000000000    8.2782840440e-02
 244.0000000000    8.2791440006e-02
 244.5000000000    8.2796788029e-02
 245.0000000000    8.2802992387e-02
 245.5000000000    8.2812006440e-02
 246.0000000000    8.2817161880e-02
 246.5000000000    8.2824078233e-02
 247.0000000000    8.2832700472e-02
 247.5000000000    8.2837189992e-02
 248.0000000000    8.2846470966e-02
 248.5000000000    8.2854210198e-02
 249.0000000000    8.2858959188e-02
 249.5000000000    8.2869526154e-02
 250.0000000000    8.2874936762e-02
 250.5000000000    8.2883705775e-02
 251.0000000000    8.2891665472e-02
 251.5000000000    8.2897798132e-02
 252.0000000000    8.2908116167e-02
 252.5000000000    8.2912285224e-02
 253.0000000000    8.2924276690e-02
 253.5000000000    8.2929739001e-02
 254.0000000000    8.2940297482e-02
 254.5000000000    8.2946871327e-02
 255.0000000000    8.2956894445e-02
 255.5000000000    8.2964255770e-02
 256.0000000000    8.2974257737e-02
 256.5000000000    8.2981633784e-02
 257.0000000000    8.2991946199e-02
 257.5000000000    8.2998673313e-02
 258.0000000000    8.3009948629e-02
 258.5000000000    8.3015607053e-02
 259.0000000000    8.3028483366e-02
 259.5000000000    8.3035373440e-02
 260.0000000000    8.3047015958e-02
 260.5000000000    8.3056120552e-02
 261.0000000000    8.3064673296e-02
 261.5000000000    8.3076362391e-02
 262.0000000000    8.3083469448e-02
 262.5000000000    8.3095769528e-02
 263.0000000000    8.3106336170e-02
 263.5000000000    8.3113394608e-02
 264.0000000000    8.3127347062e-02
 264.5000000000    8.3137791567e-02
 265.0000000000    8.3145133856e-02
 265.5000000000    8.3159323725e-02
 266.0000000000    8.3170922246e-02
 266.5000000000    8.3180187945e-02
 267.0000000000    8.3192166046e-02
 267.5000000000    8.3205677712e-02
 268.0000000000    8.3217286039e-02
 268.5000000000    8.3227307869e-02
 269.0000000000    8.3239477210e-02
 269.5000000000    8.3253791464e-02
 270.0000000000    8.3267062194e-02
 270.5000000000    8.3279516776e-02
 271.0000000000    8.3291338727e-02
 271.5000000000    8.3302954573e-02
 272.0000000000    8.3318326682e-02
 272.5000000000    8.3333208292e-02
 273.0000000000    8.3347825354e-02
 273.5000000000    8.3362369044e-02
 274.0000000000    8.3376969210e-02
 274.5000000000    8.3391696131e-02
 275.0000000000    8.3406586578e-02
 275.5000000000    8.3421675746e-02
 276.0000000000    8.3437013081e-02
 276.5000000000    8.3452652557e-02
 277.0000000000    8.3468623098e-02
 277.5000000000    8.3484898092e-02
 278.0000000000    8.3501381566e-02
 278.5000000000    8.3517916386e-02
 279.0000000000    8.3534307102e-02
 279.5000000000    8.3550342081e-02
 280.0000000000    8.3565799538e-02
 280.5000000000    8.3580432939e-02
 281.0000000000    8.3597268534e-02
 281.5000000000    8.3614846375e-02
 282.0000000000    8.3631055866e-02
 282.5000000000    8.3645359458e-02
 283.0000000000    8.3657154029e-02
 283.5000000000    8.3672688361e-02
 284.0000000000    8.3686055809e-02
 284.5000000000    8.3695436353e-02
 285.0000000000    8.3704384629e-02
 285.5000000000    8.3713628507e-02
 286.0000000000    8.3716649907e-02
 286.5000000000    8.3719874385e-02
 287.0000000000    8.3719048648e-02
 287.5000000000    8.3711718044e-02
 288.0000000000    8.3703864067e-02
 288.5000000000    8.3684961178e-02
 289.0000000000    8.3665957882e-02
 289.5000000000    8.3633249707e-02
 290.0000000000    8.3597492465e-02
 290.5000000000    8.3546938955e-02
 291.0000000000    8.3486964276e-02
 291.5000000000    8.3412528319e-02
 292.0000000000    8.3319035773e-02
 292.5000000000    8.3212588974e-02
 293.0000000000    8.3081140650e-02
 293.5000000000    8.2924905137e-02
 294.0000000000    8.2744330176e-02
 294.5000000000    8.2528745058e-02
 295.0000000000    8.2274904592e-02
 295.5000000000    8.1984305131e-02
 296.0000000000    8.1643625607e-02
 296.5000000000    8.1246560911e-02
 297.0000000000    8.0793084119e-02
 297.5000000000    8.0270015265e-02
 298.0000000000    7.9666732962e-02
 298.5000000000    7.8981977337e-02
 299.0000000000    7.8198840672e-02
 299.5000000000    7.7309929475e-02
 300.0000000000    7.6304314683e-02
 300.5000000000    7.5173670404e-02
 301.0000000000    7.3905070203e-02
 301.5000000000    7.3128284177e-02
 302.0000000000    7.7457560422e-02
 302.5000000000    8.1977588635e-02
 303.0000000000    8.6683241096e-02
 303.5000000000    9.1567523277e-02
 304.0000000000    9.6621775466e-02
 304.5000000000    1.0183599231e-01
 305.0000000000    1.0719923636e-01
 305.5000000000    1.1270008828e-01
 306.0000000000    1.1832704494e-01
 306.5000000000    1.2406875078e-01
 307.0000000000    1.2991392590e-01
 307.5000000000    1.3585087403e-01
 308.0000000000    1.4186646932e-01
 308.5000000000    1.4794461237e-01
 309.0000000000    1.5406424025e-01
 309.5000000000    1.6019713791e-01
 310.0000000000    1.6630593761e-01
 310.5000000000    1.7234282567e-01
 311.0000000000    1.7824947152e-01
 311.5000000000    1.8395853661e-01
 312.0000000000    1.8939675511e-01
 312.5000000000    1.9448909694e-01
 313.0000000000    1.9916308008e-01
 313.5000000000    2.0335204126e-01
 314.0000000000    2.0699588017e-01
 314.5000000000    2.1003631284e-01
 315.0000000000    2.1239926420e-01
 315.5000000000    2.1395181783e-01
 316.0000000000    2.1442862800e-01
 316.5000000000    2.1335897889e-01
 317.0000000000    2.1006999355e-01
 317.5000000000    2.0382720169e-01
 318.0000000000    1.9407805727e-01
 318.5000000000    1.8067499016e-01
 319.0000000000    1.6396605941e-01
 319.5000000000    1.4473108215e-01
 320.0000000000    1.2401920512e-01
 320.5000000000    1.0296294303e-01
 321.0000000000    8.2620136035e-02
 321.5000000000    6.3863883143e-02
 322.0000000000    5.4099268764e-02
 322.5000000000    5.1051411543e-02
 323.0000000000    4.8221115757e-02
 323.5000000000    4.5657690376e-02
 324.0000000000    4.3179312734e-02
 324.5000000000    4.0712557650e-02
 325.0000000000    3.8427877029e-02
 325.5000000000    3.6225865858e-02
 326.0000000000    3.4091818650e-02
 326.5000000000    3.2024716572e-02
 327.0000000000    3.0029181413e-02
 327.5000000000    2.8112702183e-02
 328.0000000000    2.6283108250e-02
 328.5000000000    2.4546724624e-02
 329.0000000000    2.2907362022e-02
 329.5000000000    2.1366073341e-02
 330.0000000000    1.9921473147e-02
 330.5000000000    1.8570367368e-02
 331.0000000000    1.7308460354e-02
 331.5000000000    1.6130969560e-02
 332.0000000000    1.5033057413e-02
 332.5000000000    1.4010062579e-02
 333.0000000000    1.3057564500e-02
 333.5000000000    1.2171342056e-02
 334.0000000000    1.1347292253e-02
 334.5000000000    1.0691119541e-02
 335.0000000000    1.0114567084e-02
 335.5000000000    9.5669440387e-03
 336.0000000000    9.0458603813e-03
 336.5000000000    8.5492699457e-03
 337.0000000000    8.0754664446e-03
 337.5000000000    7.6230582348e-03
 338.0000000000    7.1909145461e-03
 338.5000000000    6.7780975542e-03
 339.0000000000    6.3837994712e-03
 339.5000000000    6.0072954625e-03
 340.0000000000    5.6479126248e-03
 340.5000000000    5.3050110748e-03
 341.0000000000    4.9779753037e-03
 341.5000000000    4.6662160620e-03
 342.0000000000    4.3691803974e-03
 342.5000000000    4.0863617368e-03
 343.0000000000    3.8261322250e-03
 343.5000000000    3.5840123634e-03
 344.0000000000    3.3537540761e-03
 344.5000000000    3.1350622201e-03
 345.0000000000    2.9276421084e-03
 345.5000000000    2.7311988653e-03
 346.0000000000    2.5454559531e-03
 346.5000000000    2.3701809912e-03
 347.0000000000    2.2052074260e-03
 347.5000000000    2.0595082367e-03
 348.0000000000    1.9310481469e-03
 348.5000000000    1.8106984571e-03
 349.0000000000    1.6983897680e-03
 349.5000000000    1.5940391094e-03
 350.0000000000    1.4975387966e-03
 350.5000000000    1.4087591118e-03
 351.0000000000    1.3275560743e-03
 351.5000000000    1.2537727494e-03
 352.0000000000    1.1872281227e-03
 352.5000000000    1.1276966749e-03
 353.0000000000    1.0748881589e-03
 353.5000000000    1.0284371259e-03
 354.0000000000    9.8790647190e-04
 354.5000000000    9.5280263625e-04
 355.0000000000    9.2259591814e-04
 355.5000000000    8.9673949224e-04
 356.0000000000    8.7981091253e-04
 356.5000000000    8.7402097135e-04
 357.0000000000    8.7045481700e-04
 357.5000000000    8.6842066189e-04
 358.0000000000    8.6874874482e-04
 358.5000000000    8.7511767730e-04
 359.0000000000    8.8077858363e-04
 359.5000000000    8.8653997267e-04
 360.0000000000    8.9149905888e-04
 360.5000000000    8.9491151263e-04
 361.0000000000    8.9678645103e-04
 361.5000000000    8.9715166063e-04
 362.0000000000    8.9605537566e-04
 362.5000000000    8.9357136602e-04
 363.0000000000    8.8979719747e-04
 363.5000000000    8.8484148981e-04
 364.0000000000    8.7880628190e-04
 364.5000000000    8.7177649313e-04
 365.0000000000    8.6382422896e-04
 365.5000000000    8.5502413047e-04
 366.0000000000    8.4546649073e-04
 366.5000000000    8.3525592381e-04
 367.0000000000    8.2449491082e-04
 367.5000000000    8.1326465295e-04
 368.0000000000    8.0161912434e-04
 368.5000000000    7.8959814197e-04
 369.0000000000    7.7724941376e-04
 369.5000000000    7.6464114010e-04
 370.0000000000    7.5185365502e-04
 370.5000000000    7.3895575313e-04
 371.0000000000    7.2598475941e-04
 371.5000000000    7.1294740481e-04
 372.0000000000    6.9984179041e-04
 372.5000000000    6.8668295823e-04
 373.0000000000    6.7351071571e-04
 373.5000000000    6.6037241037e-04
 374.0000000000    6.4729452713e-04
 374.5000000000    6.3426713872e-04
 375.0000000000    6.2125550248e-04
 375.5000000000    6.0823080158e-04
 376.0000000000    5.9519540151e-04
 376.5000000000    5.8218167619e-04
 377.0000000000    5.6922495341e-04
 377.5000000000    5.5633298404e-04
 378.0000000000    5.4347808872e-04
 378.5000000000    5.3061979449e-04
 379.0000000000    5.1774011579e-04
 379.5000000000    5.0486225088e-04
 380.0000000000    4.9203638266e-04
 380.5000000000    4.7930339173e-04
 381.0000000000    4.6666636526e-04
 381.5000000000    4.5409445821e-04
 382.0000000000    4.4155694055e-04
 382.5000000000    4.2905919021e-04
 383.0000000000    4.1664992073e-04
 383.5000000000    4.0439223539e-04
 384.0000000000    3.9232189977e-04
 384.5000000000    3.8042827481e-04
 385.0000000000    3.6867496804e-04
 385.5000000000    3.5704336009e-04
 386.0000000000    3.4556200389e-04
 386.5000000000    3.3429586238e-04
 387.0000000000    3.2330355511e-04
 387.5000000000    3.1259868422e-04
 388.0000000000    3.0374616613e-04
 388.5000000000    2.9946399798e-04
 389.0000000000    2.9544678902e-04
 389.5000000000    2.9161364316e-04
 390.0000000000    2.8788189082e-04
 390.5000000000    2.8422817842e-04
 391.0000000000    2.8068967480e-04
 391.5000000000    2.7731325563e-04
 392.0000000000    2.7410393287e-04
 392.5000000000    2.7101249998e-04
 393.0000000000    2.6797798409e-04
 393.5000000000    2.6497066542e-04
 394.0000000000    2.6201207634e-04
 394.5000000000    2.5914596887e-04
 395.0000000000    2.5639417590e-04
 395.5000000000    2.5373834128e-04
 396.0000000000    2.5113476008e-04
 396.5000000000    2.4854663130e-04
 397.0000000000    2.4597303176e-04
 397.5000000000    2.4344476044e-04
 398.0000000000    2.4099610053e-04
 398.5000000000    2.3863120272e-04
 399.0000000000    2.3632664788e-04
 399.5000000000    2.3404709868e-04
 400.0000000000    2.3177301400e-04
 400.5000000000    2.2951658978e-04
 401.0000000000    2.2730886702e-04
 401.5000000000    2.2517170336e-04
 402.0000000000    2.2310180249e-04
 402.5000000000    2.2107381281e-04
 403.0000000000    2.1905965506e-04
 403.5000000000    2.1705194961e-04
 404.0000000000    2.1506806399e-04
 404.5000000000    2.1313486684e-04
 405.0000000000    2.1126905999e-04
 405.5000000000    2.0945805308e-04
 406.0000000000    2.0767771088e-04
 406.5000000000    2.0590546678e-04
 407.0000000000    2.0414308793e-04
 407.5000000000    2.0241012666e-04
 408.0000000000    2.0073280797e-04
 408.5000000000    1.9911610833e-04
 409.0000000000    1.9754417451e-04
 409.5000000000    1.9599122956e-04
 410.0000000000    1.9444394376e-04
 410.5000000000    1.9290850488e-04
 411.0000000000    1.9140818275e-04
 411.5000000000    1.8996209674e-04
 412.0000000000    1.8856906602e-04
 412.5000000000    1.8720829083e-04
 413.0000000000    1.8585609932e-04
 413.5000000000    1.8450487596e-04
 414.0000000000    1.8316858455e-04
 414.5000000000    1.8187050181e-04
 415.0000000000    1.8062337536e-04
 415.5000000000    1.7941838515e-04
 416.0000000000    1.7823194530e-04
 416.5000000000    1.7704466306e-04
 417.0000000000    1.7585674012e-04
 417.5000000000    1.7468712854e-04
 418.0000000000    1.7355720551e-04
 418.5000000000    1.7392604570e-04
 419.0000000000    1.7459461321e-04
 419.5000000000    1.7526060955e-04
 420.0000000000    1.7586901139e-04
 420.5000000000    1.7636955766e-04
 421.0000000000    1.7675985777e-04
 421.5000000000    1.7709399407e-04
 422.0000000000    1.7745134577e-04
 422.5000000000    1.7781310675e-04
 423.0000000000    1.7818466700e-04
 423.5000000000    1.7852203792e-04
 424.0000000000    1.7877088892e-04
 424.5000000000    1.7891402021e-04
 425.0000000000    1.7898707327e-04
 425.5000000000    1.7904953846e-04
 426.0000000000    1.7913581326e-04
 426.5000000000    1.7922784435e-04
 427.0000000000    1.7927238893e-04
 427.5000000000    1.7922782611e-04
 428.0000000000    1.7910064732e-04
 428.5000000000    1.7894104897e-04
 429.0000000000    1.7880163183e-04
 429.5000000000    1.7869417294e-04
 430.0000000000    1.7858106077e-04
 430.5000000000    1.7840842968e-04
 431.0000000000    1.7815259731e-04
 431.5000000000    1.7784056715e-04
 432.0000000000    1.7752762067e-04
 432.5000000000    1.7725112761e-04
 433.0000000000    1.7699970212e-04
 433.5000000000    1.7672372448e-04
 434.0000000000    1.7637797268e-04
 434.5000000000    1.7596010860e-04
 435.0000000000    1.7551274501e-04
 435.5000000000    1.7508763452e-04
 436.0000000000    1.7470230428e-04
 436.5000000000    1.7432580516e-04
 437.0000000000    1.7390545588e-04
 437.5000000000    1.7341162371e-04
 438.0000000000    1.7286268268e-04
 438.5000000000    1.7230938866e-04
 439.0000000000    1.7179204289e-04
 439.5000000000    1.7130669185e-04
 440.0000000000    1.7080892871e-04
 440.5000000000    1.7025180526e-04
 441.0000000000    1.6962552627e-04
 441.5000000000    1.6896555501e-04
 442.0000000000    1.6832257744e-04
 442.5000000000    1.6771978787e-04
 443.0000000000    1.6713365265e-04
 443.5000000000    1.6651432362e-04
 444.0000000000    1.6582809464e-04
 444.5000000000    1.6508589858e-04
 445.0000000000    1.6433404317e-04
 445.5000000000    1.6361522232e-04
 446.0000000000    1.6293282126e-04
 446.5000000000    1.6224872176e-04
 447.0000000000    1.6151622756e-04
 447.5000000000    1.6071994437e-04
 448.0000000000    1.5988895059e-04
 448.5000000000    1.5907246067e-04
 449.0000000000    1.5829870205e-04
 449.5000000000    1.5755167099e-04
 450.0000000000    1.5678557186e-04
 450.5000000000    1.5596426880e-04
 451.0000000000    1.5509211784e-04
 451.5000000000    1.5421056658e-04
 452.0000000000    1.5336349436e-04
 452.5000000000    1.5256070445e-04
 453.0000000000    1.5177045218e-04
 453.5000000000    1.5094714352e-04
 454.0000000000    1.5007042962e-04
 454.5000000000    1.4916265583e-04
 455.0000000000    1.4827023588e-04
 455.5000000000    1.4742484454e-04
 456.0000000000    1.4661725353e-04
 456.5000000000    1.4580590048e-04
 457.0000000000    1.4495264598e-04
 457.5000000000    1.4405525404e-04
 458.0000000000    1.4314933418e-04
 458.5000000000    1.4227836922e-04
 459.0000000000    1.4145723639e-04
 459.5000000000    1.4066008544e-04
 460.0000000000    1.3984268297e-04
 460.5000000000    1.3898002170e-04
 461.0000000000    1.3808736000e-04
 461.5000000000    1.3720718202e-04
 462.0000000000    1.3637326230e-04
 462.5000000000    1.3558227775e-04
 463.0000000000    1.3479694539e-04
 463.5000000000    1.3397790169e-04
 464.0000000000    1.3311691516e-04
 464.5000000000    1.3224367292e-04
 465.0000000000    1.3140054107e-04
 465.5000000000    1.3060678865e-04
 466.0000000000    1.2984248679e-04
 466.5000000000    1.2906582006e-04
 467.0000000000    1.2824865788e-04
 467.5000000000    1.2740018544e-04
 468.0000000000    1.2655894575e-04
 468.5000000000    1.2576021689e-04
 469.0000000000    1.2500621310e-04
 469.5000000000    1.2426461877e-04
 470.0000000000    1.2349633529e-04
 470.5000000000    1.2268850848e-04
 471.0000000000    1.2186508625e-04
 471.5000000000    1.2106657417e-04
 472.0000000000    1.2031559649e-04
 472.5000000000    1.1959791908e-04
 473.0000000000    1.1887500828e-04
 473.5000000000    1.1811672046e-04
 474.0000000000    1.1732652522e-04
 474.5000000000    1.1653827544e-04
 475.0000000000    1.1578750001e-04
 475.5000000000    1.1508133766e-04
 476.0000000000    1.1439261199e-04
 476.5000000000    1.1368310197e-04
 477.0000000000    1.1293586981e-04
 477.5000000000    1.1216928246e-04
 478.0000000000    1.1142127792e-04
 478.5000000000    1.1071725233e-04
 479.0000000000    1.1004870002e-04
 479.5000000000    1.0938076513e-04
 480.0000000000    1.0868207213e-04
 480.5000000000    1.0795128686e-04
 481.0000000000    1.0721806966e-04
 481.5000000000    1.0651787987e-04
 482.0000000000    1.0586207564e-04
 482.5000000000    1.0522866166e-04
 483.0000000000    1.0458134653e-04
 483.5000000000    1.0390041702e-04
 484.0000000000    1.0319925246e-04
 484.5000000000    1.0251279921e-04
 485.0000000000    1.0186794736e-04
 485.5000000000    1.0126093530e-04
 486.0000000000    1.0066087462e-04
 486.5000000000    1.0003612449e-04
 487.0000000000    9.9487803005e-05
 487.5000000000    9.9270404639e-05
 488.0000000000    9.9067210099e-05
 488.5000000000    9.8865154354e-05
 489.0000000000    9.8652824933e-05
 489.5000000000    9.8429696689e-05
 490.0000000000    9.8206766319e-05
 490.5000000000    9.7996505481e-05
 491.0000000000    9.7802832261e-05
 491.5000000000    9.7617863318e-05
 492.0000000000    9.7428439750e-05
 492.5000000000    9.7227620812e-05
 493.0000000000    9.7019745305e-05
 493.5000000000    9.6817054262e-05
 494.0000000000    9.6629271885e-05
 494.5000000000    9.6455368912e-05
 495.0000000000    9.6284669301e-05
 495.5000000000    9.6105523149e-05
 496.0000000000    9.5915409281e-05
 496.5000000000    9.5722714866e-05
 497.0000000000    9.5539543944e-05
 497.5000000000    9.5371676748e-05
 498.0000000000    9.5213430618e-05
 498.5000000000    9.5052878156e-05
 499.0000000000    9.4881611544e-05
 499.5000000000    9.4701765100e-05
 500.0000000000    9.4524098713e-05
 500.5000000000    9.4358893706e-05
 501.0000000000    9.4207183802e-05
 501.5000000000    9.4060078383e-05
 502.0000000000    9.3906338266e-05
 502.5000000000    9.3741612928e-05
 503.0000000000    9.3572059016e-05
 503.5000000000    9.3409139968e-05
 504.0000000000    9.3259931069e-05
 504.5000000000    9.3121200987e-05
 505.0000000000    9.2982256526e-05
 505.5000000000    9.2834040726e-05
 506.0000000000    9.2676564890e-05
 506.5000000000    9.2519015996e-05
 507.0000000000    9.2371913245e-05
 507.5000000000    9.2238231976e-05
 508.0000000000    9.2110979119e-05
 508.5000000000    9.1979202050e-05
 509.0000000000    9.1837250052e-05
 509.5000000000    9.1689464612e-05
 510.0000000000    9.1546435912e-05
 510.5000000000    9.1416059094e-05
 511.0000000000    9.1296945293e-05
 511.5000000000    9.1179679455e-05
 512.0000000000    9.1054806585e-05
 512.5000000000    9.0920759285e-05
 513.0000000000    9.0785094153e-05
 513.5000000000    9.0658049513e-05
 514.0000000000    9.0543936657e-05
 514.5000000000    9.0437576901e-05
 515.0000000000    9.0328745106e-05
 515.5000000000    9.0210788415e-05
 516.0000000000    9.0086158316e-05
 516.5000000000    8.9964286007e-05
 517.0000000000    8.9853528154e-05
 517.5000000000    8.9754213468e-05
 518.0000000000    8.9658418151e-05
 518.5000000000    8.9556691803e-05
 519.0000000000    8.9446008271e-05
 519.5000000000    8.9332151458e-05
 520.0000000000    8.9224906758e-05
 520.5000000000    8.9129608044e-05
 521.0000000000    8.9042879223e-05
 521.5000000000    8.8955448613e-05
 522.0000000000    8.8860008016e-05
 522.5000000000    8.8757294951e-05
 523.0000000000    8.8655429234e-05
 523.5000000000    8.8562930380e-05
 524.0000000000    8.8481653212e-05
 524.5000000000    8.8405240822e-05
 525.0000000000    8.8324605485e-05
 525.5000000000    8.8235301422e-05
 526.0000000000    8.8141530647e-05
 526.5000000000    8.8052335329e-05
 527.0000000000    8.7973948139e-05
 527.5000000000    8.7904553410e-05
 528.0000000000    8.7835842390e-05
 528.5000000000    8.7760032441e-05
 529.0000000000    8.7676379706e-05
 529.5000000000    8.7591676219e-05
 530.0000000000    8.7514466896e-05
 530.5000000000    8.7448010240e-05
 531.0000000000    8.7387277130e-05
 531.5000000000    8.7323336519e-05
 532.0000000000    8.7250989725e-05
 532.5000000000    8.7173068316e-05
 533.0000000000    8.7097911995e-05
 533.5000000000    8.7032322277e-05
 534.0000000000    8.6975866006e-05
 534.5000000000    8.6921568753e-05
 535.0000000000    8.6861298946e-05
 535.5000000000    8.6793225326e-05
 536.0000000000    8.6723110819e-05
 536.5000000000    8.6659281668e-05
 537.0000000000    8.6605663704e-05
 537.5000000000    8.6558622433e-05
 538.0000000000    8.6509968345e-05
 538.5000000000    8.6453898002e-05
 539.0000000000    8.6392062680e-05
 539.5000000000    8.6331872070e-05
 540.0000000000    8.6280173610e-05
 540.5000000000    8.6237809953e-05
 541.0000000000    8.6198427807e-05
 541.5000000000    8.6154316794e-05
 542.0000000000    8.6102803231e-05
 542.5000000000    8.6048331350e-05
 543.0000000000    8.5998789315e-05
 543.5000000000    8.5958675816e-05
 544.0000000000    8.5925384922e-05
 544.5000000000    8.5891582593e-05
 545.0000000000    8.5851461425e-05
 545.5000000000    8.5805401942e-05
 546.0000000000    8.5759730226e-05
 546.5000000000    8.5721446277e-05
 547.0000000000    8.5692145156e-05
 547.5000000000    8.5667136263e-05
 548.0000000000    8.5638821673e-05
 548.5000000000    8.5603639419e-05
 549.0000000000    8.5564944447e-05
 549.5000000000    8.5529981778e-05
 550.0000000000    8.5504039691e-05
 550.5000000000    8.5485368783e-05
 551.0000000000    8.5467261512e-05
 551.5000000000    8.5443629355e-05
 552.0000000000    8.5414164190e-05
 552.5000000000    8.5384137272e-05
 553.0000000000    8.5360279251e-05
 553.5000000000    8.5344823472e-05
 554.0000000000    8.5333929955e-05
 554.5000000000    8.5320640248e-05
 555.0000000000    8.5300810147e-05
 555.5000000000    8.5276763188e-05
 556.0000000000    8.5255055009e-05
 556.5000000000    8.5241161244e-05
 557.0000000000    8.5234345977e-05
 557.5000000000    8.5228735712e-05
 558.0000000000    8.5218362743e-05
 558.5000000000    8.5202009407e-05
 559.0000000000    8.5184081048e-05
 559.5000000000    8.5171120157e-05
 560.0000000000    8.5166004642e-05
 560.5000000000    8.5165986426e-05
 561.0000000000    8.5164243738e-05
 561.5000000000    8.5156585618e-05
 562.0000000000    8.5144553726e-05
 562.5000000000    8.5134325011e-05
 563.0000000000    8.5130927639e-05
 563.5000000000    8.5134458202e-05
 564.0000000000    8.5140177099e-05
 564.5000000000    8.5142339080e-05
 565.0000000000    8.5138970385e-05
 565.5000000000    8.5133728552e-05
 566.0000000000    8.5132545663e-05
 566.5000000000    8.5138833232e-05
 567.0000000000    8.5150068020e-05
 567.5000000000    8.5160594434e-05
 568.0000000000    8.5166447497e-05
 568.5000000000    8.5167811757e-05
 569.0000000000    8.5169605384e-05
 569.5000000000    8.5176885696e-05
 570.0000000000    8.5190870458e-05
 570.5000000000    8.5207539046e-05
 571.0000000000    8.5221273191e-05
 571.5000000000    8.5229843116e-05
 572.0000000000    8.5236074435e-05
 572.5000000000    8.5245189044e-05
 573.0000000000    8.5260753023e-05
 573.5000000000    8.5281738175e-05
 574.0000000000    8.5303143386e-05
 574.5000000000    8.5320333408e-05
 575.0000000000    8.5333383161e-05
 575.5000000000    8.5346719507e-05
 576.0000000000    8.5364999298e-05
 576.5000000000    8.5389547369e-05
 577.0000000000    8.5417646920e-05
 577.5000000000    8.5443832189e-05
 578.0000000000    8.5465480858e-05
 578.5000000000    8.5484761711e-05
 579.0000000000    8.5506332272e-05
 579.5000000000    8.5533537152e-05
 580.0000000000    8.5565733151e-05
 580.5000000000    8.5598938640e-05
 581.0000000000    8.5628602198e-05
 581.5000000000    8.5654132456e-05
 582.0000000000    8.5679104377e-05
 582.5000000000    8.5707810567e-05
 583.0000000000    8.5741878364e-05
 583.5000000000    8.5779051510e-05
 584.0000000000    8.5815130425e-05
 584.5000000000    8.5847061792e-05
 585.0000000000    8.5876132134e-05
 585.5000000000    8.5906447579e-05
 586.0000000000    8.5941664883e-05
 586.5000000000    8.5981500531e-05
 587.0000000000    8.6022567248e-05
 587.5000000000    8.6061335955e-05
 588.0000000000    8.6096418841e-05
 588.5000000000    8.6130509231e-05
 589.0000000000    8.6167702533e-05
 589.5000000000    8.6210304039e-05
 590.0000000000    8.6256205108e-05
 590.5000000000    8.6301693866e-05
 591.0000000000    8.6344230533e-05
 591.5000000000    8.6384276084e-05
 592.0000000000    8.6425304766e-05
 592.5000000000    8.6470598402e-05
 593.0000000000    8.6520522925e-05
 593.5000000000    8.6571809019e-05
 594.0000000000    8.6621263492e-05
 594.5000000000    8.6667843724e-05
 595.0000000000    8.6713436588e-05
 595.5000000000    8.6761359268e-05
 596.0000000000    8.6813442952e-05
 596.5000000000    8.6868582627e-05
 597.0000000000    8.6923293637e-05
 597.5000000000    8.6975425661e-05
 598.0000000000    8.7025565030e-05
 598.5000000000    8.7076084141e-05
 599.0000000000    8.7129535105e-05
 599.5000000000    8.7186364568e-05
 600.0000000000    8.7244881166e-05
 600.5000000000    8.7301910417e-05
 601.0000000000    8.7356443069e-05
 601.5000000000    8.7410115901e-05
 602.0000000000    8.7465460039e-05
 602.5000000000    8.7523985400e-05
 603.0000000000    8.7585116627e-05
 603.5000000000    8.7646772063e-05
 604.0000000000    8.7706479390e-05
 604.5000000000    8.7764419181e-05
 605.0000000000    8.7822894858e-05
 605.5000000000    8.7884063709e-05
 606.0000000000    8.7948266617e-05
 606.5000000000    8.8014209194e-05
 607.0000000000    8.8079565092e-05
 607.5000000000    8.8143100131e-05
 608.0000000000    8.8206008174e-05
 608.5000000000    8.8270800025e-05
 609.0000000000    8.8338565098e-05
 609.5000000000    8.8408452230e-05
 610.0000000000    8.8478876849e-05
 610.5000000000    8.8547969398e-05
 611.0000000000    8.8615912233e-05
 611.5000000000    8.8684435830e-05
 612.0000000000    8.8755372471e-05
 612.5000000000    8.8828566379e-05
 613.0000000000    8.8902417020e-05
 613.5000000000    8.8975708300e-05
 614.0000000000    8.9047898161e-05
 614.5000000000    8.9119930557e-05
 615.0000000000    8.9193210143e-05
 615.5000000000    8.9268282386e-05
 616.0000000000    8.9344682136e-05
 616.5000000000    8.9420741984e-05
 617.0000000000    8.9495899798e-05
 617.5000000000    8.9570988714e-05
 618.0000000000    8.9646769843e-05
 618.5000000000    8.9723914294e-05
 619.0000000000    8.9802100487e-05
 619.5000000000    8.9880873450e-05
 620.0000000000    8.9959233035e-05
 620.5000000000    9.0037187789e-05
 621.0000000000    9.0115536424e-05
 621.5000000000    9.0195214880e-05
 622.0000000000    9.0276144719e-05
 622.5000000000    9.0357434923e-05
 623.0000000000    9.0438529006e-05
 623.5000000000    9.0519468162e-05
 624.0000000000    9.0600513297e-05
 624.5000000000    9.0682502838e-05
 625.0000000000    9.0765615401e-05
 625.5000000000    9.0849610507e-05
 626.0000000000    9.0933351949e-05
 626.5000000000    9.1016355188e-05
 627.0000000000    9.1099442215e-05
 627.5000000000    9.1183720248e-05
 628.0000000000    9.1269518917e-05
 628.5000000000    9.1356249365e-05
 629.0000000000    9.1442794579e-05
 629.5000000000    9.1528861248e-05
 630.0000000000    9.1614447544e-05
 630.5000000000    9.1701017896e-05
 631.0000000000    9.1789671422e-05
 631.5000000000    9.1880300170e-05
 632.0000000000    9.1971053141e-05
 632.5000000000    9.2060502571e-05
 633.0000000000    9.2149386968e-05
 633.5000000000    9.2238784221e-05
 634.0000000000    9.2330362942e-05
 634.5000000000    9.2424291013e-05
 635.0000000000    9.2519191404e-05
 635.5000000000    9.2612890086e-05
 636.0000000000    9.2704578959e-05
 636.5000000000    9.2796059008e-05
 637.0000000000    9.2889459163e-05
 637.5000000000    9.2985705398e-05
 638.0000000000    9.3083582971e-05
 638.5000000000    9.3180619212e-05
 639.0000000000    9.3275560464e-05
 639.5000000000    9.3368673892e-05
 640.0000000000    9.3462597100e-05
 640.5000000000    9.3559843281e-05
 641.0000000000    9.3660022816e-05
 641.5000000000    9.3760551041e-05
 642.0000000000    9.3858714121e-05
 642.5000000000    9.3954576361e-05
 643.0000000000    9.4049783370e-05
 643.5000000000    9.4147468564e-05
 644.0000000000    9.4249015919e-05
 644.5000000000    9.4353043917e-05
 645.0000000000    9.4456042673e-05
 645.5000000000    9.4555666703e-05
 646.0000000000    9.4653242369e-05
 646.5000000000    9.4752164334e-05
 647.0000000000    9.4855184142e-05
 647.5000000000    9.4962246061e-05
 648.0000000000    9.5070051586e-05
 648.5000000000    9.5175496472e-05
 649.0000000000    9.5277092533e-05
 649.5000000000    9.5377602611e-05
 650.0000000000    9.5481519297e-05
 650.5000000000    9.5590654070e-05
 651.0000000000    9.5702747336e-05
 651.5000000000    9.5813186949e-05
 652.0000000000    9.5919066795e-05
 652.5000000000    9.6021600290e-05
 653.0000000000    9.6124792823e-05
 653.5000000000    9.6232702240e-05
 654.0000000000    9.6345314655e-05
 654.5000000000    9.6458650212e-05
 655.0000000000    9.6567762056e-05
 655.5000000000    9.6671061963e-05
 656.0000000000    9.6772087264e-05
 656.5000000000    9.6876695186e-05
 657.0000000000    9.6987270935e-05
 657.5000000000    9.7101373970e-05
 658.0000000000    9.7213366767e-05
 658.5000000000    9.7319420194e-05
 659.0000000000    9.7421335814e-05
 659.5000000000    9.7524151947e-05
 660.0000000000    9.7633169962e-05
 660.5000000000    9.7748707394e-05
 661.0000000000    9.7866079786e-05
 661.5000000000    9.7979355472e-05
 662.0000000000    9.8086368130e-05
 662.5000000000    9.8191363814e-05
 663.0000000000    9.8300991672e-05
 663.5000000000    9.8418406723e-05
 664.0000000000    9.8540944099e-05
 664.5000000000    9.8661818743e-05
 665.0000000000    9.8776634831e-05
 665.5000000000    9.8885718330e-05
 666.0000000000    9.8995264767e-05
 666.5000000000    9.9111648788e-05
 667.0000000000    9.9236026495e-05
 667.5000000000    9.9362638905e-05
 668.0000000000    9.9484176748e-05
 668.5000000000    9.9597917161e-05
 669.0000000000    9.9708300236e-05
 669.5000000000    9.9822481370e-05
 670.0000000000    9.9945307801e-05
 670.5000000000    1.0007441101e-04
 671.0000000000    1.0020242178e-04
 671.5000000000    1.0032281772e-04
 672.0000000000    1.0043552642e-04
 672.5000000000    1.0054759297e-04
 673.0000000000    1.0066720368e-04
 673.5000000000    1.0079587144e-04
 674.0000000000    1.0092771172e-04
 674.5000000000    1.0105380999e-04
 675.0000000000    1.0117011853e-04
 675.5000000000    1.0128092338e-04
 676.0000000000    1.0139487543e-04
 676.5000000000    1.0151836932e-04
 677.0000000000    1.0164940421e-04
 677.5000000000    1.0177910470e-04
 678.0000000000    1.0189998013e-04
 678.5000000000    1.0201103748e-04
 679.0000000000    1.0212014708e-04
 679.5000000000    1.0223698180e-04
 680.0000000000    1.0236461081e-04
 680.5000000000    1.0249723946e-04
 681.0000000000    1.0262426127e-04
 681.5000000000    1.0273997732e-04
 682.0000000000    1.0284845045e-04
 682.5000000000    1.0296047288e-04
 683.0000000000    1.0308352043e-04
 683.5000000000    1.0321627877e-04
 684.0000000000    1.0334898270e-04
 684.5000000000    1.0347166839e-04
 685.0000000000    1.0358328821e-04
 685.5000000000    1.0369153309e-04
 686.0000000000    1.0380749692e-04
 686.5000000000    1.0393581597e-04
 687.0000000000    1.0407038564e-04
 687.5000000000    1.0419955057e-04
 688.0000000000    1.0431636233e-04
 688.5000000000    1.0442359477e-04
 689.0000000000    1.0453277272e-04
 689.5000000000    1.0465386923e-04
 690.0000000000    1.0478666684e-04
 690.5000000000    1.0492137043e-04
 691.0000000000    1.0504583151e-04
 691.5000000000    1.0515687831e-04
 692.0000000000    1.0526302428e-04
 692.5000000000    1.0537747227e-04
 693.0000000000    1.0550622864e-04
 693.5000000000    1.0564360168e-04
 694.0000000000    1.0577642465e-04
 694.5000000000    1.0589567373e-04
 695.0000000000    1.0600410316e-04
 695.5000000000    1.0611368198e-04
 696.0000000000    1.0623629920e-04
 696.5000000000    1.0637287177e-04
 697.0000000000    1.0651278641e-04
 697.5000000000    1.0664245985e-04
 698.0000000000    1.0675702875e-04
 698.5000000000    1.0686512255e-04
 699.0000000000    1.0698161602e-04
 699.5000000000    1.0711396201e-04
 700.0000000000    1.0725661529e-04
