#          time             Min_Chi
   0.0000000000    4.9822703133e-01
   0.5000000000    4.9803827980e-01
   1.0000000000    4.9768436007e-01
   1.5000000000    4.9735435794e-01
   2.0000000000    4.9708965097e-01
   2.5000000000    4.9688461264e-01
   3.0000000000    4.9669063680e-01
   3.5000000000    4.9650149761e-01
   4.0000000000    4.9631288933e-01
   4.5000000000    4.9611267760e-01
   5.0000000000    4.9591969464e-01
   5.5000000000    4.9570789629e-01
   6.0000000000    4.9551060978e-01
   6.5000000000    4.9528976145e-01
   7.0000000000    4.9508382280e-01
   7.5000000000    4.9486120649e-01
   8.0000000000    4.9464830072e-01
   8.5000000000    4.9442493039e-01
   9.0000000000    4.9420675972e-01
   9.5000000000    4.9398376012e-01
  10.0000000000    4.9376216694e-01
  10.5000000000    4.9354068765e-01
  11.0000000000    4.9331723489e-01
  11.5000000000    4.9309829779e-01
  12.0000000000    4.9287455379e-01
  12.5000000000    4.9265869178e-01
  13.0000000000    4.9243583365e-01
  13.5000000000    4.9222372669e-01
  14.0000000000    4.9200295309e-01
  14.5000000000    4.9179525211e-01
  15.0000000000    4.9157727464e-01
  15.5000000000    4.9137417724e-01
  16.0000000000    4.9115973435e-01
  16.5000000000    4.9096042533e-01
  17.0000000000    4.9075139065e-01
  17.5000000000    4.9055851528e-01
  18.0000000000    4.9035300845e-01
  18.5000000000    4.9016546900e-01
  19.0000000000    4.8996495783e-01
  19.5000000000    4.8978278479e-01
  20.0000000000    4.8958780238e-01
  20.5000000000    4.8941105444e-01
  21.0000000000    4.8922149694e-01
  21.5000000000    4.8905037089e-01
  22.0000000000    4.8886655834e-01
  22.5000000000    4.8869988811e-01
  23.0000000000    4.8852396443e-01
  23.5000000000    4.8836260572e-01
  24.0000000000    4.8819105261e-01
  24.5000000000    4.8803633486e-01
  25.0000000000    4.8787033689e-01
  25.5000000000    4.8772117949e-01
  26.0000000000    4.8756081826e-01
  26.5000000000    4.8741676422e-01
  27.0000000000    4.8726246105e-01
  27.5000000000    4.8712354163e-01
  28.0000000000    4.8697508485e-01
  28.5000000000    4.8684130343e-01
  29.0000000000    4.8669852704e-01
  29.5000000000    4.8656969733e-01
  30.0000000000    4.8643246394e-01
  30.5000000000    4.8630828455e-01
  31.0000000000    4.8617562034e-01
  31.5000000000    4.8605652043e-01
  32.0000000000    4.8593105464e-01
  32.5000000000    4.8581699065e-01
  33.0000000000    4.8569437555e-01
  33.5000000000    4.8558482931e-01
  34.0000000000    4.8546817534e-01
  34.5000000000    4.8536287035e-01
  35.0000000000    4.8525041566e-01
  35.5000000000    4.8514979736e-01
  36.0000000000    4.8504196243e-01
  36.5000000000    4.8494554518e-01
  37.0000000000    4.8484186566e-01
  37.5000000000    4.8474971828e-01
  38.0000000000    4.8465006307e-01
  38.5000000000    4.8456216759e-01
  39.0000000000    4.8446631833e-01
  39.5000000000    4.8438258955e-01
  40.0000000000    4.8429033009e-01
  40.5000000000    4.8421058105e-01
  41.0000000000    4.8412167780e-01
  41.5000000000    4.8404599935e-01
  42.0000000000    4.8396018361e-01
  42.5000000000    4.8388849755e-01
  43.0000000000    4.8380571034e-01
  43.5000000000    4.8373791404e-01
  44.0000000000    4.8365767731e-01
  44.5000000000    4.8359403779e-01
  45.0000000000    4.8351661096e-01
  45.5000000000    4.8345657761e-01
  46.0000000000    4.8338098315e-01
  46.5000000000    4.8332490446e-01
  47.0000000000    4.8325174412e-01
  47.5000000000    4.8319965554e-01
  48.0000000000    4.8312807931e-01
  48.5000000000    4.8307917367e-01
  49.0000000000    4.8300974707e-01
  49.5000000000    4.8296253284e-01
  50.0000000000    4.8289698596e-01
  50.5000000000    4.8285099297e-01
  51.0000000000    4.8278917743e-01
  51.5000000000    4.8274416558e-01
  52.0000000000    4.8268619411e-01
  52.5000000000    4.8264207204e-01
  53.0000000000    4.8258786970e-01
  53.5000000000    4.8254415370e-01
  54.0000000000    4.8249360943e-01
  54.5000000000    4.8244985161e-01
  55.0000000000    4.8240209919e-01
  55.5000000000    4.8235617475e-01
  56.0000000000    4.8230829923e-01
  56.5000000000    4.8225423776e-01
  57.0000000000    4.8219715064e-01
  57.5000000000    4.8212349678e-01
  58.0000000000    4.8205146109e-01
  58.5000000000    4.8196805148e-01
  59.0000000000    4.8190978174e-01
  59.5000000000    4.8185555598e-01
  60.0000000000    4.8183117352e-01
  60.5000000000    4.8179713161e-01
  61.0000000000    4.8178280502e-01
  61.5000000000    4.8174764741e-01
  62.0000000000    4.8173310796e-01
  62.5000000000    4.8169890728e-01
  63.0000000000    4.8167980965e-01
  63.5000000000    4.8164283249e-01
  64.0000000000    4.8161893378e-01
  64.5000000000    4.8158815893e-01
  65.0000000000    4.8156641688e-01
  65.5000000000    4.8153814369e-01
  66.0000000000    4.8151266270e-01
  66.5000000000    4.8148839904e-01
  67.0000000000    4.8146243664e-01
  67.5000000000    4.8144165067e-01
  68.0000000000    4.8141357105e-01
  68.5000000000    4.8139756511e-01
  69.0000000000    4.8136779953e-01
  69.5000000000    4.8135580384e-01
  70.0000000000    4.8132407519e-01
  70.5000000000    4.8131250752e-01
  71.0000000000    4.8128334579e-01
  71.5000000000    4.8126972520e-01
  72.0000000000    4.8124497847e-01
  72.5000000000    4.8122906143e-01
  73.0000000000    4.8120897273e-01
  73.5000000000    4.8119077240e-01
  74.0000000000    4.8117562462e-01
  74.5000000000    4.8115503235e-01
  75.0000000000    4.8114485884e-01
  75.5000000000    4.8112174042e-01
  76.0000000000    4.8111668955e-01
  76.5000000000    4.8109095041e-01
  77.0000000000    4.8108405909e-01
  77.5000000000    4.8106211718e-01
  78.0000000000    4.8105228923e-01
  78.5000000000    4.8103593526e-01
  79.0000000000    4.8102332976e-01
  79.5000000000    4.8101272765e-01
  80.0000000000    4.8099666223e-01
  80.5000000000    4.8099126991e-01
  81.0000000000    4.8097125052e-01
  81.5000000000    4.8096973314e-01
  82.0000000000    4.8094945645e-01
  82.5000000000    4.8094671402e-01
  83.0000000000    4.8093219150e-01
  83.5000000000    4.8092203663e-01
  84.0000000000    4.8091169257e-01
  84.5000000000    4.8089991206e-01
  85.0000000000    4.8089803995e-01
  85.5000000000    4.8088200067e-01
  86.0000000000    4.8088369877e-01
  86.5000000000    4.8086613154e-01
  87.0000000000    4.8086336547e-01
  87.5000000000    4.8085213261e-01
  88.0000000000    4.8084518737e-01
  88.5000000000    4.8084110190e-01
  89.0000000000    4.8082968855e-01
  89.5000000000    4.8083269329e-01
  90.0000000000    4.8081670858e-01
  90.5000000000    4.8081775143e-01
  91.0000000000    4.8080635362e-01
  91.5000000000    4.8080250614e-01
  92.0000000000    4.8079858652e-01
  92.5000000000    4.8078994390e-01
  93.0000000000    4.8079386387e-01
  93.5000000000    4.8078011776e-01
  94.0000000000    4.8078284661e-01
  94.5000000000    4.8077306177e-01
  95.0000000000    4.8077044656e-01
  95.5000000000    4.8076888333e-01
  96.0000000000    4.8076103294e-01
  96.5000000000    4.8076787673e-01
  97.0000000000    4.8075444999e-01
  97.5000000000    4.8075705564e-01
  98.0000000000    4.8075100807e-01
  98.5000000000    4.8074762476e-01
  99.0000000000    4.8075051220e-01
  99.5000000000    4.8074139948e-01
 100.0000000000    4.8074795910e-01
 100.5000000000    4.8073887829e-01
 101.0000000000    4.8073940406e-01
 101.5000000000    4.8073943734e-01
 102.0000000000    4.8073332599e-01
 102.5000000000    4.8074251741e-01
 103.0000000000    4.8073110335e-01
 103.5000000000    4.8073410556e-01
 104.0000000000    4.8073272599e-01
 104.5000000000    4.8072893803e-01
 105.0000000000    4.8073778727e-01
 105.5000000000    4.8072758273e-01
 106.0000000000    4.8073190157e-01
 106.5000000000    4.8073015094e-01
 107.0000000000    4.8072761494e-01
 107.5000000000    4.8073674914e-01
 108.0000000000    4.8072724034e-01
 108.5000000000    4.8073198371e-01
 109.0000000000    4.8073120673e-01
 109.5000000000    4.8072871157e-01
 110.0000000000    4.8073948797e-01
 110.5000000000    4.8072988021e-01
 111.0000000000    4.8073398246e-01
 111.5000000000    4.8073565380e-01
 112.0000000000    4.8073236886e-01
 112.5000000000    4.8074253441e-01
 113.0000000000    4.8073552794e-01
 113.5000000000    4.8073812842e-01
 114.0000000000    4.8074377548e-01
 114.5000000000    4.8073871555e-01
 115.0000000000    4.8074665838e-01
 115.5000000000    4.8074438577e-01
 116.0000000000    4.8074431935e-01
 116.5000000000    4.8075547316e-01
 117.0000000000    4.8074740004e-01
 117.5000000000    4.8075203586e-01
 118.0000000000    4.8075607316e-01
 118.5000000000    4.8075245197e-01
 119.0000000000    4.8076121581e-01
 119.5000000000    4.8075885685e-01
 120.0000000000    4.8075962924e-01
 120.5000000000    4.8077215303e-01
 121.0000000000    4.8076423225e-01
 121.5000000000    4.8076800610e-01
 122.0000000000    4.8077426157e-01
 122.5000000000    4.8076948437e-01
 123.0000000000    4.8077669132e-01
 123.5000000000    4.8077840790e-01
 124.0000000000    4.8077672509e-01
 124.5000000000    4.8078652309e-01
 125.0000000000    4.8078358030e-01
 125.5000000000    4.8078414274e-01
 126.0000000000    4.8079611153e-01
 126.5000000000    4.8078962914e-01
 127.0000000000    4.8079244336e-01
 127.5000000000    4.8080215265e-01
 128.0000000000    4.8079569491e-01
 128.5000000000    4.8080043600e-01
 129.0000000000    4.8080772925e-01
 129.5000000000    4.8080250486e-01
 130.0000000000    4.8080818319e-01
 130.5000000000    4.8081344181e-01
 131.0000000000    4.8080925357e-01
 131.5000000000    4.8081544313e-01
 132.0000000000    4.8081930384e-01
 132.5000000000    4.8081616321e-01
 133.0000000000    4.8082269684e-01
 133.5000000000    4.8082542741e-01
 134.0000000000    4.8082269842e-01
 134.5000000000    4.8082953895e-01
 135.0000000000    4.8083193970e-01
 135.5000000000    4.8082873261e-01
 136.0000000000    4.8083531701e-01
 136.5000000000    4.8083856135e-01
 137.0000000000    4.8083469328e-01
 137.5000000000    4.8084028632e-01
 138.0000000000    4.8084487883e-01
 138.5000000000    4.8084014181e-01
 139.0000000000    4.8084439694e-01
 139.5000000000    4.8085109383e-01
 140.0000000000    4.8084509503e-01
 140.5000000000    4.8084789691e-01
 141.0000000000    4.8085745421e-01
 141.5000000000    4.8084978071e-01
 142.0000000000    4.8085050236e-01
 142.5000000000    4.8085973927e-01
 143.0000000000    4.8085407092e-01
 143.5000000000    4.8085270999e-01
 144.0000000000    4.8085948174e-01
 144.5000000000    4.8085845970e-01
 145.0000000000    4.8085443675e-01
 145.5000000000    4.8085831759e-01
 146.0000000000    4.8086283767e-01
 146.5000000000    4.8085601089e-01
 147.0000000000    4.8085689874e-01
 147.5000000000    4.8086533964e-01
 148.0000000000    4.8085797038e-01
 148.5000000000    4.8085529028e-01
 149.0000000000    4.8086002873e-01
 149.5000000000    4.8086041206e-01
 150.0000000000    4.8085403990e-01
 150.5000000000    4.8085480632e-01
 151.0000000000    4.8086255335e-01
 151.5000000000    4.8085359649e-01
 152.0000000000    4.8085003034e-01
 152.5000000000    4.8085321233e-01
 153.0000000000    4.8085418115e-01
 153.5000000000    4.8084615670e-01
 154.0000000000    4.8084459657e-01
 154.5000000000    4.8084940575e-01
 155.0000000000    4.8084382500e-01
 155.5000000000    4.8083722137e-01
 156.0000000000    4.8083670347e-01
 156.5000000000    4.8084220254e-01
 157.0000000000    4.8083166648e-01
 157.5000000000    4.8082570315e-01
 158.0000000000    4.8082540678e-01
 158.5000000000    4.8082841492e-01
 159.0000000000    4.8081666480e-01
 159.5000000000    4.8081077882e-01
 160.0000000000    4.8081051005e-01
 160.5000000000    4.8081217570e-01
 161.0000000000    4.8079973926e-01
 161.5000000000    4.8079223440e-01
 162.0000000000    4.8079004131e-01
 162.5000000000    4.8079171022e-01
 163.0000000000    4.8077866056e-01
 163.5000000000    4.8077018806e-01
 164.0000000000    4.8076612444e-01
 164.5000000000    4.8076662348e-01
 165.0000000000    4.8075411764e-01
 165.5000000000    4.8074342984e-01
 166.0000000000    4.8073710573e-01
 166.5000000000    4.8073493384e-01
 167.0000000000    4.8072683664e-01
 167.5000000000    4.8071323618e-01
 168.0000000000    4.8070375424e-01
 168.5000000000    4.8069820767e-01
 169.0000000000    4.8069648757e-01
 169.5000000000    4.8067997272e-01
 170.0000000000    4.8066679884e-01
 170.5000000000    4.8065726029e-01
 171.0000000000    4.8065127139e-01
 171.5000000000    4.8064411825e-01
 172.0000000000    4.8062683967e-01
 172.5000000000    4.8061290390e-01
 173.0000000000    4.8060213851e-01
 173.5000000000    4.8059446914e-01
 174.0000000000    4.8058478135e-01
 174.5000000000    4.8056583150e-01
 175.0000000000    4.8054980787e-01
 175.5000000000    4.8053665047e-01
 176.0000000000    4.8052620189e-01
 176.5000000000    4.8051750460e-01
 177.0000000000    4.8049590665e-01
 177.5000000000    4.8047687617e-01
 178.0000000000    4.8046023764e-01
 178.5000000000    4.8044587911e-01
 179.0000000000    4.8043380014e-01
 179.5000000000    4.8041697971e-01
 180.0000000000    4.8039405219e-01
 180.5000000000    4.8037313435e-01
 181.0000000000    4.8035416373e-01
 181.5000000000    4.8033701444e-01
 182.0000000000    4.8032159156e-01
 182.5000000000    4.8030191304e-01
 183.0000000000    4.8027591552e-01
 183.5000000000    4.8025144253e-01
 184.0000000000    4.8022834271e-01
 184.5000000000    4.8020650416e-01
 185.0000000000    4.8018586280e-01
 185.5000000000    4.8016636026e-01
 186.0000000000    4.8013786338e-01
 186.5000000000    4.8010807043e-01
 187.0000000000    4.8007936488e-01
 187.5000000000    4.8005174636e-01
 188.0000000000    4.8002510712e-01
 188.5000000000    4.7999934574e-01
 189.0000000000    4.7997450164e-01
 189.5000000000    4.7994683036e-01
 190.0000000000    4.7991275816e-01
 190.5000000000    4.7987940690e-01
 191.0000000000    4.7984662697e-01
 191.5000000000    4.7981423667e-01
 192.0000000000    4.7978216274e-01
 192.5000000000    4.7975038560e-01
 193.0000000000    4.7971873924e-01
 193.5000000000    4.7968712410e-01
 194.0000000000    4.7965126906e-01
 194.5000000000    4.7961111917e-01
 195.0000000000    4.7957093837e-01
 195.5000000000    4.7953068222e-01
 196.0000000000    4.7949046599e-01
 196.5000000000    4.7945007436e-01
 197.0000000000    4.7940937015e-01
 197.5000000000    4.7936838286e-01
 198.0000000000    4.7932709114e-01
 198.5000000000    4.7928527642e-01
 199.0000000000    4.7924284416e-01
 199.5000000000    4.7919978655e-01
 200.0000000000    4.7915190814e-01
 200.5000000000    4.7910173681e-01
 201.0000000000    4.7905094244e-01
 201.5000000000    4.7899954706e-01
 202.0000000000    4.7894745954e-01
 202.5000000000    4.7889457916e-01
 203.0000000000    4.7884086941e-01
 203.5000000000    4.7878632124e-01
 204.0000000000    4.7873080730e-01
 204.5000000000    4.7867420083e-01
 205.0000000000    4.7861645441e-01
 205.5000000000    4.7855752503e-01
 206.0000000000    4.7849735777e-01
 206.5000000000    4.7843593060e-01
 207.0000000000    4.7837326760e-01
 207.5000000000    4.7830933458e-01
 208.0000000000    4.7824402117e-01
 208.5000000000    4.7817728329e-01
 209.0000000000    4.7810913036e-01
 209.5000000000    4.7803949148e-01
 210.0000000000    4.7796828467e-01
 210.5000000000    4.7789553463e-01
 211.0000000000    4.7782123504e-01
 211.5000000000    4.7774532361e-01
 212.0000000000    4.7766775986e-01
 212.5000000000    4.7758855243e-01
 213.0000000000    4.7750770435e-01
 213.5000000000    4.7742517538e-01
 214.0000000000    4.7734091754e-01
 214.5000000000    4.7725494946e-01
 215.0000000000    4.7716732372e-01
 215.5000000000    4.7707800218e-01
 216.0000000000    4.7698695977e-01
 216.5000000000    4.7689423769e-01
 217.0000000000    4.7679984427e-01
 217.5000000000    4.7670374705e-01
 218.0000000000    4.7660600055e-01
 218.5000000000    4.7650664713e-01
 219.0000000000    4.7640563490e-01
 219.5000000000    4.7630292087e-01
 220.0000000000    4.7619857178e-01
 220.5000000000    4.7609080754e-01
 221.0000000000    4.7597644218e-01
 221.5000000000    4.7586041999e-01
 222.0000000000    4.7574283828e-01
 222.5000000000    4.7562364522e-01
 223.0000000000    4.7550274046e-01
 223.5000000000    4.7538006324e-01
 224.0000000000    4.7525563535e-01
 224.5000000000    4.7512957076e-01
 225.0000000000    4.7500212041e-01
 225.5000000000    4.7487353448e-01
 226.0000000000    4.7473308524e-01
 226.5000000000    4.7459117245e-01
 227.0000000000    4.7444779566e-01
 227.5000000000    4.7430296475e-01
 228.0000000000    4.7415675738e-01
 228.5000000000    4.7400937417e-01
 229.0000000000    4.7386110292e-01
 229.5000000000    4.7370294619e-01
 230.0000000000    4.7353906466e-01
 230.5000000000    4.7337415352e-01
 231.0000000000    4.7320821665e-01
 231.5000000000    4.7304130569e-01
 232.0000000000    4.7287360779e-01
 232.5000000000    4.7269373359e-01
 233.0000000000    4.7250832865e-01
 233.5000000000    4.7232264217e-01
 234.0000000000    4.7213697737e-01
 234.5000000000    4.7195157423e-01
 235.0000000000    4.7175525680e-01
 235.5000000000    4.7155121787e-01
 236.0000000000    4.7134719430e-01
 236.5000000000    4.7114323043e-01
 237.0000000000    4.7093801691e-01
 237.5000000000    4.7071318686e-01
 238.0000000000    4.7048881139e-01
 238.5000000000    4.7026537966e-01
 239.0000000000    4.7004330105e-01
 239.5000000000    4.6979920149e-01
 240.0000000000    4.6955601773e-01
 240.5000000000    4.6931417515e-01
 241.0000000000    4.6906751623e-01
 241.5000000000    4.6880367664e-01
 242.0000000000    4.6854240921e-01
 242.5000000000    4.6828433125e-01
 243.0000000000    4.6800726907e-01
 243.5000000000    4.6772721976e-01
 244.0000000000    4.6744966903e-01
 244.5000000000    4.6715735439e-01
 245.0000000000    4.6685517617e-01
 245.5000000000    4.6655677021e-01
 246.0000000000    4.6624547787e-01
 246.5000000000    4.6592505908e-01
 247.0000000000    4.6561007455e-01
 247.5000000000    4.6527648571e-01
 248.0000000000    4.6493755084e-01
 248.5000000000    4.6460364623e-01
 249.0000000000    4.6423933862e-01
 249.5000000000    4.6388135278e-01
 250.0000000000    4.6351436665e-01
 250.5000000000    4.6313340379e-01
 251.0000000000    4.6276041621e-01
 251.5000000000    4.6235607389e-01
 252.0000000000    4.6195895720e-01
 252.5000000000    4.6154370340e-01
 253.0000000000    4.6112236600e-01
 253.5000000000    4.6069410437e-01
 254.0000000000    4.6024951955e-01
 254.5000000000    4.5980555308e-01
 255.0000000000    4.5933734867e-01
 255.5000000000    4.5887369888e-01
 256.0000000000    4.5838145146e-01
 256.5000000000    4.5789518362e-01
 257.0000000000    4.5738004588e-01
 257.5000000000    4.5686886897e-01
 258.0000000000    4.5633163312e-01
 258.5000000000    4.5579223401e-01
 259.0000000000    4.5523324838e-01
 259.5000000000    4.5466231223e-01
 260.0000000000    4.5408238311e-01
 260.5000000000    4.5347685164e-01
 261.0000000000    4.5287364888e-01
 261.5000000000    4.5223364159e-01
 262.0000000000    4.5159025685e-01
 262.5000000000    4.5093150891e-01
 263.0000000000    4.5024575542e-01
 263.5000000000    4.4955648121e-01
 264.0000000000    4.4884053378e-01
 264.5000000000    4.4810395350e-01
 265.0000000000    4.4735938735e-01
 265.5000000000    4.4658619870e-01
 266.0000000000    4.4578808355e-01
 266.5000000000    4.4497765562e-01
 267.0000000000    4.4414882746e-01
 267.5000000000    4.4328065623e-01
 268.0000000000    4.4239650405e-01
 268.5000000000    4.4149462600e-01
 269.0000000000    4.4057090314e-01
 269.5000000000    4.3960443649e-01
 270.0000000000    4.3861562327e-01
 270.5000000000    4.3760254615e-01
 271.0000000000    4.3656336799e-01
 271.5000000000    4.3549631584e-01
 272.0000000000    4.3438976753e-01
 272.5000000000    4.3324698784e-01
 273.0000000000    4.3207254619e-01
 273.5000000000    4.3086467720e-01
 274.0000000000    4.2962150491e-01
 274.5000000000    4.2834097457e-01
 275.0000000000    4.2702079854e-01
 275.5000000000    4.2565856719e-01
 276.0000000000    4.2425207319e-01
 276.5000000000    4.2279957164e-01
 277.0000000000    4.2129979112e-01
 277.5000000000    4.1975163608e-01
 278.0000000000    4.1815368329e-01
 278.5000000000    4.1650380266e-01
 279.0000000000    4.1479925449e-01
 279.5000000000    4.1303728995e-01
 280.0000000000    4.1121581946e-01
 280.5000000000    4.0933299055e-01
 281.0000000000    4.0736632020e-01
 281.5000000000    4.0533443453e-01
 282.0000000000    4.0323587005e-01
 282.5000000000    4.0106857979e-01
 283.0000000000    3.9881810428e-01
 283.5000000000    3.9646675830e-01
 284.0000000000    3.9403848176e-01
 284.5000000000    3.9153149235e-01
 285.0000000000    3.8889586883e-01
 285.5000000000    3.8617816879e-01
 286.0000000000    3.8335251603e-01
 286.5000000000    3.8040055095e-01
 287.0000000000    3.7735063785e-01
 287.5000000000    3.7414455189e-01
 288.0000000000    3.7083513699e-01
 288.5000000000    3.6735745423e-01
 289.0000000000    3.6375043260e-01
 289.5000000000    3.5998343500e-01
 290.0000000000    3.5603773295e-01
 290.5000000000    3.5193741452e-01
 291.0000000000    3.4764345977e-01
 291.5000000000    3.4313868872e-01
 292.0000000000    3.3843763152e-01
 292.5000000000    3.3352383942e-01
 293.0000000000    3.2838039540e-01
 293.5000000000    3.2299008448e-01
 294.0000000000    3.1732682656e-01
 294.5000000000    3.1138821855e-01
 295.0000000000    3.0516165519e-01
 295.5000000000    2.9861172595e-01
 296.0000000000    2.9172813940e-01
 296.5000000000    2.8449903365e-01
 297.0000000000    2.7691382967e-01
 297.5000000000    2.6896643174e-01
 298.0000000000    2.6057118137e-01
 298.5000000000    2.5176264762e-01
 299.0000000000    2.4254050162e-01
 299.5000000000    2.3281159307e-01
 300.0000000000    2.2265018403e-01
 300.5000000000    2.1200543093e-01
 301.0000000000    2.0084276709e-01
 301.5000000000    1.8924387724e-01
 302.0000000000    1.7721377839e-01
 302.5000000000    1.6477511605e-01
 303.0000000000    1.5191962173e-01
 303.5000000000    1.3878996186e-01
 304.0000000000    1.2548800330e-01
 304.5000000000    1.1214250599e-01
 305.0000000000    9.8908039755e-02
 305.5000000000    8.5961144772e-02
 306.0000000000    7.3502039735e-02
 306.5000000000    6.1778204991e-02
 307.0000000000    5.1158790882e-02
 307.5000000000    4.1260589736e-02
 308.0000000000    3.2732768178e-02
 308.5000000000    2.5485037477e-02
 309.0000000000    1.9589244916e-02
 309.5000000000    1.4874006714e-02
 310.0000000000    1.0881441092e-02
 310.5000000000    8.1823687322e-03
 311.0000000000    6.0372424963e-03
 311.5000000000    4.3831047945e-03
 312.0000000000    3.2990076037e-03
 312.5000000000    2.4344109319e-03
 313.0000000000    1.9015092712e-03
 313.5000000000    1.6004553866e-03
 314.0000000000    1.1924481971e-03
 314.5000000000    9.9113997250e-04
 315.0000000000    7.9192977434e-04
 315.5000000000    5.0436310948e-04
 316.0000000000    3.3086297283e-04
 316.5000000000    2.4538492950e-04
 317.0000000000    2.0610316081e-04
 317.5000000000    1.8932882589e-04
 318.0000000000    1.8271392070e-04
 318.5000000000    1.8028098859e-04
 319.0000000000    1.7935285545e-04
 319.5000000000    1.7884303376e-04
 320.0000000000    1.7837463644e-04
 320.5000000000    1.7785666794e-04
 321.0000000000    1.7729514335e-04
 321.5000000000    1.7671718210e-04
 322.0000000000    1.7614569629e-04
 322.5000000000    1.7559460344e-04
 323.0000000000    1.7507099849e-04
 323.5000000000    1.7457867178e-04
 324.0000000000    1.7412097318e-04
 324.5000000000    1.7370253211e-04
 325.0000000000    1.7332990795e-04
 325.5000000000    1.7301141115e-04
 326.0000000000    1.7275635276e-04
 326.5000000000    1.7257395045e-04
 327.0000000000    1.7247210170e-04
 327.5000000000    1.7245619734e-04
 328.0000000000    1.7252813009e-04
 328.5000000000    1.7268561955e-04
 329.0000000000    1.7292193595e-04
 329.5000000000    1.7322605341e-04
 330.0000000000    1.7358322996e-04
 330.5000000000    1.7397594902e-04
 331.0000000000    1.7438512183e-04
 331.5000000000    1.7479142280e-04
 332.0000000000    1.7517660431e-04
 332.5000000000    1.7552465428e-04
 333.0000000000    1.7582268567e-04
 333.5000000000    1.7606148685e-04
 334.0000000000    1.7623571554e-04
 334.5000000000    1.7634377271e-04
 335.0000000000    1.7638741664e-04
 335.5000000000    1.7637119963e-04
 336.0000000000    1.7630180974e-04
 336.5000000000    1.7618739617e-04
 337.0000000000    1.7603693260e-04
 337.5000000000    1.7585965834e-04
 338.0000000000    1.7566462127e-04
 338.5000000000    1.7546032554e-04
 339.0000000000    1.7525448419e-04
 339.5000000000    1.7505386319e-04
 340.0000000000    1.7486420797e-04
 340.5000000000    1.7469022783e-04
 341.0000000000    1.7453563343e-04
 341.5000000000    1.7440321263e-04
 342.0000000000    1.7429492707e-04
 342.5000000000    1.7421202026e-04
 343.0000000000    1.7415512644e-04
 343.5000000000    1.7412437070e-04
 344.0000000000    1.7411945316e-04
 344.5000000000    1.7413971424e-04
 345.0000000000    1.7418418053e-04
 345.5000000000    1.7425159845e-04
 346.0000000000    1.7434045408e-04
 346.5000000000    1.7444898122e-04
 347.0000000000    1.7457516687e-04
 347.5000000000    1.7471675759e-04
 348.0000000000    1.7487127302e-04
 348.5000000000    1.7503602567e-04
 349.0000000000    1.7520814954e-04
 349.5000000000    1.7538464409e-04
 350.0000000000    1.7556243212e-04
 350.5000000000    1.7573842487e-04
 351.0000000000    1.7590959423e-04
 351.5000000000    1.7607305088e-04
 352.0000000000    1.7622612588e-04
 352.5000000000    1.7636645139e-04
 353.0000000000    1.7649203920e-04
 353.5000000000    1.7660135240e-04
 354.0000000000    1.7669335900e-04
 354.5000000000    1.7676755711e-04
 355.0000000000    1.7682396187e-04
 355.5000000000    1.7686306294e-04
 356.0000000000    1.7688576913e-04
 356.5000000000    1.7689335846e-04
 357.0000000000    1.7688743683e-04
 357.5000000000    1.7686989280e-04
 358.0000000000    1.7684282614e-04
 358.5000000000    1.7680844193e-04
 359.0000000000    1.7676892935e-04
 359.5000000000    1.7672636218e-04
 360.0000000000    1.7668264776e-04
 360.5000000000    1.7663952316e-04
 361.0000000000    1.7659857848e-04
 361.5000000000    1.7656126338e-04
 362.0000000000    1.7652885962e-04
 362.5000000000    1.7650242930e-04
 363.0000000000    1.7648277669e-04
 363.5000000000    1.7647045472e-04
 364.0000000000    1.7646581332e-04
 364.5000000000    1.7646905545e-04
 365.0000000000    1.7648026491e-04
 365.5000000000    1.7649939448e-04
 366.0000000000    1.7652623796e-04
 366.5000000000    1.7656041851e-04
 367.0000000000    1.7660140933e-04
 367.5000000000    1.7664857460e-04
 368.0000000000    1.7670120951e-04
 368.5000000000    1.7675856034e-04
 369.0000000000    1.7681982595e-04
 369.5000000000    1.7688415202e-04
 370.0000000000    1.7695063836e-04
 370.5000000000    1.7701836425e-04
 371.0000000000    1.7708641481e-04
 371.5000000000    1.7715389805e-04
 372.0000000000    1.7721995616e-04
 372.5000000000    1.7728377711e-04
 373.0000000000    1.7734461274e-04
 373.5000000000    1.7740180524e-04
 374.0000000000    1.7745481533e-04
 374.5000000000    1.7750325234e-04
 375.0000000000    1.7754690170e-04
 375.5000000000    1.7758574135e-04
 376.0000000000    1.7761993957e-04
 376.5000000000    1.7764983971e-04
 377.0000000000    1.7767591775e-04
 377.5000000000    1.7769871486e-04
 378.0000000000    1.7771875849e-04
 378.5000000000    1.7773648404e-04
 379.0000000000    1.7775216293e-04
 379.5000000000    1.7776585437e-04
 380.0000000000    1.7777739069e-04
 380.5000000000    1.7778640603e-04
 381.0000000000    1.7779241562e-04
 381.5000000000    1.7779493973e-04
 382.0000000000    1.7779365563e-04
 382.5000000000    1.7778854977e-04
 383.0000000000    1.7778003768e-04
 383.5000000000    1.7776903055e-04
 384.0000000000    1.7775693084e-04
 384.5000000000    1.7774554437e-04
 385.0000000000    1.7773691712e-04
 385.5000000000    1.7773311149e-04
 386.0000000000    1.7773595171e-04
 386.5000000000    1.7774677762e-04
 387.0000000000    1.7776625373e-04
 387.5000000000    1.7779427300e-04
 388.0000000000    1.7782996727e-04
 388.5000000000    1.7787182707e-04
 389.0000000000    1.7791791327e-04
 389.5000000000    1.7796612617e-04
 390.0000000000    1.7801448494e-04
 390.5000000000    1.7806137450e-04
 391.0000000000    1.7810571983e-04
 391.5000000000    1.7814705719e-04
 392.0000000000    1.7818549298e-04
 392.5000000000    1.7822156821e-04
 393.0000000000    1.7825606145e-04
 393.5000000000    1.7828977036e-04
 394.0000000000    1.7832331698e-04
 394.5000000000    1.7835701380e-04
 395.0000000000    1.7839080964e-04
 395.5000000000    1.7842431860e-04
 396.0000000000    1.7845692232e-04
 396.5000000000    1.7848791392e-04
 397.0000000000    1.7851664996e-04
 397.5000000000    1.7854267787e-04
 398.0000000000    1.7856581509e-04
 398.5000000000    1.7858616860e-04
 399.0000000000    1.7860409543e-04
 399.5000000000    1.7862012085e-04
 400.0000000000    1.7863483703e-04
 400.5000000000    1.7864880395e-04
 401.0000000000    1.7866247562e-04
 401.5000000000    1.7867615856e-04
 402.0000000000    1.7869001284e-04
 402.5000000000    1.7870408389e-04
 403.0000000000    1.7871834997e-04
 403.5000000000    1.7873277574e-04
 404.0000000000    1.7874735501e-04
 404.5000000000    1.7876213356e-04
 405.0000000000    1.7877721303e-04
 405.5000000000    1.7879273793e-04
 406.0000000000    1.7880887078e-04
 406.5000000000    1.7882576125e-04
 407.0000000000    1.7884351913e-04
 407.5000000000    1.7886219558e-04
 408.0000000000    1.7888177292e-04
 408.5000000000    1.7890216583e-04
 409.0000000000    1.7892323002e-04
 409.5000000000    1.7894477114e-04
 410.0000000000    1.7896655840e-04
 410.5000000000    1.7898834121e-04
 411.0000000000    1.7900986712e-04
 411.5000000000    1.7903090544e-04
 412.0000000000    1.7905127255e-04
 412.5000000000    1.7907085221e-04
 413.0000000000    1.7908961076e-04
 413.5000000000    1.7910760195e-04
 414.0000000000    1.7912495858e-04
 414.5000000000    1.7914187403e-04
 415.0000000000    1.7915857456e-04
 415.5000000000    1.7917528679e-04
 416.0000000000    1.7919220507e-04
 416.5000000000    1.7920946562e-04
 417.0000000000    1.7922713294e-04
 417.5000000000    1.7924520037e-04
 418.0000000000    1.7926360367e-04
 418.5000000000    1.7928224377e-04
 419.0000000000    1.7930101280e-04
 419.5000000000    1.7931981656e-04
 420.0000000000    1.7933859072e-04
 420.5000000000    1.7935730652e-04
 421.0000000000    1.7937596757e-04
 421.5000000000    1.7939459813e-04
 422.0000000000    1.7941322545e-04
 422.5000000000    1.7943186466e-04
 423.0000000000    1.7945050694e-04
 423.5000000000    1.7946911288e-04
 424.0000000000    1.7948761785e-04
 424.5000000000    1.7950594171e-04
 425.0000000000    1.7952400529e-04
 425.5000000000    1.7954174611e-04
 426.0000000000    1.7955913284e-04
 426.5000000000    1.7957617372e-04
 427.0000000000    1.7959291731e-04
 427.5000000000    1.7960944748e-04
 428.0000000000    1.7962587076e-04
 428.5000000000    1.7964229997e-04
 429.0000000000    1.7965883537e-04
 429.5000000000    1.7967554812e-04
 430.0000000000    1.7969246920e-04
 430.5000000000    1.7970958574e-04
 431.0000000000    1.7972684442e-04
 431.5000000000    1.7974416225e-04
 432.0000000000    1.7976144200e-04
 432.5000000000    1.7977858878e-04
 433.0000000000    1.7979552630e-04
 433.5000000000    1.7981220995e-04
 434.0000000000    1.7982863222e-04
 434.5000000000    1.7984482042e-04
 435.0000000000    1.7986082815e-04
 435.5000000000    1.7987672208e-04
 436.0000000000    1.7989256835e-04
 436.5000000000    1.7990842032e-04
 437.0000000000    1.7992430819e-04
 437.5000000000    1.7994023367e-04
 438.0000000000    1.7995616863e-04
 438.5000000000    1.7997206115e-04
 439.0000000000    1.7998784385e-04
 439.5000000000    1.8000344615e-04
 440.0000000000    1.8001880738e-04
 440.5000000000    1.8003388824e-04
 441.0000000000    1.8004867943e-04
 441.5000000000    1.8006320462e-04
 442.0000000000    1.8007752119e-04
 442.5000000000    1.8009171237e-04
 443.0000000000    1.8010587650e-04
 443.5000000000    1.8012011506e-04
 444.0000000000    1.8013451985e-04
 444.5000000000    1.8014916175e-04
 445.0000000000    1.8016408303e-04
 445.5000000000    1.8017929268e-04
 446.0000000000    1.8019476703e-04
 446.5000000000    1.8021045385e-04
 447.0000000000    1.8022628021e-04
 447.5000000000    1.8024216120e-04
 448.0000000000    1.8025801131e-04
 448.5000000000    1.8027375379e-04
 449.0000000000    1.8028932900e-04
 449.5000000000    1.8030469826e-04
 450.0000000000    1.8031985103e-04
 450.5000000000    1.8033480469e-04
 451.0000000000    1.8034959509e-04
 451.5000000000    1.8036426430e-04
 452.0000000000    1.8037885516e-04
 452.5000000000    1.8039340759e-04
 453.0000000000    1.8040794860e-04
 453.5000000000    1.8042248568e-04
 454.0000000000    1.8043701051e-04
 454.5000000000    1.8045150531e-04
 455.0000000000    1.8046594405e-04
 455.5000000000    1.8048030008e-04
 456.0000000000    1.8049455275e-04
 456.5000000000    1.8050868741e-04
 457.0000000000    1.8052269482e-04
 457.5000000000    1.8053657659e-04
 458.0000000000    1.8055034962e-04
 458.5000000000    1.8056404217e-04
 459.0000000000    1.8057768262e-04
 459.5000000000    1.8059129689e-04
 460.0000000000    1.8060490726e-04
 460.5000000000    1.8061852614e-04
 461.0000000000    1.8063215518e-04
 461.5000000000    1.8064578862e-04
 462.0000000000    1.8065941619e-04
 462.5000000000    1.8067302694e-04
 463.0000000000    1.8068661286e-04
 463.5000000000    1.8070016798e-04
 464.0000000000    1.8071368748e-04
 464.5000000000    1.8072717228e-04
 465.0000000000    1.8074062783e-04
 465.5000000000    1.8075405656e-04
 466.0000000000    1.8076745778e-04
 466.5000000000    1.8078083329e-04
 467.0000000000    1.8079418492e-04
 467.5000000000    1.8080751127e-04
 468.0000000000    1.8082080909e-04
 468.5000000000    1.8083407404e-04
 469.0000000000    1.8084730036e-04
 469.5000000000    1.8086048196e-04
 470.0000000000    1.8087361412e-04
 470.5000000000    1.8088669340e-04
 471.0000000000    1.8089971495e-04
 471.5000000000    1.8091267225e-04
 472.0000000000    1.8092555989e-04
 472.5000000000    1.8093837582e-04
 473.0000000000    1.8095112239e-04
 473.5000000000    1.8096380649e-04
 474.0000000000    1.8097643852e-04
 474.5000000000    1.8098903052e-04
 475.0000000000    1.8100159409e-04
 475.5000000000    1.8101413719e-04
 476.0000000000    1.8102666141e-04
 476.5000000000    1.8103916183e-04
 477.0000000000    1.8105162963e-04
 477.5000000000    1.8106405648e-04
 478.0000000000    1.8107643866e-04
 478.5000000000    1.8108877985e-04
 479.0000000000    1.8110109185e-04
 479.5000000000    1.8111339127e-04
 480.0000000000    1.8112569328e-04
 480.5000000000    1.8113800617e-04
 481.0000000000    1.8115032795e-04
 481.5000000000    1.8116264685e-04
 482.0000000000    1.8117494616e-04
 482.5000000000    1.8118721006e-04
 483.0000000000    1.8119943004e-04
 483.5000000000    1.8121160793e-04
 484.0000000000    1.8122375375e-04
 484.5000000000    1.8123587962e-04
 485.0000000000    1.8124799242e-04
 485.5000000000    1.8126008895e-04
 486.0000000000    1.8127215660e-04
 486.5000000000    1.8128417884e-04
 487.0000000000    1.8129614304e-04
 487.5000000000    1.8130804670e-04
 488.0000000000    1.8131989848e-04
 488.5000000000    1.8133171354e-04
 489.0000000000    1.8134350543e-04
 489.5000000000    1.8135527894e-04
 490.0000000000    1.8136702708e-04
 490.5000000000    1.8137873346e-04
 491.0000000000    1.8139037955e-04
 491.5000000000    1.8140195311e-04
 492.0000000000    1.8141345340e-04
 492.5000000000    1.8142489130e-04
 493.0000000000    1.8143628462e-04
 493.5000000000    1.8144765063e-04
 494.0000000000    1.8145899976e-04
 494.5000000000    1.8147033352e-04
 495.0000000000    1.8148164729e-04
 495.5000000000    1.8149293519e-04
 496.0000000000    1.8150419427e-04
 496.5000000000    1.8151542514e-04
 497.0000000000    1.8152662832e-04
 497.5000000000    1.8153779829e-04
 498.0000000000    1.8154891956e-04
 498.5000000000    1.8155996722e-04
 499.0000000000    1.8157091118e-04
 499.5000000000    1.8158172261e-04
 500.0000000000    1.8159237974e-04
 500.5000000000    1.8160287147e-04
 501.0000000000    1.8161319942e-04
 501.5000000000    1.8162338099e-04
 502.0000000000    1.8163345542e-04
 502.5000000000    1.8164349271e-04
 503.0000000000    1.8165360132e-04
 503.5000000000    1.8166393004e-04
 504.0000000000    1.8167465895e-04
 504.5000000000    1.8168597794e-04
 505.0000000000    1.8169805429e-04
 505.5000000000    1.8171099485e-04
 506.0000000000    1.8172480809e-04
 506.5000000000    1.8173937329e-04
 507.0000000000    1.8175442225e-04
 507.5000000000    1.8176953710e-04
 508.0000000000    1.8178416671e-04
 508.5000000000    1.8179766336e-04
 509.0000000000    1.8180933995e-04
 509.5000000000    1.8181854620e-04
 510.0000000000    1.8182475817e-04
 510.5000000000    1.8182767094e-04
 511.0000000000    1.8182727978e-04
 511.5000000000    1.8182393204e-04
 512.0000000000    1.8181833305e-04
 512.5000000000    1.8181149605e-04
 513.0000000000    1.8180463678e-04
 513.5000000000    1.8179902616e-04
 514.0000000000    1.8179582658e-04
 514.5000000000    1.8179594242e-04
 515.0000000000    1.8179991284e-04
 515.5000000000    1.8180786617e-04
 516.0000000000    1.8181954192e-04
 516.5000000000    1.8183436694e-04
 517.0000000000    1.8185157487e-04
 517.5000000000    1.8187033769e-04
 518.0000000000    1.8188988994e-04
 518.5000000000    1.8190962452e-04
 519.0000000000    1.8192914577e-04
 519.5000000000    1.8194827219e-04
 520.0000000000    1.8196699239e-04
 520.5000000000    1.8198538719e-04
 521.0000000000    1.8200354377e-04
 521.5000000000    1.8202148468e-04
 522.0000000000    1.8203913307e-04
 522.5000000000    1.8205632181e-04
 523.0000000000    1.8207283831e-04
 523.5000000000    1.8208848547e-04
 524.0000000000    1.8210313650e-04
 524.5000000000    1.8211676761e-04
 525.0000000000    1.8212946051e-04
 525.5000000000    1.8214138077e-04
 526.0000000000    1.8215273463e-04
 526.5000000000    1.8216372754e-04
 527.0000000000    1.8217452424e-04
 527.5000000000    1.8218522294e-04
 528.0000000000    1.8219584742e-04
 528.5000000000    1.8220636385e-04
 529.0000000000    1.8221670292e-04
 529.5000000000    1.8222678657e-04
 530.0000000000    1.8223656125e-04
 530.5000000000    1.8224601501e-04
 531.0000000000    1.8225517649e-04
 531.5000000000    1.8226410419e-04
 532.0000000000    1.8227287295e-04
 532.5000000000    1.8228156498e-04
 533.0000000000    1.8229025666e-04
 533.5000000000    1.8229901192e-04
 534.0000000000    1.8230788088e-04
 534.5000000000    1.8231689621e-04
 535.0000000000    1.8232607010e-04
 535.5000000000    1.8233539521e-04
 536.0000000000    1.8234484913e-04
 536.5000000000    1.8235440183e-04
 537.0000000000    1.8236402301e-04
 537.5000000000    1.8237368990e-04
 538.0000000000    1.8238339414e-04
 538.5000000000    1.8239315062e-04
 539.0000000000    1.8240300671e-04
 539.5000000000    1.8241304953e-04
 540.0000000000    1.8242340506e-04
 540.5000000000    1.8243422620e-04
 541.0000000000    1.8244566783e-04
 541.5000000000    1.8245784903e-04
 542.0000000000    1.8247080937e-04
 542.5000000000    1.8248447301e-04
 543.0000000000    1.8249862162e-04
 543.5000000000    1.8251287955e-04
 544.0000000000    1.8252672172e-04
 544.5000000000    1.8253950305e-04
 545.0000000000    1.8255052257e-04
 545.5000000000    1.8255911614e-04
 546.0000000000    1.8256476142e-04
 546.5000000000    1.8256719376e-04
 547.0000000000    1.8256651199e-04
 547.5000000000    1.8256325164e-04
 548.0000000000    1.8255841090e-04
 548.5000000000    1.8255341660e-04
 549.0000000000    1.8255002603e-04
 549.5000000000    1.8255016681e-04
 550.0000000000    1.8255572856e-04
 550.5000000000    1.8256832386e-04
 551.0000000000    1.8258904941e-04
 551.5000000000    1.8261828387e-04
 552.0000000000    1.8265556146e-04
 552.5000000000    1.8269955140e-04
 553.0000000000    1.8274816602e-04
 553.5000000000    1.8279877644e-04
 554.0000000000    1.8284851987e-04
 554.5000000000    1.8289463036e-04
 555.0000000000    1.8293476150e-04
 555.5000000000    1.8296724690e-04
 556.0000000000    1.8299125364e-04
 556.5000000000    1.8300681344e-04
 557.0000000000    1.8301472494e-04
 557.5000000000    1.8301634367e-04
 558.0000000000    1.8301330031e-04
 558.5000000000    1.8300719909e-04
 559.0000000000    1.8299936568e-04
 559.5000000000    1.8299069808e-04
 560.0000000000    1.8298164493e-04
 560.5000000000    1.8297230507e-04
 561.0000000000    1.8296260471e-04
 561.5000000000    1.8295249398e-04
 562.0000000000    1.8294210383e-04
 562.5000000000    1.8293181741e-04
 563.0000000000    1.8292224277e-04
 563.5000000000    1.8291410202e-04
 564.0000000000    1.8290807404e-04
 564.5000000000    1.8290463635e-04
 565.0000000000    1.8290395113e-04
 565.5000000000    1.8290582691e-04
 566.0000000000    1.8290976666e-04
 566.5000000000    1.8291508820e-04
 567.0000000000    1.8292109121e-04
 567.5000000000    1.8292722620e-04
 568.0000000000    1.8293320772e-04
 568.5000000000    1.8293905186e-04
 569.0000000000    1.8294503877e-04
 569.5000000000    1.8295161518e-04
 570.0000000000    1.8295926127e-04
 570.5000000000    1.8296836104e-04
 571.0000000000    1.8297912200e-04
 571.5000000000    1.8299153609e-04
 572.0000000000    1.8300537996e-04
 572.5000000000    1.8302025783e-04
 573.0000000000    1.8303566853e-04
 573.5000000000    1.8305107734e-04
 574.0000000000    1.8306598285e-04
 574.5000000000    1.8307997312e-04
 575.0000000000    1.8309276298e-04
 575.5000000000    1.8310420986e-04
 576.0000000000    1.8311431133e-04
 576.5000000000    1.8312318767e-04
 577.0000000000    1.8313105908e-04
 577.5000000000    1.8313820620e-04
 578.0000000000    1.8314492798e-04
 578.5000000000    1.8315150475e-04
 579.0000000000    1.8315815586e-04
 579.5000000000    1.8316501453e-04
 580.0000000000    1.8317211980e-04
 580.5000000000    1.8317942495e-04
 581.0000000000    1.8318682702e-04
 581.5000000000    1.8319420147e-04
 582.0000000000    1.8320143942e-04
 582.5000000000    1.8320847614e-04
 583.0000000000    1.8321530326e-04
 583.5000000000    1.8322196625e-04
 584.0000000000    1.8322855099e-04
 584.5000000000    1.8323515917e-04
 585.0000000000    1.8324188633e-04
 585.5000000000    1.8324880184e-04
 586.0000000000    1.8325594136e-04
 586.5000000000    1.8326330200e-04
 587.0000000000    1.8327085440e-04
 587.5000000000    1.8327854970e-04
 588.0000000000    1.8328633385e-04
 588.5000000000    1.8329415837e-04
 589.0000000000    1.8330198857e-04
 589.5000000000    1.8330980412e-04
 590.0000000000    1.8331759749e-04
 590.5000000000    1.8332537373e-04
 591.0000000000    1.8333314246e-04
 591.5000000000    1.8334091144e-04
 592.0000000000    1.8334869134e-04
 592.5000000000    1.8335649392e-04
 593.0000000000    1.8336432485e-04
 593.5000000000    1.8337218376e-04
 594.0000000000    1.8338007078e-04
 594.5000000000    1.8338798667e-04
 595.0000000000    1.8339592432e-04
 595.5000000000    1.8340387029e-04
 596.0000000000    1.8341181275e-04
 596.5000000000    1.8341973857e-04
 597.0000000000    1.8342763242e-04
 597.5000000000    1.8343548139e-04
 598.0000000000    1.8344327585e-04
 598.5000000000    1.8345100658e-04
 599.0000000000    1.8345866214e-04
 599.5000000000    1.8346622965e-04
 600.0000000000    1.8347369069e-04
 600.5000000000    1.8348102039e-04
 601.0000000000    1.8348818639e-04
 601.5000000000    1.8349515007e-04
 602.0000000000    1.8350186911e-04
 602.5000000000    1.8350829997e-04
 603.0000000000    1.8351440944e-04
 603.5000000000    1.8352017435e-04
 604.0000000000    1.8352558674e-04
 604.5000000000    1.8353065712e-04
 605.0000000000    1.8353541639e-04
 605.5000000000    1.8353991206e-04
 606.0000000000    1.8354421066e-04
 606.5000000000    1.8354839633e-04
 607.0000000000    1.8355256335e-04
 607.5000000000    1.8355681886e-04
 608.0000000000    1.8356127575e-04
 608.5000000000    1.8356604646e-04
 609.0000000000    1.8357123905e-04
 609.5000000000    1.8357694975e-04
 610.0000000000    1.8358325663e-04
 610.5000000000    1.8359021725e-04
 611.0000000000    1.8359786568e-04
 611.5000000000    1.8360620970e-04
 612.0000000000    1.8361523264e-04
 612.5000000000    1.8362489904e-04
 613.0000000000    1.8363515704e-04
 613.5000000000    1.8364594316e-04
 614.0000000000    1.8365719183e-04
 614.5000000000    1.8366883682e-04
 615.0000000000    1.8368081668e-04
 615.5000000000    1.8369307557e-04
 616.0000000000    1.8370555946e-04
 616.5000000000    1.8371821472e-04
 617.0000000000    1.8373098161e-04
 617.5000000000    1.8374379113e-04
 618.0000000000    1.8375655979e-04
 618.5000000000    1.8376918625e-04
 619.0000000000    1.8378154845e-04
 619.5000000000    1.8379350877e-04
 620.0000000000    1.8380491379e-04
 620.5000000000    1.8381560464e-04
 621.0000000000    1.8382542536e-04
 621.5000000000    1.8383423568e-04
 622.0000000000    1.8384192219e-04
 622.5000000000    1.8384841066e-04
 623.0000000000    1.8385367550e-04
 623.5000000000    1.8385774466e-04
 624.0000000000    1.8386070307e-04
 624.5000000000    1.8386269008e-04
 625.0000000000    1.8386389536e-04
 625.5000000000    1.8386454783e-04
 626.0000000000    1.8386490230e-04
 626.5000000000    1.8386522148e-04
 627.0000000000    1.8386575550e-04
 627.5000000000    1.8386672518e-04
 628.0000000000    1.8386831211e-04
 628.5000000000    1.8387064352e-04
 629.0000000000    1.8387378826e-04
 629.5000000000    1.8387776302e-04
 630.0000000000    1.8388253633e-04
 630.5000000000    1.8388803821e-04
 631.0000000000    1.8389417915e-04
 631.5000000000    1.8390086691e-04
 632.0000000000    1.8390801810e-04
 632.5000000000    1.8391557271e-04
 633.0000000000    1.8392349837e-04
 633.5000000000    1.8393179131e-04
 634.0000000000    1.8394046902e-04
 634.5000000000    1.8394955634e-04
 635.0000000000    1.8395907557e-04
 635.5000000000    1.8396903614e-04
 636.0000000000    1.8397941874e-04
 636.5000000000    1.8399016997e-04
 637.0000000000    1.8400120193e-04
 637.5000000000    1.8401239301e-04
 638.0000000000    1.8402359503e-04
 638.5000000000    1.8403464370e-04
 639.0000000000    1.8404537056e-04
 639.5000000000    1.8405561645e-04
 640.0000000000    1.8406524511e-04
 640.5000000000    1.8407415379e-04
 641.0000000000    1.8408228472e-04
 641.5000000000    1.8408963098e-04
 642.0000000000    1.8409623757e-04
 642.5000000000    1.8410220132e-04
 643.0000000000    1.8410766405e-04
 643.5000000000    1.8411279630e-04
 644.0000000000    1.8411778510e-04
 644.5000000000    1.8412281742e-04
 645.0000000000    1.8412806181e-04
 645.5000000000    1.8413365664e-04
 646.0000000000    1.8413970148e-04
 646.5000000000    1.8414625449e-04
 647.0000000000    1.8415333701e-04
 647.5000000000    1.8416094321e-04
 648.0000000000    1.8416905052e-04
 648.5000000000    1.8417762814e-04
 649.0000000000    1.8418665063e-04
 649.5000000000    1.8419609582e-04
 650.0000000000    1.8420594227e-04
 650.5000000000    1.8421616786e-04
 651.0000000000    1.8422673368e-04
 651.5000000000    1.8423757597e-04
 652.0000000000    1.8424859913e-04
 652.5000000000    1.8425966890e-04
 653.0000000000    1.8427061543e-04
 653.5000000000    1.8428123754e-04
 654.0000000000    1.8429131254e-04
 654.5000000000    1.8430061095e-04
 655.0000000000    1.8430890866e-04
 655.5000000000    1.8431600242e-04
 656.0000000000    1.8432172124e-04
 656.5000000000    1.8432593457e-04
 657.0000000000    1.8432856094e-04
 657.5000000000    1.8432956991e-04
 658.0000000000    1.8432898446e-04
 658.5000000000    1.8432688071e-04
 659.0000000000    1.8432338478e-04
 659.5000000000    1.8431867274e-04
 660.0000000000    1.8431296969e-04
 660.5000000000    1.8430654354e-04
 661.0000000000    1.8429970450e-04
 661.5000000000    1.8429279592e-04
 662.0000000000    1.8428618345e-04
 662.5000000000    1.8428024390e-04
 663.0000000000    1.8427534408e-04
 663.5000000000    1.8427182378e-04
 664.0000000000    1.8426997914e-04
 664.5000000000    1.8427004283e-04
 665.0000000000    1.8427217363e-04
 665.5000000000    1.8427644928e-04
 666.0000000000    1.8428286333e-04
 666.5000000000    1.8429133250e-04
 667.0000000000    1.8430170848e-04
 667.5000000000    1.8431379167e-04
 668.0000000000    1.8432734808e-04
 668.5000000000    1.8434212590e-04
 669.0000000000    1.8435786955e-04
 669.5000000000    1.8437433027e-04
 670.0000000000    1.8439127010e-04
 670.5000000000    1.8440846190e-04
 671.0000000000    1.8442568288e-04
 671.5000000000    1.8444270600e-04
 672.0000000000    1.8445929086e-04
 672.5000000000    1.8447517646e-04
 673.0000000000    1.8449007669e-04
 673.5000000000    1.8450368322e-04
 674.0000000000    1.8451567485e-04
 674.5000000000    1.8452573371e-04
 675.0000000000    1.8453356979e-04
 675.5000000000    1.8453894284e-04
 676.0000000000    1.8454168865e-04
 676.5000000000    1.8454174437e-04
 677.0000000000    1.8453916096e-04
 677.5000000000    1.8453411031e-04
 678.0000000000    1.8452688509e-04
 678.5000000000    1.8451788241e-04
 679.0000000000    1.8450757745e-04
 679.5000000000    1.8449649423e-04
 680.0000000000    1.8448516762e-04
 680.5000000000    1.8447410306e-04
 681.0000000000    1.8446374123e-04
 681.5000000000    1.8445442752e-04
 682.0000000000    1.8444639205e-04
 682.5000000000    1.8443974157e-04
 683.0000000000    1.8443446148e-04
 683.5000000000    1.8443043037e-04
 684.0000000000    1.8442744542e-04
 684.5000000000    1.8442525136e-04
 685.0000000000    1.8442357434e-04
 685.5000000000    1.8442215605e-04
 686.0000000000    1.8442078111e-04
 686.5000000000    1.8441930081e-04
 687.0000000000    1.8441764747e-04
 687.5000000000    1.8441583897e-04
 688.0000000000    1.8441397476e-04
 688.5000000000    1.8441222399e-04
 689.0000000000    1.8441080893e-04
 689.5000000000    1.8440998509e-04
 690.0000000000    1.8441001855e-04
 690.5000000000    1.8441116387e-04
 691.0000000000    1.8441364475e-04
 691.5000000000    1.8441763947e-04
 692.0000000000    1.8442327325e-04
 692.5000000000    1.8443061893e-04
 693.0000000000    1.8443970543e-04
 693.5000000000    1.8445053088e-04
 694.0000000000    1.8446307990e-04
 694.5000000000    1.8447734082e-04
 695.0000000000    1.8449332092e-04
 695.5000000000    1.8451105667e-04
 696.0000000000    1.8453061637e-04
 696.5000000000    1.8455209232e-04
 697.0000000000    1.8457558321e-04
 697.5000000000    1.8460116587e-04
 698.0000000000    1.8462885971e-04
 698.5000000000    1.8465859283e-04
 699.0000000000    1.8469016942e-04
 699.5000000000    1.8472324865e-04
 700.0000000000    1.8475733697e-04
