#          time               M_ADM
   0.0000000000    2.1596590740e-02
   0.5000000000    2.1596293492e-02
   1.0000000000    2.1595955604e-02
   1.5000000000    2.1595578059e-02
   2.0000000000    2.1595161332e-02
   2.5000000000    2.1594705950e-02
   3.0000000000    2.1594212792e-02
   3.5000000000    2.1593683275e-02
   4.0000000000    2.1593119275e-02
   4.5000000000    2.1592522292e-02
   5.0000000000    2.1591893551e-02
   5.5000000000    2.1591233938e-02
   6.0000000000    2.1590544594e-02
   6.5000000000    2.1589826650e-02
   7.0000000000    2.1589082125e-02
   7.5000000000    2.1588312751e-02
   8.0000000000    2.1587520078e-02
   8.5000000000    2.1586705286e-02
   9.0000000000    2.1585868911e-02
   9.5000000000    2.1585011883e-02
  10.0000000000    2.1584135572e-02
  10.5000000000    2.1583241503e-02
  11.0000000000    2.1582330938e-02
  11.5000000000    2.1581404833e-02
  12.0000000000    2.1580463213e-02
  12.5000000000    2.1579506264e-02
  13.0000000000    2.1578534587e-02
  13.5000000000    2.1577549194e-02
  14.0000000000    2.1576551069e-02
  14.5000000000    2.1575540815e-02
  15.0000000000    2.1574518102e-02
  15.5000000000    2.1573482671e-02
  16.0000000000    2.1572434741e-02
  16.5000000000    2.1571374699e-02
  17.0000000000    2.1570303461e-02
  17.5000000000    2.1569221495e-02
  18.0000000000    2.1568128994e-02
  18.5000000000    2.1567025432e-02
  19.0000000000    2.1565910537e-02
  19.5000000000    2.1564784613e-02
  20.0000000000    2.1563648457e-02
  20.5000000000    2.1562502854e-02
  21.0000000000    2.1561348071e-02
  21.5000000000    2.1560183815e-02
  22.0000000000    2.1559009739e-02
  22.5000000000    2.1557825035e-02
  23.0000000000    2.1556632601e-02
  23.5000000000    2.1555432680e-02
  24.0000000000    2.1554223432e-02
  24.5000000000    2.1553005260e-02
  25.0000000000    2.1551779711e-02
  25.5000000000    2.1550546727e-02
  26.0000000000    2.1549305791e-02
  26.5000000000    2.1548058249e-02
  27.0000000000    2.1546810992e-02
  27.5000000000    2.1545541497e-02
  28.0000000000    2.1544276630e-02
  28.5000000000    2.1543007534e-02
  29.0000000000    2.1541729456e-02
  29.5000000000    2.1540445307e-02
  30.0000000000    2.1539156518e-02
  30.5000000000    2.1537861822e-02
  31.0000000000    2.1536561225e-02
  31.5000000000    2.1535256339e-02
  32.0000000000    2.1533945766e-02
  32.5000000000    2.1532628430e-02
  33.0000000000    2.1531317639e-02
  33.5000000000    2.1530002430e-02
  34.0000000000    2.1528675293e-02
  34.5000000000    2.1527343155e-02
  35.0000000000    2.1526012187e-02
  35.5000000000    2.1524679873e-02
  36.0000000000    2.1523344391e-02
  36.5000000000    2.1522007981e-02
  37.0000000000    2.1520671731e-02
  37.5000000000    2.1519333426e-02
  38.0000000000    2.1517988116e-02
  38.5000000000    2.1516638885e-02
  39.0000000000    2.1515291277e-02
  39.5000000000    2.1513944470e-02
  40.0000000000    2.1512575871e-02
  40.5000000000    2.1511204119e-02
  41.0000000000    2.1509849718e-02
  41.5000000000    2.1508489681e-02
  42.0000000000    2.1507121732e-02
  42.5000000000    2.1505749800e-02
  43.0000000000    2.1504373569e-02
  43.5000000000    2.1502989780e-02
  44.0000000000    2.1501598729e-02
  44.5000000000    2.1500202801e-02
  45.0000000000    2.1498803156e-02
  45.5000000000    2.1497397869e-02
  46.0000000000    2.1495985557e-02
  46.5000000000    2.1494567198e-02
  47.0000000000    2.1493145615e-02
  47.5000000000    2.1491716782e-02
  48.0000000000    2.1490278322e-02
  48.5000000000    2.1488830044e-02
  49.0000000000    2.1487373214e-02
  49.5000000000    2.1485909233e-02
  50.0000000000    2.1484438084e-02
  50.5000000000    2.1482957821e-02
  51.0000000000    2.1481467316e-02
  51.5000000000    2.1479969065e-02
  52.0000000000    2.1478464468e-02
  52.5000000000    2.1476955465e-02
  53.0000000000    2.1475443879e-02
  53.5000000000    2.1473929235e-02
  54.0000000000    2.1472410159e-02
  54.5000000000    2.1470889341e-02
  55.0000000000    2.1469370833e-02
  55.5000000000    2.1467855969e-02
  56.0000000000    2.1466347271e-02
  56.5000000000    2.1464847905e-02
  57.0000000000    2.1463356055e-02
  57.5000000000    2.1461869352e-02
  58.0000000000    2.1460390272e-02
  58.5000000000    2.1458921012e-02
  59.0000000000    2.1457463172e-02
  59.5000000000    2.1456016693e-02
  60.0000000000    2.1454582920e-02
  60.5000000000    2.1453162691e-02
  61.0000000000    2.1451755591e-02
  61.5000000000    2.1450360625e-02
  62.0000000000    2.1448978195e-02
  62.5000000000    2.1447609349e-02
  63.0000000000    2.1446253484e-02
  63.5000000000    2.1444909001e-02
  64.0000000000    2.1443574761e-02
  64.5000000000    2.1442249656e-02
  65.0000000000    2.1440934406e-02
  65.5000000000    2.1439629759e-02
  66.0000000000    2.1438335249e-02
  66.5000000000    2.1437049068e-02
  67.0000000000    2.1435770231e-02
  67.5000000000    2.1434499415e-02
  68.0000000000    2.1433235996e-02
  68.5000000000    2.1431980899e-02
  69.0000000000    2.1430733730e-02
  69.5000000000    2.1429493591e-02
  70.0000000000    2.1428260040e-02
  70.5000000000    2.1427033285e-02
  71.0000000000    2.1425813506e-02
  71.5000000000    2.1424601015e-02
  72.0000000000    2.1423396256e-02
  72.5000000000    2.1422198933e-02
  73.0000000000    2.1421008200e-02
  73.5000000000    2.1419823379e-02
  74.0000000000    2.1418644496e-02
  74.5000000000    2.1417472301e-02
  75.0000000000    2.1416307483e-02
  75.5000000000    2.1415150640e-02
  76.0000000000    2.1414001465e-02
  76.5000000000    2.1412859072e-02
  77.0000000000    2.1411723034e-02
  77.5000000000    2.1410593315e-02
  78.0000000000    2.1409470912e-02
  78.5000000000    2.1408356424e-02
  79.0000000000    2.1407249644e-02
  79.5000000000    2.1406150186e-02
  80.0000000000    2.1405057528e-02
  80.5000000000    2.1403971965e-02
  81.0000000000    2.1402893761e-02
  81.5000000000    2.1401823775e-02
  82.0000000000    2.1400762487e-02
  82.5000000000    2.1399708855e-02
  83.0000000000    2.1398662227e-02
  83.5000000000    2.1397622879e-02
  84.0000000000    2.1396591203e-02
  84.5000000000    2.1395568060e-02
  85.0000000000    2.1394553913e-02
  85.5000000000    2.1393548128e-02
  86.0000000000    2.1392550093e-02
  86.5000000000    2.1391560011e-02
  87.0000000000    2.1390577558e-02
  87.5000000000    2.1389603955e-02
  88.0000000000    2.1388639773e-02
  88.5000000000    2.1387684673e-02
  89.0000000000    2.1386738053e-02
  89.5000000000    2.1385799442e-02
  90.0000000000    2.1384868828e-02
  90.5000000000    2.1383946984e-02
  91.0000000000    2.1383034983e-02
  91.5000000000    2.1382132441e-02
  92.0000000000    2.1381239339e-02
  92.5000000000    2.1380354658e-02
  93.0000000000    2.1379478794e-02
  93.5000000000    2.1378611298e-02
  94.0000000000    2.1377753143e-02
  94.5000000000    2.1376905199e-02
  95.0000000000    2.1376066823e-02
  95.5000000000    2.1375237605e-02
  96.0000000000    2.1374417710e-02
  96.5000000000    2.1373606304e-02
  97.0000000000    2.1372804880e-02
  97.5000000000    2.1372012822e-02
  98.0000000000    2.1371231640e-02
  98.5000000000    2.1370460048e-02
  99.0000000000    2.1369697666e-02
  99.5000000000    2.1368944323e-02
 100.0000000000    2.1368200493e-02
 100.5000000000    2.1367466719e-02
 101.0000000000    2.1366743459e-02
 101.5000000000    2.1366030307e-02
 102.0000000000    2.1365327133e-02
 102.5000000000    2.1364633426e-02
 103.0000000000    2.1363949029e-02
 103.5000000000    2.1363274720e-02
 104.0000000000    2.1362610819e-02
 104.5000000000    2.1361958070e-02
 105.0000000000    2.1361314980e-02
 105.5000000000    2.1360681814e-02
 106.0000000000    2.1360058584e-02
 106.5000000000    2.1359444908e-02
 107.0000000000    2.1358841807e-02
 107.5000000000    2.1358249948e-02
 108.0000000000    2.1357668822e-02
 108.5000000000    2.1357097531e-02
 109.0000000000    2.1356536211e-02
 109.5000000000    2.1355984728e-02
 110.0000000000    2.1355443686e-02
 110.5000000000    2.1354914077e-02
 111.0000000000    2.1354395793e-02
 111.5000000000    2.1353886467e-02
 112.0000000000    2.1353388984e-02
 112.5000000000    2.1352901079e-02
 113.0000000000    2.1352423429e-02
 113.5000000000    2.1351956711e-02
 114.0000000000    2.1351501386e-02
 114.5000000000    2.1351057130e-02
 115.0000000000    2.1350623411e-02
 115.5000000000    2.1350199772e-02
 116.0000000000    2.1349786488e-02
 116.5000000000    2.1349384452e-02
 117.0000000000    2.1348994396e-02
 117.5000000000    2.1348613999e-02
 118.0000000000    2.1348245568e-02
 118.5000000000    2.1347888575e-02
 119.0000000000    2.1347540379e-02
 119.5000000000    2.1347203272e-02
 120.0000000000    2.1346878166e-02
 120.5000000000    2.1346565069e-02
 121.0000000000    2.1346262604e-02
 121.5000000000    2.1345971004e-02
 122.0000000000    2.1345689961e-02
 122.5000000000    2.1345419816e-02
 123.0000000000    2.1345161115e-02
 123.5000000000    2.1344914215e-02
 124.0000000000    2.1344678918e-02
 124.5000000000    2.1344454734e-02
 125.0000000000    2.1344241294e-02
 125.5000000000    2.1344039005e-02
 126.0000000000    2.1343847803e-02
 126.5000000000    2.1343668538e-02
 127.0000000000    2.1343501148e-02
 127.5000000000    2.1343345290e-02
 128.0000000000    2.1343200374e-02
 128.5000000000    2.1343066576e-02
 129.0000000000    2.1342944305e-02
 129.5000000000    2.1342833777e-02
 130.0000000000    2.1342735565e-02
 130.5000000000    2.1342649060e-02
 131.0000000000    2.1342573864e-02
 131.5000000000    2.1342509863e-02
 132.0000000000    2.1342457205e-02
 132.5000000000    2.1342416507e-02
 133.0000000000    2.1342388026e-02
 133.5000000000    2.1342371843e-02
 134.0000000000    2.1342367302e-02
 134.5000000000    2.1342374322e-02
 135.0000000000    2.1342392964e-02
 135.5000000000    2.1342423211e-02
 136.0000000000    2.1342465517e-02
 136.5000000000    2.1342520476e-02
 137.0000000000    2.1342587623e-02
 137.5000000000    2.1342666561e-02
 138.0000000000    2.1342756962e-02
 138.5000000000    2.1342859265e-02
 139.0000000000    2.1342973878e-02
 139.5000000000    2.1343100997e-02
 140.0000000000    2.1343240695e-02
 140.5000000000    2.1343392794e-02
 141.0000000000    2.1343556727e-02
 141.5000000000    2.1343732406e-02
 142.0000000000    2.1343920404e-02
 142.5000000000    2.1344120976e-02
 143.0000000000    2.1344334042e-02
 143.5000000000    2.1344559674e-02
 144.0000000000    2.1344798202e-02
 144.5000000000    2.1345048821e-02
 145.0000000000    2.1345311686e-02
 145.5000000000    2.1345587301e-02
 146.0000000000    2.1345875742e-02
 146.5000000000    2.1346176972e-02
 147.0000000000    2.1346490854e-02
 147.5000000000    2.1346817122e-02
 148.0000000000    2.1347155882e-02
 148.5000000000    2.1347507613e-02
 149.0000000000    2.1347872539e-02
 149.5000000000    2.1348250968e-02
 150.0000000000    2.1348642545e-02
 150.5000000000    2.1349046335e-02
 151.0000000000    2.1349462502e-02
 151.5000000000    2.1349891689e-02
 152.0000000000    2.1350334089e-02
 152.5000000000    2.1350789965e-02
 153.0000000000    2.1351259884e-02
 153.5000000000    2.1351743330e-02
 154.0000000000    2.1352239455e-02
 154.5000000000    2.1352748414e-02
 155.0000000000    2.1353270766e-02
 155.5000000000    2.1353806606e-02
 156.0000000000    2.1354356024e-02
 156.5000000000    2.1354919047e-02
 157.0000000000    2.1355495635e-02
 157.5000000000    2.1356085668e-02
 158.0000000000    2.1356689448e-02
 158.5000000000    2.1357307277e-02
 159.0000000000    2.1357939207e-02
 159.5000000000    2.1358585045e-02
 160.0000000000    2.1359244575e-02
 160.5000000000    2.1359917686e-02
 161.0000000000    2.1360604693e-02
 161.5000000000    2.1361305939e-02
 162.0000000000    2.1362021612e-02
 162.5000000000    2.1362751309e-02
 163.0000000000    2.1363495605e-02
 163.5000000000    2.1364254114e-02
 164.0000000000    2.1365026886e-02
 164.5000000000    2.1365814156e-02
 165.0000000000    2.1366616265e-02
 165.5000000000    2.1367432949e-02
 166.0000000000    2.1368264391e-02
 166.5000000000    2.1369110212e-02
 167.0000000000    2.1369970643e-02
 167.5000000000    2.1370845847e-02
 168.0000000000    2.1371736223e-02
 168.5000000000    2.1372641998e-02
 169.0000000000    2.1373563005e-02
 169.5000000000    2.1374498866e-02
 170.0000000000    2.1375449435e-02
 170.5000000000    2.1376415035e-02
 171.0000000000    2.1377395960e-02
 171.5000000000    2.1378392320e-02
 172.0000000000    2.1379404487e-02
 172.5000000000    2.1380432401e-02
 173.0000000000    2.1381475693e-02
 173.5000000000    2.1382534274e-02
 174.0000000000    2.1383608429e-02
 174.5000000000    2.1384698436e-02
 175.0000000000    2.1385804394e-02
 175.5000000000    2.1386926322e-02
 176.0000000000    2.1388064013e-02
 176.5000000000    2.1389217396e-02
 177.0000000000    2.1390386590e-02
 177.5000000000    2.1391571977e-02
 178.0000000000    2.1392773724e-02
 178.5000000000    2.1393991879e-02
 179.0000000000    2.1395226351e-02
 179.5000000000    2.1396476996e-02
 180.0000000000    2.1397743762e-02
 180.5000000000    2.1399026879e-02
 181.0000000000    2.1400326362e-02
 181.5000000000    2.1401642927e-02
 182.0000000000    2.1402976211e-02
 182.5000000000    2.1404326255e-02
 183.0000000000    2.1405693108e-02
 183.5000000000    2.1407076979e-02
 184.0000000000    2.1408478224e-02
 184.5000000000    2.1409897215e-02
 185.0000000000    2.1411334093e-02
 185.5000000000    2.1412788782e-02
 186.0000000000    2.1414261391e-02
 186.5000000000    2.1415752008e-02
 187.0000000000    2.1417261064e-02
 187.5000000000    2.1418788852e-02
 188.0000000000    2.1420335561e-02
 188.5000000000    2.1421901014e-02
 189.0000000000    2.1423485181e-02
 189.5000000000    2.1425087960e-02
 190.0000000000    2.1426709443e-02
 190.5000000000    2.1428349846e-02
 191.0000000000    2.1430009684e-02
 191.5000000000    2.1431688736e-02
 192.0000000000    2.1433387057e-02
 192.5000000000    2.1435104610e-02
 193.0000000000    2.1436841447e-02
 193.5000000000    2.1438597845e-02
 194.0000000000    2.1440374142e-02
 194.5000000000    2.1442170406e-02
 195.0000000000    2.1443986633e-02
 195.5000000000    2.1445822866e-02
 196.0000000000    2.1447678960e-02
 196.5000000000    2.1449555226e-02
 197.0000000000    2.1451451983e-02
 197.5000000000    2.1453369454e-02
 198.0000000000    2.1455307490e-02
 198.5000000000    2.1457266199e-02
 199.0000000000    2.1459245542e-02
 199.5000000000    2.1461245430e-02
 200.0000000000    2.1463266353e-02
 200.5000000000    2.1465308603e-02
 201.0000000000    2.1467372121e-02
 201.5000000000    2.1469456982e-02
 202.0000000000    2.1471563057e-02
 202.5000000000    2.1473690390e-02
 203.0000000000    2.1475839212e-02
 203.5000000000    2.1478009796e-02
 204.0000000000    2.1480202326e-02
 204.5000000000    2.1482416859e-02
 205.0000000000    2.1484653346e-02
 205.5000000000    2.1486911702e-02
 206.0000000000    2.1489192200e-02
 206.5000000000    2.1491495072e-02
 207.0000000000    2.1493820549e-02
 207.5000000000    2.1496168764e-02
 208.0000000000    2.1498539753e-02
 208.5000000000    2.1500933434e-02
 209.0000000000    2.1503349794e-02
 209.5000000000    2.1505789274e-02
 210.0000000000    2.1508251992e-02
 210.5000000000    2.1510738220e-02
 211.0000000000    2.1513247975e-02
 211.5000000000    2.1515781237e-02
 212.0000000000    2.1518338013e-02
 212.5000000000    2.1520918457e-02
 213.0000000000    2.1523522828e-02
 213.5000000000    2.1526151372e-02
 214.0000000000    2.1528804205e-02
 214.5000000000    2.1531481326e-02
 215.0000000000    2.1534182667e-02
 215.5000000000    2.1536908408e-02
 216.0000000000    2.1539658713e-02
 216.5000000000    2.1542433845e-02
 217.0000000000    2.1545233985e-02
 217.5000000000    2.1548059019e-02
 218.0000000000    2.1550909157e-02
 218.5000000000    2.1553784459e-02
 219.0000000000    2.1556684974e-02
 219.5000000000    2.1559610900e-02
 220.0000000000    2.1562562580e-02
 220.5000000000    2.1565540062e-02
 221.0000000000    2.1568543353e-02
 221.5000000000    2.1571572447e-02
 222.0000000000    2.1574627435e-02
 222.5000000000    2.1577708526e-02
 223.0000000000    2.1580815975e-02
 223.5000000000    2.1583949960e-02
 224.0000000000    2.1587110471e-02
 224.5000000000    2.1590297608e-02
 225.0000000000    2.1593511369e-02
 225.5000000000    2.1596751905e-02
 226.0000000000    2.1600019471e-02
 226.5000000000    2.1603314286e-02
 227.0000000000    2.1606636366e-02
 227.5000000000    2.1609985934e-02
 228.0000000000    2.1613362907e-02
 228.5000000000    2.1616767341e-02
 229.0000000000    2.1620199560e-02
 229.5000000000    2.1623659762e-02
 230.0000000000    2.1627148127e-02
 230.5000000000    2.1630664736e-02
 231.0000000000    2.1634209616e-02
 231.5000000000    2.1637782834e-02
 232.0000000000    2.1641384566e-02
 232.5000000000    2.1645015078e-02
 233.0000000000    2.1648674558e-02
 233.5000000000    2.1652363261e-02
 234.0000000000    2.1656081206e-02
 234.5000000000    2.1659828461e-02
 235.0000000000    2.1663605008e-02
 235.5000000000    2.1667411532e-02
 236.0000000000    2.1671247875e-02
 236.5000000000    2.1675114558e-02
 237.0000000000    2.1679011621e-02
 237.5000000000    2.1682939113e-02
 238.0000000000    2.1686897284e-02
 238.5000000000    2.1690886333e-02
 239.0000000000    2.1694906587e-02
 239.5000000000    2.1698958363e-02
 240.0000000000    2.1703041892e-02
 240.5000000000    2.1707157340e-02
 241.0000000000    2.1711304887e-02
 241.5000000000    2.1715484790e-02
 242.0000000000    2.1719697359e-02
 242.5000000000    2.1723943094e-02
 243.0000000000    2.1728222294e-02
 243.5000000000    2.1732535223e-02
 244.0000000000    2.1736882131e-02
 244.5000000000    2.1741263227e-02
 245.0000000000    2.1745679117e-02
 245.5000000000    2.1750130184e-02
 246.0000000000    2.1754616912e-02
 246.5000000000    2.1759139667e-02
 247.0000000000    2.1763698913e-02
 247.5000000000    2.1768294994e-02
 248.0000000000    2.1772928397e-02
 248.5000000000    2.1777599705e-02
 249.0000000000    2.1782309552e-02
 249.5000000000    2.1787058538e-02
 250.0000000000    2.1791847210e-02
 250.5000000000    2.1796676112e-02
 251.0000000000    2.1801545819e-02
 251.5000000000    2.1806457154e-02
 252.0000000000    2.1811410876e-02
 252.5000000000    2.1816407808e-02
 253.0000000000    2.1821448469e-02
 253.5000000000    2.1826534141e-02
 254.0000000000    2.1831665389e-02
 254.5000000000    2.1836843140e-02
 255.0000000000    2.1842068429e-02
 255.5000000000    2.1847342305e-02
 256.0000000000    2.1852665939e-02
 256.5000000000    2.1858040335e-02
 257.0000000000    2.1863466583e-02
 257.5000000000    2.1868945873e-02
 258.0000000000    2.1874479536e-02
 258.5000000000    2.1880069009e-02
 259.0000000000    2.1885715652e-02
 259.5000000000    2.1891421161e-02
 260.0000000000    2.1897186881e-02
 260.5000000000    2.1903014213e-02
 261.0000000000    2.1908904966e-02
 261.5000000000    2.1914860912e-02
 262.0000000000    2.1920884148e-02
 262.5000000000    2.1926976547e-02
 263.0000000000    2.1933140129e-02
 263.5000000000    2.1939376957e-02
 264.0000000000    2.1945689208e-02
 264.5000000000    2.1952079238e-02
 265.0000000000    2.1958549504e-02
 265.5000000000    2.1965102669e-02
 266.0000000000    2.1971741305e-02
 266.5000000000    2.1978468092e-02
 267.0000000000    2.1985285899e-02
 267.5000000000    2.1992197801e-02
 268.0000000000    2.1999207044e-02
 268.5000000000    2.2006316802e-02
 269.0000000000    2.2013530855e-02
 269.5000000000    2.2020852501e-02
 270.0000000000    2.2028285395e-02
 270.5000000000    2.2035833583e-02
 271.0000000000    2.2043501122e-02
 271.5000000000    2.2051292328e-02
 272.0000000000    2.2059211656e-02
 272.5000000000    2.2067263670e-02
 273.0000000000    2.2075453065e-02
 273.5000000000    2.2083784800e-02
 274.0000000000    2.2092264079e-02
 274.5000000000    2.2100896488e-02
 275.0000000000    2.2109687662e-02
 275.5000000000    2.2118643471e-02
 276.0000000000    2.2127769916e-02
 276.5000000000    2.2137073251e-02
 277.0000000000    2.2146560067e-02
 277.5000000000    2.2156237312e-02
 278.0000000000    2.2166112183e-02
 278.5000000000    2.2176192015e-02
 279.0000000000    2.2186484558e-02
 279.5000000000    2.2196997679e-02
 280.0000000000    2.2207739571e-02
 280.5000000000    2.2218718873e-02
 281.0000000000    2.2229944605e-02
 281.5000000000    2.2241426074e-02
 282.0000000000    2.2253172829e-02
 282.5000000000    2.2265194705e-02
 283.0000000000    2.2277501991e-02
 283.5000000000    2.2290105195e-02
 284.0000000000    2.2303015456e-02
 284.5000000000    2.2316244617e-02
 285.0000000000    2.2329804365e-02
 285.5000000000    2.2343706865e-02
 286.0000000000    2.2357964675e-02
 286.5000000000    2.2372590877e-02
 287.0000000000    2.2387599121e-02
 287.5000000000    2.2403003492e-02
 288.0000000000    2.2418818703e-02
 288.5000000000    2.2435059553e-02
 289.0000000000    2.2451741425e-02
 289.5000000000    2.2468880131e-02
 290.0000000000    2.2486492162e-02
 290.5000000000    2.2504594653e-02
 291.0000000000    2.2523205240e-02
 291.5000000000    2.2542342005e-02
 292.0000000000    2.2562023443e-02
 292.5000000000    2.2582268556e-02
 293.0000000000    2.2603097013e-02
 293.5000000000    2.2624529222e-02
 294.0000000000    2.2646586341e-02
 294.5000000000    2.2669289947e-02
 295.0000000000    2.2692662096e-02
 295.5000000000    2.2716725445e-02
 296.0000000000    2.2741502983e-02
 296.5000000000    2.2767018751e-02
 297.0000000000    2.2793297670e-02
 297.5000000000    2.2820365111e-02
 298.0000000000    2.2848247014e-02
 298.5000000000    2.2876969840e-02
 299.0000000000    2.2906560445e-02
 299.5000000000    2.2937046569e-02
 300.0000000000    2.2968457103e-02
 300.5000000000    2.3000821293e-02
 301.0000000000    2.3034169125e-02
 301.5000000000    2.3068531039e-02
 302.0000000000    2.3103937964e-02
 302.5000000000    2.3140421498e-02
 303.0000000000    2.3178014075e-02
 303.5000000000    2.3216748972e-02
 304.0000000000    2.3256660142e-02
 304.5000000000    2.3297781976e-02
 305.0000000000    2.3340149334e-02
 305.5000000000    2.3383797420e-02
 306.0000000000    2.3428762325e-02
 306.5000000000    2.3475080780e-02
 307.0000000000    2.3522790297e-02
 307.5000000000    2.3571928852e-02
 308.0000000000    2.3622534793e-02
 308.5000000000    2.3674646564e-02
 309.0000000000    2.3728303351e-02
 309.5000000000    2.3783544483e-02
 310.0000000000    2.3840410287e-02
 310.5000000000    2.3898941514e-02
 311.0000000000    2.3959179149e-02
 311.5000000000    2.4021164125e-02
 312.0000000000    2.4084937473e-02
 312.5000000000    2.4150540482e-02
 313.0000000000    2.4218014858e-02
 313.5000000000    2.4287402667e-02
 314.0000000000    2.4358746061e-02
 314.5000000000    2.4432086976e-02
 315.0000000000    2.4507467002e-02
 315.5000000000    2.4584927390e-02
 316.0000000000    2.4664509709e-02
 316.5000000000    2.4746255186e-02
 317.0000000000    2.4830205233e-02
 317.5000000000    2.4916400601e-02
 318.0000000000    2.5004881464e-02
 318.5000000000    2.5095686803e-02
 319.0000000000    2.5188855313e-02
 319.5000000000    2.5284425084e-02
 320.0000000000    2.5382433694e-02
 320.5000000000    2.5482917944e-02
 321.0000000000    2.5585913456e-02
 321.5000000000    2.5691454388e-02
 322.0000000000    2.5799573456e-02
 322.5000000000    2.5910302116e-02
 323.0000000000    2.6023670671e-02
 323.5000000000    2.6139708148e-02
 324.0000000000    2.6258442017e-02
 324.5000000000    2.6379897481e-02
 325.0000000000    2.6504097852e-02
 325.5000000000    2.6631063824e-02
 326.0000000000    2.6760813939e-02
 326.5000000000    2.6893365209e-02
 327.0000000000    2.7028732150e-02
 327.5000000000    2.7166926620e-02
 328.0000000000    2.7307957432e-02
 328.5000000000    2.7451829980e-02
 329.0000000000    2.7598546441e-02
 329.5000000000    2.7748106129e-02
 330.0000000000    2.7900505288e-02
 330.5000000000    2.8055736809e-02
 331.0000000000    2.8213789706e-02
 331.5000000000    2.8374648721e-02
 332.0000000000    2.8538294204e-02
 332.5000000000    2.8704702314e-02
 333.0000000000    2.8873845092e-02
 333.5000000000    2.9045690449e-02
 334.0000000000    2.9220201790e-02
 334.5000000000    2.9397337360e-02
 335.0000000000    2.9577050232e-02
 335.5000000000    2.9759287676e-02
 336.0000000000    2.9943991727e-02
 336.5000000000    3.0131099438e-02
 337.0000000000    3.0320542497e-02
 337.5000000000    3.0512246896e-02
 338.0000000000    3.0706132311e-02
 338.5000000000    3.0902111734e-02
 339.0000000000    3.1100091496e-02
 339.5000000000    3.1299971635e-02
 340.0000000000    3.1501646036e-02
 340.5000000000    3.1705002197e-02
 341.0000000000    3.1909920716e-02
 341.5000000000    3.2116274693e-02
 342.0000000000    3.2323929589e-02
 342.5000000000    3.2532743305e-02
 343.0000000000    3.2742566748e-02
 343.5000000000    3.2953244096e-02
 344.0000000000    3.3164612560e-02
 344.5000000000    3.3376501861e-02
 345.0000000000    3.3588733794e-02
 345.5000000000    3.3801122228e-02
 346.0000000000    3.4013473630e-02
 346.5000000000    3.4225587779e-02
 347.0000000000    3.4437258053e-02
 347.5000000000    3.4648271258e-02
 348.0000000000    3.4858407107e-02
 348.5000000000    3.5067438027e-02
 349.0000000000    3.5275129358e-02
 349.5000000000    3.5481240230e-02
 350.0000000000    3.5685524504e-02
 350.5000000000    3.5887731112e-02
 351.0000000000    3.6087603910e-02
 351.5000000000    3.6284881244e-02
 352.0000000000    3.6479296018e-02
 352.5000000000    3.6670576556e-02
 353.0000000000    3.6858447594e-02
 353.5000000000    3.7042631489e-02
 354.0000000000    3.7222848798e-02
 354.5000000000    3.7398818188e-02
 355.0000000000    3.7570255943e-02
 355.5000000000    3.7736876688e-02
 356.0000000000    3.7898394843e-02
 356.5000000000    3.8054525764e-02
 357.0000000000    3.8204987132e-02
 357.5000000000    3.8349499516e-02
 358.0000000000    3.8487786292e-02
 358.5000000000    3.8619573573e-02
 359.0000000000    3.8744591228e-02
 359.5000000000    3.8862574639e-02
 360.0000000000    3.8973266416e-02
 360.5000000000    3.9076417419e-02
 361.0000000000    3.9171786999e-02
 361.5000000000    3.9259142940e-02
 362.0000000000    3.9338261847e-02
 362.5000000000    3.9408930432e-02
 363.0000000000    3.9470947272e-02
 363.5000000000    3.9524124381e-02
 364.0000000000    3.9568288021e-02
 364.5000000000    3.9603278699e-02
 365.0000000000    3.9628950962e-02
 365.5000000000    3.9645174168e-02
 366.0000000000    3.9651833814e-02
 366.5000000000    3.9648833229e-02
 367.0000000000    3.9636094913e-02
 367.5000000000    3.9613560713e-02
 368.0000000000    3.9581191392e-02
 368.5000000000    3.9538966735e-02
 369.0000000000    3.9486885437e-02
 369.5000000000    3.9424967407e-02
 370.0000000000    3.9353253925e-02
 370.5000000000    3.9271807872e-02
 371.0000000000    3.9180713608e-02
 371.5000000000    3.9080075478e-02
 372.0000000000    3.8970017202e-02
 372.5000000000    3.8850681768e-02
 373.0000000000    3.8722232004e-02
 373.5000000000    3.8584850383e-02
 374.0000000000    3.8438737888e-02
 374.5000000000    3.8284112497e-02
 375.0000000000    3.8121207711e-02
 375.5000000000    3.7950271549e-02
 376.0000000000    3.7771566043e-02
 376.5000000000    3.7585366918e-02
 377.0000000000    3.7391962679e-02
 377.5000000000    3.7191653267e-02
 378.0000000000    3.6984748145e-02
 378.5000000000    3.6771564565e-02
 379.0000000000    3.6552426813e-02
 379.5000000000    3.6327665150e-02
 380.0000000000    3.6097615351e-02
 380.5000000000    3.5862617185e-02
 381.0000000000    3.5623012850e-02
 381.5000000000    3.5379145316e-02
 382.0000000000    3.5131356660e-02
 382.5000000000    3.4879987200e-02
 383.0000000000    3.4625374693e-02
 383.5000000000    3.4367853615e-02
 384.0000000000    3.4107754074e-02
 384.5000000000    3.3845400354e-02
 385.0000000000    3.3581109543e-02
 385.5000000000    3.3315190708e-02
 386.0000000000    3.3047944251e-02
 386.5000000000    3.2779661583e-02
 387.0000000000    3.2510624778e-02
 387.5000000000    3.2241105916e-02
 388.0000000000    3.1971366211e-02
 388.5000000000    3.1701655302e-02
 389.0000000000    3.1432210873e-02
 389.5000000000    3.1163258617e-02
 390.0000000000    3.0895012731e-02
 390.5000000000    3.0627675606e-02
 391.0000000000    3.0361437895e-02
 391.5000000000    3.0096478119e-02
 392.0000000000    2.9832962423e-02
 392.5000000000    2.9571044814e-02
 393.0000000000    2.9310867610e-02
 393.5000000000    2.9052562358e-02
 394.0000000000    2.8796249872e-02
 394.5000000000    2.8542040499e-02
 395.0000000000    2.8290033866e-02
 395.5000000000    2.8040319213e-02
 396.0000000000    2.7792975806e-02
 396.5000000000    2.7548074301e-02
 397.0000000000    2.7305676243e-02
 397.5000000000    2.7065835749e-02
 398.0000000000    2.6828598781e-02
 398.5000000000    2.6594003317e-02
 399.0000000000    2.6362079825e-02
 399.5000000000    2.6132852355e-02
 400.0000000000    2.5906338807e-02
 400.5000000000    2.5682551657e-02
 401.0000000000    2.5461498179e-02
 401.5000000000    2.5243180428e-02
 402.0000000000    2.5027595552e-02
 402.5000000000    2.4814736092e-02
 403.0000000000    2.4604591157e-02
 403.5000000000    2.4397146798e-02
 404.0000000000    2.4192386311e-02
 404.5000000000    2.3990290199e-02
 405.0000000000    2.3790836183e-02
 405.5000000000    2.3593999573e-02
 406.0000000000    2.3399753812e-02
 406.5000000000    2.3208071187e-02
 407.0000000000    2.3018923092e-02
 407.5000000000    2.2832279894e-02
 408.0000000000    2.2648110928e-02
 408.5000000000    2.2466384532e-02
 409.0000000000    2.2287068449e-02
 409.5000000000    2.2110130309e-02
 410.0000000000    2.1935537913e-02
 410.5000000000    2.1763259172e-02
 411.0000000000    2.1593262131e-02
 411.5000000000    2.1425514668e-02
 412.0000000000    2.1259984728e-02
 412.5000000000    2.1096640702e-02
 413.0000000000    2.0935451722e-02
 413.5000000000    2.0776387707e-02
 414.0000000000    2.0619419169e-02
 414.5000000000    2.0464516802e-02
 415.0000000000    2.0311652030e-02
 415.5000000000    2.0160796839e-02
 416.0000000000    2.0011924185e-02
 416.5000000000    1.9865007915e-02
 417.0000000000    1.9720022809e-02
 417.5000000000    1.9576944250e-02
 418.0000000000    1.9435748278e-02
 418.5000000000    1.9296411525e-02
 419.0000000000    1.9158911684e-02
 419.5000000000    1.9023227186e-02
 420.0000000000    1.8889337432e-02
 420.5000000000    1.8757222610e-02
 421.0000000000    1.8626863251e-02
 421.5000000000    1.8498240673e-02
 422.0000000000    1.8371336769e-02
 422.5000000000    1.8246134323e-02
 423.0000000000    1.8122616991e-02
 423.5000000000    1.8000768800e-02
 424.0000000000    1.7880574473e-02
 424.5000000000    1.7762018737e-02
 425.0000000000    1.7645087254e-02
 425.5000000000    1.7529766152e-02
 426.0000000000    1.7416042164e-02
 426.5000000000    1.7303902444e-02
 427.0000000000    1.7193334474e-02
 427.5000000000    1.7084325906e-02
 428.0000000000    1.6976864837e-02
 428.5000000000    1.6870939665e-02
 429.0000000000    1.6766539313e-02
 429.5000000000    1.6663652839e-02
 430.0000000000    1.6562269760e-02
 430.5000000000    1.6462379259e-02
 431.0000000000    1.6363970996e-02
 431.5000000000    1.6267034870e-02
 432.0000000000    1.6171560836e-02
 432.5000000000    1.6077539111e-02
 433.0000000000    1.5984960117e-02
 433.5000000000    1.5893814160e-02
 434.0000000000    1.5804091381e-02
 434.5000000000    1.5715782181e-02
 435.0000000000    1.5628877111e-02
 435.5000000000    1.5543366822e-02
 436.0000000000    1.5459241839e-02
 436.5000000000    1.5376492732e-02
 437.0000000000    1.5295109961e-02
 437.5000000000    1.5215083815e-02
 438.0000000000    1.5136404718e-02
 438.5000000000    1.5059063274e-02
 439.0000000000    1.4983049934e-02
 439.5000000000    1.4908354996e-02
 440.0000000000    1.4834968611e-02
 440.5000000000    1.4762880785e-02
 441.0000000000    1.4692081603e-02
 441.5000000000    1.4622561159e-02
 442.0000000000    1.4554309505e-02
 442.5000000000    1.4487316601e-02
 443.0000000000    1.4421572090e-02
 443.5000000000    1.4357065515e-02
 444.0000000000    1.4293786459e-02
 444.5000000000    1.4231724465e-02
 445.0000000000    1.4170868895e-02
 445.5000000000    1.4111209492e-02
 446.0000000000    1.4052735267e-02
 446.5000000000    1.3995435261e-02
 447.0000000000    1.3939298511e-02
 447.5000000000    1.3884313975e-02
 448.0000000000    1.3830470689e-02
 448.5000000000    1.3777757578e-02
 449.0000000000    1.3726163518e-02
 449.5000000000    1.3675677099e-02
 450.0000000000    1.3626286735e-02
 450.5000000000    1.3577981032e-02
 451.0000000000    1.3530748559e-02
 451.5000000000    1.3484577927e-02
 452.0000000000    1.3439457572e-02
 452.5000000000    1.3395375820e-02
 453.0000000000    1.3352320874e-02
 453.5000000000    1.3310280915e-02
 454.0000000000    1.3269244226e-02
 454.5000000000    1.3229199186e-02
 455.0000000000    1.3190134085e-02
 455.5000000000    1.3152036981e-02
 456.0000000000    1.3114896082e-02
 456.5000000000    1.3078699393e-02
 457.0000000000    1.3043435019e-02
 457.5000000000    1.3009091181e-02
 458.0000000000    1.2975656107e-02
 458.5000000000    1.2943118000e-02
 459.0000000000    1.2911465063e-02
 459.5000000000    1.2880685305e-02
 460.0000000000    1.2850766845e-02
 460.5000000000    1.2821697971e-02
 461.0000000000    1.2793467037e-02
 461.5000000000    1.2766062392e-02
 462.0000000000    1.2739472329e-02
 462.5000000000    1.2713685139e-02
 463.0000000000    1.2688689254e-02
 463.5000000000    1.2664472886e-02
 464.0000000000    1.2641024875e-02
 464.5000000000    1.2618333811e-02
 465.0000000000    1.2596388264e-02
 465.5000000000    1.2575177010e-02
 466.0000000000    1.2554688622e-02
 466.5000000000    1.2534911917e-02
 467.0000000000    1.2515835827e-02
 467.5000000000    1.2497449366e-02
 468.0000000000    1.2479741668e-02
 468.5000000000    1.2462701909e-02
 469.0000000000    1.2446319267e-02
 469.5000000000    1.2430582919e-02
 470.0000000000    1.2415482217e-02
 470.5000000000    1.2401006692e-02
 471.0000000000    1.2387146045e-02
 471.5000000000    1.2373889889e-02
 472.0000000000    1.2361228029e-02
 472.5000000000    1.2349150258e-02
 473.0000000000    1.2337646471e-02
 473.5000000000    1.2326706723e-02
 474.0000000000    1.2316321326e-02
 474.5000000000    1.2306480490e-02
 475.0000000000    1.2297174681e-02
 475.5000000000    1.2288394362e-02
 476.0000000000    1.2280130036e-02
 476.5000000000    1.2272372353e-02
 477.0000000000    1.2265112085e-02
 477.5000000000    1.2258340411e-02
 478.0000000000    1.2252048247e-02
 478.5000000000    1.2246226697e-02
 479.0000000000    1.2240867074e-02
 479.5000000000    1.2235960776e-02
 480.0000000000    1.2231499123e-02
 480.5000000000    1.2227473823e-02
 481.0000000000    1.2223876824e-02
 481.5000000000    1.2220699872e-02
 482.0000000000    1.2217934914e-02
 482.5000000000    1.2215573968e-02
 483.0000000000    1.2213609241e-02
 483.5000000000    1.2212033092e-02
 484.0000000000    1.2210838085e-02
 484.5000000000    1.2210016869e-02
 485.0000000000    1.2209562136e-02
 485.5000000000    1.2209466674e-02
 486.0000000000    1.2209723389e-02
 486.5000000000    1.2210325294e-02
 487.0000000000    1.2211265545e-02
 487.5000000000    1.2212537543e-02
 488.0000000000    1.2214134773e-02
 488.5000000000    1.2216050630e-02
 489.0000000000    1.2218278530e-02
 489.5000000000    1.2220811855e-02
 490.0000000000    1.2223644325e-02
 490.5000000000    1.2226769758e-02
 491.0000000000    1.2230181969e-02
 491.5000000000    1.2233874666e-02
 492.0000000000    1.2237841767e-02
 492.5000000000    1.2242076639e-02
 493.0000000000    1.2246572938e-02
 493.5000000000    1.2251324761e-02
 494.0000000000    1.2256325766e-02
 494.5000000000    1.2261569704e-02
 495.0000000000    1.2267050521e-02
 495.5000000000    1.2272761859e-02
 496.0000000000    1.2278697816e-02
 496.5000000000    1.2284852656e-02
 497.0000000000    1.2291220628e-02
 497.5000000000    1.2297796183e-02
 498.0000000000    1.2304574175e-02
 498.5000000000    1.2311549279e-02
 499.0000000000    1.2318716699e-02
 499.5000000000    1.2326071618e-02
 500.0000000000    1.2333609564e-02
 500.5000000000    1.2341326532e-02
 501.0000000000    1.2349218594e-02
 501.5000000000    1.2357282021e-02
 502.0000000000    1.2365513191e-02
 502.5000000000    1.2373908525e-02
 503.0000000000    1.2382464992e-02
 503.5000000000    1.2391179329e-02
 504.0000000000    1.2400048586e-02
 504.5000000000    1.2409069810e-02
 505.0000000000    1.2418240087e-02
 505.5000000000    1.2427556380e-02
 506.0000000000    1.2437015959e-02
 506.5000000000    1.2446615909e-02
 507.0000000000    1.2456353319e-02
 507.5000000000    1.2466225838e-02
 508.0000000000    1.2476230757e-02
 508.5000000000    1.2486365089e-02
 509.0000000000    1.2496625947e-02
 509.5000000000    1.2507010947e-02
 510.0000000000    1.2517517581e-02
 510.5000000000    1.2528143170e-02
 511.0000000000    1.2538885270e-02
 511.5000000000    1.2549741417e-02
 512.0000000000    1.2560709124e-02
 512.5000000000    1.2571785595e-02
 513.0000000000    1.2582968704e-02
 513.5000000000    1.2594256109e-02
 514.0000000000    1.2605645688e-02
 514.5000000000    1.2617135208e-02
 515.0000000000    1.2628722454e-02
 515.5000000000    1.2640405065e-02
 516.0000000000    1.2652181198e-02
 516.5000000000    1.2664048588e-02
 517.0000000000    1.2676004943e-02
 517.5000000000    1.2688048665e-02
 518.0000000000    1.2700177928e-02
 518.5000000000    1.2712390515e-02
 519.0000000000    1.2724684620e-02
 519.5000000000    1.2737057857e-02
 520.0000000000    1.2749508787e-02
 520.5000000000    1.2762035882e-02
 521.0000000000    1.2774637285e-02
 521.5000000000    1.2787309870e-02
 522.0000000000    1.2800055477e-02
 522.5000000000    1.2812869547e-02
 523.0000000000    1.2825750679e-02
 523.5000000000    1.2838699081e-02
 524.0000000000    1.2851714274e-02
 524.5000000000    1.2864789433e-02
 525.0000000000    1.2877925781e-02
 525.5000000000    1.2891121801e-02
 526.0000000000    1.2904375841e-02
 526.5000000000    1.2917686972e-02
 527.0000000000    1.2931053466e-02
 527.5000000000    1.2944474063e-02
 528.0000000000    1.2957947359e-02
 528.5000000000    1.2971472730e-02
 529.0000000000    1.2985047927e-02
 529.5000000000    1.2998672971e-02
 530.0000000000    1.3012346924e-02
 530.5000000000    1.3026068622e-02
 531.0000000000    1.3039837935e-02
 531.5000000000    1.3053651927e-02
 532.0000000000    1.3067517723e-02
 532.5000000000    1.3081427836e-02
 533.0000000000    1.3095382336e-02
 533.5000000000    1.3109387146e-02
 534.0000000000    1.3123439674e-02
 534.5000000000    1.3137540845e-02
 535.0000000000    1.3151691322e-02
 535.5000000000    1.3165891222e-02
 536.0000000000    1.3180141907e-02
 536.5000000000    1.3194444046e-02
 537.0000000000    1.3208798717e-02
 537.5000000000    1.3223206280e-02
 538.0000000000    1.3237668969e-02
 538.5000000000    1.3252183541e-02
 539.0000000000    1.3266753048e-02
 539.5000000000    1.3281377543e-02
 540.0000000000    1.3296056203e-02
 540.5000000000    1.3310789436e-02
 541.0000000000    1.3325576614e-02
 541.5000000000    1.3340416277e-02
 542.0000000000    1.3355308168e-02
 542.5000000000    1.3370251171e-02
 543.0000000000    1.3385244738e-02
 543.5000000000    1.3400286932e-02
 544.0000000000    1.3415377260e-02
 544.5000000000    1.3430514499e-02
 545.0000000000    1.3445697272e-02
 545.5000000000    1.3460924436e-02
 546.0000000000    1.3476195060e-02
 546.5000000000    1.3491506859e-02
 547.0000000000    1.3506859094e-02
 547.5000000000    1.3522251968e-02
 548.0000000000    1.3537685188e-02
 548.5000000000    1.3553156198e-02
 549.0000000000    1.3568664761e-02
 549.5000000000    1.3584208926e-02
 550.0000000000    1.3599789734e-02
 550.5000000000    1.3615407437e-02
 551.0000000000    1.3631061843e-02
 551.5000000000    1.3646752065e-02
 552.0000000000    1.3662477973e-02
 552.5000000000    1.3678239820e-02
 553.0000000000    1.3694036836e-02
 553.5000000000    1.3709868496e-02
 554.0000000000    1.3725734654e-02
 554.5000000000    1.3741635630e-02
 555.0000000000    1.3757571889e-02
 555.5000000000    1.3773543044e-02
 556.0000000000    1.3789549420e-02
 556.5000000000    1.3805590723e-02
 557.0000000000    1.3821667976e-02
 557.5000000000    1.3837780572e-02
 558.0000000000    1.3853928590e-02
 558.5000000000    1.3870111657e-02
 559.0000000000    1.3886329584e-02
 559.5000000000    1.3902582384e-02
 560.0000000000    1.3918870211e-02
 560.5000000000    1.3935193036e-02
 561.0000000000    1.3951550308e-02
 561.5000000000    1.3967942170e-02
 562.0000000000    1.3984368725e-02
 562.5000000000    1.4000829963e-02
 563.0000000000    1.4017325884e-02
 563.5000000000    1.4033855892e-02
 564.0000000000    1.4050420687e-02
 564.5000000000    1.4067019792e-02
 565.0000000000    1.4083653168e-02
 565.5000000000    1.4100321135e-02
 566.0000000000    1.4117023490e-02
 566.5000000000    1.4133759351e-02
 567.0000000000    1.4150530775e-02
 567.5000000000    1.4167336382e-02
 568.0000000000    1.4184175995e-02
 568.5000000000    1.4201050743e-02
 569.0000000000    1.4217959664e-02
 569.5000000000    1.4234902471e-02
 570.0000000000    1.4251880129e-02
 570.5000000000    1.4268893127e-02
 571.0000000000    1.4285939554e-02
 571.5000000000    1.4303019726e-02
 572.0000000000    1.4320134183e-02
 572.5000000000    1.4337283129e-02
 573.0000000000    1.4354465935e-02
 573.5000000000    1.4371683082e-02
 574.0000000000    1.4388934482e-02
 574.5000000000    1.4406219189e-02
 575.0000000000    1.4423536653e-02
 575.5000000000    1.4440886434e-02
 576.0000000000    1.4458271193e-02
 576.5000000000    1.4475691503e-02
 577.0000000000    1.4493141529e-02
 577.5000000000    1.4510623314e-02
 578.0000000000    1.4528138220e-02
 578.5000000000    1.4545685642e-02
 579.0000000000    1.4563266360e-02
 579.5000000000    1.4580882625e-02
 580.0000000000    1.4598527052e-02
 580.5000000000    1.4616205894e-02
 581.0000000000    1.4633917333e-02
 581.5000000000    1.4651662873e-02
 582.0000000000    1.4669434258e-02
 582.5000000000    1.4687238284e-02
 583.0000000000    1.4705072328e-02
 583.5000000000    1.4722939130e-02
 584.0000000000    1.4740834828e-02
 584.5000000000    1.4758760769e-02
 585.0000000000    1.4776716280e-02
 585.5000000000    1.4794703729e-02
 586.0000000000    1.4812724522e-02
 586.5000000000    1.4830769760e-02
 587.0000000000    1.4848845853e-02
 587.5000000000    1.4866950302e-02
 588.0000000000    1.4885084293e-02
 588.5000000000    1.4903246267e-02
 589.0000000000    1.4921435912e-02
 589.5000000000    1.4939647280e-02
 590.0000000000    1.4957893825e-02
 590.5000000000    1.4976159907e-02
 591.0000000000    1.4994459544e-02
 591.5000000000    1.5012778788e-02
 592.0000000000    1.5031131440e-02
 592.5000000000    1.5049505491e-02
 593.0000000000    1.5067906830e-02
 593.5000000000    1.5086325408e-02
 594.0000000000    1.5104773505e-02
 594.5000000000    1.5123247581e-02
 595.0000000000    1.5141746144e-02
 595.5000000000    1.5160266233e-02
 596.0000000000    1.5178812479e-02
 596.5000000000    1.5197382414e-02
 597.0000000000    1.5215972253e-02
 597.5000000000    1.5234586690e-02
 598.0000000000    1.5253222178e-02
 598.5000000000    1.5271875173e-02
 599.0000000000    1.5290551455e-02
 599.5000000000    1.5309248582e-02
 600.0000000000    1.5327962996e-02
 600.5000000000    1.5346696439e-02
 601.0000000000    1.5365448899e-02
 601.5000000000    1.5384217985e-02
 602.0000000000    1.5403003270e-02
 602.5000000000    1.5421806529e-02
 603.0000000000    1.5440625281e-02
 603.5000000000    1.5459458411e-02
 604.0000000000    1.5478305601e-02
 604.5000000000    1.5497166038e-02
 605.0000000000    1.5516043898e-02
 605.5000000000    1.5534936123e-02
 606.0000000000    1.5553836126e-02
 606.5000000000    1.5572746250e-02
 607.0000000000    1.5591667815e-02
 607.5000000000    1.5610600470e-02
 608.0000000000    1.5629543617e-02
 608.5000000000    1.5648498940e-02
 609.0000000000    1.5667462834e-02
 609.5000000000    1.5686433963e-02
 610.0000000000    1.5705411128e-02
 610.5000000000    1.5724394465e-02
 611.0000000000    1.5743381851e-02
 611.5000000000    1.5762372298e-02
 612.0000000000    1.5781366675e-02
 612.5000000000    1.5800364683e-02
 613.0000000000    1.5819366085e-02
 613.5000000000    1.5838369942e-02
 614.0000000000    1.5857375243e-02
 614.5000000000    1.5876381997e-02
 615.0000000000    1.5895388504e-02
 615.5000000000    1.5914392962e-02
 616.0000000000    1.5933393338e-02
 616.5000000000    1.5952389895e-02
 617.0000000000    1.5971382444e-02
 617.5000000000    1.5990369400e-02
 618.0000000000    1.6009349812e-02
 618.5000000000    1.6028323795e-02
 619.0000000000    1.6047289997e-02
 619.5000000000    1.6066247081e-02
 620.0000000000    1.6085195437e-02
 620.5000000000    1.6104133339e-02
 621.0000000000    1.6123060156e-02
 621.5000000000    1.6141974935e-02
 622.0000000000    1.6160877200e-02
 622.5000000000    1.6179765520e-02
 623.0000000000    1.6198639136e-02
 623.5000000000    1.6217497147e-02
 624.0000000000    1.6236338645e-02
 624.5000000000    1.6255162152e-02
 625.0000000000    1.6273966189e-02
 625.5000000000    1.6292748343e-02
 626.0000000000    1.6311509798e-02
 626.5000000000    1.6330247939e-02
 627.0000000000    1.6348962985e-02
 627.5000000000    1.6367652352e-02
 628.0000000000    1.6386315477e-02
 628.5000000000    1.6404950990e-02
 629.0000000000    1.6423558430e-02
 629.5000000000    1.6442135666e-02
 630.0000000000    1.6460681717e-02
 630.5000000000    1.6479196769e-02
 631.0000000000    1.6497678638e-02
 631.5000000000    1.6516127867e-02
 632.0000000000    1.6534543996e-02
 632.5000000000    1.6552926509e-02
 633.0000000000    1.6571270925e-02
 633.5000000000    1.6589575070e-02
 634.0000000000    1.6607841155e-02
 634.5000000000    1.6626069444e-02
 635.0000000000    1.6644260379e-02
 635.5000000000    1.6662408244e-02
 636.0000000000    1.6680508271e-02
 636.5000000000    1.6698561852e-02
 637.0000000000    1.6716571787e-02
 637.5000000000    1.6734536697e-02
 638.0000000000    1.6752456135e-02
 638.5000000000    1.6770326579e-02
 639.0000000000    1.6788147213e-02
 639.5000000000    1.6805912672e-02
 640.0000000000    1.6823622748e-02
 640.5000000000    1.6841276640e-02
 641.0000000000    1.6858874489e-02
 641.5000000000    1.6876414911e-02
 642.0000000000    1.6893897086e-02
 642.5000000000    1.6911320329e-02
 643.0000000000    1.6928682777e-02
 643.5000000000    1.6945984041e-02
 644.0000000000    1.6963223202e-02
 644.5000000000    1.6980397269e-02
 645.0000000000    1.6997503952e-02
 645.5000000000    1.7014540937e-02
 646.0000000000    1.7031506585e-02
 646.5000000000    1.7048402183e-02
 647.0000000000    1.7065227507e-02
 647.5000000000    1.7081978774e-02
 648.0000000000    1.7098654621e-02
 648.5000000000    1.7115255017e-02
 649.0000000000    1.7131779558e-02
 649.5000000000    1.7148226002e-02
 650.0000000000    1.7164593939e-02
 650.5000000000    1.7180880596e-02
 651.0000000000    1.7197085353e-02
 651.5000000000    1.7213206675e-02
 652.0000000000    1.7229244041e-02
 652.5000000000    1.7245195602e-02
 653.0000000000    1.7261060426e-02
 653.5000000000    1.7276835166e-02
 654.0000000000    1.7292519058e-02
 654.5000000000    1.7308111131e-02
 655.0000000000    1.7323610221e-02
 655.5000000000    1.7339013935e-02
 656.0000000000    1.7354321363e-02
 656.5000000000    1.7369531495e-02
 657.0000000000    1.7384643650e-02
 657.5000000000    1.7399652123e-02
 658.0000000000    1.7414569408e-02
 658.5000000000    1.7429382235e-02
 659.0000000000    1.7444092127e-02
 659.5000000000    1.7458698456e-02
 660.0000000000    1.7473200320e-02
 660.5000000000    1.7487590252e-02
 661.0000000000    1.7501877719e-02
 661.5000000000    1.7516058157e-02
 662.0000000000    1.7530126371e-02
 662.5000000000    1.7544079963e-02
 663.0000000000    1.7557932746e-02
 663.5000000000    1.7571662963e-02
 664.0000000000    1.7585283081e-02
 664.5000000000    1.7598780242e-02
 665.0000000000    1.7612159003e-02
 665.5000000000    1.7625412405e-02
 666.0000000000    1.7638555079e-02
 666.5000000000    1.7651565025e-02
 667.0000000000    1.7664464675e-02
 667.5000000000    1.7677225194e-02
 668.0000000000    1.7689864882e-02
 668.5000000000    1.7702376091e-02
 669.0000000000    1.7714753397e-02
 669.5000000000    1.7727003652e-02
 670.0000000000    1.7739123405e-02
 670.5000000000    1.7751106610e-02
 671.0000000000    1.7762952004e-02
 671.5000000000    1.7774671625e-02
 672.0000000000    1.7786256301e-02
 672.5000000000    1.7797702952e-02
 673.0000000000    1.7809011706e-02
 673.5000000000    1.7820179060e-02
 674.0000000000    1.7831201969e-02
 674.5000000000    1.7842082049e-02
 675.0000000000    1.7852814442e-02
 675.5000000000    1.7863407983e-02
 676.0000000000    1.7873863884e-02
 676.5000000000    1.7884169457e-02
 677.0000000000    1.7894325178e-02
 677.5000000000    1.7904337103e-02
 678.0000000000    1.7914201805e-02
 678.5000000000    1.7923915100e-02
 679.0000000000    1.7933478248e-02
 679.5000000000    1.7942888059e-02
 680.0000000000    1.7952147524e-02
 680.5000000000    1.7961254612e-02
 681.0000000000    1.7970206524e-02
 681.5000000000    1.7979004746e-02
 682.0000000000    1.7987648874e-02
 682.5000000000    1.7996132711e-02
 683.0000000000    1.8004457328e-02
 683.5000000000    1.8012621493e-02
 684.0000000000    1.8020626595e-02
 684.5000000000    1.8028471241e-02
 685.0000000000    1.8036154801e-02
 685.5000000000    1.8043677027e-02
 686.0000000000    1.8051039399e-02
 686.5000000000    1.8058237510e-02
 687.0000000000    1.8065275476e-02
 687.5000000000    1.8072143946e-02
 688.0000000000    1.8078853910e-02
 688.5000000000    1.8085397385e-02
 689.0000000000    1.8091775851e-02
 689.5000000000    1.8097985724e-02
 690.0000000000    1.8104026929e-02
 690.5000000000    1.8109898528e-02
 691.0000000000    1.8115602334e-02
 691.5000000000    1.8121134870e-02
 692.0000000000    1.8126501316e-02
 692.5000000000    1.8131693240e-02
 693.0000000000    1.8136711615e-02
 693.5000000000    1.8141554691e-02
 694.0000000000    1.8146232432e-02
 694.5000000000    1.8150733138e-02
 695.0000000000    1.8155068044e-02
 695.5000000000    1.8159229387e-02
 696.0000000000    1.8163219003e-02
 696.5000000000    1.8167033261e-02
 697.0000000000    1.8170671371e-02
 697.5000000000    1.8174138198e-02
 698.0000000000    1.8177432061e-02
 698.5000000000    1.8180552393e-02
 699.0000000000    1.8183501450e-02
 699.5000000000    1.8186278775e-02
 700.0000000000    1.8188885521e-02
