#          time             L^2_Ham             L^2_Mom
   0.0000000000    3.7096362739e-06    3.6134509069e-06
   0.5000000000    1.2060397890e-06    3.5763158006e-06
   1.0000000000    1.0458869325e-06    3.5446256159e-06
   1.5000000000    9.0256997371e-07    3.5212657040e-06
   2.0000000000    7.7123276764e-07    3.5177259649e-06
   2.5000000000    6.6064069675e-07    3.5334893346e-06
   3.0000000000    5.9102090140e-07    3.5627575122e-06
   3.5000000000    5.5162016993e-07    3.5980315927e-06
   4.0000000000    5.3010113830e-07    3.6333254573e-06
   4.5000000000    5.1575184775e-07    3.6649129103e-06
   5.0000000000    4.9926452913e-07    3.6922506146e-06
   5.5000000000    4.7843919857e-07    3.7159224496e-06
   6.0000000000    4.5501296421e-07    3.7372504027e-06
   6.5000000000    4.3087961640e-07    3.7576112584e-06
   7.0000000000    4.0725335891e-07    3.7777993419e-06
   7.5000000000    3.8513416373e-07    3.7989218235e-06
   8.0000000000    3.6518741001e-07    3.8211925970e-06
   8.5000000000    3.4812462851e-07    3.8453856252e-06
   9.0000000000    3.3282794898e-07    3.8713166071e-06
   9.5000000000    3.1948789214e-07    3.8994352916e-06
  10.0000000000    3.0783606632e-07    3.9293131794e-06
  10.5000000000    2.9798254898e-07    3.9621539523e-06
  11.0000000000    2.9050638893e-07    3.9954820809e-06
  11.5000000000    2.8189535666e-07    4.0325194224e-06
  12.0000000000    2.7571127031e-07    4.0682247594e-06
  12.5000000000    2.7079456579e-07    4.1083055883e-06
  13.0000000000    2.6998206308e-07    4.1482202629e-06
  13.5000000000    2.6524047285e-07    4.1902366447e-06
  14.0000000000    2.7020207101e-07    4.2357233929e-06
  14.5000000000    2.6946554043e-07    4.2798445481e-06
  15.0000000000    2.6692411675e-07    4.3276240326e-06
  15.5000000000    2.6527403082e-07    4.3798758825e-06
  16.0000000000    2.6586815153e-07    4.4267174795e-06
  16.5000000000    2.7669968969e-07    4.4760356402e-06
  17.0000000000    2.9617218396e-07    4.5299206637e-06
  17.5000000000    2.9401495723e-07    4.5826155788e-06
  18.0000000000    2.9004310332e-07    4.6378099209e-06
  18.5000000000    2.8828137870e-07    4.6919853935e-06
  19.0000000000    2.8636891549e-07    4.7483480244e-06
  19.5000000000    2.8899866254e-07    4.8048087099e-06
  20.0000000000    2.8906476612e-07    4.8641000790e-06
  20.5000000000    2.7380063066e-07    4.9211713371e-06
  21.0000000000    2.7432615278e-07    4.9807691140e-06
  21.5000000000    2.7793022605e-07    5.0414554259e-06
  22.0000000000    2.8579749595e-07    5.1034886447e-06
  22.5000000000    2.9461174754e-07    5.1681882168e-06
  23.0000000000    2.9800568294e-07    5.2298233405e-06
  23.5000000000    2.9996138514e-07    5.2941865880e-06
  24.0000000000    3.0223200204e-07    5.3616029235e-06
  24.5000000000    3.0702072053e-07    5.4253737140e-06
  25.0000000000    3.1398046134e-07    5.4898099992e-06
  25.5000000000    3.2151541038e-07    5.5564806443e-06
  26.0000000000    3.1306014151e-07    5.6226484139e-06
  26.5000000000    3.1218198166e-07    5.6889970649e-06
  27.0000000000    3.1368604421e-07    5.7572014112e-06
  27.5000000000    3.1732768088e-07    5.8275179991e-06
  28.0000000000    3.2128844837e-07    5.8953928504e-06
  28.5000000000    3.2552060519e-07    5.9643917210e-06
  29.0000000000    3.3003430096e-07    6.0339532428e-06
  29.5000000000    3.3467849629e-07    6.1040173336e-06
  30.0000000000    3.3957969256e-07    6.1744271728e-06
  30.5000000000    3.4520524345e-07    6.2446206628e-06
  31.0000000000    3.5031848752e-07    6.3187800185e-06
  31.5000000000    3.5560468461e-07    6.3954129923e-06
  32.0000000000    3.6126177661e-07    6.4631051252e-06
  32.5000000000    3.6704546738e-07    6.5377169391e-06
  33.0000000000    3.7235857122e-07    6.6047862885e-06
  33.5000000000    3.7811335468e-07    6.6768842737e-06
  34.0000000000    3.8326707746e-07    6.7483381711e-06
  34.5000000000    3.8754358525e-07    6.8232914428e-06
  35.0000000000    3.9344328672e-07    6.8931987046e-06
  35.5000000000    3.9643021977e-07    6.9701303190e-06
  36.0000000000    4.0010590913e-07    7.0407321467e-06
  36.5000000000    4.0366044682e-07    7.1132690558e-06
  37.0000000000    4.0678918287e-07    7.1855768579e-06
  37.5000000000    4.1000561581e-07    7.2651359101e-06
  38.0000000000    4.1290710604e-07    7.3338859591e-06
  38.5000000000    4.1552639658e-07    7.4068471814e-06
  39.0000000000    4.1822969947e-07    7.4890434972e-06
  39.5000000000    4.2071579498e-07    7.5582440498e-06
  40.0000000000    4.2299557011e-07    7.6288769419e-06
  40.5000000000    4.2582393625e-07    7.7008856474e-06
  41.0000000000    4.2889413779e-07    7.7739623646e-06
  41.5000000000    4.3136883271e-07    7.8499395846e-06
  42.0000000000    4.3401337697e-07    7.9223611288e-06
  42.5000000000    4.3698563046e-07    7.9953262884e-06
  43.0000000000    4.4008534159e-07    8.0767797236e-06
  43.5000000000    4.4341970478e-07    8.1443913471e-06
  44.0000000000    4.4637085846e-07    8.2174621765e-06
  44.5000000000    4.4934920664e-07    8.2882336650e-06
  45.0000000000    4.5288968375e-07    8.3661347465e-06
  45.5000000000    4.5633802317e-07    8.4359680562e-06
  46.0000000000    4.5951245535e-07    8.5340696520e-06
  46.5000000000    4.6266585988e-07    8.5856798981e-06
  47.0000000000    4.6575546708e-07    8.6575520338e-06
  47.5000000000    4.6903632552e-07    8.7394597019e-06
  48.0000000000    4.7249978044e-07    8.8020730668e-06
  48.5000000000    4.7619903702e-07    8.8995749108e-06
  49.0000000000    4.7966709361e-07    8.9637543687e-06
  49.5000000000    4.8287554517e-07    9.0278812617e-06
  50.0000000000    4.8628397306e-07    9.0942708437e-06
  50.5000000000    4.8984274703e-07    9.1650721520e-06
  51.0000000000    4.9330626491e-07    9.2363982985e-06
  51.5000000000    4.9685161383e-07    9.3086604886e-06
  52.0000000000    5.0026649552e-07    9.3808455794e-06
  52.5000000000    5.0390283722e-07    9.4529187166e-06
  53.0000000000    5.0748046911e-07    9.5504716818e-06
  53.5000000000    5.1104673812e-07    9.6127194012e-06
  54.0000000000    5.1489553097e-07    9.6900624013e-06
  54.5000000000    5.1853899951e-07    9.7445725942e-06
  55.0000000000    5.2213161899e-07    9.8065365799e-06
  55.5000000000    5.2555618751e-07    9.8751801500e-06
  56.0000000000    5.2874828649e-07    9.9424851767e-06
  56.5000000000    5.3257403944e-07    1.0009613102e-05
  57.0000000000    5.3613858495e-07    1.0083900164e-05
  57.5000000000    5.3907201672e-07    1.0142073982e-05
  58.0000000000    5.4198011038e-07    1.0204867065e-05
  58.5000000000    5.4518397047e-07    1.0314442449e-05
  59.0000000000    5.4795181406e-07    1.0352568221e-05
  59.5000000000    5.5129989584e-07    1.0404429772e-05
  60.0000000000    5.5480962532e-07    1.0464298313e-05
  60.5000000000    5.5833738997e-07    1.0530269829e-05
  61.0000000000    5.6215510227e-07    1.0599297063e-05
  61.5000000000    5.6592976159e-07    1.0669183982e-05
  62.0000000000    5.6946227739e-07    1.0738681503e-05
  62.5000000000    5.7311661075e-07    1.0828698046e-05
  63.0000000000    5.7657046818e-07    1.0878908834e-05
  63.5000000000    5.7981418345e-07    1.0966206478e-05
  64.0000000000    5.8352870406e-07    1.1008411492e-05
  64.5000000000    5.8711970603e-07    1.1076492333e-05
  65.0000000000    5.9058438740e-07    1.1137350951e-05
  65.5000000000    5.9435186088e-07    1.1204269115e-05
  66.0000000000    5.9803551861e-07    1.1269855039e-05
  66.5000000000    6.0178040324e-07    1.1335371831e-05
  67.0000000000    6.0532417660e-07    1.1402178629e-05
  67.5000000000    6.0899482397e-07    1.1477876206e-05
  68.0000000000    6.1259765826e-07    1.1536062516e-05
  68.5000000000    6.1622563711e-07    1.1657751613e-05
  69.0000000000    6.1970926729e-07    1.1700957061e-05
  69.5000000000    6.2338696457e-07    1.1740849852e-05
  70.0000000000    6.2707274209e-07    1.1919706866e-05
  70.5000000000    6.3059591473e-07    1.1907491274e-05
  71.0000000000    6.3399609427e-07    1.1936356265e-05
  71.5000000000    6.3759969414e-07    1.1993602941e-05
  72.0000000000    6.4117127613e-07    1.2077501520e-05
  72.5000000000    6.4438095049e-07    1.2131142179e-05
  73.0000000000    6.4870819132e-07    1.2250110889e-05
  73.5000000000    6.5252524036e-07    1.2286527285e-05
  74.0000000000    6.5578900938e-07    1.2323926863e-05
  74.5000000000    6.5972280233e-07    1.2380980069e-05
  75.0000000000    6.6541638294e-07    1.2467470486e-05
  75.5000000000    6.6832211303e-07    1.2527350246e-05
  76.0000000000    6.7185963619e-07    1.2580485627e-05
  76.5000000000    6.7539645195e-07    1.2632613039e-05
  77.0000000000    6.7784360201e-07    1.2687134887e-05
  77.5000000000    6.7978158697e-07    1.2753789971e-05
  78.0000000000    6.8396743525e-07    1.2814130704e-05
  78.5000000000    6.8827170839e-07    1.2879237659e-05
  79.0000000000    6.9208248415e-07    1.2934741640e-05
  79.5000000000    6.9577552611e-07    1.2987175566e-05
  80.0000000000    6.9859199188e-07    1.3047916674e-05
  80.5000000000    7.0168525406e-07    1.3108718750e-05
  81.0000000000    7.0496468883e-07    1.3172805397e-05
  81.5000000000    7.0853935450e-07    1.3231289841e-05
  82.0000000000    7.1199526515e-07    1.3289491074e-05
  82.5000000000    7.1577427938e-07    1.3349441859e-05
  83.0000000000    7.1910604131e-07    1.3410057392e-05
  83.5000000000    7.2241091303e-07    1.3470489585e-05
  84.0000000000    7.2595540679e-07    1.3534024335e-05
  84.5000000000    7.2935865622e-07    1.3590069059e-05
  85.0000000000    7.3330039517e-07    1.3649011829e-05
  85.5000000000    7.3774590281e-07    1.3708245382e-05
  86.0000000000    7.4373860869e-07    1.3767256116e-05
  86.5000000000    7.5028211798e-07    1.3825640178e-05
  87.0000000000    7.5676281958e-07    1.3883792169e-05
  87.5000000000    7.6670667010e-07    1.3942097863e-05
  88.0000000000    7.7802167176e-07    1.4000295862e-05
  88.5000000000    7.8724870051e-07    1.4067699392e-05
  89.0000000000    7.9534239881e-07    1.4134154569e-05
  89.5000000000    8.0264403278e-07    1.4185140879e-05
  90.0000000000    8.0936798039e-07    1.4234901066e-05
  90.5000000000    8.1572335925e-07    1.4291987331e-05
  91.0000000000    8.2100338585e-07    1.4351858299e-05
  91.5000000000    8.2517600812e-07    1.4406383647e-05
  92.0000000000    8.2865298737e-07    1.4464530858e-05
  92.5000000000    8.3227729116e-07    1.4517807298e-05
  93.0000000000    8.3506128178e-07    1.4574472319e-05
  93.5000000000    8.3723694025e-07    1.4631803096e-05
  94.0000000000    8.3930211971e-07    1.4691600603e-05
  94.5000000000    8.4238031455e-07    1.4746040166e-05
  95.0000000000    8.4508804210e-07    1.4799807504e-05
  95.5000000000    8.4700901895e-07    1.4855741419e-05
  96.0000000000    8.4932038121e-07    1.4911551056e-05
  96.5000000000    8.5257595640e-07    1.5003089356e-05
  97.0000000000    8.5566051704e-07    1.5036923950e-05
  97.5000000000    8.5805003980e-07    1.5078520783e-05
  98.0000000000    8.6030458103e-07    1.5134133394e-05
  98.5000000000    8.6335856844e-07    1.5198844046e-05
  99.0000000000    8.6646345716e-07    1.5256696668e-05
  99.5000000000    8.6972296690e-07    1.5302568618e-05
 100.0000000000    8.7404523368e-07    1.5356856971e-05
 100.5000000000    8.7683668897e-07    1.5406727645e-05
 101.0000000000    8.7654934545e-07    1.5461453643e-05
 101.5000000000    8.7569913159e-07    1.5514008955e-05
 102.0000000000    8.7897579021e-07    1.5568825367e-05
 102.5000000000    8.8603448412e-07    1.5621474187e-05
 103.0000000000    8.9056616390e-07    1.5674214415e-05
 103.5000000000    8.9007477780e-07    1.5746799283e-05
 104.0000000000    8.8955744976e-07    1.5782512041e-05
 104.5000000000    8.9257294438e-07    1.5835514476e-05
 105.0000000000    8.9647301854e-07    1.5888048059e-05
 105.5000000000    8.9876475959e-07    1.5940883115e-05
 106.0000000000    9.0075469069e-07    1.6128502787e-05
 106.5000000000    9.0300578196e-07    1.6049698960e-05
 107.0000000000    9.0573876424e-07    1.6095016743e-05
 107.5000000000    9.0806273279e-07    1.6153697057e-05
 108.0000000000    9.1059271225e-07    1.6213758434e-05
 108.5000000000    9.1296802867e-07    1.6281258874e-05
 109.0000000000    9.1534286154e-07    1.6300396064e-05
 109.5000000000    9.1778391840e-07    1.6355191861e-05
 110.0000000000    9.2022437481e-07    1.6405010914e-05
 110.5000000000    9.2272173301e-07    1.6455879267e-05
 111.0000000000    9.2527568937e-07    1.6508423779e-05
 111.5000000000    9.2776360351e-07    1.6558122226e-05
 112.0000000000    9.3016010877e-07    1.6610046562e-05
 112.5000000000    9.3268003246e-07    1.6660263924e-05
 113.0000000000    9.3515800643e-07    1.6711093128e-05
 113.5000000000    9.3781680407e-07    1.6767113015e-05
 114.0000000000    9.4036616339e-07    1.6814169920e-05
 114.5000000000    9.4296117749e-07    1.6864709105e-05
 115.0000000000    9.4558158020e-07    1.6914882398e-05
 115.5000000000    9.4822700032e-07    1.6965058195e-05
 116.0000000000    9.5088517903e-07    1.7014979336e-05
 116.5000000000    9.5344960998e-07    1.7064848109e-05
 117.0000000000    9.5610218141e-07    1.7114602649e-05
 117.5000000000    9.5904391841e-07    1.7164163382e-05
 118.0000000000    9.6216078104e-07    1.7259056866e-05
 118.5000000000    9.6511428031e-07    1.7269959204e-05
 119.0000000000    9.6792793596e-07    1.7316019355e-05
 119.5000000000    9.7093206571e-07    1.7364998854e-05
 120.0000000000    9.7435715311e-07    1.7414101044e-05
 120.5000000000    9.7774752997e-07    1.7463164917e-05
 121.0000000000    9.8111406941e-07    1.7512071660e-05
 121.5000000000    9.8434140981e-07    1.7560917568e-05
 122.0000000000    9.8781665502e-07    1.7609624326e-05
 122.5000000000    9.9158285073e-07    1.7658175077e-05
 123.0000000000    9.9504386008e-07    1.7712436094e-05
 123.5000000000    9.9830911946e-07    1.7757191307e-05
 124.0000000000    1.0018644414e-06    1.7805657774e-05
 124.5000000000    1.0057416117e-06    1.7854025697e-05
 125.0000000000    1.0091596713e-06    1.8072662845e-05
 125.5000000000    1.0122902570e-06    1.8220650621e-05
 126.0000000000    1.0153115752e-06    1.8011631176e-05
 126.5000000000    1.0193322826e-06    1.8154284850e-05
 127.0000000000    1.0229004977e-06    1.8400503127e-05
 127.5000000000    1.0251537036e-06    1.8202655023e-05
 128.0000000000    1.0280272784e-06    1.8306713834e-05
 128.5000000000    1.0319018556e-06    1.8554766570e-05
 129.0000000000    1.0348061010e-06    1.8299100333e-05
 129.5000000000    1.0371173531e-06    1.8445774806e-05
 130.0000000000    1.0401916412e-06    1.8705150224e-05
 130.5000000000    1.0431939846e-06    1.8440879319e-05
 131.0000000000    1.0459934568e-06    1.8587747009e-05
 131.5000000000    1.0486938122e-06    1.8854919722e-05
 132.0000000000    1.0511315138e-06    1.8581906341e-05
 132.5000000000    1.0543072584e-06    1.8735160656e-05
 133.0000000000    1.0571014242e-06    1.9005958859e-05
 133.5000000000    1.0593961197e-06    1.8724573776e-05
 134.0000000000    1.0618906038e-06    1.8738577470e-05
 134.5000000000    1.0646213814e-06    1.8792210382e-05
 135.0000000000    1.0672275847e-06    1.8840848011e-05
 135.5000000000    1.0697963540e-06    1.8883503835e-05
 136.0000000000    1.0724249531e-06    1.8927808681e-05
 136.5000000000    1.0751135305e-06    1.8973667656e-05
 137.0000000000    1.0778422988e-06    1.9075243677e-05
 137.5000000000    1.0802526132e-06    1.9074624202e-05
 138.0000000000    1.0827845913e-06    1.9116870118e-05
 138.5000000000    1.0854877323e-06    1.9162608216e-05
 139.0000000000    1.0881670175e-06    1.9208451524e-05
 139.5000000000    1.0906862345e-06    1.9254300206e-05
 140.0000000000    1.0932157613e-06    1.9300090763e-05
 140.5000000000    1.0958053501e-06    1.9345850823e-05
 141.0000000000    1.0984583757e-06    1.9391537994e-05
 141.5000000000    1.1011357150e-06    1.9466150782e-05
 142.0000000000    1.1035605774e-06    1.9485330898e-05
 142.5000000000    1.1086730535e-06    1.9709287582e-05
 143.0000000000    1.1106707750e-06    1.9638931842e-05
 143.5000000000    1.1121894741e-06    1.9631970865e-05
 144.0000000000    1.1148815373e-06    1.9692020157e-05
 144.5000000000    1.1171871453e-06    1.9719979511e-05
 145.0000000000    1.1196634716e-06    1.9769807814e-05
 145.5000000000    1.1224915776e-06    1.9819345401e-05
 146.0000000000    1.1255752287e-06    1.9965989527e-05
 146.5000000000    1.1292725132e-06    2.0214909025e-05
 147.0000000000    1.1324623014e-06    2.0029082418e-05
 147.5000000000    1.1360429056e-06    2.0177685883e-05
 148.0000000000    1.1411211120e-06    2.0441899026e-05
 148.5000000000    1.1476872828e-06    2.0306633465e-05
 149.0000000000    1.1559451791e-06    2.0165659002e-05
 149.5000000000    1.1630671756e-06    2.0212480226e-05
 150.0000000000    1.1703067022e-06    2.0239970900e-05
 150.5000000000    1.1841294241e-06    2.0298019259e-05
 151.0000000000    1.2030269372e-06    2.0316545663e-05
 151.5000000000    1.2158766236e-06    2.0358483347e-05
 152.0000000000    1.2247094792e-06    2.0405531445e-05
 152.5000000000    1.2463389505e-06    2.0450102822e-05
 153.0000000000    1.2745481106e-06    2.0494970421e-05
 153.5000000000    1.2849398364e-06    2.0539874387e-05
 154.0000000000    1.2874869340e-06    2.0584200264e-05
 154.5000000000    1.3131686374e-06    2.0628846454e-05
 155.0000000000    1.3449070989e-06    2.0792842058e-05
 155.5000000000    1.3472537677e-06    2.1424461972e-05
 156.0000000000    1.3426307004e-06    2.2615704467e-05
 156.5000000000    1.3647267061e-06    2.0847541448e-05
 157.0000000000    1.3866798183e-06    2.2938207304e-05
 157.5000000000    1.3769161510e-06    2.0944844038e-05
 158.0000000000    1.3665503003e-06    2.0969505377e-05
 158.5000000000    1.3780008354e-06    2.1020753164e-05
 159.0000000000    1.3847379646e-06    2.1058828683e-05
 159.5000000000    1.3769643113e-06    2.1137739872e-05
 160.0000000000    1.3780038357e-06    2.1150338674e-05
 160.5000000000    1.3903159877e-06    2.1194251950e-05
 161.0000000000    1.3955226703e-06    2.1246006193e-05
 161.5000000000    1.3916511881e-06    2.1278664724e-05
 162.0000000000    1.3883900112e-06    2.1330475208e-05
 162.5000000000    1.3860765095e-06    2.1368535948e-05
 163.0000000000    1.3813345174e-06    2.1417146977e-05
 163.5000000000    1.3777481696e-06    2.1458522460e-05
 164.0000000000    1.3790451919e-06    2.1607280050e-05
 164.5000000000    1.3819121092e-06    2.1560190720e-05
 165.0000000000    1.3824879084e-06    2.1611489286e-05
 165.5000000000    1.3803678585e-06    2.1641156781e-05
 166.0000000000    1.3773654256e-06    2.1692193143e-05
 166.5000000000    1.3744289051e-06    2.1730344024e-05
 167.0000000000    1.3720577041e-06    2.1778600847e-05
 167.5000000000    1.3707527653e-06    2.1820298904e-05
 168.0000000000    1.3701724990e-06    2.1866886353e-05
 168.5000000000    1.3690685808e-06    2.1919520441e-05
 169.0000000000    1.3672545290e-06    2.1957622678e-05
 169.5000000000    1.3656335504e-06    2.2002612571e-05
 170.0000000000    1.3646551062e-06    2.2048119309e-05
 170.5000000000    1.3644240721e-06    2.2092562214e-05
 171.0000000000    1.3643010331e-06    2.2137497208e-05
 171.5000000000    1.3641514377e-06    2.2182177816e-05
 172.0000000000    1.3639072072e-06    2.2227034048e-05
 172.5000000000    1.3637697738e-06    2.2396394216e-05
 173.0000000000    1.3636671025e-06    2.2342849445e-05
 173.5000000000    1.3638867970e-06    2.2376850807e-05
 174.0000000000    1.3642978313e-06    2.2417778748e-05
 174.5000000000    1.3646269377e-06    2.2460456460e-05
 175.0000000000    1.3651250824e-06    2.2504188495e-05
 175.5000000000    1.3660516883e-06    2.2549006328e-05
 176.0000000000    1.3669180452e-06    2.2584224444e-05
 176.5000000000    1.3678960458e-06    2.2626821737e-05
 177.0000000000    1.3688621603e-06    2.2682520320e-05
 177.5000000000    1.3699617039e-06    2.2720397838e-05
 178.0000000000    1.3710469717e-06    2.2767188516e-05
 178.5000000000    1.3724723788e-06    2.2812598473e-05
 179.0000000000    1.3739386630e-06    2.2857540247e-05
 179.5000000000    1.3753310224e-06    2.2902544776e-05
 180.0000000000    1.3768828655e-06    2.2945792808e-05
 180.5000000000    1.3785267262e-06    2.2984871501e-05
 181.0000000000    1.3803445591e-06    2.3070390422e-05
 181.5000000000    1.3821277486e-06    2.3076971730e-05
 182.0000000000    1.3839905919e-06    2.3122928684e-05
 182.5000000000    1.3859691947e-06    2.3169445181e-05
 183.0000000000    1.3882599380e-06    2.3214869683e-05
 183.5000000000    1.3907034749e-06    2.3260215169e-05
 184.0000000000    1.3935069446e-06    2.3324455110e-05
 184.5000000000    1.3966187374e-06    2.3362233655e-05
 185.0000000000    1.4002709459e-06    2.3399101999e-05
 185.5000000000    1.4040523946e-06    2.3451067024e-05
 186.0000000000    1.4076634323e-06    2.3485412445e-05
 186.5000000000    1.4106174774e-06    2.3531510509e-05
 187.0000000000    1.4125246293e-06    2.3577036280e-05
 187.5000000000    1.4142943228e-06    2.3622595341e-05
 188.0000000000    1.4154583779e-06    2.3668418531e-05
 188.5000000000    1.4170861501e-06    2.3725577126e-05
 189.0000000000    1.4193780582e-06    2.3766977524e-05
 189.5000000000    1.4221403811e-06    2.3819152859e-05
 190.0000000000    1.4255984649e-06    2.3853147970e-05
 190.5000000000    1.4292589564e-06    2.3899410210e-05
 191.0000000000    1.4336381312e-06    2.3945177509e-05
 191.5000000000    1.4388657072e-06    2.3991289653e-05
 192.0000000000    1.4444610741e-06    2.4037685956e-05
 192.5000000000    1.4486807280e-06    2.4084277857e-05
 193.0000000000    1.4503893576e-06    2.4130535197e-05
 193.5000000000    1.4496426475e-06    2.4187245904e-05
 194.0000000000    1.4486131789e-06    2.4224226657e-05
 194.5000000000    1.4496297444e-06    2.4272323899e-05
 195.0000000000    1.4539816142e-06    2.4319202447e-05
 195.5000000000    1.4604498026e-06    2.4366187708e-05
 196.0000000000    1.4661012552e-06    2.4413418640e-05
 196.5000000000    1.4692980979e-06    2.4460729912e-05
 197.0000000000    1.4692524369e-06    2.4510672811e-05
 197.5000000000    1.4686281337e-06    2.4568235491e-05
 198.0000000000    1.4693209380e-06    2.4605411944e-05
 198.5000000000    1.4726530448e-06    2.4653516685e-05
 199.0000000000    1.4773183230e-06    2.4700649290e-05
 199.5000000000    1.4814528516e-06    2.4748309207e-05
 200.0000000000    1.4841641421e-06    2.4796286187e-05
 200.5000000000    1.4859377849e-06    2.4844420784e-05
 201.0000000000    1.4881335191e-06    2.4892682652e-05
 201.5000000000    1.4910025537e-06    2.4951950768e-05
 202.0000000000    1.4942492399e-06    2.4991546279e-05
 202.5000000000    1.4974818764e-06    2.5040955850e-05
 203.0000000000    1.5002939436e-06    2.5089207335e-05
 203.5000000000    1.5030539735e-06    2.5137993250e-05
 204.0000000000    1.5059303187e-06    2.5187088100e-05
 204.5000000000    1.5089983593e-06    2.5236249164e-05
 205.0000000000    1.5118879138e-06    2.5285545290e-05
 205.5000000000    1.5145848934e-06    2.5345381174e-05
 206.0000000000    1.5175257935e-06    2.5386996313e-05
 206.5000000000    1.5206593488e-06    2.5437192887e-05
 207.0000000000    1.5237952625e-06    2.5486430405e-05
 207.5000000000    1.5268986814e-06    2.5536331200e-05
 208.0000000000    1.5299374576e-06    2.5586507068e-05
 208.5000000000    1.5330576047e-06    2.5636807109e-05
 209.0000000000    1.5361816841e-06    2.5734337180e-05
 209.5000000000    1.5394872883e-06    2.5740025261e-05
 210.0000000000    1.5428412817e-06    2.5792155763e-05
 210.5000000000    1.5461317596e-06    2.5842071293e-05
 211.0000000000    1.5494146456e-06    2.5892842421e-05
 211.5000000000    1.5529216390e-06    2.5944085014e-05
 212.0000000000    1.5558528120e-06    2.5995581624e-05
 212.5000000000    1.5596066107e-06    2.6047187349e-05
 213.0000000000    1.5637785429e-06    2.6107307065e-05
 213.5000000000    1.5689160373e-06    2.6155378039e-05
 214.0000000000    1.5759356019e-06    2.6206478810e-05
 214.5000000000    1.5861839272e-06    2.6257709937e-05
 215.0000000000    1.6008494118e-06    2.6310017570e-05
 215.5000000000    1.6200931277e-06    2.6362683825e-05
 216.0000000000    1.6416543502e-06    2.6415605619e-05
 216.5000000000    1.6613561007e-06    2.6512449301e-05
 217.0000000000    1.6740198469e-06    2.6523847735e-05
 217.5000000000    1.6764088300e-06    2.6581620329e-05
 218.0000000000    1.6712231209e-06    2.6632977346e-05
 218.5000000000    1.6687873665e-06    2.6685846775e-05
 219.0000000000    1.6836745948e-06    2.6739565646e-05
 219.5000000000    1.7255731183e-06    2.6793777816e-05
 220.0000000000    1.7898837383e-06    2.6888476269e-05
 220.5000000000    1.8572164209e-06    2.6905121156e-05
 221.0000000000    1.9041134860e-06    2.6961000320e-05
 221.5000000000    1.9155131559e-06    2.7014445962e-05
 222.0000000000    1.8939692644e-06    2.7069719935e-05
 222.5000000000    1.8599451178e-06    2.7125747622e-05
 223.0000000000    1.8407348505e-06    2.7182127631e-05
 223.5000000000    1.8513874455e-06    2.7238759689e-05
 224.0000000000    1.8827332821e-06    2.7299461626e-05
 224.5000000000    1.9097458115e-06    2.7355644158e-05
 225.0000000000    1.9122337404e-06    2.7410973140e-05
 225.5000000000    1.8880688757e-06    2.7466980865e-05
 226.0000000000    1.8535087015e-06    2.7524058996e-05
 226.5000000000    1.8300132198e-06    2.7582055833e-05
 227.0000000000    1.8267774178e-06    2.7670862215e-05
 227.5000000000    1.8347961065e-06    2.7701564515e-05
 228.0000000000    1.8375921078e-06    2.7759628264e-05
 228.5000000000    1.8265016775e-06    2.7818126333e-05
 229.0000000000    1.8067790825e-06    2.7886482227e-05
 229.5000000000    1.7899055411e-06    2.7941887052e-05
 230.0000000000    1.7834345074e-06    2.7998425484e-05
 230.5000000000    1.7845196196e-06    2.8058443077e-05
 231.0000000000    1.7851896435e-06    2.8118607980e-05
 231.5000000000    1.7811361474e-06    2.8177633942e-05
 232.0000000000    1.7748770147e-06    2.8238607253e-05
 232.5000000000    1.7715875009e-06    2.8299770053e-05
 233.0000000000    1.7757954900e-06    2.8815623343e-05
 233.5000000000    1.7794438335e-06    2.8488794295e-05
 234.0000000000    1.7862270903e-06    3.0827158320e-05
 234.5000000000    1.7896930661e-06    3.5150151327e-05
 235.0000000000    1.7948664120e-06    3.9862831596e-05
 235.5000000000    1.8028603244e-06    4.3881568247e-05
 236.0000000000    1.8139965130e-06    4.7361231946e-05
 236.5000000000    1.8329967386e-06    3.0214475185e-05
 237.0000000000    1.8201196735e-06    3.0022743138e-05
 237.5000000000    1.8198149190e-06    3.0576305465e-05
 238.0000000000    1.8218631951e-06    2.9890298705e-05
 238.5000000000    1.8256467110e-06    2.9154990987e-05
 239.0000000000    1.8288748027e-06    2.9176630892e-05
 239.5000000000    1.8324138969e-06    2.9325575019e-05
 240.0000000000    1.8359280147e-06    2.9307946311e-05
 240.5000000000    1.8394555060e-06    2.9388242807e-05
 241.0000000000    1.8447083427e-06    3.0073854604e-05
 241.5000000000    1.8477401873e-06    2.9702199198e-05
 242.0000000000    1.8513463556e-06    2.9548711905e-05
 242.5000000000    1.8545936551e-06    2.9613777201e-05
 243.0000000000    1.8577134962e-06    2.9717130760e-05
 243.5000000000    1.8610319760e-06    2.9739146705e-05
 244.0000000000    1.8645348946e-06    2.9804131178e-05
 244.5000000000    1.8682763178e-06    2.9875632592e-05
 245.0000000000    1.8721797575e-06    2.9939988318e-05
 245.5000000000    1.8763413108e-06    3.0019315073e-05
 246.0000000000    1.8805218007e-06    3.0089126865e-05
 246.5000000000    1.8847306620e-06    3.0161764969e-05
 247.0000000000    1.8889135727e-06    3.0236359399e-05
 247.5000000000    1.8934851248e-06    3.0327273692e-05
 248.0000000000    1.8983104573e-06    3.0391623890e-05
 248.5000000000    1.9037239588e-06    3.0460017260e-05
 249.0000000000    1.9092174307e-06    3.0532383534e-05
 249.5000000000    1.9148272468e-06    3.0607592300e-05
 250.0000000000    1.9205501622e-06    3.0683445697e-05
 250.5000000000    1.9264131510e-06    3.0760150931e-05
 251.0000000000    1.9325521258e-06    3.0837621141e-05
 251.5000000000    1.9388218458e-06    3.0909052714e-05
 252.0000000000    1.9453668572e-06    3.0986334715e-05
 252.5000000000    1.9516155115e-06    3.1066982323e-05
 253.0000000000    1.9581455153e-06    3.1148492967e-05
 253.5000000000    1.9646677563e-06    3.1230540866e-05
 254.0000000000    1.9712296533e-06    3.1312778524e-05
 254.5000000000    1.9779242284e-06    3.1395363718e-05
 255.0000000000    1.9845906778e-06    3.1500581107e-05
 255.5000000000    1.9913277642e-06    3.1571605430e-05
 256.0000000000    1.9977309900e-06    3.1648521401e-05
 256.5000000000    2.0043603204e-06    3.1730382136e-05
 257.0000000000    2.0108241913e-06    3.1814713907e-05
 257.5000000000    2.0172965068e-06    3.1900650964e-05
 258.0000000000    2.0239216163e-06    3.1987776479e-05
 258.5000000000    2.0306424845e-06    3.2099102160e-05
 259.0000000000    2.0374664588e-06    3.2174060705e-05
 259.5000000000    2.0439623560e-06    3.2255901886e-05
 260.0000000000    2.0503086225e-06    3.2343187331e-05
 260.5000000000    2.0562662974e-06    3.2433175837e-05
 261.0000000000    2.0620384405e-06    3.2524991430e-05
 261.5000000000    2.0679904746e-06    3.2618185734e-05
 262.0000000000    2.0745212346e-06    3.2766906707e-05
 262.5000000000    2.0817298512e-06    3.2817943895e-05
 263.0000000000    2.0893199891e-06    3.2905517052e-05
 263.5000000000    2.0968838424e-06    3.2998460107e-05
 264.0000000000    2.1036450325e-06    3.3092544768e-05
 264.5000000000    2.1095459326e-06    3.3193445893e-05
 265.0000000000    2.1151375183e-06    3.3290972253e-05
 265.5000000000    2.1213504193e-06    3.3417927866e-05
 266.0000000000    2.1288813813e-06    3.3503102401e-05
 266.5000000000    2.1376816488e-06    3.3597938770e-05
 267.0000000000    2.1467402710e-06    3.3699121123e-05
 267.5000000000    2.1550684164e-06    3.3802892905e-05
 268.0000000000    2.1622390906e-06    3.3909258172e-05
 268.5000000000    2.1687440660e-06    3.4017012013e-05
 269.0000000000    2.1755074144e-06    3.4151325316e-05
 269.5000000000    2.1832970848e-06    3.4246557925e-05
 270.0000000000    2.1919413109e-06    3.4347569216e-05
 270.5000000000    2.2009303328e-06    3.4458540317e-05
 271.0000000000    2.2095917632e-06    3.4569892003e-05
 271.5000000000    2.2177085695e-06    3.4685578325e-05
 272.0000000000    2.2256379225e-06    3.4802132616e-05
 272.5000000000    2.2339598183e-06    3.4908968805e-05
 273.0000000000    2.2425044670e-06    3.5027573167e-05
 273.5000000000    2.2514521322e-06    3.5150679434e-05
 274.0000000000    2.2603404690e-06    3.5275253309e-05
 274.5000000000    2.2691056209e-06    3.5401139723e-05
 275.0000000000    2.2779409348e-06    3.5528537927e-05
 275.5000000000    2.2869175183e-06    3.5694014254e-05
 276.0000000000    2.2959603689e-06    3.5793153208e-05
 276.5000000000    2.3051516585e-06    3.5916376727e-05
 277.0000000000    2.3142330512e-06    3.6045622539e-05
 277.5000000000    2.3232916782e-06    3.6179459007e-05
 278.0000000000    2.3323001717e-06    3.6316574857e-05
 278.5000000000    2.3414891683e-06    3.6455006334e-05
 279.0000000000    2.3509447633e-06    3.6583450789e-05
 279.5000000000    2.3603410170e-06    3.6725274838e-05
 280.0000000000    2.3696659506e-06    3.6872456784e-05
 280.5000000000    2.3789208112e-06    3.7045698306e-05
 281.0000000000    2.3880953058e-06    3.7175877221e-05
 281.5000000000    2.3973410020e-06    3.7355971249e-05
 282.0000000000    2.4067436893e-06    3.7486522637e-05
 282.5000000000    2.4163490520e-06    3.7689748819e-05
 283.0000000000    2.4255151487e-06    3.7875665833e-05
 283.5000000000    2.4343078980e-06    3.7956877144e-05
 284.0000000000    2.4424244891e-06    3.8115363473e-05
 284.5000000000    2.4501070051e-06    3.8283323841e-05
 285.0000000000    2.4581012431e-06    3.8473029349e-05
 285.5000000000    2.4670407233e-06    3.8622616508e-05
 286.0000000000    2.4768203216e-06    3.8791242692e-05
 286.5000000000    2.4865675387e-06    3.8968907525e-05
 287.0000000000    2.4953235188e-06    3.9151619433e-05
 287.5000000000    2.5029534037e-06    3.9363968191e-05
 288.0000000000    2.5101724169e-06    3.9549340670e-05
 288.5000000000    2.5178357040e-06    3.9721494374e-05
 289.0000000000    2.5261057086e-06    3.9907211546e-05
 289.5000000000    2.5342432577e-06    4.0107528629e-05
 290.0000000000    2.5415371460e-06    4.0313033166e-05
 290.5000000000    2.5479167486e-06    4.0522222127e-05
 291.0000000000    2.5539078009e-06    4.0724019888e-05
 291.5000000000    2.5596758040e-06    4.0943103309e-05
 292.0000000000    2.5652793614e-06    4.1168243557e-05
 292.5000000000    2.5702173685e-06    4.1396678967e-05
 293.0000000000    2.5740901093e-06    4.1630876348e-05
 293.5000000000    2.5769935250e-06    4.1878308769e-05
 294.0000000000    2.5792686819e-06    4.2103013307e-05
 294.5000000000    2.5807484091e-06    4.2361632857e-05
 295.0000000000    2.5816594795e-06    4.2613546551e-05
 295.5000000000    2.5818199707e-06    4.2880901076e-05
 296.0000000000    2.5813023569e-06    4.3189654570e-05
 296.5000000000    2.5802524050e-06    4.3446213129e-05
 297.0000000000    2.5787997455e-06    4.3727528829e-05
 297.5000000000    2.5773075182e-06    4.3990896378e-05
 298.0000000000    2.5761422199e-06    4.4301202668e-05
 298.5000000000    2.5758042688e-06    4.4611332717e-05
 299.0000000000    2.5769927678e-06    4.4952825842e-05
 299.5000000000    2.5805388335e-06    4.5279151276e-05
 300.0000000000    2.5873998652e-06    4.5617424326e-05
 300.5000000000    2.5989355004e-06    4.5958799213e-05
 301.0000000000    2.6164667903e-06    4.6339607726e-05
 301.5000000000    2.6415311806e-06    4.6723359226e-05
 302.0000000000    2.6756554743e-06    4.7136660234e-05
 302.5000000000    2.7204961652e-06    4.7559117841e-05
 303.0000000000    2.7772005019e-06    4.8022685343e-05
 303.5000000000    2.8470904524e-06    4.8511607147e-05
 304.0000000000    2.9309689826e-06    4.9045640107e-05
 304.5000000000    3.0291410353e-06    4.9653351626e-05
 305.0000000000    3.1416753634e-06    5.0309756864e-05
 305.5000000000    3.2679841580e-06    5.1084159802e-05
 306.0000000000    3.4075099545e-06    5.1991091126e-05
 306.5000000000    3.5591852467e-06    5.3119900955e-05
 307.0000000000    3.7217715324e-06    5.4509574523e-05
 307.5000000000    3.8937150460e-06    5.6284712718e-05
 308.0000000000    4.0731801155e-06    5.8569311171e-05
 308.5000000000    4.2574257161e-06    6.1561358918e-05
 309.0000000000    4.4431455440e-06    6.5489613969e-05
 309.5000000000    4.6254245575e-06    7.0683856775e-05
 310.0000000000    4.7975947457e-06    7.7540627810e-05
 310.5000000000    4.9506549953e-06    8.6493927568e-05
 311.0000000000    5.0729657281e-06    9.8106944420e-05
 311.5000000000    5.1517625883e-06    1.1291649808e-04
 312.0000000000    5.1783218091e-06    1.3154218393e-04
 312.5000000000    5.1649203925e-06    1.5460364728e-04
 313.0000000000    5.2015535315e-06    1.8275694243e-04
 313.5000000000    5.6160181117e-06    2.1666905726e-04
 314.0000000000    7.2255849809e-06    2.5706542332e-04
 314.5000000000    1.1289602432e-05    3.0494007354e-04
 315.0000000000    1.9249762017e-05    3.6281423221e-04
 315.5000000000    3.2850070864e-05    4.3946802991e-04
 316.0000000000    5.3970474706e-05    5.6021766184e-04
 316.5000000000    8.3869744598e-05    7.7176542504e-04
 317.0000000000    1.2224417066e-04    1.1178063704e-03
 317.5000000000    1.6656621836e-04    1.6031457215e-03
 318.0000000000    2.1205623026e-04    2.1846626846e-03
 318.5000000000    2.5266231816e-04    2.7864010883e-03
 319.0000000000    2.8301167405e-04    3.3252413313e-03
 319.5000000000    3.0023667282e-04    3.7371516841e-03
 320.0000000000    3.0443893350e-04    3.9926772207e-03
 320.5000000000    2.9781386066e-04    4.0960859669e-03
 321.0000000000    2.8340921163e-04    4.0733812834e-03
 321.5000000000    2.6424051556e-04    3.9591019785e-03
 322.0000000000    2.4285557539e-04    3.7877128412e-03
 322.5000000000    2.2118262046e-04    3.5896232424e-03
 323.0000000000    2.0053506571e-04    3.3896757444e-03
 323.5000000000    1.8170519011e-04    3.2065551946e-03
 324.0000000000    1.6509406945e-04    3.0526421194e-03
 324.5000000000    1.5083448818e-04    2.9343597265e-03
 325.0000000000    1.3888513028e-04    2.8530759519e-03
 325.5000000000    1.2909524152e-04    2.8064177242e-03
 326.0000000000    1.2124872839e-04    2.7896986963e-03
 326.5000000000    1.1509625059e-04    2.7971610770e-03
 327.0000000000    1.1037923619e-04    2.8228857453e-03
 327.5000000000    1.0684741143e-04    2.8613548428e-03
 328.0000000000    1.0426999894e-04    2.9077469619e-03
 328.5000000000    1.0244168965e-04    2.9580480503e-03
 329.0000000000    1.0118445560e-04    3.0090528729e-03
 329.5000000000    1.0034720204e-04    3.0583039897e-03
 330.0000000000    9.9803808858e-05    3.1040015527e-03
 330.5000000000    9.9450913457e-05    3.1449024050e-03
 331.0000000000    9.9205332462e-05    3.1802215296e-03
 331.5000000000    9.9001795505e-05    3.2095414116e-03
 332.0000000000    9.8790670091e-05    3.2327332475e-03
 332.5000000000    9.8535954937e-05    3.2498904891e-03
 333.0000000000    9.8213389523e-05    3.2612746260e-03
 333.5000000000    9.7808720501e-05    3.2672720434e-03
 334.0000000000    9.7316042739e-05    3.2683582018e-03
 334.5000000000    9.6736324980e-05    3.2650725918e-03
 335.0000000000    9.6076077865e-05    3.2579965322e-03
 335.5000000000    9.5345972716e-05    3.2477347528e-03
 336.0000000000    9.4559716336e-05    3.2349008093e-03
 336.5000000000    9.3732920328e-05    3.2201041267e-03
 337.0000000000    9.2882063954e-05    3.2039384429e-03
 337.5000000000    9.2023640876e-05    3.1869717288e-03
 338.0000000000    9.1173374325e-05    3.1697374574e-03
 338.5000000000    9.0345634178e-05    3.1527291324e-03
 339.0000000000    8.9552993290e-05    3.1363857221e-03
 339.5000000000    8.8806065665e-05    3.1211046572e-03
 340.0000000000    8.8113281448e-05    3.1072212029e-03
 340.5000000000    8.7480967180e-05    3.0950184878e-03
 341.0000000000    8.6913443711e-05    3.0847204768e-03
 341.5000000000    8.6413184089e-05    3.0764973257e-03
 342.0000000000    8.5981154607e-05    3.0704634807e-03
 342.5000000000    8.5616938672e-05    3.0666820248e-03
 343.0000000000    8.5319133256e-05    3.0651653406e-03
 343.5000000000    8.5085515589e-05    3.0658788855e-03
 344.0000000000    8.4913324921e-05    3.0687432211e-03
 344.5000000000    8.4799345402e-05    3.0736377934e-03
 345.0000000000    8.4740111480e-05    3.0804042348e-03
 345.5000000000    8.4731894499e-05    3.0888509294e-03
 346.0000000000    8.4770809454e-05    3.0987578272e-03
 346.5000000000    8.4852781465e-05    3.1098823047e-03
 347.0000000000    8.4973517885e-05    3.1219653557e-03
 347.5000000000    8.5128523235e-05    3.1347385276e-03
 348.0000000000    8.5313046129e-05    3.1479309676e-03
 348.5000000000    8.5522020530e-05    3.1612766408e-03
 349.0000000000    8.5750212728e-05    3.1745211617e-03
 349.5000000000    8.5992207563e-05    3.1874280242e-03
 350.0000000000    8.6242391559e-05    3.1997839522e-03
 350.5000000000    8.6495304263e-05    3.2114032920e-03
 351.0000000000    8.6745515829e-05    3.2221313256e-03
 351.5000000000    8.6987839614e-05    3.2318442174e-03
 352.0000000000    8.7217490817e-05    3.2404517341e-03
 352.5000000000    8.7430184304e-05    3.2478959810e-03
 353.0000000000    8.7622207732e-05    3.2541494978e-03
 353.5000000000    8.7790546217e-05    3.2592121972e-03
 354.0000000000    8.7932960921e-05    3.2631124962e-03
 354.5000000000    8.8048007346e-05    3.2659017907e-03
 355.0000000000    8.8135066996e-05    3.2676525058e-03
 355.5000000000    8.8194236187e-05    3.2684545342e-03
 356.0000000000    8.8226318378e-05    3.2684116111e-03
 356.5000000000    8.8232700506e-05    3.2676376607e-03
 357.0000000000    8.8215312761e-05    3.2662538181e-03
 357.5000000000    8.8176562629e-05    3.2643854157e-03
 358.0000000000    8.8119322386e-05    3.2621591587e-03
 358.5000000000    8.8046854561e-05    3.2596999844e-03
 359.0000000000    8.7962460820e-05    3.2571281491e-03
 359.5000000000    8.7869352658e-05    3.2545565926e-03
 360.0000000000    8.7770636472e-05    3.2520889304e-03
 360.5000000000    8.7668980325e-05    3.2498181520e-03
 361.0000000000    8.7566945269e-05    3.2478258140e-03
 361.5000000000    8.7466933018e-05    3.2461814501e-03
 362.0000000000    8.7371119712e-05    3.2449420131e-03
 362.5000000000    8.7281439016e-05    3.2441517211e-03
 363.0000000000    8.7199357676e-05    3.2438424027e-03
 363.5000000000    8.7125928829e-05    3.2440339982e-03
 364.0000000000    8.7061796184e-05    3.2447350412e-03
 364.5000000000    8.7007476025e-05    3.2459428064e-03
 365.0000000000    8.6963306337e-05    3.2476434530e-03
 365.5000000000    8.6929722975e-05    3.2498124589e-03
 366.0000000000    8.6906894029e-05    3.2524156079e-03
 366.5000000000    8.6894724266e-05    3.2554104938e-03
 367.0000000000    8.6892870672e-05    3.2587482627e-03
 367.5000000000    8.6900836851e-05    3.2623751007e-03
 368.0000000000    8.6918018415e-05    3.2662336088e-03
 368.5000000000    8.6943723791e-05    3.2702643844e-03
 369.0000000000    8.6977183753e-05    3.2744079128e-03
 369.5000000000    8.7017414822e-05    3.2786065053e-03
 370.0000000000    8.7063245640e-05    3.2828060257e-03
 370.5000000000    8.7113402613e-05    3.2869569902e-03
 371.0000000000    8.7166494935e-05    3.2910149621e-03
 371.5000000000    8.7221153603e-05    3.2949404630e-03
 372.0000000000    8.7276165461e-05    3.2986988161e-03
 372.5000000000    8.7330246979e-05    3.3022588522e-03
 373.0000000000    8.7382293181e-05    3.3055948643e-03
 373.5000000000    8.7431316969e-05    3.3086837289e-03
 374.0000000000    8.7476605118e-05    3.3115074295e-03
 374.5000000000    8.7517626620e-05    3.3140517163e-03
 375.0000000000    8.7554159782e-05    3.3163077217e-03
 375.5000000000    8.7586289566e-05    3.3182721457e-03
 376.0000000000    8.7614209476e-05    3.3199489208e-03
 376.5000000000    8.7638575620e-05    3.3213500214e-03
 377.0000000000    8.7659976077e-05    3.3224961808e-03
 377.5000000000    8.7679088210e-05    3.3234163516e-03
 378.0000000000    8.7696393612e-05    3.3241465830e-03
 378.5000000000    8.7712192835e-05    3.3247279017e-03
 379.0000000000    8.7726341461e-05    3.3252039629e-03
 379.5000000000    8.7738310981e-05    3.3256181028e-03
 380.0000000000    8.7747095923e-05    3.3260239916e-03
 380.5000000000    8.7751224713e-05    3.3264148221e-03
 381.0000000000    8.7749159746e-05    3.3268570882e-03
 381.5000000000    8.7739154465e-05    3.3273539969e-03
 382.0000000000    8.7719828997e-05    3.3279151478e-03
 382.5000000000    8.7690344530e-05    3.3285440515e-03
 383.0000000000    8.7650670215e-05    3.3292380147e-03
 383.5000000000    8.7601824253e-05    3.3299993638e-03
 384.0000000000    8.7545792173e-05    3.3308282759e-03
 384.5000000000    8.7485529045e-05    3.3317319904e-03
 385.0000000000    8.7424703249e-05    3.3327220767e-03
 385.5000000000    8.7367353003e-05    3.3338148375e-03
 386.0000000000    8.7317338839e-05    3.3350294189e-03
 386.5000000000    8.7278159495e-05    3.3363842592e-03
 387.0000000000    8.7252126634e-05    3.3379068938e-03
 387.5000000000    8.7240371904e-05    3.3395615092e-03
 388.0000000000    8.7242711416e-05    3.3413839440e-03
 388.5000000000    8.7257617406e-05    3.3433429746e-03
 389.0000000000    8.7282557511e-05    3.3454107985e-03
 389.5000000000    8.7314385189e-05    3.3475500611e-03
 390.0000000000    8.7349825990e-05    3.3497223170e-03
 390.5000000000    8.7385817950e-05    3.3518739238e-03
 391.0000000000    8.7420022701e-05    3.3539764890e-03
 391.5000000000    8.7450975872e-05    3.3559998526e-03
 392.0000000000    8.7478144721e-05    3.3579280714e-03
 392.5000000000    8.7501870943e-05    3.3597529922e-03
 393.0000000000    8.7523054888e-05    3.3614806453e-03
 393.5000000000    8.7542872257e-05    3.3631307023e-03
 394.0000000000    8.7562464495e-05    3.3647204155e-03
 394.5000000000    8.7582642706e-05    3.3662701459e-03
 395.0000000000    8.7603654124e-05    3.3677959528e-03
 395.5000000000    8.7625371175e-05    3.3693074753e-03
 396.0000000000    8.7647085134e-05    3.3708060177e-03
 396.5000000000    8.7667810444e-05    3.3722846719e-03
 397.0000000000    8.7686609877e-05    3.3737300990e-03
 397.5000000000    8.7702559285e-05    3.3751255428e-03
 398.0000000000    8.7715074995e-05    3.3764543228e-03
 398.5000000000    8.7723972504e-05    3.3777032247e-03
 399.0000000000    8.7729396973e-05    3.3788651384e-03
 399.5000000000    8.7731784255e-05    3.3799406004e-03
 400.0000000000    8.7731790371e-05    3.3809380399e-03
 400.5000000000    8.7730124744e-05    3.3818727273e-03
 401.0000000000    8.7727406734e-05    3.3827647393e-03
 401.5000000000    8.7724133626e-05    3.3836362351e-03
 402.0000000000    8.7720667421e-05    3.3845085743e-03
 402.5000000000    8.7717208257e-05    3.3853998554e-03
 403.0000000000    8.7713858818e-05    3.3863232220e-03
 403.5000000000    8.7710645271e-05    3.3872861213e-03
 404.0000000000    8.7707691511e-05    3.3882905632e-03
 404.5000000000    8.7705012869e-05    3.3893342161e-03
 405.0000000000    8.7702649450e-05    3.3904120069e-03
 405.5000000000    8.7700891236e-05    3.3915178619e-03
 406.0000000000    8.7699764073e-05    3.3926462436e-03
 406.5000000000    8.7699445024e-05    3.3937930944e-03
 407.0000000000    8.7700039147e-05    3.3949562324e-03
 407.5000000000    8.7701673398e-05    3.3961349885e-03
 408.0000000000    8.7704384915e-05    3.3973293753e-03
 408.5000000000    8.7708281331e-05    3.3985391143e-03
 409.0000000000    8.7713363315e-05    3.3997626829e-03
 409.5000000000    8.7719663055e-05    3.4009966010e-03
 410.0000000000    8.7727097762e-05    3.4022354123e-03
 410.5000000000    8.7735492192e-05    3.4034723176e-03
 411.0000000000    8.7744532699e-05    3.4047002669e-03
 411.5000000000    8.7753789823e-05    3.4059132420e-03
 412.0000000000    8.7762730879e-05    3.4071074606e-03
 412.5000000000    8.7770785604e-05    3.4082822348e-03
 413.0000000000    8.7777450321e-05    3.4094401006e-03
 413.5000000000    8.7782331909e-05    3.4105862000e-03
 414.0000000000    8.7785240285e-05    3.4117271912e-03
 414.5000000000    8.7786217969e-05    3.4128697011e-03
 415.0000000000    8.7785514492e-05    3.4140187162e-03
 415.5000000000    8.7783566890e-05    3.4151762503e-03
 416.0000000000    8.7781041170e-05    3.4163405557e-03
 416.5000000000    8.7778567071e-05    3.4175060867e-03
 417.0000000000    8.7776800815e-05    3.4186642445e-03
 417.5000000000    8.7776194608e-05    3.4198048785e-03
 418.0000000000    8.7777079833e-05    3.4209181753e-03
 418.5000000000    8.7779515510e-05    3.4219964952e-03
 419.0000000000    8.7783372465e-05    3.4230358843e-03
 419.5000000000    8.7788321174e-05    3.4240369600e-03
 420.0000000000    8.7793957470e-05    3.4250049864e-03
 420.5000000000    8.7799882630e-05    3.4259491217e-03
 421.0000000000    8.7805663536e-05    3.4268809445e-03
 421.5000000000    8.7811104562e-05    3.4278125507e-03
 422.0000000000    8.7816026161e-05    3.4287545816e-03
 422.5000000000    8.7820562413e-05    3.4297145335e-03
 423.0000000000    8.7824714013e-05    3.4306956672e-03
 423.5000000000    8.7828844115e-05    3.4316966817e-03
 424.0000000000    8.7833196316e-05    3.4327122414e-03
 424.5000000000    8.7837908718e-05    3.4337342121e-03
 425.0000000000    8.7843060001e-05    3.4347533259e-03
 425.5000000000    8.7848503320e-05    3.4357610264e-03
 426.0000000000    8.7853964206e-05    3.4367510126e-03
 426.5000000000    8.7859145810e-05    3.4377203027e-03
 427.0000000000    8.7863794893e-05    3.4386695957e-03
 427.5000000000    8.7867821158e-05    3.4396030024e-03
 428.0000000000    8.7871314640e-05    3.4405271767e-03
 428.5000000000    8.7874417889e-05    3.4414500127e-03
 429.0000000000    8.7877389032e-05    3.4423792179e-03
 429.5000000000    8.7880423659e-05    3.4433209440e-03
 430.0000000000    8.7883622687e-05    3.4442787947e-03
 430.5000000000    8.7887033705e-05    3.4452533265e-03
 431.0000000000    8.7890675670e-05    3.4462421246e-03
 431.5000000000    8.7894570739e-05    3.4472404657e-03
 432.0000000000    8.7898748453e-05    3.4482421758e-03
 432.5000000000    8.7903198036e-05    3.4492406242e-03
 433.0000000000    8.7907834588e-05    3.4502297103e-03
 433.5000000000    8.7912491433e-05    3.4512045971e-03
 434.0000000000    8.7916952948e-05    3.4521623179e-03
 434.5000000000    8.7921053886e-05    3.4531020075e-03
 435.0000000000    8.7924728972e-05    3.4540248273e-03
 435.5000000000    8.7928055759e-05    3.4549336471e-03
 436.0000000000    8.7931236094e-05    3.4558323769e-03
 436.5000000000    8.7934391706e-05    3.4567252254e-03
 437.0000000000    8.7937667876e-05    3.4576160075e-03
 437.5000000000    8.7941147056e-05    3.4585075285e-03
 438.0000000000    8.7944577509e-05    3.4594012324e-03
 438.5000000000    8.7948023472e-05    3.4602970919e-03
 439.0000000000    8.7951382977e-05    3.4611937869e-03
 439.5000000000    8.7954553356e-05    3.4620890343e-03
 440.0000000000    8.7957486963e-05    3.4629801119e-03
 440.5000000000    8.7960073887e-05    3.4638644323e-03
 441.0000000000    8.7962194459e-05    3.4647400285e-03
 441.5000000000    8.7963806019e-05    3.4656058970e-03
 442.0000000000    8.7964901430e-05    3.4664628112e-03
 442.5000000000    8.7965611292e-05    3.4673099983e-03
 443.0000000000    8.7966130375e-05    3.4681509761e-03
 443.5000000000    8.7966653757e-05    3.4689874213e-03
 444.0000000000    8.7967403730e-05    3.4698220490e-03
 444.5000000000    8.7968507760e-05    3.4706554381e-03
 445.0000000000    8.7970098243e-05    3.4714904541e-03
 445.5000000000    8.7972259446e-05    3.4723273693e-03
 446.0000000000    8.7975014161e-05    3.4731665997e-03
 446.5000000000    8.7978343806e-05    3.4740083588e-03
 447.0000000000    8.7982150001e-05    3.4748516485e-03
 447.5000000000    8.7986301175e-05    3.4756952227e-03
 448.0000000000    8.7990662493e-05    3.4765376415e-03
 448.5000000000    8.7995081930e-05    3.4773773301e-03
 449.0000000000    8.7999433843e-05    3.4782128998e-03
 449.5000000000    8.8003626617e-05    3.4790441007e-03
 450.0000000000    8.8007588932e-05    3.4798686119e-03
 450.5000000000    8.8011304276e-05    3.4806880629e-03
 451.0000000000    8.8014779071e-05    3.4815025090e-03
 451.5000000000    8.8018063260e-05    3.4823129596e-03
 452.0000000000    8.8021223048e-05    3.4831204737e-03
 452.5000000000    8.8024331714e-05    3.4839261263e-03
 453.0000000000    8.8027452647e-05    3.4847306607e-03
 453.5000000000    8.8030621598e-05    3.4855344205e-03
 454.0000000000    8.8033842672e-05    3.4863400029e-03
 454.5000000000    8.8037108197e-05    3.4871509606e-03
 455.0000000000    8.8040371780e-05    3.4879399363e-03
 455.5000000000    8.8043652858e-05    3.4887384251e-03
 456.0000000000    8.8046907394e-05    3.4895336098e-03
 456.5000000000    8.8050083795e-05    3.4903249600e-03
 457.0000000000    8.8053163862e-05    3.4911114225e-03
 457.5000000000    8.8056121944e-05    3.4918924117e-03
 458.0000000000    8.8058961831e-05    3.4926676433e-03
 458.5000000000    8.8061713560e-05    3.4934373130e-03
 459.0000000000    8.8064376366e-05    3.4942020790e-03
 459.5000000000    8.8066999843e-05    3.4949629982e-03
 460.0000000000    8.8069611202e-05    3.4957211963e-03
 460.5000000000    8.8072239970e-05    3.4964776197e-03
 461.0000000000    8.8074867559e-05    3.4972330701e-03
 461.5000000000    8.8077523284e-05    3.4979880162e-03
 462.0000000000    8.8080171570e-05    3.4987425638e-03
 462.5000000000    8.8082816511e-05    3.4994967167e-03
 463.0000000000    8.8085449678e-05    3.5002503362e-03
 463.5000000000    8.8088050290e-05    3.5010031649e-03
 464.0000000000    8.8090620187e-05    3.5017549318e-03
 464.5000000000    8.8093144464e-05    3.5025067553e-03
 465.0000000000    8.8095635806e-05    3.5032547754e-03
 465.5000000000    8.8098102767e-05    3.5040012386e-03
 466.0000000000    8.8100611329e-05    3.5047452002e-03
 466.5000000000    8.8103134532e-05    3.5054864634e-03
 467.0000000000    8.8105715786e-05    3.5062249621e-03
 467.5000000000    8.8108351506e-05    3.5069604010e-03
 468.0000000000    8.8111058797e-05    3.5076928094e-03
 468.5000000000    8.8113836345e-05    3.5084222563e-03
 469.0000000000    8.8116664829e-05    3.5091487345e-03
 469.5000000000    8.8119542032e-05    3.5098735907e-03
 470.0000000000    8.8122443253e-05    3.5105931528e-03
 470.5000000000    8.8125372137e-05    3.5113106753e-03
 471.0000000000    8.8128302144e-05    3.5120250098e-03
 471.5000000000    8.8131213031e-05    3.5127358059e-03
 472.0000000000    8.8134080977e-05    3.5134431644e-03
 472.5000000000    8.8136920108e-05    3.5141465579e-03
 473.0000000000    8.8139698143e-05    3.5148512037e-03
 473.5000000000    8.8142384511e-05    3.5155428413e-03
 474.0000000000    8.8145026211e-05    3.5162357870e-03
 474.5000000000    8.8147602448e-05    3.5169262283e-03
 475.0000000000    8.8150151575e-05    3.5176143349e-03
 475.5000000000    8.8152691567e-05    3.5183001377e-03
 476.0000000000    8.8155237316e-05    3.5189838677e-03
 476.5000000000    8.8157795397e-05    3.5196655127e-03
 477.0000000000    8.8160349663e-05    3.5203451184e-03
 477.5000000000    8.8162883453e-05    3.5210229105e-03
 478.0000000000    8.8165366490e-05    3.5216993467e-03
 478.5000000000    8.8167784554e-05    3.5223750398e-03
 479.0000000000    8.8170149798e-05    3.5230505450e-03
 479.5000000000    8.8172488942e-05    3.5237274607e-03
 480.0000000000    8.8174811509e-05    3.5244020486e-03
 480.5000000000    8.8177197745e-05    3.5250772781e-03
 481.0000000000    8.8179661696e-05    3.5257515730e-03
 481.5000000000    8.8182218288e-05    3.5264260455e-03
 482.0000000000    8.8184810930e-05    3.5270961431e-03
 482.5000000000    8.8187423351e-05    3.5277644044e-03
 483.0000000000    8.8190019731e-05    3.5284312305e-03
 483.5000000000    8.8192582954e-05    3.5290965757e-03
 484.0000000000    8.8195123220e-05    3.5297608007e-03
 484.5000000000    8.8197670095e-05    3.5304235459e-03
 485.0000000000    8.8200252956e-05    3.5310843961e-03
 485.5000000000    8.8202884616e-05    3.5317429693e-03
 486.0000000000    8.8205549370e-05    3.5323990201e-03
 486.5000000000    8.8208208912e-05    3.5330525666e-03
 487.0000000000    8.8210826224e-05    3.5337038555e-03
 487.5000000000    8.8213382366e-05    3.5343531722e-03
 488.0000000000    8.8215891618e-05    3.5350006308e-03
 488.5000000000    8.8218404094e-05    3.5356460588e-03
 489.0000000000    8.8220957073e-05    3.5362890450e-03
 489.5000000000    8.8223565152e-05    3.5369291425e-03
 490.0000000000    8.8226245675e-05    3.5375660900e-03
 490.5000000000    8.8228942716e-05    3.5381999843e-03
 491.0000000000    8.8231599029e-05    3.5388311655e-03
 491.5000000000    8.8234161180e-05    3.5394601351e-03
 492.0000000000    8.8236614828e-05    3.5400873039e-03
 492.5000000000    8.8238975510e-05    3.5407129001e-03
 493.0000000000    8.8241283299e-05    3.5413369493e-03
 493.5000000000    8.8243588308e-05    3.5419593668e-03
 494.0000000000    8.8245921737e-05    3.5425800689e-03
 494.5000000000    8.8248289115e-05    3.5431990563e-03
 495.0000000000    8.8250672932e-05    3.5438164186e-03
 495.5000000000    8.8253060076e-05    3.5444322623e-03
 496.0000000000    8.8255437478e-05    3.5450466404e-03
 496.5000000000    8.8257808343e-05    3.5456594959e-03
 497.0000000000    8.8260190198e-05    3.5462706616e-03
 497.5000000000    8.8262606596e-05    3.5468798861e-03
 498.0000000000    8.8265078655e-05    3.5474868411e-03
 498.5000000000    8.8267618997e-05    3.5480911349e-03
 499.0000000000    8.8270237493e-05    3.5486924012e-03
 499.5000000000    8.8272943381e-05    3.5492903873e-03
 500.0000000000    8.8275746311e-05    3.5498850953e-03
 500.5000000000    8.8278652946e-05    3.5504769630e-03
 501.0000000000    8.8281650237e-05    3.5510670437e-03
 501.5000000000    8.8284699074e-05    3.5516571038e-03
 502.0000000000    8.8287746407e-05    3.5522496125e-03
 502.5000000000    8.8290742450e-05    3.5528475894e-03
 503.0000000000    8.8293681077e-05    3.5534542843e-03
 503.5000000000    8.8296635826e-05    3.5540726851e-03
 504.0000000000    8.8299805701e-05    3.5547048607e-03
 504.5000000000    8.8303527762e-05    3.5553511879e-03
 505.0000000000    8.8308262564e-05    3.5560095601e-03
 505.5000000000    8.8314556176e-05    3.5566747844e-03
 506.0000000000    8.8322968294e-05    3.5573384015e-03
 506.5000000000    8.8333959581e-05    3.5579891276e-03
 507.0000000000    8.8347750910e-05    3.5586140350e-03
 507.5000000000    8.8364202025e-05    3.5592006025e-03
 508.0000000000    8.8382706511e-05    3.5597389521e-03
 508.5000000000    8.8402113185e-05    3.5602239708e-03
 509.0000000000    8.8420763717e-05    3.5606570651e-03
 509.5000000000    8.8436632275e-05    3.5610466446e-03
 510.0000000000    8.8447561699e-05    3.5614073498e-03
 510.5000000000    8.8451554479e-05    3.5617582131e-03
 511.0000000000    8.8447112657e-05    3.5621199706e-03
 511.5000000000    8.8433582105e-05    3.5625120501e-03
 512.0000000000    8.8411310094e-05    3.5629497436e-03
 512.5000000000    8.8381712104e-05    3.5634420377e-03
 513.0000000000    8.8347156503e-05    3.5639903909e-03
 513.5000000000    8.8310660745e-05    3.5645886224e-03
 514.0000000000    8.8275477394e-05    3.5652253497e-03
 514.5000000000    8.8244596838e-05    3.5658797536e-03
 515.0000000000    8.8220374438e-05    3.5665370924e-03
 515.5000000000    8.8204175805e-05    3.5671802362e-03
 516.0000000000    8.8196296808e-05    3.5677977286e-03
 516.5000000000    8.8196024601e-05    3.5683895503e-03
 517.0000000000    8.8201810375e-05    3.5689464708e-03
 517.5000000000    8.8211768399e-05    3.5694886899e-03
 518.0000000000    8.8223944434e-05    3.5700251280e-03
 518.5000000000    8.8236707282e-05    3.5705683348e-03
 519.0000000000    8.8248985735e-05    3.5711286764e-03
 519.5000000000    8.8260309191e-05    3.5717126123e-03
 520.0000000000    8.8270795564e-05    3.5723215070e-03
 520.5000000000    8.8280925681e-05    3.5729520910e-03
 521.0000000000    8.8291260861e-05    3.5735975615e-03
 521.5000000000    8.8302261510e-05    3.5742490113e-03
 522.0000000000    8.8314071540e-05    3.5748969486e-03
 522.5000000000    8.8326497119e-05    3.5755326893e-03
 523.0000000000    8.8339051526e-05    3.5761494807e-03
 523.5000000000    8.8351107098e-05    3.5767433088e-03
 524.0000000000    8.8362063646e-05    3.5773133003e-03
 524.5000000000    8.8371494767e-05    3.5778615872e-03
 525.0000000000    8.8379231161e-05    3.5783926997e-03
 525.5000000000    8.8385369415e-05    3.5789125656e-03
 526.0000000000    8.8390214659e-05    3.5794274354e-03
 526.5000000000    8.8394177234e-05    3.5799428670e-03
 527.0000000000    8.8397663468e-05    3.5804630395e-03
 527.5000000000    8.8400988441e-05    3.5809903466e-03
 528.0000000000    8.8404323339e-05    3.5815253908e-03
 528.5000000000    8.8407689977e-05    3.5820671309e-03
 529.0000000000    8.8410997334e-05    3.5826132168e-03
 529.5000000000    8.8414093989e-05    3.5831604037e-03
 530.0000000000    8.8416828767e-05    3.5837051007e-03
 530.5000000000    8.8419090743e-05    3.5842439826e-03
 531.0000000000    8.8420836164e-05    3.5847745866e-03
 531.5000000000    8.8422083828e-05    3.5852958007e-03
 532.0000000000    8.8422894273e-05    3.5858079255e-03
 532.5000000000    8.8423363524e-05    3.5863126622e-03
 533.0000000000    8.8423614642e-05    3.5868126260e-03
 533.5000000000    8.8423767179e-05    3.5873106894e-03
 534.0000000000    8.8423929060e-05    3.5878095098e-03
 534.5000000000    8.8424191001e-05    3.5883111211e-03
 535.0000000000    8.8424627247e-05    3.5888173085e-03
 535.5000000000    8.8425286495e-05    3.5893264265e-03
 536.0000000000    8.8426195407e-05    3.5898402303e-03
 536.5000000000    8.8427376661e-05    3.5903576725e-03
 537.0000000000    8.8428817515e-05    3.5908712850e-03
 537.5000000000    8.8430486646e-05    3.5913858805e-03
 538.0000000000    8.8432310524e-05    3.5918989483e-03
 538.5000000000    8.8434187448e-05    3.5924107726e-03
 539.0000000000    8.8435995136e-05    3.5929228254e-03
 539.5000000000    8.8437627129e-05    3.5934378654e-03
 540.0000000000    8.8439011585e-05    3.5939599437e-03
 540.5000000000    8.8440143650e-05    3.5944932261e-03
 541.0000000000    8.8441093178e-05    3.5950413401e-03
 541.5000000000    8.8441983486e-05    3.5956059355e-03
 542.0000000000    8.8442986810e-05    3.5961855645e-03
 542.5000000000    8.8444318683e-05    3.5967746340e-03
 543.0000000000    8.8446177637e-05    3.5973626025e-03
 543.5000000000    8.8448680963e-05    3.5979344377e-03
 544.0000000000    8.8451796638e-05    3.5984721780e-03
 544.5000000000    8.8455226656e-05    3.5989574543e-03
 545.0000000000    8.8458280166e-05    3.5993751233e-03
 545.5000000000    8.8459873419e-05    3.5997175212e-03
 546.0000000000    8.8458527132e-05    3.5999880247e-03
 546.5000000000    8.8452512313e-05    3.6002032807e-03
 547.0000000000    8.8440093798e-05    3.6003934942e-03
 547.5000000000    8.8419875133e-05    3.6006000747e-03
 548.0000000000    8.8391205778e-05    3.6008705950e-03
 548.5000000000    8.8354548158e-05    3.6012516449e-03
 549.0000000000    8.8311755657e-05    3.6017807068e-03
 549.5000000000    8.8266177275e-05    3.6024784553e-03
 550.0000000000    8.8222498035e-05    3.6033430560e-03
 550.5000000000    8.8186286690e-05    3.6043478265e-03
 551.0000000000    8.8163310121e-05    3.6054433183e-03
 551.5000000000    8.8158640621e-05    3.6065637855e-03
 552.0000000000    8.8175771400e-05    3.6076371580e-03
 552.5000000000    8.8215885883e-05    3.6085968406e-03
 553.0000000000    8.8277444578e-05    3.6093930213e-03
 553.5000000000    8.8356235963e-05    3.6100011496e-03
 554.0000000000    8.8445838315e-05    3.6104258866e-03
 554.5000000000    8.8538538427e-05    3.6106995181e-03
 555.0000000000    8.8626466731e-05    3.6108752684e-03
 555.5000000000    8.8702707612e-05    3.6110168356e-03
 556.0000000000    8.8762297144e-05    3.6111864165e-03
 556.5000000000    8.8802872792e-05    3.6114335814e-03
 557.0000000000    8.8824754399e-05    3.6117871303e-03
 557.5000000000    8.8830576933e-05    3.6122513160e-03
 558.0000000000    8.8824567427e-05    3.6128069447e-03
 558.5000000000    8.8811477759e-05    3.6134169299e-03
 559.0000000000    8.8795599747e-05    3.6140366199e-03
 559.5000000000    8.8779948174e-05    3.6146145776e-03
 560.0000000000    8.8765915598e-05    3.6151185031e-03
 560.5000000000    8.8753366363e-05    3.6155304430e-03
 561.0000000000    8.8740997769e-05    3.6158286675e-03
 561.5000000000    8.8727110761e-05    3.6160420374e-03
 562.0000000000    8.8710268313e-05    3.6161939713e-03
 562.5000000000    8.8689819867e-05    3.6163187478e-03
 563.0000000000    8.8666156924e-05    3.6164524235e-03
 563.5000000000    8.8640609775e-05    3.6166279122e-03
 564.0000000000    8.8615120530e-05    3.6168684687e-03
 564.5000000000    8.8591698154e-05    3.6171864241e-03
 565.0000000000    8.8571997361e-05    3.6175818463e-03
 565.5000000000    8.8556897873e-05    3.6180441998e-03
 566.0000000000    8.8546388376e-05    3.6185551388e-03
 566.5000000000    8.8539633770e-05    3.6190920344e-03
 567.0000000000    8.8535329493e-05    3.6196326682e-03
 567.5000000000    8.8532063304e-05    3.6201558499e-03
 568.0000000000    8.8528679556e-05    3.6206502320e-03
 568.5000000000    8.8524535357e-05    3.6211076486e-03
 569.0000000000    8.8519652527e-05    3.6215311901e-03
 569.5000000000    8.8514522829e-05    3.6219293334e-03
 570.0000000000    8.8510034545e-05    3.6223148617e-03
 570.5000000000    8.8507103055e-05    3.6227020844e-03
 571.0000000000    8.8506629200e-05    3.6231038837e-03
 571.5000000000    8.8509132521e-05    3.6235292362e-03
 572.0000000000    8.8514843157e-05    3.6239817078e-03
 572.5000000000    8.8523575331e-05    3.6244590736e-03
 573.0000000000    8.8534825925e-05    3.6249543492e-03
 573.5000000000    8.8547793434e-05    3.6254576281e-03
 574.0000000000    8.8561565809e-05    3.6259583139e-03
 574.5000000000    8.8575155565e-05    3.6264471060e-03
 575.0000000000    8.8587691799e-05    3.6269174402e-03
 575.5000000000    8.8598453248e-05    3.6273663493e-03
 576.0000000000    8.8606996261e-05    3.6277944122e-03
 576.5000000000    8.8613119399e-05    3.6282050644e-03
 577.0000000000    8.8616934218e-05    3.6286036483e-03
 577.5000000000    8.8618769152e-05    3.6289962448e-03
 578.0000000000    8.8619168590e-05    3.6293884729e-03
 578.5000000000    8.8618775853e-05    3.6297847320e-03
 579.0000000000    8.8618153839e-05    3.6301877315e-03
 579.5000000000    8.8617787060e-05    3.6305983401e-03
 580.0000000000    8.8618000835e-05    3.6310158240e-03
 580.5000000000    8.8618847219e-05    3.6314382648e-03
 581.0000000000    8.8620197846e-05    3.6318630588e-03
 581.5000000000    8.8621767000e-05    3.6322874403e-03
 582.0000000000    8.8623317260e-05    3.6327089390e-03
 582.5000000000    8.8624592960e-05    3.6331256619e-03
 583.0000000000    8.8625443431e-05    3.6335365026e-03
 583.5000000000    8.8625826177e-05    3.6339412784e-03
 584.0000000000    8.8625836361e-05    3.6343407162e-03
 584.5000000000    8.8625590602e-05    3.6347362495e-03
 585.0000000000    8.8625297097e-05    3.6351297108e-03
 585.5000000000    8.8625107848e-05    3.6355229954e-03
 586.0000000000    8.8625138215e-05    3.6359178034e-03
 586.5000000000    8.8625463216e-05    3.6363154589e-03
 587.0000000000    8.8626154670e-05    3.6367166518e-03
 587.5000000000    8.8627143591e-05    3.6371213808e-03
 588.0000000000    8.8628437221e-05    3.6375290027e-03
 588.5000000000    8.8629954884e-05    3.6379384184e-03
 589.0000000000    8.8631600526e-05    3.6383483055e-03
 589.5000000000    8.8633272174e-05    3.6387573354e-03
 590.0000000000    8.8634826676e-05    3.6391644748e-03
 590.5000000000    8.8636271677e-05    3.6395690700e-03
 591.0000000000    8.8637564594e-05    3.6399708585e-03
 591.5000000000    8.8638803679e-05    3.6403699008e-03
 592.0000000000    8.8640073061e-05    3.6407666578e-03
 592.5000000000    8.8641542853e-05    3.6411618176e-03
 593.0000000000    8.8643262175e-05    3.6415560321e-03
 593.5000000000    8.8645200778e-05    3.6419499063e-03
 594.0000000000    8.8647295050e-05    3.6423439305e-03
 594.5000000000    8.8649369120e-05    3.6427384155e-03
 595.0000000000    8.8651309927e-05    3.6431334389e-03
 595.5000000000    8.8653069290e-05    3.6435288542e-03
 596.0000000000    8.8654725080e-05    3.6439245705e-03
 596.5000000000    8.8656399980e-05    3.6443203452e-03
 597.0000000000    8.8658173766e-05    3.6447156945e-03
 597.5000000000    8.8660063939e-05    3.6451100914e-03
 598.0000000000    8.8662020591e-05    3.6455030283e-03
 598.5000000000    8.8663884636e-05    3.6458938879e-03
 599.0000000000    8.8665736273e-05    3.6462819629e-03
 599.5000000000    8.8667225388e-05    3.6466664816e-03
 600.0000000000    8.8668721226e-05    3.6470465127e-03
 600.5000000000    8.8670231681e-05    3.6474210167e-03
 601.0000000000    8.8671771555e-05    3.6477888057e-03
 601.5000000000    8.8673194258e-05    3.6481485365e-03
 602.0000000000    8.8674737187e-05    3.6484985891e-03
 602.5000000000    8.8676122819e-05    3.6488372316e-03
 603.0000000000    8.8677335363e-05    3.6491626941e-03
 603.5000000000    8.8678472468e-05    3.6494734310e-03
 604.0000000000    8.8679554950e-05    3.6497681467e-03
 604.5000000000    8.8680762804e-05    3.6500457362e-03
 605.0000000000    8.8681995845e-05    3.6503057946e-03
 605.5000000000    8.8683358317e-05    3.6505487209e-03
 606.0000000000    8.8684902772e-05    3.6507759845e-03
 606.5000000000    8.8686581647e-05    3.6509902056e-03
 607.0000000000    8.8688377804e-05    3.6511950951e-03
 607.5000000000    8.8690352839e-05    3.6513961900e-03
 608.0000000000    8.8692445879e-05    3.6515992254e-03
 608.5000000000    8.8694571072e-05    3.6518087975e-03
 609.0000000000    8.8696641876e-05    3.6520295630e-03
 609.5000000000    8.8698581671e-05    3.6522750178e-03
 610.0000000000    8.8700241542e-05    3.6525431007e-03
 610.5000000000    8.8701621161e-05    3.6528449111e-03
 611.0000000000    8.8702673563e-05    3.6531828339e-03
 611.5000000000    8.8703272211e-05    3.6535613092e-03
 612.0000000000    8.8703436794e-05    3.6539820482e-03
 612.5000000000    8.8703114312e-05    3.6544471051e-03
 613.0000000000    8.8702300111e-05    3.6549563044e-03
 613.5000000000    8.8701069912e-05    3.6555085760e-03
 614.0000000000    8.8699590002e-05    3.6561013320e-03
 614.5000000000    8.8697959103e-05    3.6567306823e-03
 615.0000000000    8.8696449281e-05    3.6573916145e-03
 615.5000000000    8.8695348972e-05    3.6580776253e-03
 616.0000000000    8.8694897137e-05    3.6587811915e-03
 616.5000000000    8.8695380964e-05    3.6594938114e-03
 617.0000000000    8.8697071671e-05    3.6602064847e-03
 617.5000000000    8.8700152460e-05    3.6609098881e-03
 618.0000000000    8.8704702704e-05    3.6615947190e-03
 618.5000000000    8.8710749310e-05    3.6622520159e-03
 619.0000000000    8.8718100249e-05    3.6628735180e-03
 619.5000000000    8.8726595454e-05    3.6634520323e-03
 620.0000000000    8.8735976967e-05    3.6639816353e-03
 620.5000000000    8.8745848658e-05    3.6644578985e-03
 621.0000000000    8.8755784802e-05    3.6648780681e-03
 621.5000000000    8.8765326414e-05    3.6652412044e-03
 622.0000000000    8.8774032530e-05    3.6655483209e-03
 622.5000000000    8.8781476394e-05    3.6658023441e-03
 623.0000000000    8.8787274002e-05    3.6660079930e-03
 623.5000000000    8.8791205893e-05    3.6661715122e-03
 624.0000000000    8.8793278778e-05    3.6663004197e-03
 624.5000000000    8.8793307968e-05    3.6664031398e-03
 625.0000000000    8.8791457295e-05    3.6664884072e-03
 625.5000000000    8.8788023360e-05    3.6665647147e-03
 626.0000000000    8.8783514258e-05    3.6666398391e-03
 626.5000000000    8.8778259139e-05    3.6667204204e-03
 627.0000000000    8.8772767367e-05    3.6668117548e-03
 627.5000000000    8.8767533909e-05    3.6669178576e-03
 628.0000000000    8.8762949793e-05    3.6670416206e-03
 628.5000000000    8.8759275407e-05    3.6671851892e-03
 629.0000000000    8.8756588834e-05    3.6673504746e-03
 629.5000000000    8.8754879424e-05    3.6675395133e-03
 630.0000000000    8.8753962794e-05    3.6677548037e-03
 630.5000000000    8.8753521587e-05    3.6679993562e-03
 631.0000000000    8.8753376321e-05    3.6682765751e-03
 631.5000000000    8.8752953848e-05    3.6685899214e-03
 632.0000000000    8.8752235581e-05    3.6689422932e-03
 632.5000000000    8.8751139655e-05    3.6693354959e-03
 633.0000000000    8.8749374869e-05    3.6697696294e-03
 633.5000000000    8.8747445623e-05    3.6702427092e-03
 634.0000000000    8.8745536138e-05    3.6707505752e-03
 634.5000000000    8.8743973981e-05    3.6712869958e-03
 635.0000000000    8.8743219269e-05    3.6718441295e-03
 635.5000000000    8.8743665207e-05    3.6724131408e-03
 636.0000000000    8.8745650372e-05    3.6729848171e-03
 636.5000000000    8.8749340900e-05    3.6735503087e-03
 637.0000000000    8.8754762762e-05    3.6741017067e-03
 637.5000000000    8.8761820019e-05    3.6746324457e-03
 638.0000000000    8.8770131851e-05    3.6751375261e-03
 638.5000000000    8.8779337260e-05    3.6756136260e-03
 639.0000000000    8.8788947069e-05    3.6760591290e-03
 639.5000000000    8.8798551901e-05    3.6764741297e-03
 640.0000000000    8.8807537902e-05    3.6768603369e-03
 640.5000000000    8.8815630430e-05    3.6772209085e-03
 641.0000000000    8.8822490572e-05    3.6775602435e-03
 641.5000000000    8.8827789984e-05    3.6778836124e-03
 642.0000000000    8.8831400803e-05    3.6781967326e-03
 642.5000000000    8.8833211964e-05    3.6785051317e-03
 643.0000000000    8.8833366787e-05    3.6788135815e-03
 643.5000000000    8.8832125760e-05    3.6791256881e-03
 644.0000000000    8.8829887014e-05    3.6794436528e-03
 644.5000000000    8.8827236278e-05    3.6797681881e-03
 645.0000000000    8.8824671081e-05    3.6800988336e-03
 645.5000000000    8.8822659650e-05    3.6804344890e-03
 646.0000000000    8.8821477840e-05    3.6807741423e-03
 646.5000000000    8.8821231048e-05    3.6811176412e-03
 647.0000000000    8.8821903175e-05    3.6814662538e-03
 647.5000000000    8.8823264458e-05    3.6818229277e-03
 648.0000000000    8.8825085538e-05    3.6821923324e-03
 648.5000000000    8.8827126066e-05    3.6825804418e-03
 649.0000000000    8.8829061290e-05    3.6829937831e-03
 649.5000000000    8.8830713466e-05    3.6834385207e-03
 650.0000000000    8.8831894358e-05    3.6839194087e-03
 650.5000000000    8.8832557347e-05    3.6844389222e-03
 651.0000000000    8.8832735259e-05    3.6849966788e-03
 651.5000000000    8.8832491478e-05    3.6855891026e-03
 652.0000000000    8.8832025720e-05    3.6862094348e-03
 652.5000000000    8.8831636263e-05    3.6868480408e-03
 653.0000000000    8.8831252227e-05    3.6874928843e-03
 653.5000000000    8.8831153221e-05    3.6881301601e-03
 654.0000000000    8.8831605496e-05    3.6887449670e-03
 654.5000000000    8.8832564948e-05    3.6893220157e-03
 655.0000000000    8.8834245659e-05    3.6898463338e-03
 655.5000000000    8.8836762786e-05    3.6903039134e-03
 656.0000000000    8.8840257626e-05    3.6906823071e-03
 656.5000000000    8.8844791716e-05    3.6909712514e-03
 657.0000000000    8.8850374731e-05    3.6911632752e-03
 657.5000000000    8.8857015060e-05    3.6912542673e-03
 658.0000000000    8.8864593242e-05    3.6912439848e-03
 658.5000000000    8.8872797176e-05    3.6911363947e-03
 659.0000000000    8.8881340419e-05    3.6909398523e-03
 659.5000000000    8.8889797421e-05    3.6906669985e-03
 660.0000000000    8.8897484171e-05    3.6903344369e-03
 660.5000000000    8.8903940068e-05    3.6899620211e-03
 661.0000000000    8.8908603775e-05    3.6895718787e-03
 661.5000000000    8.8910938800e-05    3.6891872943e-03
 662.0000000000    8.8910697641e-05    3.6888314564e-03
 662.5000000000    8.8907729087e-05    3.6885263096e-03
 663.0000000000    8.8902083490e-05    3.6882915557e-03
 663.5000000000    8.8894072107e-05    3.6881438334e-03
 664.0000000000    8.8884112503e-05    3.6880963140e-03
 664.5000000000    8.8872780576e-05    3.6881585533e-03
 665.0000000000    8.8860764772e-05    3.6883366289e-03
 665.5000000000    8.8848588319e-05    3.6886334201e-03
 666.0000000000    8.8836806630e-05    3.6890489516e-03
 666.5000000000    8.8825953115e-05    3.6895807209e-03
 667.0000000000    8.8816326950e-05    3.6902239716e-03
 667.5000000000    8.8808148044e-05    3.6909717581e-03
 668.0000000000    8.8801697764e-05    3.6918148365e-03
 668.5000000000    8.8797137455e-05    3.6927414492e-03
 669.0000000000    8.8794639938e-05    3.6937370786e-03
 669.5000000000    8.8794440792e-05    3.6947842698e-03
 670.0000000000    8.8796805762e-05    3.6958626315e-03
 670.5000000000    8.8802044650e-05    3.6969491176e-03
 671.0000000000    8.8810409292e-05    3.6980186834e-03
 671.5000000000    8.8822323526e-05    3.6990453264e-03
 672.0000000000    8.8837596049e-05    3.7000035092e-03
 672.5000000000    8.8856301774e-05    3.7008697541e-03
 673.0000000000    8.8878384380e-05    3.7016243339e-03
 673.5000000000    8.8902758878e-05    3.7022528717e-03
 674.0000000000    8.8928809051e-05    3.7027475496e-03
 674.5000000000    8.8955522090e-05    3.7031078217e-03
 675.0000000000    8.8981450817e-05    3.7033405677e-03
 675.5000000000    8.9005181917e-05    3.7034594750e-03
 676.0000000000    8.9025464845e-05    3.7034838722e-03
 676.5000000000    8.9041146732e-05    3.7034370361e-03
 677.0000000000    8.9051397284e-05    3.7033442093e-03
 677.5000000000    8.9055859340e-05    3.7032305035e-03
 678.0000000000    8.9054612450e-05    3.7031188851e-03
 678.5000000000    8.9048210999e-05    3.7030286596e-03
 679.0000000000    8.9037615864e-05    3.7029743127e-03
 679.5000000000    8.9024089006e-05    3.7029650445e-03
 680.0000000000    8.9009143237e-05    3.7030049407e-03
 680.5000000000    8.8994309295e-05    3.7030935189e-03
 681.0000000000    8.8981013236e-05    3.7032268778e-03
 681.5000000000    8.8970483435e-05    3.7033990182e-03
 682.0000000000    8.8963567122e-05    3.7036031694e-03
 682.5000000000    8.8960735259e-05    3.7038330347e-03
 683.0000000000    8.8962084147e-05    3.7040836413e-03
 683.5000000000    8.8967461482e-05    3.7043547809e-03
 684.0000000000    8.8976094425e-05    3.7046373332e-03
 684.5000000000    8.8987470527e-05    3.7049365392e-03
 685.0000000000    8.9000666740e-05    3.7052536961e-03
 685.5000000000    8.9014640279e-05    3.7055876632e-03
 686.0000000000    8.9028377180e-05    3.7059381217e-03
 686.5000000000    8.9040894627e-05    3.7063026714e-03
 687.0000000000    8.9051374741e-05    3.7066757125e-03
 687.5000000000    8.9059350318e-05    3.7070501477e-03
 688.0000000000    8.9064724109e-05    3.7074164913e-03
 688.5000000000    8.9067760232e-05    3.7077633642e-03
 689.0000000000    8.9068999751e-05    3.7080789347e-03
 689.5000000000    8.9069031344e-05    3.7083519211e-03
 690.0000000000    8.9068021674e-05    3.7085717849e-03
 690.5000000000    8.9066026360e-05    3.7087311097e-03
 691.0000000000    8.9062601093e-05    3.7088263306e-03
 691.5000000000    8.9057052476e-05    3.7088568254e-03
 692.0000000000    8.9048547324e-05    3.7088257349e-03
 692.5000000000    8.9036522604e-05    3.7087405900e-03
 693.0000000000    8.9020401137e-05    3.7086111972e-03
 693.5000000000    8.8999806686e-05    3.7084509118e-03
 694.0000000000    8.8974414714e-05    3.7082739876e-03
 694.5000000000    8.8943766779e-05    3.7080956925e-03
 695.0000000000    8.8907601368e-05    3.7079313519e-03
 695.5000000000    8.8865819171e-05    3.7077949832e-03
 696.0000000000    8.8818769237e-05    3.7076997615e-03
 696.5000000000    8.8767297434e-05    3.7076563469e-03
 697.0000000000    8.8712736033e-05    3.7076734846e-03
 697.5000000000    8.8656777426e-05    3.7077574234e-03
 698.0000000000    8.8601272324e-05    3.7079118807e-03
 698.5000000000    8.8548163117e-05    3.7081386795e-03
 699.0000000000    8.8499365538e-05    3.7084373063e-03
 699.5000000000    8.8456724291e-05    3.7088058431e-03
 700.0000000000    8.8421959436e-05    3.7092408081e-03
