#          time         max mod phi
   0.0000000000    8.4489160596e-02
   0.5000000000    8.4495657494e-02
   1.0000000000    8.4492921566e-02
   1.5000000000    8.4495483873e-02
   2.0000000000    8.4494584104e-02
   2.5000000000    8.4494708449e-02
   3.0000000000    8.4495527709e-02
   3.5000000000    8.4493127330e-02
   4.0000000000    8.4495893387e-02
   4.5000000000    8.4491951736e-02
   5.0000000000    8.4496043904e-02
   5.5000000000    8.4493819843e-02
   6.0000000000    8.4495523677e-02
   6.5000000000    8.4494884079e-02
   7.0000000000    8.4494499988e-02
   7.5000000000    8.4495763793e-02
   8.0000000000    8.4493508412e-02
   8.5000000000    8.4496470348e-02
   9.0000000000    8.4492097844e-02
   9.5000000000    8.4496421424e-02
  10.0000000000    8.4493468142e-02
  10.5000000000    8.4496069991e-02
  11.0000000000    8.4494852758e-02
  11.5000000000    8.4495856131e-02
  12.0000000000    8.4496051013e-02
  12.5000000000    8.4495157889e-02
  13.0000000000    8.4496504448e-02
  13.5000000000    8.4493949867e-02
  14.0000000000    8.4496800168e-02
  14.5000000000    8.4492960184e-02
  15.0000000000    8.4497286164e-02
  15.5000000000    8.4493772926e-02
  16.0000000000    8.4497271585e-02
  16.5000000000    8.4494712302e-02
  17.0000000000    8.4496809743e-02
  17.5000000000    8.4495568709e-02
  18.0000000000    8.4496619286e-02
  18.5000000000    8.4496674570e-02
  19.0000000000    8.4496370361e-02
  19.5000000000    8.4497243666e-02
  20.0000000000    8.4495575294e-02
  20.5000000000    8.4497417307e-02
  21.0000000000    8.4494715219e-02
  21.5000000000    8.4497872873e-02
  22.0000000000    8.4494223369e-02
  22.5000000000    8.4498306208e-02
  23.0000000000    8.4493992802e-02
  23.5000000000    8.4498153350e-02
  24.0000000000    8.4494692341e-02
  24.5000000000    8.4498014314e-02
  25.0000000000    8.4495699684e-02
  25.5000000000    8.4498243731e-02
  26.0000000000    8.4496686430e-02
  26.5000000000    8.4498036053e-02
  27.0000000000    8.4497135533e-02
  27.5000000000    8.4497501053e-02
  28.0000000000    8.4497565020e-02
  28.5000000000    8.4497277319e-02
  29.0000000000    8.4498318644e-02
  29.5000000000    8.4497130217e-02
  30.0000000000    8.4498765088e-02
  30.5000000000    8.4496498186e-02
  31.0000000000    8.4498827158e-02
  31.5000000000    8.4495829627e-02
  32.0000000000    8.4499164537e-02
  32.5000000000    8.4495505742e-02
  33.0000000000    8.4499611110e-02
  33.5000000000    8.4494959122e-02
  34.0000000000    8.4499597488e-02
  34.5000000000    8.4495604938e-02
  35.0000000000    8.4499466451e-02
  35.5000000000    8.4496449552e-02
  36.0000000000    8.4499722214e-02
  36.5000000000    8.4497442844e-02
  37.0000000000    8.4499757636e-02
  37.5000000000    8.4498012101e-02
  38.0000000000    8.4499391272e-02
  38.5000000000    8.4498468853e-02
  39.0000000000    8.4499221475e-02
  39.5000000000    8.4499258049e-02
  40.0000000000    8.4499213899e-02
  40.5000000000    8.4499892939e-02
  41.0000000000    8.4498794082e-02
  41.5000000000    8.4500126192e-02
  42.0000000000    8.4498200609e-02
  42.5000000000    8.4500513449e-02
  43.0000000000    8.4497899660e-02
  43.5000000000    8.4501092191e-02
  44.0000000000    8.4497458202e-02
  44.5000000000    8.4501289741e-02
  45.0000000000    8.4496593830e-02
  45.5000000000    8.4501285145e-02
  46.0000000000    8.4497444832e-02
  46.5000000000    8.4501538545e-02
  47.0000000000    8.4498690997e-02
  47.5000000000    8.4501734381e-02
  48.0000000000    8.4499578022e-02
  48.5000000000    8.4501436703e-02
  49.0000000000    8.4500213423e-02
  49.5000000000    8.4501206183e-02
  50.0000000000    8.4501140448e-02
  50.5000000000    8.4501136093e-02
  51.0000000000    8.4501984095e-02
  51.5000000000    8.4500700483e-02
  52.0000000000    8.4502410241e-02
  52.5000000000    8.4499945886e-02
  53.0000000000    8.4502806131e-02
  53.5000000000    8.4499335789e-02
  54.0000000000    8.4503388559e-02
  54.5000000000    8.4498945580e-02
  55.0000000000    8.4503643947e-02
  55.5000000000    8.4500157802e-02
  56.0000000000    8.4503524698e-02
  56.5000000000    8.4501270239e-02
  57.0000000000    8.4503526519e-02
  57.5000000000    8.4502563991e-02
  58.0000000000    8.4503547498e-02
  58.5000000000    8.4503522074e-02
  59.0000000000    8.4503125058e-02
  59.5000000000    8.4504075063e-02
  60.0000000000    8.4502582493e-02
  60.5000000000    8.4504780515e-02
  61.0000000000    8.4502190503e-02
  61.5000000000    8.4505520239e-02
  62.0000000000    8.4501489846e-02
  62.5000000000    8.4505808836e-02
  63.0000000000    8.4501752389e-02
  63.5000000000    8.4505890724e-02
  64.0000000000    8.4503238801e-02
  64.5000000000    8.4506115363e-02
  65.0000000000    8.4504775442e-02
  65.5000000000    8.4506070893e-02
  66.0000000000    8.4505854999e-02
  66.5000000000    8.4505513187e-02
  67.0000000000    8.4506664057e-02
  67.5000000000    8.4504899393e-02
  68.0000000000    8.4507594891e-02
  68.5000000000    8.4504259211e-02
  69.0000000000    8.4508277506e-02
  69.5000000000    8.4504087231e-02
  70.0000000000    8.4508402277e-02
  70.5000000000    8.4505695323e-02
  71.0000000000    8.4508404525e-02
  71.5000000000    8.4507395027e-02
  72.0000000000    8.4508370913e-02
  72.5000000000    8.4508854529e-02
  73.0000000000    8.4507792461e-02
  73.5000000000    8.4509713647e-02
  74.0000000000    8.4506686191e-02
  74.5000000000    8.4510350439e-02
  75.0000000000    8.4506238895e-02
  75.5000000000    8.4510951911e-02
  76.0000000000    8.4508534917e-02
  76.5000000000    8.4511025379e-02
  77.0000000000    8.4510165294e-02
  77.5000000000    8.4510402884e-02
  78.0000000000    8.4511384439e-02
  78.5000000000    8.4509610890e-02
  79.0000000000    8.4512624704e-02
  79.5000000000    8.4508606168e-02
  80.0000000000    8.4513317363e-02
  80.5000000000    8.4510319684e-02
  81.0000000000    8.4513204507e-02
  81.5000000000    8.4512225160e-02
  82.0000000000    8.4512847439e-02
  82.5000000000    8.4514007533e-02
  83.0000000000    8.4512128382e-02
  83.5000000000    8.4515197194e-02
  84.0000000000    8.4510756779e-02
  84.5000000000    8.4515546734e-02
  85.0000000000    8.4513246324e-02
  85.5000000000    8.4515505217e-02
  86.0000000000    8.4515529387e-02
  86.5000000000    8.4515049050e-02
  87.0000000000    8.4517141486e-02
  87.5000000000    8.4513617193e-02
  88.0000000000    8.4517817603e-02
  88.5000000000    8.4514885511e-02
  89.0000000000    8.4517945855e-02
  89.5000000000    8.4517491452e-02
  90.0000000000    8.4517567567e-02
  90.5000000000    8.4519398419e-02
  91.0000000000    8.4516156126e-02
  91.5000000000    8.4520229235e-02
  92.0000000000    8.4517354736e-02
  92.5000000000    8.4520328297e-02
  93.0000000000    8.4520100615e-02
  93.5000000000    8.4519812743e-02
  94.0000000000    8.4522061792e-02
  94.5000000000    8.4518161824e-02
  95.0000000000    8.4522806628e-02
  95.5000000000    8.4520696051e-02
  96.0000000000    8.4522618572e-02
  96.5000000000    8.4523315484e-02
  97.0000000000    8.4521671039e-02
  97.5000000000    8.4525035672e-02
  98.0000000000    8.4521696455e-02
  98.5000000000    8.4525364715e-02
  99.0000000000    8.4524706369e-02
  99.5000000000    8.4524534448e-02
 100.0000000000    8.4526884922e-02
 100.5000000000    8.4522852415e-02
 101.0000000000    8.4528024633e-02
 101.5000000000    8.4526658953e-02
 102.0000000000    8.4527458604e-02
 102.5000000000    8.4528979352e-02
 103.0000000000    8.4525617074e-02
 103.5000000000    8.4530260087e-02
 104.0000000000    8.4528701701e-02
 104.5000000000    8.4530240213e-02
 105.0000000000    8.4531643229e-02
 105.5000000000    8.4528480266e-02
 106.0000000000    8.4532854213e-02
 106.5000000000    8.4531198538e-02
 107.0000000000    8.4532636735e-02
 107.5000000000    8.4534297027e-02
 108.0000000000    8.4530955864e-02
 108.5000000000    8.4535734588e-02
 109.0000000000    8.4534517719e-02
 109.5000000000    8.4535138438e-02
 110.0000000000    8.4537192325e-02
 110.5000000000    8.4533536437e-02
 111.0000000000    8.4538325969e-02
 111.5000000000    8.4538117110e-02
 112.0000000000    8.4537559534e-02
 112.5000000000    8.4540592852e-02
 113.0000000000    8.4537946659e-02
 113.5000000000    8.4540889645e-02
 114.0000000000    8.4541823389e-02
 114.5000000000    8.4539317816e-02
 115.0000000000    8.4543849723e-02
 115.5000000000    8.4542863403e-02
 116.0000000000    8.4543463620e-02
 116.5000000000    8.4545902745e-02
 117.0000000000    8.4542993949e-02
 117.5000000000    8.4546622751e-02
 118.0000000000    8.4547514022e-02
 118.5000000000    8.4545122699e-02
 119.0000000000    8.4549677297e-02
 119.5000000000    8.4548953717e-02
 120.0000000000    8.4548951210e-02
 120.5000000000    8.4551888100e-02
 121.0000000000    8.4549807170e-02
 121.5000000000    8.4552305334e-02
 122.0000000000    8.4554183210e-02
 122.5000000000    8.4551067930e-02
 123.0000000000    8.4555622952e-02
 123.5000000000    8.4556231917e-02
 124.0000000000    8.4553784687e-02
 124.5000000000    8.4558332381e-02
 125.0000000000    8.4558169937e-02
 125.5000000000    8.4557595100e-02
 126.0000000000    8.4561462941e-02
 126.5000000000    8.4560551688e-02
 127.0000000000    8.4561181179e-02
 127.5000000000    8.4564174126e-02
 128.0000000000    8.4562620573e-02
 128.5000000000    8.4564471088e-02
 129.0000000000    8.4567179485e-02
 129.5000000000    8.4565401205e-02
 130.0000000000    8.4568081555e-02
 130.5000000000    8.4570278136e-02
 131.0000000000    8.4568046898e-02
 131.5000000000    8.4571152828e-02
 132.0000000000    8.4573237395e-02
 132.5000000000    8.4571129636e-02
 133.0000000000    8.4574658026e-02
 133.5000000000    8.4576758557e-02
 134.0000000000    8.4574600956e-02
 134.5000000000    8.4577846148e-02
 135.0000000000    8.4579945413e-02
 135.5000000000    8.4578063909e-02
 136.0000000000    8.4581103387e-02
 136.5000000000    8.4583698290e-02
 137.0000000000    8.4582304737e-02
 137.5000000000    8.4584544777e-02
 138.0000000000    8.4587392838e-02
 138.5000000000    8.4586388078e-02
 139.0000000000    8.4587563989e-02
 139.5000000000    8.4591152737e-02
 140.0000000000    8.4591061896e-02
 140.5000000000    8.4590982840e-02
 141.0000000000    8.4595282588e-02
 141.5000000000    8.4595855799e-02
 142.0000000000    8.4593818725e-02
 142.5000000000    8.4598911444e-02
 143.0000000000    8.4600564954e-02
 143.5000000000    8.4598816351e-02
 144.0000000000    8.4602884343e-02
 144.5000000000    8.4605633402e-02
 145.0000000000    8.4604905426e-02
 145.5000000000    8.4606152388e-02
 146.0000000000    8.4610006676e-02
 146.5000000000    8.4610670863e-02
 147.0000000000    8.4609127810e-02
 147.5000000000    8.4614506337e-02
 148.0000000000    8.4616630208e-02
 148.5000000000    8.4615522570e-02
 149.0000000000    8.4618085905e-02
 149.5000000000    8.4621602912e-02
 150.0000000000    8.4622179536e-02
 150.5000000000    8.4621001590e-02
 151.0000000000    8.4626372367e-02
 151.5000000000    8.4628749153e-02
 152.0000000000    8.4628148151e-02
 152.5000000000    8.4629918281e-02
 153.0000000000    8.4633979545e-02
 153.5000000000    8.4635340710e-02
 154.0000000000    8.4634069580e-02
 154.5000000000    8.4638538637e-02
 155.0000000000    8.4642014281e-02
 155.5000000000    8.4642770470e-02
 156.0000000000    8.4641475263e-02
 156.5000000000    8.4646900929e-02
 157.0000000000    8.4649856129e-02
 157.5000000000    8.4650416127e-02
 158.0000000000    8.4650467477e-02
 158.5000000000    8.4655806691e-02
 159.0000000000    8.4658673614e-02
 159.5000000000    8.4659128098e-02
 160.0000000000    8.4659344478e-02
 160.5000000000    8.4664595953e-02
 161.0000000000    8.4667670780e-02
 161.5000000000    8.4668598507e-02
 162.0000000000    8.4668535666e-02
 162.5000000000    8.4674144606e-02
 163.0000000000    8.4677559175e-02
 163.5000000000    8.4678871775e-02
 164.0000000000    8.4678196955e-02
 164.5000000000    8.4683476337e-02
 165.0000000000    8.4687689460e-02
 165.5000000000    8.4689977675e-02
 166.0000000000    8.4690332902e-02
 166.5000000000    8.4693156685e-02
 167.0000000000    8.4698093421e-02
 167.5000000000    8.4701224710e-02
 168.0000000000    8.4702657021e-02
 168.5000000000    8.4702454506e-02
 169.0000000000    8.4708403157e-02
 169.5000000000    8.4712877051e-02
 170.0000000000    8.4715633183e-02
 170.5000000000    8.4716730230e-02
 171.0000000000    8.4717906850e-02
 171.5000000000    8.4723653554e-02
 172.0000000000    8.4727959869e-02
 172.5000000000    8.4730845747e-02
 173.0000000000    8.4732291242e-02
 173.5000000000    8.4733859177e-02
 174.0000000000    8.4739672974e-02
 174.5000000000    8.4744093467e-02
 175.0000000000    8.4747246571e-02
 175.5000000000    8.4749225977e-02
 176.0000000000    8.4750059974e-02
 176.5000000000    8.4756078476e-02
 177.0000000000    8.4761273436e-02
 177.5000000000    8.4765206462e-02
 178.0000000000    8.4767974471e-02
 178.5000000000    8.4769709953e-02
 179.0000000000    8.4772374993e-02
 179.5000000000    8.4778604367e-02
 180.0000000000    8.4783819637e-02
 180.5000000000    8.4787980769e-02
 181.0000000000    8.4791099743e-02
 181.5000000000    8.4793264799e-02
 182.0000000000    8.4795748005e-02
 182.5000000000    8.4802175658e-02
 183.0000000000    8.4807843246e-02
 183.5000000000    8.4812721066e-02
 184.0000000000    8.4816760944e-02
 184.5000000000    8.4819960447e-02
 185.0000000000    8.4822394018e-02
 185.5000000000    8.4826742750e-02
 186.0000000000    8.4833178807e-02
 186.5000000000    8.4839049720e-02
 187.0000000000    8.4844330732e-02
 187.5000000000    8.4848967982e-02
 188.0000000000    8.4852945134e-02
 188.5000000000    8.4856322080e-02
 189.0000000000    8.4859216243e-02
 189.5000000000    8.4865784070e-02
 190.0000000000    8.4872419128e-02
 190.5000000000    8.4878633990e-02
 191.0000000000    8.4884376291e-02
 191.5000000000    8.4889619764e-02
 192.0000000000    8.4894405081e-02
 192.5000000000    8.4898834382e-02
 193.0000000000    8.4903020950e-02
 193.5000000000    8.4907033803e-02
 194.0000000000    8.4913923469e-02
 194.5000000000    8.4921055181e-02
 195.0000000000    8.4927821318e-02
 195.5000000000    8.4934243123e-02
 196.0000000000    8.4940405088e-02
 196.5000000000    8.4946413388e-02
 197.0000000000    8.4952341559e-02
 197.5000000000    8.4958200214e-02
 198.0000000000    8.4963951270e-02
 198.5000000000    8.4969552397e-02
 199.0000000000    8.4975003531e-02
 199.5000000000    8.4980362713e-02
 200.0000000000    8.4986982667e-02
 200.5000000000    8.4994665011e-02
 201.0000000000    8.5002339609e-02
 201.5000000000    8.5009978008e-02
 202.0000000000    8.5017534443e-02
 202.5000000000    8.5024990234e-02
 203.0000000000    8.5032376894e-02
 203.5000000000    8.5039767710e-02
 204.0000000000    8.5047238665e-02
 204.5000000000    8.5054828264e-02
 205.0000000000    8.5062521196e-02
 205.5000000000    8.5070270722e-02
 206.0000000000    8.5078039077e-02
 206.5000000000    8.5085830909e-02
 207.0000000000    8.5093695819e-02
 207.5000000000    8.5101701553e-02
 208.0000000000    8.5109896130e-02
 208.5000000000    8.5118280385e-02
 209.0000000000    8.5126809692e-02
 209.5000000000    8.5135430178e-02
 210.0000000000    8.5144114455e-02
 210.5000000000    8.5152888296e-02
 211.0000000000    8.5161808707e-02
 211.5000000000    8.5170926768e-02
 212.0000000000    8.5180253553e-02
 212.5000000000    8.5189749557e-02
 213.0000000000    8.5199349119e-02
 213.5000000000    8.5208999012e-02
 214.0000000000    8.5218692847e-02
 214.5000000000    8.5228470957e-02
 215.0000000000    8.5238385938e-02
 215.5000000000    8.5248456904e-02
 216.0000000000    8.5258647726e-02
 216.5000000000    8.5268880695e-02
 217.0000000000    8.5279078529e-02
 217.5000000000    8.5289205012e-02
 218.0000000000    8.5299277891e-02
 218.5000000000    8.5309341711e-02
 219.0000000000    8.5319420399e-02
 219.5000000000    8.5331032470e-02
 220.0000000000    8.5343742993e-02
 220.5000000000    8.5356398449e-02
 221.0000000000    8.5368928607e-02
 221.5000000000    8.5381324382e-02
 222.0000000000    8.5393620208e-02
 222.5000000000    8.5405842059e-02
 223.0000000000    8.5417960674e-02
 223.5000000000    8.5429882035e-02
 224.0000000000    8.5441482980e-02
 224.5000000000    8.5452662106e-02
 225.0000000000    8.5466866005e-02
 225.5000000000    8.5481603428e-02
 226.0000000000    8.5496075086e-02
 226.5000000000    8.5510253051e-02
 227.0000000000    8.5524038035e-02
 227.5000000000    8.5537285295e-02
 228.0000000000    8.5549860657e-02
 228.5000000000    8.5563187520e-02
 229.0000000000    8.5579896577e-02
 229.5000000000    8.5596022242e-02
 230.0000000000    8.5611533869e-02
 230.5000000000    8.5626326219e-02
 231.0000000000    8.5640233937e-02
 231.5000000000    8.5654381192e-02
 232.0000000000    8.5672782381e-02
 232.5000000000    8.5690144755e-02
 233.0000000000    8.5706454062e-02
 233.5000000000    8.5721670507e-02
 234.0000000000    8.5735708320e-02
 234.5000000000    8.5755989385e-02
 235.0000000000    8.5774873159e-02
 235.5000000000    8.5792193251e-02
 236.0000000000    8.5807854332e-02
 236.5000000000    8.5825388010e-02
 237.0000000000    8.5846228420e-02
 237.5000000000    8.5865390533e-02
 238.0000000000    8.5882670997e-02
 238.5000000000    8.5900518809e-02
 239.0000000000    8.5922812304e-02
 239.5000000000    8.5942829844e-02
 240.0000000000    8.5960481048e-02
 240.5000000000    8.5980865679e-02
 241.0000000000    8.6003811444e-02
 241.5000000000    8.6024169217e-02
 242.0000000000    8.6041826127e-02
 242.5000000000    8.6067188496e-02
 243.0000000000    8.6089428526e-02
 243.5000000000    8.6108394254e-02
 244.0000000000    8.6132874577e-02
 244.5000000000    8.6156820349e-02
 245.0000000000    8.6177198149e-02
 245.5000000000    8.6202465664e-02
 246.0000000000    8.6227426322e-02
 246.5000000000    8.6248132999e-02
 247.0000000000    8.6275224321e-02
 247.5000000000    8.6300221964e-02
 248.0000000000    8.6321897703e-02
 248.5000000000    8.6351348045e-02
 249.0000000000    8.6375831429e-02
 249.5000000000    8.6402194023e-02
 250.0000000000    8.6430335946e-02
 250.5000000000    8.6453043503e-02
 251.0000000000    8.6484671754e-02
 251.5000000000    8.6510277924e-02
 252.0000000000    8.6539963966e-02
 252.5000000000    8.6568653610e-02
 253.0000000000    8.6596782596e-02
 253.5000000000    8.6627944282e-02
 254.0000000000    8.6655084639e-02
 254.5000000000    8.6688246191e-02
 255.0000000000    8.6715320946e-02
 255.5000000000    8.6750269148e-02
 256.0000000000    8.6778187614e-02
 256.5000000000    8.6814351604e-02
 257.0000000000    8.6843597195e-02
 257.5000000000    8.6880076100e-02
 258.0000000000    8.6911151832e-02
 258.5000000000    8.6947285197e-02
 259.0000000000    8.6980987661e-02
 259.5000000000    8.7016176556e-02
 260.0000000000    8.7053097459e-02
 260.5000000000    8.7086286256e-02
 261.0000000000    8.7126650934e-02
 261.5000000000    8.7161548495e-02
 262.0000000000    8.7200748485e-02
 262.5000000000    8.7240078185e-02
 263.0000000000    8.7275077832e-02
 263.5000000000    8.7319035013e-02
 264.0000000000    8.7359301309e-02
 264.5000000000    8.7397000233e-02
 265.0000000000    8.7442434303e-02
 265.5000000000    8.7484744831e-02
 266.0000000000    8.7524396636e-02
 266.5000000000    8.7570788798e-02
 267.0000000000    8.7616575083e-02
 267.5000000000    8.7660497034e-02
 268.0000000000    8.7703960612e-02
 268.5000000000    8.7753830442e-02
 269.0000000000    8.7802324670e-02
 269.5000000000    8.7849813135e-02
 270.0000000000    8.7896678984e-02
 270.5000000000    8.7946412182e-02
 271.0000000000    8.7999343077e-02
 271.5000000000    8.8052024473e-02
 272.0000000000    8.8104654286e-02
 272.5000000000    8.8157436658e-02
 273.0000000000    8.8210602747e-02
 273.5000000000    8.8264401635e-02
 274.0000000000    8.8319066540e-02
 274.5000000000    8.8376450763e-02
 275.0000000000    8.8435231948e-02
 275.5000000000    8.8494627617e-02
 276.0000000000    8.8554656727e-02
 276.5000000000    8.8615339109e-02
 277.0000000000    8.8676699436e-02
 277.5000000000    8.8738747377e-02
 278.0000000000    8.8801444791e-02
 278.5000000000    8.8864995156e-02
 279.0000000000    8.8931754136e-02
 279.5000000000    8.8999303752e-02
 280.0000000000    8.9067358160e-02
 280.5000000000    8.9135605867e-02
 281.0000000000    8.9203708610e-02
 281.5000000000    8.9271280211e-02
 282.0000000000    8.9338170586e-02
 282.5000000000    8.9411477017e-02
 283.0000000000    8.9483346135e-02
 283.5000000000    8.9553010936e-02
 284.0000000000    8.9620573448e-02
 284.5000000000    8.9694731659e-02
 285.0000000000    8.9764780329e-02
 285.5000000000    8.9830277114e-02
 286.0000000000    8.9902826851e-02
 286.5000000000    8.9968514294e-02
 287.0000000000    9.0033850437e-02
 287.5000000000    9.0097798252e-02
 288.0000000000    9.0155631613e-02
 288.5000000000    9.0214096013e-02
 289.0000000000    9.0263728758e-02
 289.5000000000    9.0311822340e-02
 290.0000000000    9.0351293345e-02
 290.5000000000    9.0382496978e-02
 291.0000000000    9.0407919393e-02
 291.5000000000    9.0417338825e-02
 292.0000000000    9.0418619050e-02
 292.5000000000    9.0404588413e-02
 293.0000000000    9.0369746063e-02
 293.5000000000    9.0315883186e-02
 294.0000000000    9.0241931830e-02
 294.5000000000    9.0138554623e-02
 295.0000000000    9.0001994158e-02
 295.5000000000    8.9827803996e-02
 296.0000000000    8.9616038127e-02
 296.5000000000    8.9356223981e-02
 297.0000000000    8.9040414367e-02
 297.5000000000    8.8661014413e-02
 298.0000000000    8.8209443995e-02
 298.5000000000    8.7676040301e-02
 299.0000000000    8.7051866383e-02
 299.5000000000    8.6327665729e-02
 300.0000000000    8.5486432273e-02
 300.5000000000    8.4513978928e-02
 301.0000000000    8.3396696762e-02
 301.5000000000    8.2128572991e-02
 302.0000000000    8.0682602732e-02
 302.5000000000    7.9062419309e-02
 303.0000000000    8.3613823078e-02
 303.5000000000    8.8689492622e-02
 304.0000000000    9.3965915702e-02
 304.5000000000    9.9429549050e-02
 305.0000000000    1.0506413098e-01
 305.5000000000    1.1085109205e-01
 306.0000000000    1.1677004116e-01
 306.5000000000    1.2279922744e-01
 307.0000000000    1.2891585530e-01
 307.5000000000    1.3509612009e-01
 308.0000000000    1.4131485894e-01
 308.5000000000    1.4754477044e-01
 309.0000000000    1.5375525263e-01
 309.5000000000    1.5991103470e-01
 310.0000000000    1.6597090112e-01
 310.5000000000    1.7188689255e-01
 311.0000000000    1.7760434853e-01
 311.5000000000    1.8306299955e-01
 312.0000000000    1.8819899724e-01
 312.5000000000    1.9294736643e-01
 313.0000000000    1.9724399643e-01
 313.5000000000    2.0102605893e-01
 314.0000000000    2.0422943487e-01
 314.5000000000    2.0678034097e-01
 315.0000000000    2.0857449522e-01
 315.5000000000    2.0943352773e-01
 316.0000000000    2.0903811599e-01
 316.5000000000    2.0687310309e-01
 317.0000000000    2.0225644513e-01
 317.5000000000    1.9449924750e-01
 318.0000000000    1.8314923527e-01
 318.5000000000    1.6819480206e-01
 319.0000000000    1.5012980453e-01
 319.5000000000    1.2986771728e-01
 320.0000000000    1.0856346591e-01
 320.5000000000    8.7415127248e-02
 321.0000000000    6.7495330191e-02
 321.5000000000    5.6544095648e-02
 322.0000000000    5.2484540640e-02
 322.5000000000    4.8720022729e-02
 323.0000000000    4.5237697993e-02
 323.5000000000    4.2017921371e-02
 324.0000000000    3.9034459425e-02
 324.5000000000    3.6258717660e-02
 325.0000000000    3.3664371601e-02
 325.5000000000    3.1230434935e-02
 326.0000000000    2.8942274941e-02
 326.5000000000    2.6790968762e-02
 327.0000000000    2.4771707836e-02
 327.5000000000    2.2881919045e-02
 328.0000000000    2.1119584876e-02
 328.5000000000    1.9482035630e-02
 329.0000000000    1.7965306622e-02
 329.5000000000    1.6564016727e-02
 330.0000000000    1.5271633735e-02
 330.5000000000    1.4080948702e-02
 331.0000000000    1.2984584248e-02
 331.5000000000    1.1975402984e-02
 332.0000000000    1.1046746550e-02
 332.5000000000    1.0192502763e-02
 333.0000000000    9.5306253682e-03
 333.5000000000    9.0351009579e-03
 334.0000000000    8.5617593732e-03
 334.5000000000    8.1087886772e-03
 335.0000000000    7.6747662008e-03
 335.5000000000    7.2584909869e-03
 336.0000000000    6.8589305917e-03
 336.5000000000    6.4752420693e-03
 337.0000000000    6.1068018435e-03
 337.5000000000    5.7531936401e-03
 338.0000000000    5.4141435919e-03
 338.5000000000    5.0894298357e-03
 339.0000000000    4.7788080356e-03
 339.5000000000    4.4819800643e-03
 340.0000000000    4.1986046187e-03
 340.5000000000    3.9283263433e-03
 341.0000000000    3.6707972034e-03
 341.5000000000    3.4256781271e-03
 342.0000000000    3.2008193710e-03
 342.5000000000    2.9890852805e-03
 343.0000000000    2.7878776943e-03
 343.5000000000    2.5969110663e-03
 344.0000000000    2.4158830680e-03
 344.5000000000    2.2444855283e-03
 345.0000000000    2.0824160728e-03
 345.5000000000    1.9293863359e-03
 346.0000000000    1.7851300874e-03
 346.5000000000    1.6494135781e-03
 347.0000000000    1.5315354962e-03
 347.5000000000    1.4255883678e-03
 348.0000000000    1.3264119968e-03
 348.5000000000    1.2338799514e-03
 349.0000000000    1.1478830137e-03
 349.5000000000    1.0683206635e-03
 350.0000000000    9.9509384707e-04
 350.5000000000    9.2810141157e-04
 351.0000000000    8.6723825459e-04
 351.5000000000    8.1239044991e-04
 352.0000000000    7.6342341135e-04
 352.5000000000    7.3005862848e-04
 353.0000000000    6.9990999070e-04
 353.5000000000    6.7037391321e-04
 354.0000000000    6.4143067356e-04
 354.5000000000    6.1309003840e-04
 355.0000000000    5.8539048036e-04
 355.5000000000    5.6333675201e-04
 356.0000000000    5.5036857008e-04
 356.5000000000    5.5001851794e-04
 357.0000000000    5.5187809154e-04
 357.5000000000    5.5452878988e-04
 358.0000000000    5.6473362554e-04
 358.5000000000    5.7441386316e-04
 359.0000000000    5.8267446825e-04
 359.5000000000    5.8944555461e-04
 360.0000000000    5.9471951438e-04
 360.5000000000    5.9854293723e-04
 361.0000000000    6.0099375967e-04
 361.5000000000    6.0215341471e-04
 362.0000000000    6.0209051197e-04
 362.5000000000    6.0086516943e-04
 363.0000000000    5.9854729773e-04
 363.5000000000    5.9523091055e-04
 364.0000000000    5.9102983521e-04
 364.5000000000    5.8605603346e-04
 365.0000000000    5.8039712431e-04
 365.5000000000    5.7411146445e-04
 366.0000000000    5.6724520258e-04
 366.5000000000    5.5985734805e-04
 367.0000000000    5.5203155421e-04
 367.5000000000    5.4386384745e-04
 368.0000000000    5.3543572889e-04
 368.5000000000    5.2679496707e-04
 369.0000000000    5.1796077727e-04
 369.5000000000    5.0894990413e-04
 370.0000000000    4.9980204413e-04
 370.5000000000    4.9058281514e-04
 371.0000000000    4.8136083351e-04
 371.5000000000    4.7217737226e-04
 372.0000000000    4.6303414669e-04
 372.5000000000    4.5391025559e-04
 373.0000000000    4.4479501120e-04
 373.5000000000    4.3570945738e-04
 374.0000000000    4.2669819916e-04
 374.5000000000    4.1779792023e-04
 375.0000000000    4.0900894619e-04
 375.5000000000    4.0029465073e-04
 376.0000000000    3.9161058617e-04
 376.5000000000    3.8293998297e-04
 377.0000000000    3.7430623336e-04
 377.5000000000    3.6575155027e-04
 378.0000000000    3.5729924021e-04
 378.5000000000    3.4893150139e-04
 379.0000000000    3.4060234022e-04
 379.5000000000    3.3227579881e-04
 380.0000000000    3.2395770734e-04
 380.5000000000    3.1569385827e-04
 381.0000000000    3.0753505219e-04
 381.5000000000    2.9949770507e-04
 382.0000000000    2.9155385899e-04
 382.5000000000    2.8366006380e-04
 383.0000000000    2.7580108872e-04
 383.5000000000    2.6801105443e-04
 384.0000000000    2.6035302464e-04
 384.5000000000    2.5287327620e-04
 385.0000000000    2.4556922735e-04
 385.5000000000    2.3839927441e-04
 386.0000000000    2.3132691069e-04
 386.5000000000    2.2436113318e-04
 387.0000000000    2.1755768804e-04
 387.5000000000    2.1097914658e-04
 388.0000000000    2.0582405333e-04
 388.5000000000    2.0277257970e-04
 389.0000000000    1.9989209530e-04
 389.5000000000    1.9719423006e-04
 390.0000000000    1.9462122019e-04
 390.5000000000    1.9209965818e-04
 391.0000000000    1.8959820461e-04
 391.5000000000    1.8714927183e-04
 392.0000000000    1.8480930454e-04
 392.5000000000    1.8259661678e-04
 393.0000000000    1.8048120569e-04
 393.5000000000    1.7840345233e-04
 394.0000000000    1.7632909513e-04
 394.5000000000    1.7427099651e-04
 395.0000000000    1.7227187899e-04
 395.5000000000    1.7036326066e-04
 396.0000000000    1.6853730961e-04
 396.5000000000    1.6675428180e-04
 397.0000000000    1.6497612577e-04
 397.5000000000    1.6319628619e-04
 398.0000000000    1.6144114981e-04
 398.5000000000    1.5974275157e-04
 399.0000000000    1.5811545966e-04
 399.5000000000    1.5653969561e-04
 400.0000000000    1.5498280688e-04
 400.5000000000    1.5342441924e-04
 401.0000000000    1.5186966798e-04
 401.5000000000    1.5034537775e-04
 402.0000000000    1.4887569414e-04
 402.5000000000    1.4746246503e-04
 403.0000000000    1.4608458783e-04
 403.5000000000    1.4471574308e-04
 404.0000000000    1.4334529140e-04
 404.5000000000    1.4198672289e-04
 405.0000000000    1.4066364063e-04
 405.5000000000    1.3939253452e-04
 406.0000000000    1.3816860877e-04
 406.5000000000    1.3696992522e-04
 407.0000000000    1.3577497288e-04
 407.5000000000    1.3458204662e-04
 408.0000000000    1.3340637142e-04
 408.5000000000    1.3227040151e-04
 409.0000000000    1.3118357340e-04
 409.5000000000    1.3013485237e-04
 410.0000000000    1.2910192224e-04
 410.5000000000    1.2806908884e-04
 411.0000000000    1.2703987919e-04
 411.5000000000    1.2603328022e-04
 412.0000000000    1.2506748851e-04
 412.5000000000    1.2414463430e-04
 413.0000000000    1.2324882902e-04
 413.5000000000    1.2271410953e-04
 414.0000000000    1.2313983991e-04
 414.5000000000    1.2349709158e-04
 415.0000000000    1.2376611781e-04
 415.5000000000    1.2398092387e-04
 416.0000000000    1.2419833812e-04
 416.5000000000    1.2444785835e-04
 417.0000000000    1.2470538995e-04
 417.5000000000    1.2491338679e-04
 418.0000000000    1.2502961197e-04
 418.5000000000    1.2506250850e-04
 419.0000000000    1.2506334293e-04
 419.5000000000    1.2508217273e-04
 420.0000000000    1.2512694775e-04
 420.5000000000    1.2519148011e-04
 421.0000000000    1.2522250732e-04
 421.5000000000    1.2517192944e-04
 422.0000000000    1.2503476984e-04
 422.5000000000    1.2485394108e-04
 423.0000000000    1.2468445950e-04
 423.5000000000    1.2454764475e-04
 424.0000000000    1.2441435232e-04
 424.5000000000    1.2423136525e-04
 425.0000000000    1.2396796108e-04
 425.5000000000    1.2364292685e-04
 426.0000000000    1.2330948341e-04
 426.5000000000    1.2301115873e-04
 427.0000000000    1.2274611433e-04
 427.5000000000    1.2247022732e-04
 428.0000000000    1.2213594448e-04
 428.5000000000    1.2173353240e-04
 429.0000000000    1.2129993380e-04
 429.5000000000    1.2088807374e-04
 430.0000000000    1.2052269562e-04
 430.5000000000    1.2018023287e-04
 431.0000000000    1.1980973788e-04
 431.5000000000    1.1937670316e-04
 432.0000000000    1.1889246853e-04
 432.5000000000    1.1840466053e-04
 433.0000000000    1.1795700717e-04
 433.5000000000    1.1755261487e-04
 434.0000000000    1.1715187603e-04
 434.5000000000    1.1670653074e-04
 435.0000000000    1.1620064870e-04
 435.5000000000    1.1566394396e-04
 436.0000000000    1.1514650101e-04
 436.5000000000    1.1467638572e-04
 437.0000000000    1.1423608143e-04
 437.5000000000    1.1377770213e-04
 438.0000000000    1.1326373159e-04
 438.5000000000    1.1269859266e-04
 439.0000000000    1.1212460981e-04
 439.5000000000    1.1158600289e-04
 440.0000000000    1.1109141607e-04
 440.5000000000    1.1060681406e-04
 441.0000000000    1.1008461280e-04
 441.5000000000    1.0950397025e-04
 442.0000000000    1.0888815512e-04
 442.5000000000    1.0828461275e-04
 443.0000000000    1.0772469482e-04
 443.5000000000    1.0719721417e-04
 444.0000000000    1.0665828703e-04
 444.5000000000    1.0606881077e-04
 445.0000000000    1.0542755826e-04
 445.5000000000    1.0477208256e-04
 446.0000000000    1.0414690248e-04
 446.5000000000    1.0356595185e-04
 447.0000000000    1.0300121522e-04
 447.5000000000    1.0240706500e-04
 448.0000000000    1.0175927421e-04
 448.5000000000    1.0107561613e-04
 449.0000000000    1.0040088737e-04
 449.5000000000    9.9769194605e-05
 450.0000000000    9.9175462215e-05
 450.5000000000    9.8580376407e-05
 451.0000000000    9.7944319655e-05
 451.5000000000    9.7261185240e-05
 452.0000000000    9.6563630810e-05
 452.5000000000    9.5895605075e-05
 453.0000000000    9.5275456501e-05
 453.5000000000    9.4680906180e-05
 454.0000000000    9.4068614352e-05
 454.5000000000    9.3411341782e-05
 455.0000000000    9.2721129350e-05
 455.5000000000    9.2039194463e-05
 456.0000000000    9.1401223308e-05
 456.5000000000    9.0807481438e-05
 457.0000000000    9.0223107720e-05
 457.5000000000    8.9608133344e-05
 458.0000000000    8.8951493450e-05
 458.5000000000    8.8280294453e-05
 459.0000000000    8.7636843071e-05
 459.5000000000    8.7042945822e-05
 460.0000000000    8.6481548972e-05
 460.5000000000    8.5911647639e-05
 461.0000000000    8.5303154542e-05
 461.5000000000    8.4662075349e-05
 462.0000000000    8.4025306157e-05
 462.5000000000    8.3429383535e-05
 463.0000000000    8.2879269665e-05
 463.5000000000    8.2344470395e-05
 464.0000000000    8.1785260296e-05
 464.5000000000    8.1186162684e-05
 465.0000000000    8.0568836135e-05
 465.5000000000    7.9973669695e-05
 466.0000000000    7.9425431572e-05
 466.5000000000    7.8912265365e-05
 467.0000000000    7.8396176786e-05
 467.5000000000    7.7845302961e-05
 468.0000000000    7.7260810609e-05
 468.5000000000    7.6675740059e-05
 469.0000000000    7.6126729929e-05
 469.5000000000    7.5623140133e-05
 470.0000000000    7.5139198347e-05
 470.5000000000    7.4636211565e-05
 471.0000000000    7.4095506973e-05
 471.5000000000    7.3533928694e-05
 472.0000000000    7.2989304876e-05
 472.5000000000    7.2488353174e-05
 473.0000000000    7.2024202515e-05
 473.5000000000    7.1562423663e-05
 474.0000000000    7.1070298158e-05
 474.5000000000    7.0544398578e-05
 475.0000000000    7.0130441123e-05
 475.5000000000    6.9954944438e-05
 476.0000000000    6.9777139995e-05
 476.5000000000    6.9588488506e-05
 477.0000000000    6.9391080746e-05
 477.5000000000    6.9195878259e-05
 478.0000000000    6.9013735531e-05
 478.5000000000    6.8845640066e-05
 479.0000000000    6.8682801634e-05
 479.5000000000    6.8513709221e-05
 480.0000000000    6.8333651605e-05
 480.5000000000    6.8149140952e-05
 481.0000000000    6.7971860419e-05
 481.5000000000    6.7808786982e-05
 482.0000000000    6.7656715589e-05
 482.5000000000    6.7504920020e-05
 483.0000000000    6.7343912721e-05
 483.5000000000    6.7173818327e-05
 484.0000000000    6.7004111548e-05
 484.5000000000    6.6845245632e-05
 485.0000000000    6.6700018300e-05
 485.5000000000    6.6561362838e-05
 486.0000000000    6.6418222549e-05
 486.5000000000    6.6265086674e-05
 487.0000000000    6.6106232410e-05
 487.5000000000    6.5952296695e-05
 488.0000000000    6.5811364162e-05
 488.5000000000    6.5681614008e-05
 489.0000000000    6.5553488685e-05
 489.5000000000    6.5417586136e-05
 490.0000000000    6.5272536223e-05
 490.5000000000    6.5126420524e-05
 491.0000000000    6.4989039300e-05
 491.5000000000    6.4864363138e-05
 492.0000000000    6.4746933857e-05
 492.5000000000    6.4626550812e-05
 493.0000000000    6.4497112988e-05
 493.5000000000    6.4361270627e-05
 494.0000000000    6.4228364650e-05
 494.5000000000    6.4106378945e-05
 495.0000000000    6.3995195293e-05
 495.5000000000    6.3886792384e-05
 496.0000000000    6.3772085620e-05
 496.5000000000    6.3648530530e-05
 497.0000000000    6.3522098097e-05
 497.5000000000    6.3402127321e-05
 498.0000000000    6.3293479966e-05
 498.5000000000    6.3192433446e-05
 499.0000000000    6.3089894765e-05
 499.5000000000    6.2979142003e-05
 500.0000000000    6.2861292546e-05
 500.5000000000    6.2744265971e-05
 501.0000000000    6.2636087199e-05
 501.5000000000    6.2538123534e-05
 502.0000000000    6.2443968457e-05
 502.5000000000    6.2344865711e-05
 503.0000000000    6.2237227817e-05
 503.5000000000    6.2125398336e-05
 504.0000000000    6.2018024323e-05
 504.5000000000    6.1920773520e-05
 505.0000000000    6.1831529292e-05
 505.5000000000    6.1742257960e-05
 506.0000000000    6.1645807228e-05
 506.5000000000    6.1542016788e-05
 507.0000000000    6.1437734865e-05
 507.5000000000    6.1340994771e-05
 508.0000000000    6.1254279565e-05
 508.5000000000    6.1172482121e-05
 509.0000000000    6.1087275523e-05
 509.5000000000    6.0994219273e-05
 510.0000000000    6.0896500171e-05
 510.5000000000    6.0802029506e-05
 511.0000000000    6.0716782834e-05
 511.5000000000    6.0639868942e-05
 512.0000000000    6.0564413911e-05
 512.5000000000    6.0483139598e-05
 513.0000000000    6.0394805662e-05
 513.5000000000    6.0305060970e-05
 514.0000000000    6.0221557092e-05
 514.5000000000    6.0147614412e-05
 515.0000000000    6.0079400364e-05
 515.5000000000    6.0009207924e-05
 516.0000000000    5.9932030169e-05
 516.5000000000    5.9849758211e-05
 517.0000000000    5.9769438221e-05
 517.5000000000    5.9697331849e-05
 518.0000000000    5.9633603392e-05
 518.5000000000    5.9572279261e-05
 519.0000000000    5.9506330954e-05
 519.5000000000    5.9433596257e-05
 520.0000000000    5.9358542116e-05
 520.5000000000    5.9288404221e-05
 521.0000000000    5.9227088504e-05
 521.5000000000    5.9171844928e-05
 522.0000000000    5.9115762075e-05
 522.5000000000    5.9053592073e-05
 523.0000000000    5.8986073122e-05
 523.5000000000    5.8919359017e-05
 524.0000000000    5.8859693424e-05
 524.5000000000    5.8808154419e-05
 525.0000000000    5.8759765378e-05
 525.5000000000    5.8707766291e-05
 526.0000000000    5.8649281836e-05
 526.5000000000    5.8587679240e-05
 527.0000000000    5.8529623432e-05
 527.5000000000    5.8479423094e-05
 528.0000000000    5.8435444870e-05
 528.5000000000    5.8391574790e-05
 529.0000000000    5.8342125238e-05
 529.5000000000    5.8286933660e-05
 530.0000000000    5.8231281811e-05
 530.5000000000    5.8181395828e-05
 531.0000000000    5.8139139146e-05
 531.5000000000    5.8100498073e-05
 532.0000000000    5.8059074265e-05
 532.5000000000    5.8011434925e-05
 533.0000000000    5.7960037431e-05
 533.5000000000    5.7911173153e-05
 534.0000000000    5.7869536963e-05
 534.5000000000    5.7834263053e-05
 535.0000000000    5.7799713203e-05
 535.5000000000    5.7760395157e-05
 536.0000000000    5.7715578532e-05
 536.5000000000    5.7669817942e-05
 537.0000000000    5.7629158828e-05
 537.5000000000    5.7595850023e-05
 538.0000000000    5.7566495275e-05
 538.5000000000    5.7535136649e-05
 539.0000000000    5.7498215572e-05
 539.5000000000    5.7457486926e-05
 540.0000000000    5.7418642154e-05
 540.5000000000    5.7386267419e-05
 541.0000000000    5.7359992153e-05
 541.5000000000    5.7335105533e-05
 542.0000000000    5.7306190634e-05
 542.5000000000    5.7272012517e-05
 543.0000000000    5.7236445609e-05
 543.5000000000    5.7205065348e-05
 544.0000000000    5.7180516442e-05
 544.5000000000    5.7160378783e-05
 545.0000000000    5.7138978594e-05
 545.5000000000    5.7112577847e-05
 546.0000000000    5.7082378469e-05
 546.5000000000    5.7053556668e-05
 547.0000000000    5.7030649864e-05
 547.5000000000    5.7013934268e-05
 548.0000000000    5.6999086198e-05
 548.5000000000    5.6981145710e-05
 549.0000000000    5.6958273752e-05
 549.5000000000    5.6933696996e-05
 550.0000000000    5.6912769364e-05
 550.5000000000    5.6898247858e-05
 551.0000000000    5.6888170293e-05
 551.5000000000    5.6877366224e-05
 552.0000000000    5.6861911582e-05
 552.5000000000    5.6842568797e-05
 553.0000000000    5.6823905120e-05
 553.5000000000    5.6810434870e-05
 554.0000000000    5.6802758096e-05
 554.5000000000    5.6796984500e-05
 555.0000000000    5.6788260194e-05
 555.5000000000    5.6774994712e-05
 556.0000000000    5.6759686539e-05
 556.5000000000    5.6747259544e-05
 557.0000000000    5.6740609275e-05
 557.5000000000    5.6738204665e-05
 558.0000000000    5.6735622185e-05
 558.5000000000    5.6728752920e-05
 559.0000000000    5.6717958008e-05
 559.5000000000    5.6707394402e-05
 560.0000000000    5.6701521765e-05
 560.5000000000    5.6701186012e-05
 561.0000000000    5.6702901994e-05
 561.5000000000    5.6702090261e-05
 562.0000000000    5.6696958873e-05
 562.5000000000    5.6689717439e-05
 563.0000000000    5.6685048613e-05
 563.5000000000    5.6685770659e-05
 564.0000000000    5.6690647570e-05
 564.5000000000    5.6695523521e-05
 565.0000000000    5.6696628620e-05
 565.5000000000    5.6694175814e-05
 566.0000000000    5.6691918536e-05
 566.5000000000    5.6693932199e-05
 567.0000000000    5.6700960010e-05
 567.5000000000    5.6710047698e-05
 568.0000000000    5.6717152754e-05
 568.5000000000    5.6720330936e-05
 569.0000000000    5.6721397281e-05
 569.5000000000    5.6724496243e-05
 570.0000000000    5.6732339341e-05
 570.5000000000    5.6744190947e-05
 571.0000000000    5.6756154180e-05
 571.5000000000    5.6764775502e-05
 572.0000000000    5.6770136006e-05
 572.5000000000    5.6775429818e-05
 573.0000000000    5.6784430021e-05
 573.5000000000    5.6798221450e-05
 574.0000000000    5.6814421631e-05
 574.5000000000    5.6829074922e-05
 575.0000000000    5.6840060803e-05
 575.5000000000    5.6849215041e-05
 576.0000000000    5.6860440527e-05
 576.5000000000    5.6876307405e-05
 577.0000000000    5.6895953562e-05
 577.5000000000    5.6916091436e-05
 578.0000000000    5.6933199965e-05
 578.5000000000    5.6947067312e-05
 579.0000000000    5.6960830022e-05
 579.5000000000    5.6978098731e-05
 580.0000000000    5.6999738960e-05
 580.5000000000    5.7023287606e-05
 581.0000000000    5.7045323757e-05
 581.5000000000    5.7063762619e-05
 582.0000000000    5.7080164981e-05
 582.5000000000    5.7098128742e-05
 583.0000000000    5.7120217868e-05
 583.5000000000    5.7145771514e-05
 584.0000000000    5.7171314270e-05
 584.5000000000    5.7193995797e-05
 585.0000000000    5.7213804527e-05
 585.5000000000    5.7233363494e-05
 586.0000000000    5.7256038502e-05
 586.5000000000    5.7282816625e-05
 587.0000000000    5.7311797673e-05
 587.5000000000    5.7339358475e-05
 588.0000000000    5.7363702201e-05
 588.5000000000    5.7386573039e-05
 589.0000000000    5.7411171789e-05
 589.5000000000    5.7439941708e-05
 590.0000000000    5.7472152491e-05
 590.5000000000    5.7504960120e-05
 591.0000000000    5.7535082848e-05
 591.5000000000    5.7562378208e-05
 592.0000000000    5.7589890663e-05
 592.5000000000    5.7620707461e-05
 593.0000000000    5.7655656671e-05
 593.5000000000    5.7692328557e-05
 594.0000000000    5.7727644209e-05
 594.5000000000    5.7759543366e-05
 595.0000000000    5.7789743501e-05
 595.5000000000    5.7821751846e-05
 596.0000000000    5.7857815876e-05
 596.5000000000    5.7896769117e-05
 597.0000000000    5.7935258262e-05
 597.5000000000    5.7970938267e-05
 598.0000000000    5.8003733485e-05
 598.5000000000    5.8036553730e-05
 599.0000000000    5.8072462197e-05
 599.5000000000    5.8112050736e-05
 600.0000000000    5.8153005233e-05
 600.5000000000    5.8191881847e-05
 601.0000000000    5.8227711877e-05
 601.5000000000    5.8262169411e-05
 602.0000000000    5.8298485604e-05
 602.5000000000    5.8338633468e-05
 603.0000000000    5.8381657960e-05
 603.5000000000    5.8424542043e-05
 604.0000000000    5.8464507231e-05
 604.5000000000    5.8502227221e-05
 605.0000000000    5.8540284833e-05
 605.5000000000    5.8581722790e-05
 606.0000000000    5.8627079936e-05
 606.5000000000    5.8674229774e-05
 607.0000000000    5.8719562643e-05
 607.5000000000    5.8761746235e-05
 608.0000000000    5.8802734709e-05
 608.5000000000    5.8845863507e-05
 609.0000000000    5.8893291755e-05
 609.5000000000    5.8943809882e-05
 610.0000000000    5.8994135389e-05
 610.5000000000    5.9041039218e-05
 611.0000000000    5.9085118357e-05
 611.5000000000    5.9129685969e-05
 612.0000000000    5.9177992727e-05
 612.5000000000    5.9230371208e-05
 613.0000000000    5.9283782445e-05
 613.5000000000    5.9334783503e-05
 614.0000000000    5.9381770167e-05
 614.5000000000    5.9427238850e-05
 615.0000000000    5.9475354540e-05
 615.5000000000    5.9527935580e-05
 616.0000000000    5.9583189133e-05
 616.5000000000    5.9637095270e-05
 617.0000000000    5.9687382061e-05
 617.5000000000    5.9734600916e-05
 618.0000000000    5.9782547838e-05
 618.5000000000    5.9834595037e-05
 619.0000000000    5.9890892458e-05
 619.5000000000    5.9948012454e-05
 620.0000000000    6.0002077053e-05
 620.5000000000    6.0052524223e-05
 621.0000000000    6.0101741650e-05
 621.5000000000    6.0153779980e-05
 622.0000000000    6.0210563999e-05
 622.5000000000    6.0270299700e-05
 623.0000000000    6.0328939438e-05
 623.5000000000    6.0383426943e-05
 624.0000000000    6.0435011065e-05
 624.5000000000    6.0487305156e-05
 625.0000000000    6.0543918389e-05
 625.5000000000    6.0604997176e-05
 626.0000000000    6.0667092327e-05
 626.5000000000    6.0726195061e-05
 627.0000000000    6.0780676273e-05
 627.5000000000    6.0833528710e-05
 628.0000000000    6.0889395781e-05
 628.5000000000    6.0950613772e-05
 629.0000000000    6.1015205949e-05
 629.5000000000    6.1078435223e-05
 630.0000000000    6.1137172891e-05
 630.5000000000    6.1191887218e-05
 631.0000000000    6.1247274636e-05
 631.5000000000    6.1307916070e-05
 632.0000000000    6.1374002238e-05
 632.5000000000    6.1441263315e-05
 633.0000000000    6.1504681360e-05
 633.5000000000    6.1562960912e-05
 634.0000000000    6.1619129907e-05
 634.5000000000    6.1678766628e-05
 635.0000000000    6.1744760314e-05
 635.5000000000    6.1814740318e-05
 636.0000000000    6.1882890645e-05
 636.5000000000    6.1945417152e-05
 637.0000000000    6.2003541507e-05
 637.5000000000    6.2062374893e-05
 638.0000000000    6.2126954889e-05
 638.5000000000    6.2197526160e-05
 639.0000000000    6.2269491222e-05
 639.5000000000    6.2336857727e-05
 640.0000000000    6.2398216118e-05
 640.5000000000    6.2457335561e-05
 641.0000000000    6.2520200777e-05
 641.5000000000    6.2590018226e-05
 642.0000000000    6.2664203074e-05
 642.5000000000    6.2736800772e-05
 643.0000000000    6.2802969641e-05
 643.5000000000    6.2864191726e-05
 644.0000000000    6.2926129692e-05
 644.5000000000    6.2994378492e-05
 645.0000000000    6.3069472878e-05
 645.5000000000    6.3146321982e-05
 646.0000000000    6.3218670763e-05
 646.5000000000    6.3283944975e-05
 647.0000000000    6.3346532174e-05
 647.5000000000    6.3413151268e-05
 648.0000000000    6.3487668295e-05
 648.5000000000    6.3567431381e-05
 649.0000000000    6.3645551392e-05
 649.5000000000    6.3716807618e-05
 650.0000000000    6.3781725242e-05
 650.5000000000    6.3847055966e-05
 651.0000000000    6.3919370487e-05
 651.5000000000    6.3999496374e-05
 652.0000000000    6.4081645398e-05
 652.5000000000    6.4158330181e-05
 653.0000000000    6.4226937796e-05
 653.5000000000    6.4291406910e-05
 654.0000000000    6.4359746606e-05
 654.5000000000    6.4436626723e-05
 655.0000000000    6.4519431458e-05
 655.5000000000    6.4600160890e-05
 656.0000000000    6.4672398192e-05
 656.5000000000    6.4737294621e-05
 657.0000000000    6.4802028703e-05
 657.5000000000    6.4874176570e-05
 658.0000000000    6.4955095660e-05
 658.5000000000    6.5038520242e-05
 659.0000000000    6.5116441861e-05
 659.5000000000    6.5185270969e-05
 660.0000000000    6.5249653681e-05
 660.5000000000    6.5318701252e-05
 661.0000000000    6.5397790185e-05
 661.5000000000    6.5484143341e-05
 662.0000000000    6.5569051294e-05
 662.5000000000    6.5645744019e-05
 663.0000000000    6.5714474557e-05
 663.5000000000    6.5782905452e-05
 664.0000000000    6.5859609312e-05
 664.5000000000    6.5946679346e-05
 665.0000000000    6.6037412865e-05
 665.5000000000    6.6122272762e-05
 666.0000000000    6.6197361232e-05
 666.5000000000    6.6266895311e-05
 667.0000000000    6.6340424719e-05
 667.5000000000    6.6424506005e-05
 668.0000000000    6.6516899495e-05
 668.5000000000    6.6608515063e-05
 669.0000000000    6.6690606100e-05
 669.5000000000    6.6763179266e-05
 670.0000000000    6.6834322576e-05
 670.5000000000    6.6913722239e-05
 671.0000000000    6.7004379315e-05
 671.5000000000    6.7099609483e-05
 672.0000000000    6.7189214320e-05
 672.5000000000    6.7267130441e-05
 673.0000000000    6.7337675814e-05
 673.5000000000    6.7411844534e-05
 674.0000000000    6.7497391780e-05
 674.5000000000    6.7592505173e-05
 675.0000000000    6.7686885853e-05
 675.5000000000    6.7770643850e-05
 676.0000000000    6.7843044524e-05
 676.5000000000    6.7912465827e-05
 677.0000000000    6.7990308202e-05
 677.5000000000    6.8080627981e-05
 678.0000000000    6.8176518154e-05
 678.5000000000    6.8266471781e-05
 679.0000000000    6.8343382021e-05
 679.5000000000    6.8411463724e-05
 680.0000000000    6.8482672508e-05
 680.5000000000    6.8566530876e-05
 681.0000000000    6.8661708610e-05
 681.5000000000    6.8757266142e-05
 682.0000000000    6.8841821207e-05
 682.5000000000    6.8913759045e-05
 683.0000000000    6.8981811214e-05
 683.5000000000    6.9058524264e-05
 684.0000000000    6.9149241659e-05
 684.5000000000    6.9247242526e-05
 685.0000000000    6.9339628202e-05
 685.5000000000    6.9418132314e-05
 686.0000000000    6.9485956504e-05
 686.5000000000    6.9555774758e-05
 687.0000000000    6.9638606217e-05
 687.5000000000    6.9734371464e-05
 688.0000000000    6.9832018671e-05
 688.5000000000    6.9918410417e-05
 689.0000000000    6.9990051110e-05
 689.5000000000    7.0056406070e-05
 690.0000000000    7.0131081168e-05
 690.5000000000    7.0221201384e-05
 691.0000000000    7.0320635626e-05
 691.5000000000    7.0415133813e-05
 692.0000000000    7.0495148860e-05
 692.5000000000    7.0562840897e-05
 693.0000000000    7.0631594753e-05
 693.5000000000    7.0714190056e-05
 694.0000000000    7.0811668813e-05
 694.5000000000    7.0912704649e-05
 695.0000000000    7.1002424225e-05
 695.5000000000    7.1076047844e-05
 696.0000000000    7.1143023356e-05
 696.5000000000    7.1218329822e-05
 697.0000000000    7.1310518241e-05
 697.5000000000    7.1413642084e-05
 698.0000000000    7.1512411408e-05
 698.5000000000    7.1595554013e-05
 699.0000000000    7.1664714073e-05
 699.5000000000    7.1734228189e-05
 700.0000000000    7.1818306453e-05
