#          time         max mod phi
   0.0000000000    8.8387497291e-02
   0.5000000000    8.8394987355e-02
   1.0000000000    8.8391837485e-02
   1.5000000000    8.8394756134e-02
   2.0000000000    8.8393736949e-02
   2.5000000000    8.8393848657e-02
   3.0000000000    8.8394838666e-02
   3.5000000000    8.8392058753e-02
   4.0000000000    8.8395261448e-02
   4.5000000000    8.8390692201e-02
   5.0000000000    8.8395401825e-02
   5.5000000000    8.8392822706e-02
   6.0000000000    8.8394831865e-02
   6.5000000000    8.8394086298e-02
   7.0000000000    8.8393687753e-02
   7.5000000000    8.8395080399e-02
   8.0000000000    8.8392515436e-02
   8.5000000000    8.8395857923e-02
   9.0000000000    8.8390903020e-02
   9.5000000000    8.8395854894e-02
  10.0000000000    8.8392364866e-02
  10.5000000000    8.8395489749e-02
  11.0000000000    8.8393934142e-02
  11.5000000000    8.8395223001e-02
  12.0000000000    8.8395292369e-02
  12.5000000000    8.8394470478e-02
  13.0000000000    8.8395882024e-02
  13.5000000000    8.8393176077e-02
  14.0000000000    8.8396258719e-02
  14.5000000000    8.8392062906e-02
  15.0000000000    8.8396805292e-02
  15.5000000000    8.8392486576e-02
  16.0000000000    8.8396853503e-02
  16.5000000000    8.8393635812e-02
  17.0000000000    8.8396405865e-02
  17.5000000000    8.8394643156e-02
  18.0000000000    8.8396213081e-02
  18.5000000000    8.8395900074e-02
  19.0000000000    8.8395987410e-02
  19.5000000000    8.8396636107e-02
  20.0000000000    8.8395205788e-02
  20.5000000000    8.8396917664e-02
  21.0000000000    8.8394290059e-02
  21.5000000000    8.8397448881e-02
  22.0000000000    8.8393771730e-02
  22.5000000000    8.8398006303e-02
  23.0000000000    8.8392913375e-02
  23.5000000000    8.8397957270e-02
  24.0000000000    8.8393401989e-02
  24.5000000000    8.8397856788e-02
  25.0000000000    8.8394553351e-02
  25.5000000000    8.8398147800e-02
  26.0000000000    8.8395739123e-02
  26.5000000000    8.8398071131e-02
  27.0000000000    8.8396389005e-02
  27.5000000000    8.8397574494e-02
  28.0000000000    8.8396923770e-02
  28.5000000000    8.8397363078e-02
  29.0000000000    8.8397818479e-02
  29.5000000000    8.8397307539e-02
  30.0000000000    8.8398468666e-02
  30.5000000000    8.8396768747e-02
  31.0000000000    8.8398663266e-02
  31.5000000000    8.8396097185e-02
  32.0000000000    8.8399082010e-02
  32.5000000000    8.8395801208e-02
  33.0000000000    8.8399694875e-02
  33.5000000000    8.8395356440e-02
  34.0000000000    8.8399865027e-02
  34.5000000000    8.8394493418e-02
  35.0000000000    8.8399824450e-02
  35.5000000000    8.8395339681e-02
  36.0000000000    8.8400177728e-02
  36.5000000000    8.8396581721e-02
  37.0000000000    8.8400407925e-02
  37.5000000000    8.8397438760e-02
  38.0000000000    8.8400187614e-02
  38.5000000000    8.8398071762e-02
  39.0000000000    8.8400071467e-02
  39.5000000000    8.8399033381e-02
  40.0000000000    8.8400201034e-02
  40.5000000000    8.8399958193e-02
  41.0000000000    8.8399981129e-02
  41.5000000000    8.8400446924e-02
  42.0000000000    8.8399476658e-02
  42.5000000000    8.8400981273e-02
  43.0000000000    8.8399233736e-02
  43.5000000000    8.8401787650e-02
  44.0000000000    8.8398969005e-02
  44.5000000000    8.8402289281e-02
  45.0000000000    8.8398263883e-02
  45.5000000000    8.8402492786e-02
  46.0000000000    8.8397497324e-02
  46.5000000000    8.8402901840e-02
  47.0000000000    8.8398394616e-02
  47.5000000000    8.8403374013e-02
  48.0000000000    8.8399717775e-02
  48.5000000000    8.8403355876e-02
  49.0000000000    8.8400691496e-02
  49.5000000000    8.8403279876e-02
  50.0000000000    8.8401904187e-02
  50.5000000000    8.8403402963e-02
  51.0000000000    8.8403141543e-02
  51.5000000000    8.8403256225e-02
  52.0000000000    8.8403985378e-02
  52.5000000000    8.8402709021e-02
  53.0000000000    8.8404680906e-02
  53.5000000000    8.8402229274e-02
  54.0000000000    8.8405578885e-02
  54.5000000000    8.8401756484e-02
  55.0000000000    8.8406255730e-02
  55.5000000000    8.8400945766e-02
  56.0000000000    8.8406496860e-02
  56.5000000000    8.8402517240e-02
  57.0000000000    8.8406749220e-02
  57.5000000000    8.8404261130e-02
  58.0000000000    8.8407111892e-02
  58.5000000000    8.8405764974e-02
  59.0000000000    8.8407062778e-02
  59.5000000000    8.8406786282e-02
  60.0000000000    8.8406774658e-02
  60.5000000000    8.8407872638e-02
  61.0000000000    8.8406626021e-02
  61.5000000000    8.8409085395e-02
  62.0000000000    8.8406276802e-02
  62.5000000000    8.8409907228e-02
  63.0000000000    8.8405408235e-02
  63.5000000000    8.8410405034e-02
  64.0000000000    8.8405877486e-02
  64.5000000000    8.8411019611e-02
  65.0000000000    8.8408057372e-02
  65.5000000000    8.8411479962e-02
  66.0000000000    8.8409852226e-02
  66.5000000000    8.8411387517e-02
  67.0000000000    8.8411256590e-02
  67.5000000000    8.8411109718e-02
  68.0000000000    8.8412742042e-02
  68.5000000000    8.8410863259e-02
  69.0000000000    8.8414099992e-02
  69.5000000000    8.8410155432e-02
  70.0000000000    8.8414876189e-02
  70.5000000000    8.8410276844e-02
  71.0000000000    8.8415380357e-02
  71.5000000000    8.8412714125e-02
  72.0000000000    8.8415897274e-02
  72.5000000000    8.8415039020e-02
  73.0000000000    8.8415966119e-02
  73.5000000000    8.8416755387e-02
  74.0000000000    8.8415370222e-02
  74.5000000000    8.8418080921e-02
  75.0000000000    8.8414580133e-02
  75.5000000000    8.8419394472e-02
  76.0000000000    8.8415173543e-02
  76.5000000000    8.8420309696e-02
  77.0000000000    8.8417903092e-02
  77.5000000000    8.8420400112e-02
  78.0000000000    8.8420001757e-02
  78.5000000000    8.8420138516e-02
  79.0000000000    8.8422120050e-02
  79.5000000000    8.8419814963e-02
  80.0000000000    8.8423866839e-02
  80.5000000000    8.8418996043e-02
  81.0000000000    8.8424656177e-02
  81.5000000000    8.8422009061e-02
  82.0000000000    8.8425025155e-02
  82.5000000000    8.8424866415e-02
  83.0000000000    8.8425120413e-02
  83.5000000000    8.8427277756e-02
  84.0000000000    8.8424400117e-02
  84.5000000000    8.8428754776e-02
  85.0000000000    8.8424605466e-02
  85.5000000000    8.8429614575e-02
  86.0000000000    8.8428153210e-02
  86.5000000000    8.8430125898e-02
  87.0000000000    8.8431172672e-02
  87.5000000000    8.8429725166e-02
  88.0000000000    8.8433185348e-02
  88.5000000000    8.8428348654e-02
  89.0000000000    8.8434401857e-02
  89.5000000000    8.8432404944e-02
  90.0000000000    8.8435117820e-02
  90.5000000000    8.8435890672e-02
  91.0000000000    8.8434894705e-02
  91.5000000000    8.8438260579e-02
  92.0000000000    8.8433545741e-02
  92.5000000000    8.8439622042e-02
  93.0000000000    8.8437922764e-02
  93.5000000000    8.8440321563e-02
  94.0000000000    8.8441614444e-02
  94.5000000000    8.8439982748e-02
  95.0000000000    8.8444074078e-02
  95.5000000000    8.8440310963e-02
  96.0000000000    8.8445307913e-02
  96.5000000000    8.8444729068e-02
  97.0000000000    8.8445674308e-02
  97.5000000000    8.8448305319e-02
  98.0000000000    8.8444867619e-02
  98.5000000000    8.8450490996e-02
  99.0000000000    8.8448485396e-02
  99.5000000000    8.8451197948e-02
 100.0000000000    8.8452591341e-02
 100.5000000000    8.8450906206e-02
 101.0000000000    8.8455703902e-02
 101.5000000000    8.8453006690e-02
 102.0000000000    8.8457062296e-02
 102.5000000000    8.8457659403e-02
 103.0000000000    8.8456853610e-02
 103.5000000000    8.8461001769e-02
 104.0000000000    8.8458011177e-02
 104.5000000000    8.8462963524e-02
 105.0000000000    8.8463540590e-02
 105.5000000000    8.8463185191e-02
 106.0000000000    8.8467196896e-02
 106.5000000000    8.8464191192e-02
 107.0000000000    8.8469060797e-02
 107.5000000000    8.8469879905e-02
 108.0000000000    8.8469345176e-02
 108.5000000000    8.8473918444e-02
 109.0000000000    8.8471607377e-02
 109.5000000000    8.8475776225e-02
 110.0000000000    8.8477180359e-02
 110.5000000000    8.8475501066e-02
 111.0000000000    8.8480894331e-02
 111.5000000000    8.8479736299e-02
 112.0000000000    8.8482678486e-02
 112.5000000000    8.8485402713e-02
 113.0000000000    8.8481971199e-02
 113.5000000000    8.8488563915e-02
 114.0000000000    8.8488767579e-02
 114.5000000000    8.8489477664e-02
 115.0000000000    8.8493915408e-02
 115.5000000000    8.8492060241e-02
 116.0000000000    8.8496599368e-02
 116.5000000000    8.8498766289e-02
 117.0000000000    8.8496367133e-02
 117.5000000000    8.8502701696e-02
 118.0000000000    8.8503000446e-02
 118.5000000000    8.8504130652e-02
 119.0000000000    8.8508817703e-02
 119.5000000000    8.8507474205e-02
 120.0000000000    8.8511585556e-02
 120.5000000000    8.8514462011e-02
 121.0000000000    8.8511488369e-02
 121.5000000000    8.8518446978e-02
 122.0000000000    8.8520102070e-02
 122.5000000000    8.8519544611e-02
 123.0000000000    8.8525701205e-02
 123.5000000000    8.8526107635e-02
 124.0000000000    8.8527674030e-02
 124.5000000000    8.8532555328e-02
 125.0000000000    8.8531964488e-02
 125.5000000000    8.8535724764e-02
 126.0000000000    8.8539949484e-02
 126.5000000000    8.8538742109e-02
 127.0000000000    8.8544196592e-02
 127.5000000000    8.8547528439e-02
 128.0000000000    8.8545538606e-02
 128.5000000000    8.8552352459e-02
 129.0000000000    8.8555311362e-02
 129.5000000000    8.8553442415e-02
 130.0000000000    8.8561275370e-02
 130.5000000000    8.8563922300e-02
 131.0000000000    8.8562708864e-02
 131.5000000000    8.8570083112e-02
 132.0000000000    8.8572509255e-02
 132.5000000000    8.8571877719e-02
 133.0000000000    8.8579424032e-02
 133.5000000000    8.8582133489e-02
 134.0000000000    8.8581704302e-02
 134.5000000000    8.8589267885e-02
 135.0000000000    8.8592038806e-02
 135.5000000000    8.8591270094e-02
 136.0000000000    8.8599204496e-02
 136.5000000000    8.8602626945e-02
 137.0000000000    8.8601555563e-02
 137.5000000000    8.8610080010e-02
 138.0000000000    8.8614082116e-02
 138.5000000000    8.8613590376e-02
 139.0000000000    8.8620926295e-02
 139.5000000000    8.8625718656e-02
 140.0000000000    8.8626313979e-02
 140.5000000000    8.8632475609e-02
 141.0000000000    8.8638435936e-02
 141.5000000000    8.8640144339e-02
 142.0000000000    8.8644305644e-02
 142.5000000000    8.8651202394e-02
 143.0000000000    8.8654087400e-02
 143.5000000000    8.8656105921e-02
 144.0000000000    8.8664547501e-02
 144.5000000000    8.8669063097e-02
 145.0000000000    8.8669641425e-02
 145.5000000000    8.8678174382e-02
 146.0000000000    8.8684048088e-02
 146.5000000000    8.8686188798e-02
 147.0000000000    8.8691538364e-02
 147.5000000000    8.8699357956e-02
 148.0000000000    8.8703572302e-02
 148.5000000000    8.8705278092e-02
 149.0000000000    8.8714851189e-02
 149.5000000000    8.8720832212e-02
 150.0000000000    8.8723370602e-02
 150.5000000000    8.8729779002e-02
 151.0000000000    8.8738091906e-02
 151.5000000000    8.8743110326e-02
 152.0000000000    8.8744819133e-02
 152.5000000000    8.8755290539e-02
 153.0000000000    8.8762490572e-02
 153.5000000000    8.8766534136e-02
 154.0000000000    8.8771542812e-02
 154.5000000000    8.8781415758e-02
 155.0000000000    8.8788299695e-02
 155.5000000000    8.8792185493e-02
 156.0000000000    8.8799864784e-02
 156.5000000000    8.8809310169e-02
 157.0000000000    8.8815876266e-02
 157.5000000000    8.8819695157e-02
 158.0000000000    8.8829217994e-02
 158.5000000000    8.8838926026e-02
 159.0000000000    8.8845932121e-02
 159.5000000000    8.8850246850e-02
 160.0000000000    8.8860602368e-02
 160.5000000000    8.8870586374e-02
 161.0000000000    8.8878075680e-02
 161.5000000000    8.8883171986e-02
 162.0000000000    8.8893661098e-02
 162.5000000000    8.8904608894e-02
 163.0000000000    8.8913147406e-02
 163.5000000000    8.8919314921e-02
 164.0000000000    8.8928672012e-02
 164.5000000000    8.8940580396e-02
 165.0000000000    8.8950344517e-02
 165.5000000000    8.8958036042e-02
 166.0000000000    8.8965571999e-02
 166.5000000000    8.8979021158e-02
 167.0000000000    8.8990355181e-02
 167.5000000000    8.8999643326e-02
 168.0000000000    8.9006997554e-02
 168.5000000000    8.9018993423e-02
 169.0000000000    8.9032235839e-02
 169.5000000000    8.9043696890e-02
 170.0000000000    8.9053374763e-02
 170.5000000000    8.9061274829e-02
 171.0000000000    8.9076270196e-02
 171.5000000000    8.9089803419e-02
 172.0000000000    8.9101753322e-02
 172.5000000000    8.9112225438e-02
 173.0000000000    8.9121598350e-02
 173.5000000000    8.9137826025e-02
 174.0000000000    8.9152508550e-02
 174.5000000000    8.9165677993e-02
 175.0000000000    8.9177432522e-02
 175.5000000000    8.9187910598e-02
 176.0000000000    8.9204007223e-02
 176.5000000000    8.9220303576e-02
 177.0000000000    8.9235396712e-02
 177.5000000000    8.9249257837e-02
 178.0000000000    8.9261900527e-02
 178.5000000000    8.9275620718e-02
 179.0000000000    8.9293741558e-02
 179.5000000000    8.9310909346e-02
 180.0000000000    8.9327191448e-02
 180.5000000000    8.9342581489e-02
 181.0000000000    8.9357041628e-02
 181.5000000000    8.9372869550e-02
 182.0000000000    8.9392541504e-02
 182.5000000000    8.9411389365e-02
 183.0000000000    8.9429553585e-02
 183.5000000000    8.9447115530e-02
 184.0000000000    8.9464077823e-02
 184.5000000000    8.9480398852e-02
 185.0000000000    8.9501205825e-02
 185.5000000000    8.9522551504e-02
 186.0000000000    8.9543312255e-02
 186.5000000000    8.9563632385e-02
 187.0000000000    8.9583607214e-02
 187.5000000000    8.9603252347e-02
 188.0000000000    8.9622528709e-02
 188.5000000000    8.9644204715e-02
 189.0000000000    8.9668262423e-02
 189.5000000000    8.9691955975e-02
 190.0000000000    8.9715423972e-02
 190.5000000000    8.9738771904e-02
 191.0000000000    8.9762032831e-02
 191.5000000000    8.9785179731e-02
 192.0000000000    8.9808177647e-02
 192.5000000000    8.9831039932e-02
 193.0000000000    8.9858205431e-02
 193.5000000000    8.9885620553e-02
 194.0000000000    8.9913110062e-02
 194.5000000000    8.9940724411e-02
 195.0000000000    8.9968450096e-02
 195.5000000000    8.9996252631e-02
 196.0000000000    9.0024128916e-02
 196.5000000000    9.0052137936e-02
 197.0000000000    9.0080386369e-02
 197.5000000000    9.0108984612e-02
 198.0000000000    9.0138001806e-02
 198.5000000000    9.0170457573e-02
 199.0000000000    9.0203489330e-02
 199.5000000000    9.0236776997e-02
 200.0000000000    9.0270352245e-02
 200.5000000000    9.0304296768e-02
 201.0000000000    9.0338712929e-02
 201.5000000000    9.0373679107e-02
 202.0000000000    9.0409223359e-02
 202.5000000000    9.0445328938e-02
 203.0000000000    9.0481968932e-02
 203.5000000000    9.0519147741e-02
 204.0000000000    9.0556919405e-02
 204.5000000000    9.0595372942e-02
 205.0000000000    9.0634593214e-02
 205.5000000000    9.0674624676e-02
 206.0000000000    9.0715465716e-02
 206.5000000000    9.0757087567e-02
 207.0000000000    9.0799472403e-02
 207.5000000000    9.0842642748e-02
 208.0000000000    9.0886666153e-02
 208.5000000000    9.0931628387e-02
 209.0000000000    9.0977590596e-02
 209.5000000000    9.1024563354e-02
 210.0000000000    9.1072516518e-02
 210.5000000000    9.1121414280e-02
 211.0000000000    9.1171254521e-02
 211.5000000000    9.1222080559e-02
 212.0000000000    9.1273967768e-02
 212.5000000000    9.1326985598e-02
 213.0000000000    9.1381161277e-02
 213.5000000000    9.1436467260e-02
 214.0000000000    9.1492851217e-02
 214.5000000000    9.1550282042e-02
 215.0000000000    9.1608780124e-02
 215.5000000000    9.1668409319e-02
 216.0000000000    9.1729239709e-02
 216.5000000000    9.1791304808e-02
 217.0000000000    9.1854580686e-02
 217.5000000000    9.1919004178e-02
 218.0000000000    9.1984518541e-02
 218.5000000000    9.2051113979e-02
 219.0000000000    9.2118835126e-02
 219.5000000000    9.2187748505e-02
 220.0000000000    9.2257892848e-02
 220.5000000000    9.2329245715e-02
 221.0000000000    9.2401733147e-02
 221.5000000000    9.2476414190e-02
 222.0000000000    9.2555138366e-02
 222.5000000000    9.2635105507e-02
 223.0000000000    9.2716372746e-02
 223.5000000000    9.2798985041e-02
 224.0000000000    9.2882925550e-02
 224.5000000000    9.2968112540e-02
 225.0000000000    9.3054436907e-02
 225.5000000000    9.3141823106e-02
 226.0000000000    9.3230258064e-02
 226.5000000000    9.3324269436e-02
 227.0000000000    9.3421285870e-02
 227.5000000000    9.3519663882e-02
 228.0000000000    9.3619315236e-02
 228.5000000000    9.3720106802e-02
 229.0000000000    9.3821921285e-02
 229.5000000000    9.3924703289e-02
 230.0000000000    9.4033584556e-02
 230.5000000000    9.4146458062e-02
 231.0000000000    9.4260607403e-02
 231.5000000000    9.4375940336e-02
 232.0000000000    9.4492301128e-02
 232.5000000000    9.4609527444e-02
 233.0000000000    9.4735312950e-02
 233.5000000000    9.4863804654e-02
 234.0000000000    9.4993345180e-02
 234.5000000000    9.5123914970e-02
 235.0000000000    9.5255415745e-02
 235.5000000000    9.5396302473e-02
 236.0000000000    9.5540425699e-02
 236.5000000000    9.5685288133e-02
 237.0000000000    9.5830791357e-02
 237.5000000000    9.5980710954e-02
 238.0000000000    9.6140002355e-02
 238.5000000000    9.6300146642e-02
 239.0000000000    9.6460947647e-02
 239.5000000000    9.6625661575e-02
 240.0000000000    9.6801120738e-02
 240.5000000000    9.6977010431e-02
 241.0000000000    9.7153218587e-02
 241.5000000000    9.7337839087e-02
 242.0000000000    9.7530070749e-02
 242.5000000000    9.7722674960e-02
 243.0000000000    9.7916784312e-02
 243.5000000000    9.8126181290e-02
 244.0000000000    9.8335596401e-02
 244.5000000000    9.8544813134e-02
 245.0000000000    9.8769608271e-02
 245.5000000000    9.8996849761e-02
 246.0000000000    9.9223881209e-02
 246.5000000000    9.9467105283e-02
 247.0000000000    9.9713132595e-02
 247.5000000000    9.9958450215e-02
 248.0000000000    1.0022392701e-01
 248.5000000000    1.0048908682e-01
 249.0000000000    1.0075963839e-01
 249.5000000000    1.0104600366e-01
 250.0000000000    1.0133149358e-01
 250.5000000000    1.0163279834e-01
 251.0000000000    1.0194040428e-01
 251.5000000000    1.0225256884e-01
 252.0000000000    1.0258329839e-01
 252.5000000000    1.0291245745e-01
 253.0000000000    1.0326441859e-01
 253.5000000000    1.0361822114e-01
 254.0000000000    1.0398829292e-01
 254.5000000000    1.0436789494e-01
 255.0000000000    1.0475898320e-01
 255.5000000000    1.0516550741e-01
 256.0000000000    1.0558097165e-01
 256.5000000000    1.0601602276e-01
 257.0000000000    1.0645981314e-01
 257.5000000000    1.0692512583e-01
 258.0000000000    1.0740127942e-01
 258.5000000000    1.0789829516e-01
 259.0000000000    1.0841097182e-01
 259.5000000000    1.0894124212e-01
 260.0000000000    1.0949528966e-01
 260.5000000000    1.1006081383e-01
 261.0000000000    1.1066178096e-01
 261.5000000000    1.1127153234e-01
 262.0000000000    1.1191833147e-01
 262.5000000000    1.1258429767e-01
 263.0000000000    1.1327304993e-01
 263.5000000000    1.1400214538e-01
 264.0000000000    1.1474948989e-01
 264.5000000000    1.1553545012e-01
 265.0000000000    1.1635891441e-01
 265.5000000000    1.1720803041e-01
 266.0000000000    1.1810466907e-01
 266.5000000000    1.1904528039e-01
 267.0000000000    1.2002054474e-01
 267.5000000000    1.2104340797e-01
 268.0000000000    1.2212944705e-01
 268.5000000000    1.2326186571e-01
 269.0000000000    1.2444509840e-01
 269.5000000000    1.2569779918e-01
 270.0000000000    1.2702663638e-01
 270.5000000000    1.2842251927e-01
 271.0000000000    1.2989186378e-01
 271.5000000000    1.3144180605e-01
 272.0000000000    1.3309529753e-01
 272.5000000000    1.3485642377e-01
 273.0000000000    1.3672476945e-01
 273.5000000000    1.3871116466e-01
 274.0000000000    1.4082768780e-01
 274.5000000000    1.4308787650e-01
 275.0000000000    1.4550696280e-01
 275.5000000000    1.4810211723e-01
 276.0000000000    1.5089269987e-01
 276.5000000000    1.5390051963e-01
 277.0000000000    1.5715009645e-01
 277.5000000000    1.6066891105e-01
 278.0000000000    1.6448758998e-01
 278.5000000000    1.6863993824e-01
 279.0000000000    1.7316267202e-01
 279.5000000000    1.7809459891e-01
 280.0000000000    1.8347480139e-01
 280.5000000000    1.8933903622e-01
 281.0000000000    1.9571299334e-01
 281.5000000000    2.0266192877e-01
 282.0000000000    2.1031119851e-01
 282.5000000000    2.1849388118e-01
 283.0000000000    2.2705438102e-01
 283.5000000000    2.3634031836e-01
 284.0000000000    2.4569800221e-01
 284.5000000000    2.5493963911e-01
 285.0000000000    2.6397336591e-01
 285.5000000000    2.7183189895e-01
 286.0000000000    2.7823057533e-01
 286.5000000000    2.8309373196e-01
 287.0000000000    2.8081839794e-01
 287.5000000000    2.7713253939e-01
 288.0000000000    2.6287513822e-01
 288.5000000000    2.3350810285e-01
 289.0000000000    2.0691684302e-01
 289.5000000000    1.7705560383e-01
 290.0000000000    1.4542048574e-01
 290.5000000000    1.1638853930e-01
 291.0000000000    9.8588749363e-02
 291.5000000000    8.3363793133e-02
 292.0000000000    7.0649929457e-02
 292.5000000000    6.0440344327e-02
 293.0000000000    5.2447319036e-02
 293.5000000000    4.6237445712e-02
 294.0000000000    4.2162026789e-02
 294.5000000000    3.8748217715e-02
 295.0000000000    3.5637792045e-02
 295.5000000000    3.2719192115e-02
 296.0000000000    2.9911740463e-02
 296.5000000000    2.7150042306e-02
 297.0000000000    2.5435849202e-02
 297.5000000000    2.3750248551e-02
 298.0000000000    2.1830310172e-02
 298.5000000000    2.0158083464e-02
 299.0000000000    1.9132077023e-02
 299.5000000000    1.7648389936e-02
 300.0000000000    1.6885692756e-02
 300.5000000000    1.5863701545e-02
 301.0000000000    1.4799629272e-02
 301.5000000000    1.4229982812e-02
 302.0000000000    1.3422813336e-02
 302.5000000000    1.2594068554e-02
 303.0000000000    1.1988802762e-02
 303.5000000000    1.1591046631e-02
 304.0000000000    1.1270225629e-02
 304.5000000000    1.0924507928e-02
 305.0000000000    1.0555832201e-02
 305.5000000000    1.0146567754e-02
 306.0000000000    9.8745008808e-03
 306.5000000000    9.6819246364e-03
 307.0000000000    9.3995992714e-03
 307.5000000000    9.1020489555e-03
 308.0000000000    8.9725594480e-03
 308.5000000000    8.9001092386e-03
 309.0000000000    8.7122543154e-03
 309.5000000000    8.5887935828e-03
 310.0000000000    8.3848505623e-03
 310.5000000000    8.2964466636e-03
 311.0000000000    8.1194020877e-03
 311.5000000000    8.0007161781e-03
 312.0000000000    7.7995894053e-03
 312.5000000000    7.7076974535e-03
 313.0000000000    7.5409984698e-03
 313.5000000000    7.7121568708e-03
 314.0000000000    7.5443511013e-03
 314.5000000000    7.2700302476e-03
 315.0000000000    7.0354482065e-03
 315.5000000000    6.7432571983e-03
 316.0000000000    6.2793196970e-03
 316.5000000000    5.6363574122e-03
 317.0000000000    4.8816514191e-03
 317.5000000000    4.0997790366e-03
 318.0000000000    3.3609271925e-03
 318.5000000000    2.8998344277e-03
 319.0000000000    2.6547043777e-03
 319.5000000000    2.4416454259e-03
 320.0000000000    2.2647375802e-03
 320.5000000000    2.1157940795e-03
 321.0000000000    1.9773547489e-03
 321.5000000000    1.8499719954e-03
 322.0000000000    1.7345899561e-03
 322.5000000000    1.6306783019e-03
 323.0000000000    1.5357171722e-03
 323.5000000000    1.4462558093e-03
 324.0000000000    1.3596570728e-03
 324.5000000000    1.2752955022e-03
 325.0000000000    1.1944943220e-03
 325.5000000000    1.1193254929e-03
 326.0000000000    1.0510579213e-03
 326.5000000000    9.9141050691e-04
 327.0000000000    9.3491094439e-04
 327.5000000000    8.7959090251e-04
 328.0000000000    8.2639198401e-04
 328.5000000000    7.7693602277e-04
 329.0000000000    7.3230593643e-04
 329.5000000000    6.9224272444e-04
 330.0000000000    6.5529725540e-04
 330.5000000000    6.2299920379e-04
 331.0000000000    6.0874596699e-04
 331.5000000000    5.9363367344e-04
 332.0000000000    5.7939214538e-04
 332.5000000000    5.6633946644e-04
 333.0000000000    5.5328579195e-04
 333.5000000000    5.3862154573e-04
 334.0000000000    5.2163593028e-04
 334.5000000000    5.0303886014e-04
 335.0000000000    4.8439221196e-04
 335.5000000000    4.6696271257e-04
 336.0000000000    4.5089006282e-04
 336.5000000000    4.3527387120e-04
 337.0000000000    4.1900552207e-04
 337.5000000000    4.0162074805e-04
 338.0000000000    3.8357670251e-04
 338.5000000000    3.6586793840e-04
 339.0000000000    3.4932672870e-04
 339.5000000000    3.3410850037e-04
 340.0000000000    3.1969467868e-04
 340.5000000000    3.0534646594e-04
 341.0000000000    2.9063399477e-04
 341.5000000000    2.7568516154e-04
 342.0000000000    2.6104618277e-04
 342.5000000000    2.4729224709e-04
 343.0000000000    2.3465527582e-04
 343.5000000000    2.2290690370e-04
 344.0000000000    2.1155141928e-04
 344.5000000000    2.0016753361e-04
 345.0000000000    1.8866232526e-04
 345.5000000000    1.7729545099e-04
 346.0000000000    1.6648548093e-04
 346.5000000000    1.5652905218e-04
 347.0000000000    1.4740997018e-04
 347.5000000000    1.3881971444e-04
 348.0000000000    1.3036642753e-04
 348.5000000000    1.2182327403e-04
 349.0000000000    1.1338675709e-04
 349.5000000000    1.0577137111e-04
 350.0000000000    1.0058064504e-04
 350.5000000000    9.6495960085e-05
 351.0000000000    9.3232570032e-05
 351.5000000000    9.0335892915e-05
 352.0000000000    8.7219439402e-05
 352.5000000000    8.3590974817e-05
 353.0000000000    7.9635152325e-05
 353.5000000000    7.5860732602e-05
 354.0000000000    7.2875674545e-05
 354.5000000000    7.0727505116e-05
 355.0000000000    6.8381120231e-05
 355.5000000000    6.5805972246e-05
 356.0000000000    6.3031968337e-05
 356.5000000000    5.9956316431e-05
 357.0000000000    5.7008196174e-05
 357.5000000000    5.5075290080e-05
 358.0000000000    5.3452937971e-05
 358.5000000000    5.1654527060e-05
 359.0000000000    4.9452360010e-05
 359.5000000000    4.7211330166e-05
 360.0000000000    4.4786095319e-05
 360.5000000000    4.2657926365e-05
 361.0000000000    4.1209853188e-05
 361.5000000000    3.9971527483e-05
 362.0000000000    3.8570996300e-05
 362.5000000000    3.6819813282e-05
 363.0000000000    3.5593649619e-05
 363.5000000000    3.6359392846e-05
 364.0000000000    3.6764121898e-05
 364.5000000000    3.7916881028e-05
 365.0000000000    3.9252746122e-05
 365.5000000000    4.0327613271e-05
 366.0000000000    4.1074784999e-05
 366.5000000000    4.1627985234e-05
 367.0000000000    4.2036451488e-05
 367.5000000000    4.1942246100e-05
 368.0000000000    4.1987494512e-05
 368.5000000000    4.2898483425e-05
 369.0000000000    4.3550027410e-05
 369.5000000000    4.4029525457e-05
 370.0000000000    4.4440108050e-05
 370.5000000000    4.4426595695e-05
 371.0000000000    4.3909997960e-05
 371.5000000000    4.3387921078e-05
 372.0000000000    4.3771795120e-05
 372.5000000000    4.4135115607e-05
 373.0000000000    4.4487651522e-05
 373.5000000000    4.4760396731e-05
 374.0000000000    4.4407090848e-05
 374.5000000000    4.3627495472e-05
 375.0000000000    4.2929367502e-05
 375.5000000000    4.2946341611e-05
 376.0000000000    4.3162508116e-05
 376.5000000000    4.3469215653e-05
 377.0000000000    4.3466366010e-05
 377.5000000000    4.2876703602e-05
 378.0000000000    4.1948513939e-05
 378.5000000000    4.1175688540e-05
 379.0000000000    4.0977555491e-05
 379.5000000000    4.1104559555e-05
 380.0000000000    4.1302418756e-05
 380.5000000000    4.1081813963e-05
 381.0000000000    4.0329462771e-05
 381.5000000000    3.9325040610e-05
 382.0000000000    3.8535880777e-05
 382.5000000000    3.8252938159e-05
 383.0000000000    3.8348382898e-05
 383.5000000000    3.8391660142e-05
 384.0000000000    3.8004706733e-05
 384.5000000000    3.7140935717e-05
 385.0000000000    3.6112661109e-05
 385.5000000000    3.5359656298e-05
 386.0000000000    3.5097457538e-05
 386.5000000000    3.5134770198e-05
 387.0000000000    3.5044948413e-05
 387.5000000000    3.4514995305e-05
 388.0000000000    3.3573333291e-05
 388.5000000000    3.2563644431e-05
 389.0000000000    3.1884843163e-05
 389.5000000000    3.1663802889e-05
 390.0000000000    3.1648530033e-05
 390.5000000000    3.1433087900e-05
 391.0000000000    3.0783933172e-05
 391.5000000000    2.9804735099e-05
 392.0000000000    2.8855547830e-05
 392.5000000000    2.8275087755e-05
 393.0000000000    2.8097540263e-05
 393.5000000000    2.8028192561e-05
 394.0000000000    2.7703042948e-05
 394.5000000000    2.6973140011e-05
 395.0000000000    2.6004636178e-05
 395.5000000000    2.5153395562e-05
 396.0000000000    2.4703791816e-05
 396.5000000000    2.4550592991e-05
 397.0000000000    2.4433972390e-05
 397.5000000000    2.4027731391e-05
 398.0000000000    2.3263700091e-05
 398.5000000000    2.2354189970e-05
 399.0000000000    2.1633495056e-05
 399.5000000000    2.1354011769e-05
 400.0000000000    2.1193258466e-05
 400.5000000000    2.1039888358e-05
 401.0000000000    2.0583035217e-05
 401.5000000000    1.9826554632e-05
 402.0000000000    1.9011050412e-05
 402.5000000000    1.8602011297e-05
 403.0000000000    1.8304247333e-05
 403.5000000000    1.8135142954e-05
 404.0000000000    1.7948129959e-05
 404.5000000000    1.7461802674e-05
 405.0000000000    1.6739865685e-05
 405.5000000000    1.6594070205e-05
 406.0000000000    1.6434514695e-05
 406.5000000000    1.6091573032e-05
 407.0000000000    1.5606573788e-05
 407.5000000000    1.5227830992e-05
 408.0000000000    1.5176498806e-05
 408.5000000000    1.5204546331e-05
 409.0000000000    1.5130291456e-05
 409.5000000000    1.4873344729e-05
 410.0000000000    1.4469462850e-05
 410.5000000000    1.4120870628e-05
 411.0000000000    1.4012688139e-05
 411.5000000000    1.4049549581e-05
 412.0000000000    1.4058999777e-05
 412.5000000000    1.3916865888e-05
 413.0000000000    1.3611642036e-05
 413.5000000000    1.3276763905e-05
 414.0000000000    1.3097150724e-05
 414.5000000000    1.3096264091e-05
 415.0000000000    1.3154126065e-05
 415.5000000000    1.3124358497e-05
 416.0000000000    1.2933032381e-05
 416.5000000000    1.2637880743e-05
 417.0000000000    1.2399259702e-05
 417.5000000000    1.2324605912e-05
 418.0000000000    1.2377024741e-05
 418.5000000000    1.2426822606e-05
 419.0000000000    1.2353331914e-05
 419.5000000000    1.2134892103e-05
 420.0000000000    1.1875077566e-05
 420.5000000000    1.1716587714e-05
 421.0000000000    1.1710988035e-05
 421.5000000000    1.1785820301e-05
 422.0000000000    1.1809890631e-05
 422.5000000000    1.1694564318e-05
 423.0000000000    1.1466926669e-05
 423.5000000000    1.1252314717e-05
 424.0000000000    1.1163334290e-05
 424.5000000000    1.1205846203e-05
 425.0000000000    1.1281485761e-05
 425.5000000000    1.1267784691e-05
 426.0000000000    1.1115177957e-05
 426.5000000000    1.0891104707e-05
 427.0000000000    1.0723812034e-05
 427.5000000000    1.0691827033e-05
 428.0000000000    1.0762853952e-05
 428.5000000000    1.0822458175e-05
 429.0000000000    1.0766762966e-05
 429.5000000000    1.0587522428e-05
 430.0000000000    1.0381438705e-05
 430.5000000000    1.0266995336e-05
 431.0000000000    1.0285833920e-05
 431.5000000000    1.0371273546e-05
 432.0000000000    1.0403263955e-05
 432.5000000000    1.0306558099e-05
 433.0000000000    1.0113665655e-05
 433.5000000000    9.9380564063e-06
 434.0000000000    9.8771335063e-06
 434.5000000000    9.9339825580e-06
 435.0000000000    1.0015537225e-05
 435.5000000000    1.0009092978e-05
 436.0000000000    9.8754851149e-06
 436.5000000000    9.6818925902e-06
 437.0000000000    9.5449867905e-06
 437.5000000000    9.5337623267e-06
 438.0000000000    9.6145735607e-06
 438.5000000000    9.6783859071e-06
 439.0000000000    9.6309591675e-06
 439.5000000000    9.4712155648e-06
 440.0000000000    9.2923457631e-06
 440.5000000000    9.2023170239e-06
 441.0000000000    9.2361356394e-06
 441.5000000000    9.3273186124e-06
 442.0000000000    9.3623818885e-06
 442.5000000000    9.2750057975e-06
 443.0000000000    9.1016526189e-06
 443.5000000000    8.9502192668e-06
 444.0000000000    8.9097943872e-06
 444.5000000000    8.9789938654e-06
 445.0000000000    9.0659570952e-06
 445.5000000000    9.0643120012e-06
 446.0000000000    8.9425661441e-06
 446.5000000000    8.7696761722e-06
 447.0000000000    8.6560572644e-06
 447.5000000000    8.6632801485e-06
 448.0000000000    8.7537583570e-06
 448.5000000000    8.8205136236e-06
 449.0000000000    8.7768626139e-06
 449.5000000000    8.6289617209e-06
 450.0000000000    8.4691718689e-06
 450.5000000000    8.3988739880e-06
 451.0000000000    8.4465899582e-06
 451.5000000000    8.5431232198e-06
 452.0000000000    8.5784733508e-06
 452.5000000000    8.4947638511e-06
 453.0000000000    8.3339342188e-06
 453.5000000000    8.2007824548e-06
 454.0000000000    8.1772862336e-06
 454.5000000000    8.2560304338e-06
 455.0000000000    8.3437197591e-06
 455.5000000000    8.3404958107e-06
 456.0000000000    8.2233287468e-06
 456.5000000000    8.0637705247e-06
 457.0000000000    7.9672891777e-06
 457.5000000000    7.9883181763e-06
 458.0000000000    8.0841858868e-06
 458.5000000000    8.1490756289e-06
 459.0000000000    8.1042925355e-06
 459.5000000000    7.9633128784e-06
 460.0000000000    7.8184164776e-06
 460.5000000000    7.7646022949e-06
 461.0000000000    7.8233405015e-06
 461.5000000000    7.9215299735e-06
 462.0000000000    7.9531331404e-06
 462.5000000000    7.8693739844e-06
 463.0000000000    7.7176397770e-06
 463.5000000000    7.6001121146e-06
 464.0000000000    7.5915007532e-06
 464.5000000000    7.6771889730e-06
 465.0000000000    7.7624060484e-06
 465.5000000000    7.7540707123e-06
 466.0000000000    7.6385322075e-06
 466.5000000000    7.4900801101e-06
 467.0000000000    7.4091323045e-06
 467.5000000000    7.4424112224e-06
 468.0000000000    7.5410784545e-06
 468.5000000000    7.6007637889e-06
 469.0000000000    7.5518957020e-06
 469.5000000000    7.4159550795e-06
 470.0000000000    7.2846441415e-06
 470.5000000000    7.2462923524e-06
 471.0000000000    7.3139594919e-06
 471.5000000000    7.4105547198e-06
 472.0000000000    7.4352874393e-06
 472.5000000000    7.3496679456e-06
 473.0000000000    7.2061020459e-06
 473.5000000000    7.1029402149e-06
 474.0000000000    7.1073875985e-06
 474.5000000000    7.1977373278e-06
 475.0000000000    7.2783615297e-06
 475.5000000000    7.2639696467e-06
 476.0000000000    7.1499980845e-06
 476.5000000000    7.0122750934e-06
 477.0000000000    6.9459962313e-06
 477.5000000000    6.9900310229e-06
 478.0000000000    7.0896028085e-06
 478.5000000000    7.1428655041e-06
 479.0000000000    7.0898202289e-06
 479.5000000000    6.9586932145e-06
 480.0000000000    6.8396066358e-06
 480.5000000000    6.8146895018e-06
 481.0000000000    6.8893990734e-06
 481.5000000000    6.9832692920e-06
 482.0000000000    7.0013540262e-06
 482.5000000000    6.9146393148e-06
 483.0000000000    6.7788658125e-06
 483.5000000000    6.6885783882e-06
 484.0000000000    6.7044532783e-06
 484.5000000000    6.7977648556e-06
 485.0000000000    6.8730069528e-06
 485.5000000000    6.8531493920e-06
 486.0000000000    6.7414445878e-06
 486.5000000000    6.6135310779e-06
 487.0000000000    6.5596481142e-06
 487.5000000000    6.6119825107e-06
 488.0000000000    6.7107120292e-06
 488.5000000000    6.7575766031e-06
 489.0000000000    6.7016441910e-06
 489.5000000000    6.5757721590e-06
 490.0000000000    6.4672693857e-06
 490.5000000000    6.4531684305e-06
 491.0000000000    6.5326444147e-06
 491.5000000000    6.6228486112e-06
 492.0000000000    6.6352647277e-06
 492.5000000000    6.5490607853e-06
 493.0000000000    6.4208061073e-06
 493.5000000000    6.3412630359e-06
 494.0000000000    6.3661175074e-06
 494.5000000000    6.4609905268e-06
 495.0000000000    6.5314297695e-06
 495.5000000000    6.5086922697e-06
 496.0000000000    6.4011512832e-06
 496.5000000000    6.2818411167e-06
 497.0000000000    6.2374056835e-06
 497.5000000000    6.2954882438e-06
 498.0000000000    6.3929043233e-06
 498.5000000000    6.4359039015e-06
 499.0000000000    6.3810725180e-06
 499.5000000000    6.2615218748e-06
 500.0000000000    6.1605844949e-06
 500.5000000000    6.1533647437e-06
 501.0000000000    6.2355312979e-06
 501.5000000000    6.3239089605e-06
 502.0000000000    6.3359997844e-06
 502.5000000000    6.2545065607e-06
 503.0000000000    6.1322924530e-06
 503.5000000000    6.0583720758e-06
 504.0000000000    6.0883668215e-06
 504.5000000000    6.1852233795e-06
 505.0000000000    6.2560478639e-06
 505.5000000000    6.2368056982e-06
 506.0000000000    6.1348513985e-06
 506.5000000000    6.0201842972e-06
 507.0000000000    5.9806405291e-06
 507.5000000000    6.0429821009e-06
 508.0000000000    6.1427033668e-06
 508.5000000000    6.1889562068e-06
 509.0000000000    6.1394163500e-06
 509.5000000000    6.0239558732e-06
 510.0000000000    5.9266501537e-06
 510.5000000000    5.9243664986e-06
 511.0000000000    6.0112356798e-06
 511.5000000000    6.1036394832e-06
 512.0000000000    6.1202434538e-06
 512.5000000000    6.0418544445e-06
 513.0000000000    5.9218240263e-06
 513.5000000000    5.8528431836e-06
 514.0000000000    5.8892759917e-06
 514.5000000000    5.9913910078e-06
 515.0000000000    6.0662578734e-06
 515.5000000000    6.0489065323e-06
 516.0000000000    5.9464309596e-06
 516.5000000000    5.8340568925e-06
 517.0000000000    5.8014536791e-06
 517.5000000000    5.8715245779e-06
 518.0000000000    5.9765489800e-06
 518.5000000000    6.0238456566e-06
 519.0000000000    5.9706961306e-06
 519.5000000000    5.8528664221e-06
 520.0000000000    5.7612744654e-06
 520.5000000000    5.7700466894e-06
 521.0000000000    5.8658682370e-06
 521.5000000000    5.9608837523e-06
 522.0000000000    5.9728056260e-06
 522.5000000000    5.8871703232e-06
 523.0000000000    5.7671647411e-06
 523.5000000000    5.7089952524e-06
 524.0000000000    5.7594165042e-06
 524.5000000000    5.8694529872e-06
 525.0000000000    5.9420533780e-06
 525.5000000000    5.9149599441e-06
 526.0000000000    5.8054421337e-06
 526.5000000000    5.6985644336e-06
 527.0000000000    5.6819000131e-06
 527.5000000000    5.7661648697e-06
 528.0000000000    5.8742766473e-06
 528.5000000000    5.9128452500e-06
 529.0000000000    5.8471246428e-06
 529.5000000000    5.7254212348e-06
 530.0000000000    5.6449780838e-06
 530.5000000000    5.6721924602e-06
 531.0000000000    5.7795855074e-06
 531.5000000000    5.8718544664e-06
 532.0000000000    5.8702958732e-06
 532.5000000000    5.7727323882e-06
 533.0000000000    5.6549913748e-06
 533.5000000000    5.6139285659e-06
 534.0000000000    5.6827852957e-06
 534.5000000000    5.7985998095e-06
 535.0000000000    5.8613434840e-06
 535.5000000000    5.8175548692e-06
 536.0000000000    5.6993311173e-06
 536.5000000000    5.6015294727e-06
 537.0000000000    5.6061731140e-06
 537.5000000000    5.7068724363e-06
 538.0000000000    5.8142850815e-06
 538.5000000000    5.8371102233e-06
 539.0000000000    5.7545668137e-06
 539.5000000000    5.6311894295e-06
 540.0000000000    5.5687955454e-06
 540.5000000000    5.6199698324e-06
 541.0000000000    5.7377284372e-06
 541.5000000000    5.8199706904e-06
 542.0000000000    5.7976790661e-06
 542.5000000000    5.6865918297e-06
 543.0000000000    5.5758537533e-06
 543.5000000000    5.5584389027e-06
 544.0000000000    5.6479729362e-06
 544.5000000000    5.7651031842e-06
 545.0000000000    5.8104304134e-06
 545.5000000000    5.7455499924e-06
 546.0000000000    5.6208666521e-06
 546.5000000000    5.5389312565e-06
 547.0000000000    5.5697455310e-06
 547.5000000000    5.6851122734e-06
 548.0000000000    5.7849488794e-06
 548.5000000000    5.7857864591e-06
 549.0000000000    5.6855044076e-06
 549.5000000000    5.5649696245e-06
 550.0000000000    5.5261620142e-06
 550.5000000000    5.6026238245e-06
 551.0000000000    5.7267699871e-06
 551.5000000000    5.7931004613e-06
 552.0000000000    5.7469214058e-06
 552.5000000000    5.6245912039e-06
 553.0000000000    5.5270377558e-06
 553.5000000000    5.5381739004e-06
 554.0000000000    5.6476616956e-06
 554.5000000000    5.7605449703e-06
 555.0000000000    5.7827996293e-06
 555.5000000000    5.6956295917e-06
 556.0000000000    5.5691503067e-06
 556.5000000000    5.5098993919e-06
 557.0000000000    5.5696051315e-06
 557.5000000000    5.6957881370e-06
 558.0000000000    5.7812328854e-06
 558.5000000000    5.7558970022e-06
 559.0000000000    5.6396751016e-06
 559.5000000000    5.5281969952e-06
 560.0000000000    5.5175117940e-06
 560.5000000000    5.6173123897e-06
 561.0000000000    5.7413770635e-06
 561.5000000000    5.7864439640e-06
 562.0000000000    5.7160385996e-06
 562.5000000000    5.5870576423e-06
 563.0000000000    5.5080204531e-06
 563.5000000000    5.5484153185e-06
 564.0000000000    5.6732203728e-06
 564.5000000000    5.7762842858e-06
 565.0000000000    5.7733820596e-06
 565.5000000000    5.6668958858e-06
 566.0000000000    5.5443446833e-06
 566.5000000000    5.5109809052e-06
 567.0000000000    5.5968957479e-06
 567.5000000000    5.7279278183e-06
 568.0000000000    5.7948302065e-06
 568.5000000000    5.7438579706e-06
 569.0000000000    5.6164830435e-06
 569.5000000000    5.5195362814e-06
 570.0000000000    5.5382301985e-06
 570.5000000000    5.6573117829e-06
 571.0000000000    5.7756194039e-06
 571.5000000000    5.7966509598e-06
 572.0000000000    5.7042586331e-06
 572.5000000000    5.5746623352e-06
 573.0000000000    5.5192765635e-06
 573.5000000000    5.5884997230e-06
 574.0000000000    5.7235052428e-06
 574.5000000000    5.8119348308e-06
 575.0000000000    5.7832807775e-06
 575.5000000000    5.6617849887e-06
 576.0000000000    5.5496390046e-06
 576.5000000000    5.5457479870e-06
 577.0000000000    5.6556305605e-06
 577.5000000000    5.7862078685e-06
 578.0000000000    5.8308099330e-06
 578.5000000000    5.7548233214e-06
 579.0000000000    5.6212475510e-06
 579.5000000000    5.5444694834e-06
 580.0000000000    5.5936406839e-06
 580.5000000000    5.7273903239e-06
 581.0000000000    5.8336001620e-06
 581.5000000000    5.8268854067e-06
 582.0000000000    5.7137303269e-06
 582.5000000000    5.5884850134e-06
 583.0000000000    5.5604632582e-06
 583.5000000000    5.6561639292e-06
 584.0000000000    5.7941733361e-06
 584.5000000000    5.8608465531e-06
 585.0000000000    5.8036822372e-06
 585.5000000000    5.6701281143e-06
 586.0000000000    5.5738548981e-06
 586.5000000000    5.6010822477e-06
 587.0000000000    5.7302095595e-06
 587.5000000000    5.8529863769e-06
 588.0000000000    5.8707944075e-06
 588.5000000000    5.7711061576e-06
 589.0000000000    5.6375625919e-06
 589.5000000000    5.5870049770e-06
 590.0000000000    5.6671102999e-06
 590.5000000000    5.8110021201e-06
 591.0000000000    5.9006003964e-06
 591.5000000000    5.8659348646e-06
 592.0000000000    5.7373853534e-06
 592.5000000000    5.6249229412e-06
 593.0000000000    5.6298063393e-06
 593.5000000000    5.7512946891e-06
 594.0000000000    5.8879551193e-06
 594.5000000000    5.9300677458e-06
 595.0000000000    5.8464096913e-06
 595.5000000000    5.7078393999e-06
 596.0000000000    5.6352960754e-06
 596.5000000000    5.6961189389e-06
 597.0000000000    5.8402191925e-06
 597.5000000000    5.9487596436e-06
 598.0000000000    5.9362377931e-06
 598.5000000000    5.8151510551e-06
 599.0000000000    5.6884402802e-06
 599.5000000000    5.6688671828e-06
 600.0000000000    5.7770830323e-06
 600.5000000000    5.9223702117e-06
 601.0000000000    5.9870749637e-06
 601.5000000000    5.9215393740e-06
 602.0000000000    5.7812938451e-06
 602.5000000000    5.6876059776e-06
 603.0000000000    5.7261641456e-06
 603.5000000000    5.8665405877e-06
 604.0000000000    5.9924882099e-06
 604.5000000000    6.0042235675e-06
 605.0000000000    5.8949723180e-06
 605.5000000000    5.7575052644e-06
 606.0000000000    5.7138340432e-06
 606.5000000000    5.8067196045e-06
 607.0000000000    5.9590892391e-06
 607.5000000000    6.0473270435e-06
 608.0000000000    6.0035638076e-06
 608.5000000000    5.8662276007e-06
 609.0000000000    5.7542604652e-06
 609.5000000000    5.7699950848e-06
 610.0000000000    5.9039898730e-06
 610.5000000000    6.0453771061e-06
 611.0000000000    6.0818985720e-06
 611.5000000000    5.9876852684e-06
 612.0000000000    5.8432681015e-06
 612.5000000000    5.7764186500e-06
 613.0000000000    5.8507738484e-06
 613.5000000000    6.0054364942e-06
 614.0000000000    6.1142038361e-06
 614.5000000000    6.0927080774e-06
 615.0000000000    5.9615565102e-06
 615.5000000000    5.8336627803e-06
 616.0000000000    5.8248154388e-06
 616.5000000000    5.9472963820e-06
 617.0000000000    6.0995008153e-06
 617.5000000000    6.1597356539e-06
 618.0000000000    6.0831350821e-06
 618.5000000000    5.9354020571e-06
 619.0000000000    5.8462393175e-06
 619.5000000000    5.8991149363e-06
 620.0000000000    6.0520760729e-06
 620.5000000000    6.1800251998e-06
 621.0000000000    6.1831017830e-06
 621.5000000000    6.0625384066e-06
 622.0000000000    5.9220816104e-06
 622.5000000000    5.8884837028e-06
 623.0000000000    5.9968784825e-06
 623.5000000000    6.1581372684e-06
 624.0000000000    6.2430880810e-06
 624.5000000000    6.1877231906e-06
 625.0000000000    6.0410144598e-06
 625.5000000000    5.9317370553e-06
 626.0000000000    5.9617370628e-06
 626.5000000000    6.1101302540e-06
 627.0000000000    6.2554519659e-06
 627.5000000000    6.2838677936e-06
 628.0000000000    6.1770194730e-06
 628.5000000000    6.0272689651e-06
 629.0000000000    5.9691333412e-06
 629.5000000000    6.0600431209e-06
 630.0000000000    6.2258823374e-06
 630.5000000000    6.3329551381e-06
 631.0000000000    6.2995812500e-06
 631.5000000000    6.1569464158e-06
 632.0000000000    6.0294742063e-06
 632.5000000000    6.0345462037e-06
 633.0000000000    6.1732185948e-06
 633.5000000000    6.3313248220e-06
 634.0000000000    6.3839768123e-06
 634.5000000000    6.2933269698e-06
 635.0000000000    6.1376908294e-06
 635.5000000000    6.0554614680e-06
 636.0000000000    6.1251664714e-06
 636.5000000000    6.2908930714e-06
 637.0000000000    6.4181149307e-06
 637.5000000000    6.4087118215e-06
 638.0000000000    6.2745863119e-06
 638.5000000000    6.1319688392e-06
 639.0000000000    6.1110390348e-06
 639.5000000000    6.2362703664e-06
 640.0000000000    6.4049026373e-06
 640.5000000000    6.4830497116e-06
 641.0000000000    6.4129777010e-06
 641.5000000000    6.2562450673e-06
 642.0000000000    6.1516200419e-06
 642.5000000000    6.1980432855e-06
 643.0000000000    6.3608921937e-06
 643.5000000000    6.5078538604e-06
 644.0000000000    6.5253580651e-06
 644.5000000000    6.4044776726e-06
 645.0000000000    6.2504881387e-06
 645.5000000000    6.2033811713e-06
 646.0000000000    6.3120282675e-06
 646.5000000000    6.4883438466e-06
 647.0000000000    6.5919861454e-06
 647.5000000000    6.5455288350e-06
 648.0000000000    6.3919126212e-06
 648.5000000000    6.2667230224e-06
 649.0000000000    6.2872312452e-06
 649.5000000000    6.4423035037e-06
 650.0000000000    6.6058777684e-06
 650.5000000000    6.6506904070e-06
 651.0000000000    6.5465823621e-06
 651.5000000000    6.3844804080e-06
 652.0000000000    6.3101578680e-06
 652.5000000000    6.3966376787e-06
 653.0000000000    6.5748069024e-06
 653.5000000000    6.7017863276e-06
 654.0000000000    6.6814228071e-06
 654.5000000000    6.5354304437e-06
 655.0000000000    6.3911612749e-06
 655.5000000000    6.3810694598e-06
 656.0000000000    6.5207886088e-06
 656.5000000000    6.6963902170e-06
 657.0000000000    6.7700133182e-06
 657.5000000000    6.6885818660e-06
 658.0000000000    6.5232374243e-06
 658.5000000000    6.4203177658e-06
 659.0000000000    6.4775212808e-06
 659.5000000000    6.6513462035e-06
 660.0000000000    6.8013534436e-06
 660.5000000000    6.8123351448e-06
 661.0000000000    6.6808104614e-06
 661.5000000000    6.5213141317e-06
 662.0000000000    6.4797601668e-06
 662.5000000000    6.6010957727e-06
 663.0000000000    6.7864805018e-06
 663.5000000000    6.8880107915e-06
 664.0000000000    6.8298928383e-06
 664.5000000000    6.6654561134e-06
 665.0000000000    6.5419945090e-06
 665.5000000000    6.5777088158e-06
 666.0000000000    6.7485478538e-06
 666.5000000000    6.9147603898e-06
 667.0000000000    6.9470818250e-06
 667.5000000000    6.8261577185e-06
 668.0000000000    6.6589569868e-06
 668.5000000000    6.5989427111e-06
 669.0000000000    6.7079970724e-06
 669.5000000000    6.8979754323e-06
 670.0000000000    7.0171354374e-06
 670.5000000000    6.9763439735e-06
 671.0000000000    6.8152008573e-06
 671.5000000000    6.6768000144e-06
 672.0000000000    6.6916416597e-06
 672.5000000000    6.8546885715e-06
 673.0000000000    7.0327364576e-06
 673.5000000000    7.0862714566e-06
 674.0000000000    6.9786490887e-06
 674.5000000000    6.8050538323e-06
 675.0000000000    6.7231215556e-06
 675.5000000000    6.8142802025e-06
 676.0000000000    7.0052274194e-06
 676.5000000000    7.1411749324e-06
 677.0000000000    7.1183277302e-06
 677.5000000000    6.9616303343e-06
 678.0000000000    6.8093882752e-06
 678.5000000000    6.8032155914e-06
 679.0000000000    6.9560805198e-06
 679.5000000000    7.1422904463e-06
 680.0000000000    7.2148155729e-06
 680.5000000000    7.1219434496e-06
 681.0000000000    6.9458134680e-06
 681.5000000000    6.8440528319e-06
 682.0000000000    6.9146537413e-06
 682.5000000000    7.1026916392e-06
 683.0000000000    7.2556186132e-06
 683.5000000000    7.2560957196e-06
 684.0000000000    7.1101084793e-06
 684.5000000000    6.9453891502e-06
 685.0000000000    6.9129919507e-06
 685.5000000000    7.0496128051e-06
 686.0000000000    7.2433158965e-06
 686.5000000000    7.3400838299e-06
 687.0000000000    7.2687654552e-06
 687.5000000000    7.0935944097e-06
 688.0000000000    6.9700178208e-06
 688.5000000000    7.0151256714e-06
 689.0000000000    7.1964631727e-06
 689.5000000000    7.3661517342e-06
 690.0000000000    7.3926442783e-06
 690.5000000000    7.2612851623e-06
 691.0000000000    7.0868073334e-06
 691.5000000000    7.0278295854e-06
 692.0000000000    7.1448436202e-06
 692.5000000000    7.3427115981e-06
 693.0000000000    7.4627584811e-06
 693.5000000000    7.4149582113e-06
 694.0000000000    7.2444057327e-06
 694.5000000000    7.1018493751e-06
 695.0000000000    7.1208290600e-06
 695.5000000000    7.2923321169e-06
 696.0000000000    7.4755994800e-06
 696.5000000000    7.5268072377e-06
 697.0000000000    7.4115377456e-06
 697.5000000000    7.2309855500e-06
 698.0000000000    7.1480883207e-06
 698.5000000000    7.2447188964e-06
 699.0000000000    7.4429867103e-06
 699.5000000000    7.5822686004e-06
 700.0000000000    7.5564602205e-06
