#          time               M_ADM
   0.0000000000    9.7357925610e-02
   0.5000000000    9.7343863415e-02
   1.0000000000    9.7309366778e-02
   1.5000000000    9.7263863782e-02
   2.0000000000    9.7215466385e-02
   2.5000000000    9.7168454101e-02
   3.0000000000    9.7123928714e-02
   3.5000000000    9.7081354303e-02
   4.0000000000    9.7039716564e-02
   4.5000000000    9.6998103198e-02
   5.0000000000    9.6955891538e-02
   5.5000000000    9.6912742218e-02
   6.0000000000    9.6868522999e-02
   6.5000000000    9.6823225139e-02
   7.0000000000    9.6776899272e-02
   7.5000000000    9.6729618836e-02
   8.0000000000    9.6681466886e-02
   8.5000000000    9.6632534617e-02
   9.0000000000    9.6582919406e-02
   9.5000000000    9.6532717057e-02
  10.0000000000    9.6482011874e-02
  10.5000000000    9.6430872378e-02
  11.0000000000    9.6379356871e-02
  11.5000000000    9.6327522771e-02
  12.0000000000    9.6275434842e-02
  12.5000000000    9.6223164534e-02
  13.0000000000    9.6170780082e-02
  13.5000000000    9.6118331224e-02
  14.0000000000    9.6065853027e-02
  14.5000000000    9.6013375889e-02
  15.0000000000    9.5960935950e-02
  15.5000000000    9.5908580148e-02
  16.0000000000    9.5856360960e-02
  16.5000000000    9.5804325626e-02
  17.0000000000    9.5752505413e-02
  17.5000000000    9.5700912272e-02
  18.0000000000    9.5649554502e-02
  18.5000000000    9.5598457850e-02
  19.0000000000    9.5547660615e-02
  19.5000000000    9.5497200513e-02
  20.0000000000    9.5447110178e-02
  20.5000000000    9.5397389551e-02
  21.0000000000    9.5348067705e-02
  21.5000000000    9.5299136223e-02
  22.0000000000    9.5250610832e-02
  22.5000000000    9.5202527480e-02
  23.0000000000    9.5154920003e-02
  23.5000000000    9.5107798464e-02
  24.0000000000    9.5061171311e-02
  24.5000000000    9.5015035059e-02
  25.0000000000    9.4969388405e-02
  25.5000000000    9.4924239285e-02
  26.0000000000    9.4879604572e-02
  26.5000000000    9.4835513915e-02
  27.0000000000    9.4791983388e-02
  27.5000000000    9.4749013838e-02
  28.0000000000    9.4706597035e-02
  28.5000000000    9.4664725311e-02
  29.0000000000    9.4623401721e-02
  29.5000000000    9.4582641079e-02
  30.0000000000    9.4542462242e-02
  30.5000000000    9.4502877166e-02
  31.0000000000    9.4463889489e-02
  31.5000000000    9.4425495615e-02
  32.0000000000    9.4387682016e-02
  32.5000000000    9.4350433963e-02
  33.0000000000    9.4313760202e-02
  33.5000000000    9.4277682208e-02
  34.0000000000    9.4242209034e-02
  34.5000000000    9.4207328368e-02
  35.0000000000    9.4173028739e-02
  35.5000000000    9.4139302876e-02
  36.0000000000    9.4106141019e-02
  36.5000000000    9.4073553963e-02
  37.0000000000    9.4041553823e-02
  37.5000000000    9.4010145963e-02
  38.0000000000    9.3979323838e-02
  38.5000000000    9.3949070997e-02
  39.0000000000    9.3919371501e-02
  39.5000000000    9.3890218843e-02
  40.0000000000    9.3861617705e-02
  40.5000000000    9.3833577863e-02
  41.0000000000    9.3806103826e-02
  41.5000000000    9.3779187804e-02
  42.0000000000    9.3752812966e-02
  42.5000000000    9.3726963260e-02
  43.0000000000    9.3701630338e-02
  43.5000000000    9.3676816205e-02
  44.0000000000    9.3652530373e-02
  44.5000000000    9.3628776514e-02
  45.0000000000    9.3605544104e-02
  45.5000000000    9.3582813718e-02
  46.0000000000    9.3560569124e-02
  46.5000000000    9.3538803668e-02
  47.0000000000    9.3517516993e-02
  47.5000000000    9.3496711213e-02
  48.0000000000    9.3476389025e-02
  48.5000000000    9.3456547345e-02
  49.0000000000    9.3437172162e-02
  49.5000000000    9.3418242507e-02
  50.0000000000    9.3399742130e-02
  50.5000000000    9.3381666424e-02
  51.0000000000    9.3364017042e-02
  51.5000000000    9.3346789194e-02
  52.0000000000    9.3329962834e-02
  52.5000000000    9.3313499013e-02
  53.0000000000    9.3297338574e-02
  53.5000000000    9.3281405337e-02
  54.0000000000    9.3265597194e-02
  54.5000000000    9.3249775179e-02
  55.0000000000    9.3233751422e-02
  55.5000000000    9.3217293590e-02
  56.0000000000    9.3200165163e-02
  56.5000000000    9.3182207287e-02
  57.0000000000    9.3163448502e-02
  57.5000000000    9.3144195208e-02
  58.0000000000    9.3125038118e-02
  58.5000000000    9.3106726264e-02
  59.0000000000    9.3089938096e-02
  59.5000000000    9.3075066965e-02
  60.0000000000    9.3062138761e-02
  60.5000000000    9.3050884431e-02
  61.0000000000    9.3040892892e-02
  61.5000000000    9.3031747041e-02
  62.0000000000    9.3023096251e-02
  62.5000000000    9.3014676551e-02
  63.0000000000    9.3006322147e-02
  63.5000000000    9.2997979456e-02
  64.0000000000    9.2989685784e-02
  64.5000000000    9.2981503827e-02
  65.0000000000    9.2973471631e-02
  65.5000000000    9.2965610909e-02
  66.0000000000    9.2957947078e-02
  66.5000000000    9.2950497537e-02
  67.0000000000    9.2943261334e-02
  67.5000000000    9.2936231243e-02
  68.0000000000    9.2929409747e-02
  68.5000000000    9.2922803991e-02
  69.0000000000    9.2916421844e-02
  69.5000000000    9.2910268413e-02
  70.0000000000    9.2904341537e-02
  70.5000000000    9.2898633119e-02
  71.0000000000    9.2893128398e-02
  71.5000000000    9.2887817446e-02
  72.0000000000    9.2882703955e-02
  72.5000000000    9.2877794633e-02
  73.0000000000    9.2873095686e-02
  73.5000000000    9.2868605174e-02
  74.0000000000    9.2864313852e-02
  74.5000000000    9.2860209233e-02
  75.0000000000    9.2856283778e-02
  75.5000000000    9.2852536984e-02
  76.0000000000    9.2848972083e-02
  76.5000000000    9.2845590895e-02
  77.0000000000    9.2842391139e-02
  77.5000000000    9.2839369002e-02
  78.0000000000    9.2836521018e-02
  78.5000000000    9.2833842591e-02
  79.0000000000    9.2831326872e-02
  79.5000000000    9.2828967667e-02
  80.0000000000    9.2826766320e-02
  80.5000000000    9.2824732257e-02
  81.0000000000    9.2822875135e-02
  81.5000000000    9.2821195871e-02
  82.0000000000    9.2819678992e-02
  82.5000000000    9.2818295856e-02
  83.0000000000    9.2817026625e-02
  83.5000000000    9.2815881096e-02
  84.0000000000    9.2814888750e-02
  84.5000000000    9.2814065791e-02
  85.0000000000    9.2813403500e-02
  85.5000000000    9.2812882992e-02
  86.0000000000    9.2812493170e-02
  86.5000000000    9.2812233949e-02
  87.0000000000    9.2812110407e-02
  87.5000000000    9.2812127270e-02
  88.0000000000    9.2812283164e-02
  88.5000000000    9.2812570663e-02
  89.0000000000    9.2812980039e-02
  89.5000000000    9.2813506913e-02
  90.0000000000    9.2814153719e-02
  90.5000000000    9.2814927164e-02
  91.0000000000    9.2815832347e-02
  91.5000000000    9.2816868075e-02
  92.0000000000    9.2818027350e-02
  92.5000000000    9.2819301056e-02
  93.0000000000    9.2820683308e-02
  93.5000000000    9.2822174774e-02
  94.0000000000    9.2823782062e-02
  94.5000000000    9.2825511094e-02
  95.0000000000    9.2827362205e-02
  95.5000000000    9.2829329593e-02
  96.0000000000    9.2831403754e-02
  96.5000000000    9.2833577468e-02
  97.0000000000    9.2835850924e-02
  97.5000000000    9.2838229961e-02
  98.0000000000    9.2840720101e-02
  98.5000000000    9.2843323427e-02
  99.0000000000    9.2846036375e-02
  99.5000000000    9.2848851020e-02
 100.0000000000    9.2851761139e-02
 100.5000000000    9.2854765599e-02
 101.0000000000    9.2857866310e-02
 101.5000000000    9.2861063989e-02
 102.0000000000    9.2864358488e-02
 102.5000000000    9.2867751077e-02
 103.0000000000    9.2871241296e-02
 103.5000000000    9.2874823098e-02
 104.0000000000    9.2878489963e-02
 104.5000000000    9.2882242684e-02
 105.0000000000    9.2886088943e-02
 105.5000000000    9.2890033423e-02
 106.0000000000    9.2894072941e-02
 106.5000000000    9.2898199408e-02
 107.0000000000    9.2902404785e-02
 107.5000000000    9.2906686011e-02
 108.0000000000    9.2911047035e-02
 108.5000000000    9.2915494728e-02
 109.0000000000    9.2920033562e-02
 109.5000000000    9.2924662748e-02
 110.0000000000    9.2929377363e-02
 110.5000000000    9.2934171073e-02
 111.0000000000    9.2939040261e-02
 111.5000000000    9.2943987150e-02
 112.0000000000    9.2949017812e-02
 112.5000000000    9.2954137184e-02
 113.0000000000    9.2959345050e-02
 113.5000000000    9.2964635554e-02
 114.0000000000    9.2970000345e-02
 114.5000000000    9.2975433278e-02
 115.0000000000    9.2980933414e-02
 115.5000000000    9.2986505218e-02
 116.0000000000    9.2992154092e-02
 116.5000000000    9.2997881338e-02
 117.0000000000    9.3003682835e-02
 117.5000000000    9.3009552405e-02
 118.0000000000    9.3015486602e-02
 118.5000000000    9.3021487378e-02
 119.0000000000    9.3027561351e-02
 119.5000000000    9.3033714220e-02
 120.0000000000    9.3039945115e-02
 120.5000000000    9.3046245461e-02
 121.0000000000    9.3052604495e-02
 121.5000000000    9.3059015946e-02
 122.0000000000    9.3065481551e-02
 122.5000000000    9.3072009180e-02
 123.0000000000    9.3078607293e-02
 123.5000000000    9.3085280181e-02
 124.0000000000    9.3092025934e-02
 124.5000000000    9.3098837139e-02
 125.0000000000    9.3105706075e-02
 125.5000000000    9.3112631718e-02
 126.0000000000    9.3119619938e-02
 126.5000000000    9.3126675862e-02
 127.0000000000    9.3133800924e-02
 127.5000000000    9.3140995796e-02
 128.0000000000    9.3148259303e-02
 128.5000000000    9.3155585276e-02
 129.0000000000    9.3162967091e-02
 129.5000000000    9.3170405994e-02
 130.0000000000    9.3177909547e-02
 130.5000000000    9.3185483177e-02
 131.0000000000    9.3193127956e-02
 131.5000000000    9.3200842294e-02
 132.0000000000    9.3208620443e-02
 132.5000000000    9.3216455376e-02
 133.0000000000    9.3224347536e-02
 133.5000000000    9.3232305117e-02
 134.0000000000    9.3240333454e-02
 134.5000000000    9.3248430527e-02
 135.0000000000    9.3256591824e-02
 135.5000000000    9.3264813410e-02
 136.0000000000    9.3273091111e-02
 136.5000000000    9.3281423915e-02
 137.0000000000    9.3289817558e-02
 137.5000000000    9.3298278588e-02
 138.0000000000    9.3306809300e-02
 138.5000000000    9.3315407441e-02
 139.0000000000    9.3324069653e-02
 139.5000000000    9.3332793107e-02
 140.0000000000    9.3341577939e-02
 140.5000000000    9.3350428374e-02
 141.0000000000    9.3359348913e-02
 141.5000000000    9.3368342521e-02
 142.0000000000    9.3377410620e-02
 142.5000000000    9.3386552563e-02
 143.0000000000    9.3395765103e-02
 143.5000000000    9.3405045296e-02
 144.0000000000    9.3414393829e-02
 144.5000000000    9.3423814398e-02
 145.0000000000    9.3433311482e-02
 145.5000000000    9.3442887736e-02
 146.0000000000    9.3452542320e-02
 146.5000000000    9.3462271625e-02
 147.0000000000    9.3472071407e-02
 147.5000000000    9.3481939507e-02
 148.0000000000    9.3491878319e-02
 148.5000000000    9.3501893833e-02
 149.0000000000    9.3511989825e-02
 149.5000000000    9.3522164356e-02
 150.0000000000    9.3532412186e-02
 150.5000000000    9.3542728630e-02
 151.0000000000    9.3553111481e-02
 151.5000000000    9.3563563184e-02
 152.0000000000    9.3574090206e-02
 152.5000000000    9.3584697734e-02
 153.0000000000    9.3595385120e-02
 153.5000000000    9.3606147201e-02
 154.0000000000    9.3616978832e-02
 154.5000000000    9.3627878656e-02
 155.0000000000    9.3638850451e-02
 155.5000000000    9.3649900821e-02
 156.0000000000    9.3661034843e-02
 156.5000000000    9.3672251932e-02
 157.0000000000    9.3683547220e-02
 157.5000000000    9.3694917486e-02
 158.0000000000    9.3706365478e-02
 158.5000000000    9.3717899395e-02
 159.0000000000    9.3729527640e-02
 159.5000000000    9.3741252075e-02
 160.0000000000    9.3753065090e-02
 160.5000000000    9.3764956313e-02
 161.0000000000    9.3776922324e-02
 161.5000000000    9.3788969579e-02
 162.0000000000    9.3801108502e-02
 162.5000000000    9.3813345802e-02
 163.0000000000    9.3825681315e-02
 163.5000000000    9.3838110555e-02
 164.0000000000    9.3850629613e-02
 164.5000000000    9.3863238138e-02
 165.0000000000    9.3875938517e-02
 165.5000000000    9.3888733274e-02
 166.0000000000    9.3901623914e-02
 166.5000000000    9.3914610988e-02
 167.0000000000    9.3927694450e-02
 167.5000000000    9.3940873923e-02
 168.0000000000    9.3954148882e-02
 168.5000000000    9.3967518953e-02
 169.0000000000    9.3980984077e-02
 169.5000000000    9.3994544513e-02
 170.0000000000    9.4008200900e-02
 170.5000000000    9.4021954502e-02
 171.0000000000    9.4035806580e-02
 171.5000000000    9.4049757614e-02
 172.0000000000    9.4063806570e-02
 172.5000000000    9.4077951422e-02
 173.0000000000    9.4092190848e-02
 173.5000000000    9.4106525773e-02
 174.0000000000    9.4120959274e-02
 174.5000000000    9.4135495365e-02
 175.0000000000    9.4150136830e-02
 175.5000000000    9.4164883396e-02
 176.0000000000    9.4179732778e-02
 176.5000000000    9.4194683974e-02
 177.0000000000    9.4209739579e-02
 177.5000000000    9.4224905472e-02
 178.0000000000    9.4240188271e-02
 178.5000000000    9.4255591898e-02
 179.0000000000    9.4271115735e-02
 179.5000000000    9.4286756097e-02
 180.0000000000    9.4302510643e-02
 180.5000000000    9.4318381626e-02
 181.0000000000    9.4334375510e-02
 181.5000000000    9.4350498829e-02
 182.0000000000    9.4366753763e-02
 182.5000000000    9.4383136546e-02
 183.0000000000    9.4399640358e-02
 183.5000000000    9.4416260674e-02
 184.0000000000    9.4432998994e-02
 184.5000000000    9.4449862316e-02
 185.0000000000    9.4466858796e-02
 185.5000000000    9.4483993267e-02
 186.0000000000    9.4501265889e-02
 186.5000000000    9.4518675798e-02
 187.0000000000    9.4536226222e-02
 187.5000000000    9.4553926348e-02
 188.0000000000    9.4571788792e-02
 188.5000000000    9.4589824775e-02
 189.0000000000    9.4608039469e-02
 189.5000000000    9.4626430256e-02
 190.0000000000    9.4644989981e-02
 190.5000000000    9.4663712690e-02
 191.0000000000    9.4682597260e-02
 191.5000000000    9.4701647063e-02
 192.0000000000    9.4720866356e-02
 192.5000000000    9.4740256310e-02
 193.0000000000    9.4759814408e-02
 193.5000000000    9.4779537906e-02
 194.0000000000    9.4799427209e-02
 194.5000000000    9.4819486361e-02
 195.0000000000    9.4839721894e-02
 195.5000000000    9.4860140576e-02
 196.0000000000    9.4880746069e-02
 196.5000000000    9.4901537986e-02
 197.0000000000    9.4922515278e-02
 197.5000000000    9.4943679927e-02
 198.0000000000    9.4965036809e-02
 198.5000000000    9.4986591744e-02
 199.0000000000    9.5008350114e-02
 199.5000000000    9.5030315879e-02
 200.0000000000    9.5052490667e-02
 200.5000000000    9.5074875191e-02
 201.0000000000    9.5097471985e-02
 201.5000000000    9.5120285927e-02
 202.0000000000    9.5143322251e-02
 202.5000000000    9.5166584860e-02
 203.0000000000    9.5190076080e-02
 203.5000000000    9.5213796951e-02
 204.0000000000    9.5237747950e-02
 204.5000000000    9.5261930494e-02
 205.0000000000    9.5286347588e-02
 205.5000000000    9.5311003162e-02
 206.0000000000    9.5335901592e-02
 206.5000000000    9.5361048020e-02
 207.0000000000    9.5386448505e-02
 207.5000000000    9.5412109472e-02
 208.0000000000    9.5438036820e-02
 208.5000000000    9.5464235143e-02
 209.0000000000    9.5490706759e-02
 209.5000000000    9.5517452355e-02
 210.0000000000    9.5544473626e-02
 210.5000000000    9.5571775088e-02
 211.0000000000    9.5599363400e-02
 211.5000000000    9.5627245080e-02
 212.0000000000    9.5655424682e-02
 212.5000000000    9.5683904089e-02
 213.0000000000    9.5712683798e-02
 213.5000000000    9.5741765752e-02
 214.0000000000    9.5771155772e-02
 214.5000000000    9.5800862967e-02
 215.0000000000    9.5830896179e-02
 215.5000000000    9.5861260640e-02
 216.0000000000    9.5891957709e-02
 216.5000000000    9.5922987099e-02
 217.0000000000    9.5954350008e-02
 217.5000000000    9.5986051429e-02
 218.0000000000    9.6018099540e-02
 218.5000000000    9.6050502206e-02
 219.0000000000    9.6083264167e-02
 219.5000000000    9.6116387938e-02
 220.0000000000    9.6149877302e-02
 220.5000000000    9.6183740444e-02
 221.0000000000    9.6217990396e-02
 221.5000000000    9.6252641369e-02
 222.0000000000    9.6287702495e-02
 222.5000000000    9.6323173981e-02
 223.0000000000    9.6359049241e-02
 223.5000000000    9.6395322222e-02
 224.0000000000    9.6431995035e-02
 224.5000000000    9.6469081121e-02
 225.0000000000    9.6506601870e-02
 225.5000000000    9.6544577884e-02
 226.0000000000    9.6583020872e-02
 226.5000000000    9.6621931967e-02
 227.0000000000    9.6661307397e-02
 227.5000000000    9.6701146997e-02
 228.0000000000    9.6741459757e-02
 228.5000000000    9.6782262900e-02
 229.0000000000    9.6823575073e-02
 229.5000000000    9.6865408511e-02
 230.0000000000    9.6907765906e-02
 230.5000000000    9.6950644143e-02
 231.0000000000    9.6994042146e-02
 231.5000000000    9.7037967717e-02
 232.0000000000    9.7082438926e-02
 232.5000000000    9.7127479786e-02
 233.0000000000    9.7173113515e-02
 233.5000000000    9.7219357592e-02
 234.0000000000    9.7266223171e-02
 234.5000000000    9.7313717867e-02
 235.0000000000    9.7361848678e-02
 235.5000000000    9.7410622692e-02
 236.0000000000    9.7460045814e-02
 236.5000000000    9.7510121658e-02
 237.0000000000    9.7560852635e-02
 237.5000000000    9.7612243099e-02
 238.0000000000    9.7664302691e-02
 238.5000000000    9.7717047476e-02
 239.0000000000    9.7770497874e-02
 239.5000000000    9.7824675211e-02
 240.0000000000    9.7879599943e-02
 240.5000000000    9.7935292751e-02
 241.0000000000    9.7991776726e-02
 241.5000000000    9.8049077260e-02
 242.0000000000    9.8107217761e-02
 242.5000000000    9.8166212685e-02
 243.0000000000    9.8226062780e-02
 243.5000000000    9.8286757777e-02
 244.0000000000    9.8348287335e-02
 244.5000000000    9.8410654741e-02
 245.0000000000    9.8473884874e-02
 245.5000000000    9.8538020879e-02
 246.0000000000    9.8603110564e-02
 246.5000000000    9.8669189915e-02
 247.0000000000    9.8736273704e-02
 247.5000000000    9.8804358843e-02
 248.0000000000    9.8873438239e-02
 248.5000000000    9.8943516550e-02
 249.0000000000    9.9014618286e-02
 249.5000000000    9.9086783531e-02
 250.0000000000    9.9160054576e-02
 250.5000000000    9.9234462873e-02
 251.0000000000    9.9310024795e-02
 251.5000000000    9.9386747796e-02
 252.0000000000    9.9464641825e-02
 252.5000000000    9.9543727933e-02
 253.0000000000    9.9624038707e-02
 253.5000000000    9.9705611315e-02
 254.0000000000    9.9788479025e-02
 254.5000000000    9.9872667334e-02
 255.0000000000    9.9958196734e-02
 255.5000000000    1.0004508949e-01
 256.0000000000    1.0013337531e-01
 256.5000000000    1.0022309167e-01
 257.0000000000    1.0031427912e-01
 257.5000000000    1.0040697591e-01
 258.0000000000    1.0050121526e-01
 258.5000000000    1.0059702555e-01
 259.0000000000    1.0069443220e-01
 259.5000000000    1.0079346029e-01
 260.0000000000    1.0089413694e-01
 260.5000000000    1.0099649332e-01
 261.0000000000    1.0110056652e-01
 261.5000000000    1.0120640091e-01
 262.0000000000    1.0131404800e-01
 262.5000000000    1.0142356349e-01
 263.0000000000    1.0153500220e-01
 263.5000000000    1.0164841304e-01
 264.0000000000    1.0176383643e-01
 264.5000000000    1.0188130514e-01
 265.0000000000    1.0200084872e-01
 265.5000000000    1.0212250045e-01
 266.0000000000    1.0224630321e-01
 266.5000000000    1.0237231082e-01
 267.0000000000    1.0250058487e-01
 267.5000000000    1.0263118920e-01
 268.0000000000    1.0276418465e-01
 268.5000000000    1.0289962585e-01
 269.0000000000    1.0303756098e-01
 269.5000000000    1.0317803454e-01
 270.0000000000    1.0332109111e-01
 270.5000000000    1.0346677867e-01
 271.0000000000    1.0361515152e-01
 271.5000000000    1.0376627271e-01
 272.0000000000    1.0392021486e-01
 272.5000000000    1.0407705788e-01
 273.0000000000    1.0423688174e-01
 273.5000000000    1.0439975512e-01
 274.0000000000    1.0456572467e-01
 274.5000000000    1.0473481247e-01
 275.0000000000    1.0490702753e-01
 275.5000000000    1.0508238999e-01
 276.0000000000    1.0526095615e-01
 276.5000000000    1.0544282733e-01
 277.0000000000    1.0562813287e-01
 277.5000000000    1.0581699226e-01
 278.0000000000    1.0600947683e-01
 278.5000000000    1.0620559491e-01
 279.0000000000    1.0640531292e-01
 279.5000000000    1.0660860112e-01
 280.0000000000    1.0681547452e-01
 280.5000000000    1.0702600111e-01
 281.0000000000    1.0724027148e-01
 281.5000000000    1.0745834986e-01
 282.0000000000    1.0768024007e-01
 282.5000000000    1.0790588830e-01
 283.0000000000    1.0813521682e-01
 283.5000000000    1.0836816002e-01
 284.0000000000    1.0860467395e-01
 284.5000000000    1.0884471241e-01
 285.0000000000    1.0908818952e-01
 285.5000000000    1.0933495668e-01
 286.0000000000    1.0958480649e-01
 286.5000000000    1.0983749264e-01
 287.0000000000    1.1009274240e-01
 287.5000000000    1.1035024607e-01
 288.0000000000    1.1060962877e-01
 288.5000000000    1.1087042394e-01
 289.0000000000    1.1113206215e-01
 289.5000000000    1.1139387133e-01
 290.0000000000    1.1165507325e-01
 290.5000000000    1.1191476368e-01
 291.0000000000    1.1217187747e-01
 291.5000000000    1.1242515073e-01
 292.0000000000    1.1267309075e-01
 292.5000000000    1.1291395158e-01
 293.0000000000    1.1314570415e-01
 293.5000000000    1.1336599011e-01
 294.0000000000    1.1357205702e-01
 294.5000000000    1.1376068087e-01
 295.0000000000    1.1392808439e-01
 295.5000000000    1.1406985258e-01
 296.0000000000    1.1418083856e-01
 296.5000000000    1.1425504872e-01
 297.0000000000    1.1428550009e-01
 297.5000000000    1.1426405261e-01
 298.0000000000    1.1418122187e-01
 298.5000000000    1.1402597228e-01
 299.0000000000    1.1378548765e-01
 299.5000000000    1.1344491444e-01
 300.0000000000    1.1298708022e-01
 300.5000000000    1.1239220622e-01
 301.0000000000    1.1163764029e-01
 301.5000000000    1.1069763955e-01
 302.0000000000    1.0954324294e-01
 302.5000000000    1.0814229481e-01
 303.0000000000    1.0645971087e-01
 303.5000000000    1.0445811318e-01
 304.0000000000    1.0209898312e-01
 304.5000000000    9.9344481450e-02
 305.0000000000    9.6160053481e-02
 305.5000000000    9.2517856652e-02
 306.0000000000    8.8400900817e-02
 306.5000000000    8.3807572486e-02
 307.0000000000    7.8755958764e-02
 307.5000000000    7.3287179133e-02
 308.0000000000    6.7466882008e-02
 308.5000000000    6.1384251271e-02
 309.0000000000    5.5148285940e-02
 309.5000000000    4.8881643037e-02
 310.0000000000    4.2712786569e-02
 310.5000000000    3.6767419497e-02
 311.0000000000    3.1160169835e-02
 311.5000000000    2.5987347170e-02
 312.0000000000    2.1321389183e-02
 312.5000000000    1.7207431247e-02
 313.0000000000    1.3662254032e-02
 313.5000000000    1.0675693686e-02
 314.0000000000    8.2144705618e-03
 314.5000000000    6.2282100490e-03
 315.0000000000    4.6568858710e-03
 315.5000000000    3.4380587686e-03
 316.0000000000    2.5119663788e-03
 316.5000000000    1.8236410248e-03
 317.0000000000    1.3232239755e-03
 317.5000000000    9.6633941424e-04
 318.0000000000    7.1510544919e-04
 318.5000000000    5.3903263657e-04
 319.0000000000    4.1505438460e-04
 319.5000000000    3.2663896716e-04
 320.0000000000    2.6241045815e-04
 320.5000000000    2.1473694357e-04
 321.0000000000    1.7855312010e-04
 321.5000000000    1.5049243135e-04
 322.0000000000    1.2829448301e-04
 322.5000000000    1.1041782983e-04
 323.0000000000    9.5792013224e-05
 323.5000000000    8.3659313778e-05
 324.0000000000    7.3473032047e-05
 324.5000000000    6.4831263885e-05
 325.0000000000    5.7433149450e-05
 325.5000000000    5.1049557748e-05
 326.0000000000    4.5503172287e-05
 326.5000000000    4.0654775555e-05
 327.0000000000    3.6393655735e-05
 327.5000000000    3.2630795952e-05
 328.0000000000    2.9293971899e-05
 328.5000000000    2.6324154050e-05
 329.0000000000    2.3672786515e-05
 329.5000000000    2.1299652639e-05
 330.0000000000    1.9171161752e-05
 330.5000000000    1.7258987700e-05
 331.0000000000    1.5539023408e-05
 331.5000000000    1.3990598752e-05
 332.0000000000    1.2595877209e-05
 332.5000000000    1.1339350414e-05
 333.0000000000    1.0207393364e-05
 333.5000000000    9.1878922599e-06
 334.0000000000    8.2699725396e-06
 334.5000000000    7.4438290636e-06
 335.0000000000    6.7006216670e-06
 335.5000000000    6.0323839754e-06
 336.0000000000    5.4319147353e-06
 336.5000000000    4.8926604289e-06
 337.0000000000    4.4086213019e-06
 337.5000000000    3.9743035540e-06
 338.0000000000    3.5847079050e-06
 338.5000000000    3.2353214471e-06
 339.0000000000    2.9220842978e-06
 339.5000000000    2.6413298410e-06
 340.0000000000    2.3897225175e-06
 340.5000000000    2.1642198889e-06
 341.0000000000    1.9620654122e-06
 341.5000000000    1.7807925581e-06
 342.0000000000    1.6182145241e-06
 342.5000000000    1.4723886666e-06
 343.0000000000    1.3415685812e-06
 343.5000000000    1.2241675643e-06
 344.0000000000    1.1187472865e-06
 344.5000000000    1.0240243270e-06
 345.0000000000    9.3887371880e-07
 345.5000000000    8.6231330753e-07
 346.0000000000    7.9347139642e-07
 346.5000000000    7.3155531660e-07
 347.0000000000    6.7583773907e-07
 347.5000000000    6.2566208303e-07
 348.0000000000    5.8045324246e-07
 348.5000000000    5.3971675250e-07
 349.0000000000    5.0302126128e-07
 349.5000000000    4.6997395067e-07
 350.0000000000    4.4020472678e-07
 350.5000000000    4.1336697502e-07
 351.0000000000    3.8915014647e-07
 351.5000000000    3.6728922730e-07
 352.0000000000    3.4756015933e-07
 352.5000000000    3.2976250952e-07
 353.0000000000    3.1370187554e-07
 353.5000000000    2.9918521179e-07
 354.0000000000    2.8603142446e-07
 354.5000000000    2.7408654614e-07
 355.0000000000    2.6322871445e-07
 355.5000000000    2.5335731002e-07
 356.0000000000    2.4437480078e-07
 356.5000000000    2.3617646328e-07
 357.0000000000    2.2865633643e-07
 357.5000000000    2.2172325494e-07
 358.0000000000    2.1531186134e-07
 358.5000000000    2.0937803903e-07
 359.0000000000    2.0388233395e-07
 359.5000000000    1.9877560281e-07
 360.0000000000    1.9399907972e-07
 360.5000000000    1.8949805649e-07
 361.0000000000    1.8523629648e-07
 361.5000000000    1.8119790911e-07
 362.0000000000    1.7737482628e-07
 362.5000000000    1.7375083901e-07
 363.0000000000    1.7029595691e-07
 363.5000000000    1.6697556514e-07
 364.0000000000    1.6376570562e-07
 364.5000000000    1.6066067745e-07
 365.0000000000    1.5766623279e-07
 365.5000000000    1.5478449869e-07
 366.0000000000    1.5200381527e-07
 366.5000000000    1.4930209775e-07
 367.0000000000    1.4666035789e-07
 367.5000000000    1.4407421535e-07
 368.0000000000    1.4155330409e-07
 368.5000000000    1.3910928044e-07
 369.0000000000    1.3674305511e-07
 369.5000000000    1.3444224299e-07
 370.0000000000    1.3219068994e-07
 370.5000000000    1.2998136369e-07
 371.0000000000    1.2782118976e-07
 371.5000000000    1.2572414969e-07
 372.0000000000    1.2369809501e-07
 372.5000000000    1.2173777805e-07
 373.0000000000    1.1982903671e-07
 373.5000000000    1.1796045003e-07
 374.0000000000    1.1613217629e-07
 374.5000000000    1.1435455357e-07
 375.0000000000    1.1263800184e-07
 375.5000000000    1.1098307476e-07
 376.0000000000    1.0937909492e-07
 376.5000000000    1.0781226550e-07
 377.0000000000    1.0627612879e-07
 377.5000000000    1.0477550769e-07
 378.0000000000    1.0332079660e-07
 378.5000000000    1.0191761843e-07
 379.0000000000    1.0056070740e-07
 379.5000000000    9.9237112493e-08
 380.0000000000    9.7935793337e-08
 380.5000000000    9.6655535812e-08
 381.0000000000    9.5404216077e-08
 381.5000000000    9.4190568116e-08
 382.0000000000    9.3015274233e-08
 382.5000000000    9.1869158788e-08
 383.0000000000    9.0739910923e-08
 383.5000000000    8.9621481577e-08
 384.0000000000    8.8518137780e-08
 384.5000000000    8.7439773734e-08
 385.0000000000    8.6392557174e-08
 385.5000000000    8.5372962984e-08
 386.0000000000    8.4370264394e-08
 386.5000000000    8.3375204006e-08
 387.0000000000    8.2387319271e-08
 387.5000000000    8.1414681875e-08
 388.0000000000    8.0466329715e-08
 388.5000000000    7.9543973317e-08
 389.0000000000    7.8640142471e-08
 389.5000000000    7.7744298470e-08
 390.0000000000    7.6851519034e-08
 390.5000000000    7.5966268932e-08
 391.0000000000    7.5098107059e-08
 391.5000000000    7.4253128163e-08
 392.0000000000    7.3428561992e-08
 392.5000000000    7.2615138159e-08
 393.0000000000    7.1805029328e-08
 393.5000000000    7.0998431742e-08
 394.0000000000    7.0203167156e-08
 394.5000000000    6.9427777639e-08
 395.0000000000    6.8674159543e-08
 395.5000000000    6.7936075594e-08
 396.0000000000    6.7204710249e-08
 396.5000000000    6.6476335255e-08
 397.0000000000    6.5755455016e-08
 397.5000000000    6.5050833340e-08
 398.0000000000    6.4367974701e-08
 398.5000000000    6.3704573021e-08
 399.0000000000    6.3052736375e-08
 399.5000000000    6.2405911072e-08
 400.0000000000    6.1764465602e-08
 400.5000000000    6.1135192242e-08
 401.0000000000    6.0525324598e-08
 401.5000000000    5.9936323965e-08
 402.0000000000    5.9362725955e-08
 402.5000000000    5.8796872962e-08
 403.0000000000    5.8235365632e-08
 403.5000000000    5.7681712874e-08
 404.0000000000    5.7143019323e-08
 404.5000000000    5.6623687725e-08
 405.0000000000    5.6121566079e-08
 405.5000000000    5.5629738544e-08
 406.0000000000    5.5142283858e-08
 406.5000000000    5.4659038131e-08
 407.0000000000    5.4185358421e-08
 407.5000000000    5.3727199927e-08
 408.0000000000    5.3285801631e-08
 408.5000000000    5.2856499265e-08
 409.0000000000    5.2432565256e-08
 409.5000000000    5.2010709117e-08
 410.0000000000    5.1593541420e-08
 410.5000000000    5.1186987333e-08
 411.0000000000    5.0794944953e-08
 411.5000000000    5.0415787022e-08
 412.0000000000    5.0043633175e-08
 412.5000000000    4.9673205508e-08
 413.0000000000    4.9304076260e-08
 413.5000000000    4.8940719142e-08
 414.0000000000    4.8588404132e-08
 414.5000000000    4.8248499734e-08
 415.0000000000    4.7917195142e-08
 415.5000000000    4.7588657953e-08
 416.0000000000    4.7259849560e-08
 416.5000000000    4.6932870313e-08
 417.0000000000    4.6612895365e-08
 417.5000000000    4.6303540367e-08
 418.0000000000    4.6003652275e-08
 418.5000000000    4.5708240362e-08
 419.0000000000    4.5412665937e-08
 419.5000000000    4.5116449192e-08
 420.0000000000    4.4823464044e-08
 420.5000000000    4.4538029938e-08
 421.0000000000    4.4262407802e-08
 421.5000000000    4.3993086661e-08
 422.0000000000    4.3725091041e-08
 422.5000000000    4.3455770730e-08
 423.0000000000    4.3186968661e-08
 423.5000000000    4.2923187083e-08
 424.0000000000    4.2667781339e-08
 424.5000000000    4.2419983477e-08
 425.0000000000    4.2175606954e-08
 425.5000000000    4.1931089357e-08
 426.0000000000    4.1685267337e-08
 426.5000000000    4.1441816630e-08
 427.0000000000    4.1204890804e-08
 427.5000000000    4.0975886868e-08
 428.0000000000    4.0751976671e-08
 428.5000000000    4.0529617162e-08
 429.0000000000    4.0306090675e-08
 429.5000000000    4.0082879943e-08
 430.0000000000    3.9863860287e-08
 430.5000000000    3.9651948935e-08
 431.0000000000    3.9446621561e-08
 431.5000000000    3.9244409394e-08
 432.0000000000    3.9041877836e-08
 432.5000000000    3.8838499303e-08
 433.0000000000    3.8636987774e-08
 433.5000000000    3.8440876903e-08
 434.0000000000    3.8251466337e-08
 434.5000000000    3.8066740901e-08
 435.0000000000    3.7883121838e-08
 435.5000000000    3.7698494046e-08
 436.0000000000    3.7513917355e-08
 436.5000000000    3.7332606699e-08
 437.0000000000    3.7157113035e-08
 437.5000000000    3.6987136517e-08
 438.0000000000    3.6819808092e-08
 438.5000000000    3.6652137247e-08
 439.0000000000    3.6483500761e-08
 439.5000000000    3.6316065149e-08
 440.0000000000    3.6152839346e-08
 440.5000000000    3.5995062118e-08
 441.0000000000    3.5841152318e-08
 441.5000000000    3.5688073345e-08
 442.0000000000    3.5533896282e-08
 442.5000000000    3.5379361424e-08
 443.0000000000    3.5227145913e-08
 443.5000000000    3.5079506559e-08
 444.0000000000    3.4936336994e-08
 444.5000000000    3.4795278029e-08
 445.0000000000    3.4653729565e-08
 445.5000000000    3.4511021314e-08
 446.0000000000    3.4368894511e-08
 446.5000000000    3.4229928995e-08
 447.0000000000    3.4095298219e-08
 447.5000000000    3.3963758774e-08
 448.0000000000    3.3832785120e-08
 448.5000000000    3.3700640670e-08
 449.0000000000    3.3567847564e-08
 449.5000000000    3.3436641902e-08
 450.0000000000    3.3309010870e-08
 450.5000000000    3.3184993723e-08
 451.0000000000    3.3062679483e-08
 451.5000000000    3.2939857676e-08
 452.0000000000    3.2815882370e-08
 452.5000000000    3.2692158959e-08
 453.0000000000    3.2570886696e-08
 453.5000000000    3.2453165884e-08
 454.0000000000    3.2338083776e-08
 454.5000000000    3.2223530898e-08
 455.0000000000    3.2108002396e-08
 455.5000000000    3.1991843231e-08
 456.0000000000    3.1876890362e-08
 456.5000000000    3.1764864998e-08
 457.0000000000    3.1655905348e-08
 457.5000000000    3.1548480615e-08
 458.0000000000    3.1440719018e-08
 458.5000000000    3.1331984663e-08
 459.0000000000    3.1223365201e-08
 459.5000000000    3.1116690384e-08
 460.0000000000    3.1012952288e-08
 460.5000000000    3.0911477818e-08
 461.0000000000    3.0810531639e-08
 461.5000000000    3.0708800059e-08
 462.0000000000    3.0606476224e-08
 462.5000000000    3.0505041191e-08
 463.0000000000    3.0405962540e-08
 463.5000000000    3.0309441955e-08
 464.0000000000    3.0214270763e-08
 464.5000000000    3.0118882575e-08
 465.0000000000    3.0022677745e-08
 465.5000000000    2.9926497595e-08
 466.0000000000    2.9831840658e-08
 466.5000000000    2.9739588067e-08
 467.0000000000    2.9649271207e-08
 467.5000000000    2.9559489971e-08
 468.0000000000    2.9469111606e-08
 468.5000000000    2.9378249865e-08
 469.0000000000    2.9288083806e-08
 469.5000000000    2.9199823891e-08
 470.0000000000    2.9113728299e-08
 470.5000000000    2.9028843392e-08
 471.0000000000    2.8943905169e-08
 471.5000000000    2.8858358224e-08
 472.0000000000    2.8772812071e-08
 472.5000000000    2.8688473746e-08
 473.0000000000    2.8606107219e-08
 473.5000000000    2.8525373696e-08
 474.0000000000    2.8445161710e-08
 474.5000000000    2.8364518086e-08
 475.0000000000    2.8283438480e-08
 475.5000000000    2.8202827269e-08
 476.0000000000    2.8123692496e-08
 476.5000000000    2.8046278534e-08
 477.0000000000    2.7969875137e-08
 477.5000000000    2.7893438858e-08
 478.0000000000    2.7816476681e-08
 478.5000000000    2.7739437409e-08
 479.0000000000    2.7663293068e-08
 479.5000000000    2.7588688035e-08
 480.0000000000    2.7515416434e-08
 480.5000000000    2.7442608551e-08
 481.0000000000    2.7369498494e-08
 481.5000000000    2.7296062894e-08
 482.0000000000    2.7222997896e-08
 482.5000000000    2.7151117819e-08
 483.0000000000    2.7080652841e-08
 483.5000000000    2.7011082984e-08
 484.0000000000    2.6941603468e-08
 484.5000000000    2.6871809004e-08
 485.0000000000    2.6802016075e-08
 485.5000000000    2.6732966266e-08
 486.0000000000    2.6665183581e-08
 486.5000000000    2.6598540242e-08
 487.0000000000    2.6532386451e-08
 487.5000000000    2.6466113140e-08
 488.0000000000    2.6399658697e-08
 488.5000000000    2.6333535772e-08
 489.0000000000    2.6268371044e-08
 489.5000000000    2.6204366026e-08
 490.0000000000    2.6141138950e-08
 490.5000000000    2.6078066423e-08
 491.0000000000    2.6014815676e-08
 491.5000000000    2.5951608676e-08
 492.0000000000    2.5889003333e-08
 492.5000000000    2.5827399509e-08
 493.0000000000    2.5766704401e-08
 493.5000000000    2.5706433417e-08
 494.0000000000    2.5646136792e-08
 494.5000000000    2.5585772332e-08
 495.0000000000    2.5525714378e-08
 495.5000000000    2.5466411951e-08
 496.0000000000    2.5408005473e-08
 496.5000000000    2.5350228146e-08
 497.0000000000    2.5292655898e-08
 497.5000000000    2.5235070245e-08
 498.0000000000    2.5177625864e-08
 498.5000000000    2.5120697907e-08
 499.0000000000    2.5064557898e-08
 499.5000000000    2.5009156476e-08
 500.0000000000    2.4954186157e-08
 500.5000000000    2.4899352721e-08
 501.0000000000    2.4844617899e-08
 501.5000000000    2.4790215806e-08
 502.0000000000    2.4736442642e-08
 502.5000000000    2.4683406486e-08
 503.0000000000    2.4630946919e-08
 503.5000000000    2.4578782699e-08
 504.0000000000    2.4526752408e-08
 504.5000000000    2.4475154271e-08
 505.0000000000    2.4423804716e-08
 505.5000000000    2.4373092821e-08
 506.0000000000    2.4322764844e-08
 506.5000000000    2.4273020580e-08
 507.0000000000    2.4223443046e-08
 507.5000000000    2.4174008178e-08
 508.0000000000    2.4124872490e-08
 508.5000000000    2.4076214577e-08
 509.0000000000    2.4028074154e-08
 509.5000000000    2.3980312957e-08
 510.0000000000    2.3932767895e-08
 510.5000000000    2.3885387262e-08
 511.0000000000    2.3838272946e-08
 511.5000000000    2.3791576736e-08
 512.0000000000    2.3745362363e-08
 512.5000000000    2.3699561960e-08
 513.0000000000    2.3654055533e-08
 513.5000000000    2.3608789365e-08
 514.0000000000    2.3563814850e-08
 514.5000000000    2.3519229886e-08
 515.0000000000    2.3475072564e-08
 515.5000000000    2.3431290887e-08
 516.0000000000    2.3387796168e-08
 516.5000000000    2.3344551181e-08
 517.0000000000    2.3301597855e-08
 517.5000000000    2.3259013576e-08
 518.0000000000    2.3216829286e-08
 518.5000000000    2.3174998949e-08
 519.0000000000    2.3133444597e-08
 519.5000000000    2.3092133902e-08
 520.0000000000    2.3051115637e-08
 520.5000000000    2.3010475013e-08
 521.0000000000    2.2970254511e-08
 521.5000000000    2.2930409630e-08
 522.0000000000    2.2890844626e-08
 522.5000000000    2.2851500082e-08
 523.0000000000    2.2812413541e-08
 523.5000000000    2.2773693729e-08
 524.0000000000    2.2735425809e-08
 524.5000000000    2.2697589280e-08
 525.0000000000    2.2660066726e-08
 525.5000000000    2.2622743063e-08
 526.0000000000    2.2585612352e-08
 526.5000000000    2.2548793037e-08
 527.0000000000    2.2512428936e-08
 527.5000000000    2.2476557017e-08
 528.0000000000    2.2441061256e-08
 528.5000000000    2.2405763587e-08
 529.0000000000    2.2370766155e-08
 529.5000000000    2.2335788649e-08
 530.0000000000    2.2301212670e-08
 530.5000000000    2.2267163140e-08
 531.0000000000    2.2233573733e-08
 531.5000000000    2.2200233042e-08
 532.0000000000    2.2166786043e-08
 532.5000000000    2.2133626361e-08
 533.0000000000    2.2100787539e-08
 533.5000000000    2.2068493517e-08
 534.0000000000    2.2036777795e-08
 534.5000000000    2.2005451154e-08
 535.0000000000    2.1974087178e-08
 535.5000000000    2.1943027855e-08
 536.0000000000    2.1912237448e-08
 536.5000000000    2.1881908388e-08
 537.0000000000    2.1852206631e-08
 537.5000000000    2.1823046754e-08
 538.0000000000    2.1794143805e-08
 538.5000000000    2.1765291749e-08
 539.0000000000    2.1736540123e-08
 539.5000000000    2.1708148650e-08
 540.0000000000    2.1680357718e-08
 540.5000000000    2.1653172666e-08
 541.0000000000    2.1626347988e-08
 541.5000000000    2.1599587511e-08
 542.0000000000    2.1572790496e-08
 542.5000000000    2.1546135672e-08
 543.0000000000    2.1519926883e-08
 543.5000000000    2.1494328537e-08
 544.0000000000    2.1469214202e-08
 544.5000000000    2.1444260663e-08
 545.0000000000    2.1419214893e-08
 545.5000000000    2.1394110866e-08
 546.0000000000    2.1369248566e-08
 546.5000000000    2.1344944290e-08
 547.0000000000    2.1321260475e-08
 547.5000000000    2.1297950081e-08
 548.0000000000    2.1274672974e-08
 548.5000000000    2.1251304978e-08
 549.0000000000    2.1228069848e-08
 549.5000000000    2.1205368903e-08
 550.0000000000    2.1183445215e-08
 550.5000000000    2.1162172242e-08
 551.0000000000    2.1141157389e-08
 551.5000000000    2.1120078200e-08
 552.0000000000    2.1098960231e-08
 552.5000000000    2.1078149979e-08
 553.0000000000    2.1058003194e-08
 553.5000000000    2.1038559805e-08
 554.0000000000    2.1019653736e-08
 554.5000000000    2.1000540820e-08
 555.0000000000    2.0981226455e-08
 555.5000000000    2.0961956491e-08
 556.0000000000    2.0943166978e-08
 556.5000000000    2.0925107761e-08
 557.0000000000    2.0907468299e-08
 557.5000000000    2.0890139602e-08
 558.0000000000    2.0872634380e-08
 558.5000000000    2.0855001747e-08
 559.0000000000    2.0837596039e-08
 559.5000000000    2.0820747254e-08
 560.0000000000    2.0804720526e-08
 560.5000000000    2.0789219303e-08
 561.0000000000    2.0773510285e-08
 561.5000000000    2.0757579353e-08
 562.0000000000    2.0741671264e-08
 562.5000000000    2.0726233045e-08
 563.0000000000    2.0711532053e-08
 563.5000000000    2.0697426745e-08
 564.0000000000    2.0683486817e-08
 564.5000000000    2.0669359690e-08
 565.0000000000    2.0655071742e-08
 565.5000000000    2.0641006947e-08
 566.0000000000    2.0627578711e-08
 566.5000000000    2.0614874447e-08
 567.0000000000    2.0602477933e-08
 567.5000000000    2.0590134231e-08
 568.0000000000    2.0577638036e-08
 568.5000000000    2.0565011220e-08
 569.0000000000    2.0552811188e-08
 569.5000000000    2.0541342166e-08
 570.0000000000    2.0530489232e-08
 570.5000000000    2.0519811789e-08
 571.0000000000    2.0508914708e-08
 571.5000000000    2.0497786192e-08
 572.0000000000    2.0486808634e-08
 572.5000000000    2.0476430606e-08
 573.0000000000    2.0466779189e-08
 573.5000000000    2.0457543999e-08
 574.0000000000    2.0448238522e-08
 574.5000000000    2.0438614941e-08
 575.0000000000    2.0428879534e-08
 575.5000000000    2.0419519120e-08
 576.0000000000    2.0410883603e-08
 576.5000000000    2.0402882307e-08
 577.0000000000    2.0395058749e-08
 577.5000000000    2.0386982908e-08
 578.0000000000    2.0378624548e-08
 578.5000000000    2.0370384144e-08
 579.0000000000    2.0362749999e-08
 579.5000000000    2.0355876946e-08
 580.0000000000    2.0349451692e-08
 580.5000000000    2.0342963279e-08
 581.0000000000    2.0336145747e-08
 581.5000000000    2.0329210345e-08
 582.0000000000    2.0322663249e-08
 582.5000000000    2.0316868861e-08
 583.0000000000    2.0311734901e-08
 583.5000000000    2.0306792301e-08
 584.0000000000    2.0301600813e-08
 584.5000000000    2.0296125515e-08
 585.0000000000    2.0290763069e-08
 585.5000000000    2.0285994417e-08
 586.0000000000    2.0281968775e-08
 586.5000000000    2.0278375454e-08
 587.0000000000    2.0274710624e-08
 587.5000000000    2.0270705197e-08
 588.0000000000    2.0266548093e-08
 588.5000000000    2.0262717835e-08
 589.0000000000    2.0259569746e-08
 589.5000000000    2.0257031934e-08
 590.0000000000    2.0254667240e-08
 590.5000000000    2.0252044702e-08
 591.0000000000    2.0249104904e-08
 591.5000000000    2.0246207804e-08
 592.0000000000    2.0243825400e-08
 592.5000000000    2.0242139954e-08
 593.0000000000    2.0240889588e-08
 593.5000000000    2.0239592056e-08
 594.0000000000    2.0237955885e-08
 594.5000000000    2.0236130479e-08
 595.0000000000    2.0234580073e-08
 595.5000000000    2.0233688020e-08
 596.0000000000    2.0233428188e-08
 596.5000000000    2.0233385409e-08
 597.0000000000    2.0233110599e-08
 597.5000000000    2.0232504599e-08
 598.0000000000    2.0231903016e-08
 598.5000000000    2.0231787431e-08
 599.0000000000    2.0232369514e-08
 599.5000000000    2.0233405381e-08
 600.0000000000    2.0234401769e-08
 600.5000000000    2.0235037570e-08
 601.0000000000    2.0235437556e-08
 601.5000000000    2.0236061481e-08
 602.0000000000    2.0237305077e-08
 602.5000000000    2.0239156479e-08
 603.0000000000    2.0241204557e-08
 603.5000000000    2.0242991355e-08
 604.0000000000    2.0244404929e-08
 604.5000000000    2.0245773615e-08
 605.0000000000    2.0247580569e-08
 605.5000000000    2.0250047459e-08
 606.0000000000    2.0252944483e-08
 606.5000000000    2.0255790732e-08
 607.0000000000    2.0258269216e-08
 607.5000000000    2.0260499315e-08
 608.0000000000    2.0262797541e-08
 608.5000000000    2.0265824704e-08
 609.0000000000    2.0269578243e-08
 609.5000000000    2.0273263769e-08
 610.0000000000    2.0276840072e-08
 610.5000000000    2.0280191374e-08
 611.0000000000    2.0283223025e-08
 611.5000000000    2.0286797034e-08
 612.0000000000    2.0290994816e-08
 612.5000000000    2.0295602230e-08
 613.0000000000    2.0300159978e-08
 613.5000000000    2.0304356244e-08
 614.0000000000    2.0308289021e-08
 614.5000000000    2.0312376528e-08
 615.0000000000    2.0316995226e-08
 615.5000000000    2.0322157114e-08
 616.0000000000    2.0327501649e-08
 616.5000000000    2.0332605998e-08
 617.0000000000    2.0337346303e-08
 617.5000000000    2.0342001496e-08
 618.0000000000    2.0347012601e-08
 618.5000000000    2.0352604692e-08
 619.0000000000    2.0358595357e-08
 619.5000000000    2.0364552593e-08
 620.0000000000    2.0370165064e-08
 620.5000000000    2.0375508011e-08
 621.0000000000    2.0380976361e-08
 621.5000000000    2.0386943706e-08
 622.0000000000    2.0393439915e-08
 622.5000000000    2.0400124828e-08
 623.0000000000    2.0406580815e-08
 623.5000000000    2.0412671311e-08
 624.0000000000    2.0418656763e-08
 624.5000000000    2.0424967546e-08
 625.0000000000    2.0431831272e-08
 625.5000000000    2.0439075249e-08
 626.0000000000    2.0446277322e-08
 626.5000000000    2.0453129803e-08
 627.0000000000    2.0459702603e-08
 627.5000000000    2.0466378574e-08
 628.0000000000    2.0473517708e-08
 628.5000000000    2.0481143634e-08
 629.0000000000    2.0488922952e-08
 629.5000000000    2.0496452687e-08
 630.0000000000    2.0503604526e-08
 630.5000000000    2.0510628716e-08
 631.0000000000    2.0517930867e-08
 631.5000000000    2.0525717940e-08
 632.0000000000    2.0533819967e-08
 632.5000000000    2.0541838472e-08
 633.0000000000    2.0549489898e-08
 633.5000000000    2.0556846337e-08
 634.0000000000    2.0564268684e-08
 634.5000000000    2.0572093517e-08
 635.0000000000    2.0580345211e-08
 635.5000000000    2.0588719466e-08
 636.0000000000    2.0596848635e-08
 636.5000000000    2.0604618437e-08
 637.0000000000    2.0612264801e-08
 637.5000000000    2.0620169887e-08
 638.0000000000    2.0628534251e-08
 638.5000000000    2.0637206788e-08
 639.0000000000    2.0645816772e-08
 639.5000000000    2.0654093673e-08
 640.0000000000    2.0662099747e-08
 640.5000000000    2.0670174460e-08
 641.0000000000    2.0678640653e-08
 641.5000000000    2.0687524477e-08
 642.0000000000    2.0696531657e-08
 642.5000000000    2.0705301216e-08
 643.0000000000    2.0713717120e-08
 643.5000000000    2.0722008199e-08
 644.0000000000    2.0730547162e-08
 644.5000000000    2.0739525288e-08
 645.0000000000    2.0748784185e-08
 645.5000000000    2.0757953112e-08
 646.0000000000    2.0766771246e-08
 646.5000000000    2.0775312373e-08
 647.0000000000    2.0783918008e-08
 647.5000000000    2.0792895361e-08
 648.0000000000    2.0802246395e-08
 648.5000000000    2.0811664840e-08
 649.0000000000    2.0820802035e-08
 649.5000000000    2.0829567966e-08
 650.0000000000    2.0838204119e-08
 650.5000000000    2.0847066403e-08
 651.0000000000    2.0856310391e-08
 651.5000000000    2.0865754555e-08
 652.0000000000    2.0875039349e-08
 652.5000000000    2.0883939801e-08
 653.0000000000    2.0892557932e-08
 653.5000000000    2.0901229733e-08
 654.0000000000    2.0910230937e-08
 654.5000000000    2.0919539925e-08
 655.0000000000    2.0928861992e-08
 655.5000000000    2.0937889778e-08
 656.0000000000    2.0946571970e-08
 656.5000000000    2.0955158354e-08
 657.0000000000    2.0963985151e-08
 657.5000000000    2.0973187942e-08
 658.0000000000    2.0982590078e-08
 658.5000000000    2.0991860749e-08
 659.0000000000    2.1000804662e-08
 659.5000000000    2.1009533492e-08
 660.0000000000    2.1018371710e-08
 660.5000000000    2.1027578253e-08
 661.0000000000    2.1037123575e-08
 661.5000000000    2.1046715329e-08
 662.0000000000    2.1056051353e-08
 662.5000000000    2.1065081816e-08
 663.0000000000    2.1074052690e-08
 663.5000000000    2.1083290899e-08
 664.0000000000    2.1092916458e-08
 664.5000000000    2.1102730856e-08
 665.0000000000    2.1112381507e-08
 665.5000000000    2.1121661882e-08
 666.0000000000    2.1130686821e-08
 666.5000000000    2.1139787541e-08
 667.0000000000    2.1149214861e-08
 667.5000000000    2.1158909349e-08
 668.0000000000    2.1168541419e-08
 668.5000000000    2.1177790777e-08
 669.0000000000    2.1186623059e-08
 669.5000000000    2.1195319861e-08
 670.0000000000    2.1204231446e-08
 670.5000000000    2.1213466515e-08
 671.0000000000    2.1222792595e-08
 671.5000000000    2.1231838261e-08
 672.0000000000    2.1240421699e-08
 672.5000000000    2.1248716228e-08
 673.0000000000    2.1257104005e-08
 673.5000000000    2.1265843341e-08
 674.0000000000    2.1274841241e-08
 674.5000000000    2.1283732813e-08
 675.0000000000    2.1292200645e-08
 675.5000000000    2.1300254849e-08
 676.0000000000    2.1308226653e-08
 676.5000000000    2.1316478310e-08
 677.0000000000    2.1325082336e-08
 677.5000000000    2.1333751865e-08
 678.0000000000    2.1342086241e-08
 678.5000000000    2.1349919132e-08
 679.0000000000    2.1357464626e-08
 679.5000000000    2.1365130508e-08
 680.0000000000    2.1373159164e-08
 680.5000000000    2.1381409614e-08
 681.0000000000    2.1389473644e-08
 681.5000000000    2.1397027411e-08
 682.0000000000    2.1404112125e-08
 682.5000000000    2.1411114848e-08
 683.0000000000    2.1418373043e-08
 683.5000000000    2.1425949028e-08
 684.0000000000    2.1433512473e-08
 684.5000000000    2.1440639013e-08
 685.0000000000    2.1447176695e-08
 685.5000000000    2.1453378824e-08
 686.0000000000    2.1459685990e-08
 686.5000000000    2.1466345188e-08
 687.0000000000    2.1473197151e-08
 687.5000000000    2.1479817824e-08
 688.0000000000    2.1485893996e-08
 688.5000000000    2.1491491645e-08
 689.0000000000    2.1497067701e-08
 689.5000000000    2.1503020486e-08
 690.0000000000    2.1509410764e-08
 690.5000000000    2.1515904161e-08
 691.0000000000    2.1522072256e-08
 691.5000000000    2.1527778170e-08
 692.0000000000    2.1533311823e-08
 692.5000000000    2.1539152777e-08
 693.0000000000    2.1545560360e-08
 693.5000000000    2.1552344983e-08
 694.0000000000    2.1559024032e-08
 694.5000000000    2.1565234306e-08
 695.0000000000    2.1571045822e-08
 695.5000000000    2.1576900874e-08
 696.0000000000    2.1583224142e-08
 696.5000000000    2.1590038690e-08
 697.0000000000    2.1596925957e-08
 697.5000000000    2.1603373849e-08
 698.0000000000    2.1609216789e-08
 698.5000000000    2.1614783295e-08
 699.0000000000    2.1620613785e-08
 699.5000000000    2.1626986037e-08
 700.0000000000    2.1633660833e-08
