#          time         max mod phi
   0.0000000000    8.6788202744e-02
   0.5000000000    8.6795271325e-02
   1.0000000000    8.6792296942e-02
   1.5000000000    8.6795065122e-02
   2.0000000000    8.6794096170e-02
   2.5000000000    8.6794213957e-02
   3.0000000000    8.6795131110e-02
   3.5000000000    8.6792512419e-02
   4.0000000000    8.6795529532e-02
   4.5000000000    8.6791226286e-02
   5.0000000000    8.6795674380e-02
   5.5000000000    8.6793245840e-02
   6.0000000000    8.6795125882e-02
   6.5000000000    8.6794424953e-02
   7.0000000000    8.6794032644e-02
   7.5000000000    8.6795370235e-02
   8.0000000000    8.6792936821e-02
   8.5000000000    8.6796117897e-02
   9.0000000000    8.6791405899e-02
   9.5000000000    8.6796095756e-02
  10.0000000000    8.6792833291e-02
  10.5000000000    8.6795735980e-02
  11.0000000000    8.6794323841e-02
  11.5000000000    8.6795491388e-02
  12.0000000000    8.6795614542e-02
  12.5000000000    8.6794762307e-02
  13.0000000000    8.6796146831e-02
  13.5000000000    8.6793504339e-02
  14.0000000000    8.6796488720e-02
  14.5000000000    8.6792442822e-02
  15.0000000000    8.6797009380e-02
  15.5000000000    8.6793033587e-02
  16.0000000000    8.6797031341e-02
  16.5000000000    8.6794094178e-02
  17.0000000000    8.6796576358e-02
  17.5000000000    8.6795035881e-02
  18.0000000000    8.6796385286e-02
  18.5000000000    8.6796229892e-02
  19.0000000000    8.6796149658e-02
  19.5000000000    8.6796895632e-02
  20.0000000000    8.6795366968e-02
  20.5000000000    8.6797132290e-02
  21.0000000000    8.6794469156e-02
  21.5000000000    8.6797629454e-02
  22.0000000000    8.6793962009e-02
  22.5000000000    8.6798134594e-02
  23.0000000000    8.6793152843e-02
  23.5000000000    8.6798040947e-02
  24.0000000000    8.6793951673e-02
  24.5000000000    8.6797923379e-02
  25.0000000000    8.6795042174e-02
  25.5000000000    8.6798189793e-02
  26.0000000000    8.6796141969e-02
  26.5000000000    8.6798055692e-02
  27.0000000000    8.6796707557e-02
  27.5000000000    8.6797541544e-02
  28.0000000000    8.6797196296e-02
  28.5000000000    8.6797324538e-02
  29.0000000000    8.6798031757e-02
  29.5000000000    8.6797230921e-02
  30.0000000000    8.6798595312e-02
  30.5000000000    8.6796651040e-02
  31.0000000000    8.6798731342e-02
  31.5000000000    8.6795978474e-02
  32.0000000000    8.6799114684e-02
  32.5000000000    8.6795671550e-02
  33.0000000000    8.6799658277e-02
  33.5000000000    8.6795179282e-02
  34.0000000000    8.6799748257e-02
  34.5000000000    8.6794884242e-02
  35.0000000000    8.6799665662e-02
  35.5000000000    8.6795806428e-02
  36.0000000000    8.6799978668e-02
  36.5000000000    8.6796944273e-02
  37.0000000000    8.6800126838e-02
  37.5000000000    8.6797677229e-02
  38.0000000000    8.6799840332e-02
  38.5000000000    8.6798230672e-02
  39.0000000000    8.6799698478e-02
  39.5000000000    8.6799118791e-02
  40.0000000000    8.6799771357e-02
  40.5000000000    8.6799921503e-02
  41.0000000000    8.6799465068e-02
  41.5000000000    8.6800297049e-02
  42.0000000000    8.6798916447e-02
  42.5000000000    8.6800763160e-02
  43.0000000000    8.6798647691e-02
  43.5000000000    8.6801475084e-02
  44.0000000000    8.6798309289e-02
  44.5000000000    8.6801846074e-02
  45.0000000000    8.6797531613e-02
  45.5000000000    8.6801954196e-02
  46.0000000000    8.6797058046e-02
  46.5000000000    8.6802293762e-02
  47.0000000000    8.6798491912e-02
  47.5000000000    8.6802649621e-02
  48.0000000000    8.6799628512e-02
  48.5000000000    8.6802507625e-02
  49.0000000000    8.6800450628e-02
  49.5000000000    8.6802358281e-02
  50.0000000000    8.6801536871e-02
  50.5000000000    8.6802397370e-02
  51.0000000000    8.6802606597e-02
  51.5000000000    8.6802126665e-02
  52.0000000000    8.6803268735e-02
  52.5000000000    8.6801482655e-02
  53.0000000000    8.6803826205e-02
  53.5000000000    8.6800940370e-02
  54.0000000000    8.6804586838e-02
  54.5000000000    8.6800374484e-02
  55.0000000000    8.6805082175e-02
  55.5000000000    8.6800541000e-02
  56.0000000000    8.6805160790e-02
  56.5000000000    8.6801906329e-02
  57.0000000000    8.6805297345e-02
  57.5000000000    8.6803453251e-02
  58.0000000000    8.6805511366e-02
  58.5000000000    8.6804721344e-02
  59.0000000000    8.6805296997e-02
  59.5000000000    8.6805533338e-02
  60.0000000000    8.6804888626e-02
  60.5000000000    8.6806446881e-02
  61.0000000000    8.6804628325e-02
  61.5000000000    8.6807452509e-02
  62.0000000000    8.6804123658e-02
  62.5000000000    8.6808038962e-02
  63.0000000000    8.6803113812e-02
  63.5000000000    8.6808345882e-02
  64.0000000000    8.6804605611e-02
  64.5000000000    8.6808783867e-02
  65.0000000000    8.6806503571e-02
  65.5000000000    8.6809020977e-02
  66.0000000000    8.6807983053e-02
  66.5000000000    8.6808715892e-02
  67.0000000000    8.6809117556e-02
  67.5000000000    8.6808279256e-02
  68.0000000000    8.6810354304e-02
  68.5000000000    8.6807854639e-02
  69.0000000000    8.6811413954e-02
  69.5000000000    8.6806931786e-02
  70.0000000000    8.6811894837e-02
  70.5000000000    8.6808084791e-02
  71.0000000000    8.6812166242e-02
  71.5000000000    8.6810192954e-02
  72.0000000000    8.6812435320e-02
  72.5000000000    8.6812135552e-02
  73.0000000000    8.6812211737e-02
  73.5000000000    8.6813465401e-02
  74.0000000000    8.6811373919e-02
  74.5000000000    8.6814474192e-02
  75.0000000000    8.6810393977e-02
  75.5000000000    8.6815468275e-02
  76.0000000000    8.6811999662e-02
  76.5000000000    8.6816004619e-02
  77.0000000000    8.6814234818e-02
  77.5000000000    8.6815760691e-02
  78.0000000000    8.6815929064e-02
  78.5000000000    8.6815247975e-02
  79.0000000000    8.6817653533e-02
  79.5000000000    8.6814614668e-02
  80.0000000000    8.6818926796e-02
  80.5000000000    8.6814827590e-02
  81.0000000000    8.6819295134e-02
  81.5000000000    8.6817332355e-02
  82.0000000000    8.6819322315e-02
  82.5000000000    8.6819705531e-02
  83.0000000000    8.6819046036e-02
  83.5000000000    8.6821568223e-02
  84.0000000000    8.6817917582e-02
  84.5000000000    8.6822521116e-02
  85.0000000000    8.6819127512e-02
  85.5000000000    8.6822955628e-02
  86.0000000000    8.6822102726e-02
  86.5000000000    8.6823024087e-02
  87.0000000000    8.6824489437e-02
  87.5000000000    8.6822142185e-02
  88.0000000000    8.6825881922e-02
  88.5000000000    8.6821818276e-02
  89.0000000000    8.6826582613e-02
  89.5000000000    8.6825212497e-02
  90.0000000000    8.6826793666e-02
  90.5000000000    8.6827986635e-02
  91.0000000000    8.6826016272e-02
  91.5000000000    8.6829642323e-02
  92.0000000000    8.6825666534e-02
  92.5000000000    8.6830401498e-02
  93.0000000000    8.6829292063e-02
  93.5000000000    8.6830533787e-02
  94.0000000000    8.6832198728e-02
  94.5000000000    8.6829580524e-02
  95.0000000000    8.6833860933e-02
  95.5000000000    8.6830750058e-02
  96.0000000000    8.6834410979e-02
  96.5000000000    8.6834330624e-02
  97.0000000000    8.6834154173e-02
  97.5000000000    8.6837056854e-02
  98.0000000000    8.6832686928e-02
  98.5000000000    8.6838374711e-02
  99.0000000000    8.6836884127e-02
  99.5000000000    8.6838333474e-02
 100.0000000000    8.6840081018e-02
 100.5000000000    8.6837369849e-02
 101.0000000000    8.6842278795e-02
 101.5000000000    8.6840094426e-02
 102.0000000000    8.6842727382e-02
 102.5000000000    8.6843652490e-02
 103.0000000000    8.6841714219e-02
 103.5000000000    8.6846009105e-02
 104.0000000000    8.6843568162e-02
 104.5000000000    8.6847033325e-02
 105.0000000000    8.6847901309e-02
 105.5000000000    8.6846305686e-02
 106.0000000000    8.6850397766e-02
 106.5000000000    8.6847889160e-02
 107.0000000000    8.6851246506e-02
 107.5000000000    8.6852352656e-02
 108.0000000000    8.6850577381e-02
 108.5000000000    8.6855167803e-02
 109.0000000000    8.6853245189e-02
 109.5000000000    8.6855841763e-02
 110.0000000000    8.6857434309e-02
 110.5000000000    8.6854536462e-02
 111.0000000000    8.6859901079e-02
 111.5000000000    8.6859066276e-02
 112.0000000000    8.6860457465e-02
 112.5000000000    8.6863224960e-02
 113.0000000000    8.6859793246e-02
 113.5000000000    8.6864990966e-02
 114.0000000000    8.6865405102e-02
 114.5000000000    8.6864668579e-02
 115.0000000000    8.6869051916e-02
 115.5000000000    8.6867470533e-02
 116.0000000000    8.6870249276e-02
 116.5000000000    8.6872422573e-02
 117.0000000000    8.6868739446e-02
 117.5000000000    8.6874775823e-02
 118.0000000000    8.6875213410e-02
 118.5000000000    8.6874749546e-02
 119.0000000000    8.6879267758e-02
 119.5000000000    8.6878070051e-02
 120.0000000000    8.6880318380e-02
 120.5000000000    8.6883088023e-02
 121.0000000000    8.6880360207e-02
 121.5000000000    8.6885300773e-02
 122.0000000000    8.6886921235e-02
 122.5000000000    8.6884707879e-02
 123.0000000000    8.6890494167e-02
 123.5000000000    8.6890841408e-02
 124.0000000000    8.6890555419e-02
 124.5000000000    8.6895138886e-02
 125.0000000000    8.6894577116e-02
 125.5000000000    8.6896349376e-02
 126.0000000000    8.6900271172e-02
 126.5000000000    8.6899032589e-02
 127.0000000000    8.6902269856e-02
 127.5000000000    8.6905279804e-02
 128.0000000000    8.6903294804e-02
 128.5000000000    8.6907819488e-02
 129.0000000000    8.6910496035e-02
 129.5000000000    8.6908338656e-02
 130.0000000000    8.6913946786e-02
 130.5000000000    8.6916206223e-02
 131.0000000000    8.6913619624e-02
 131.5000000000    8.6919696697e-02
 132.0000000000    8.6921765770e-02
 132.5000000000    8.6919284946e-02
 133.0000000000    8.6925923781e-02
 133.5000000000    8.6928159281e-02
 134.0000000000    8.6925785893e-02
 134.5000000000    8.6932246998e-02
 135.0000000000    8.6934482965e-02
 135.5000000000    8.6932353944e-02
 136.0000000000    8.6938589310e-02
 136.5000000000    8.6941414967e-02
 137.0000000000    8.6939957705e-02
 137.5000000000    8.6945534755e-02
 138.0000000000    8.6948766485e-02
 138.5000000000    8.6947767016e-02
 139.0000000000    8.6952175591e-02
 139.5000000000    8.6956163961e-02
 140.0000000000    8.6956180635e-02
 140.5000000000    8.6959382346e-02
 141.0000000000    8.6964331205e-02
 141.5000000000    8.6965235227e-02
 142.0000000000    8.6966405783e-02
 142.5000000000    8.6972187404e-02
 143.0000000000    8.6974203729e-02
 143.5000000000    8.6973329273e-02
 144.0000000000    8.6980499206e-02
 144.5000000000    8.6983908653e-02
 145.0000000000    8.6983558576e-02
 145.5000000000    8.6988575966e-02
 146.0000000000    8.6993182501e-02
 146.5000000000    8.6994287421e-02
 147.0000000000    8.6996279036e-02
 147.5000000000    8.7002652999e-02
 148.0000000000    8.7005562269e-02
 148.5000000000    8.7004994786e-02
 149.0000000000    8.7011740153e-02
 149.5000000000    8.7016194696e-02
 150.0000000000    8.7017417962e-02
 150.5000000000    8.7020093049e-02
 151.0000000000    8.7026672344e-02
 151.5000000000    8.7030078061e-02
 152.0000000000    8.7030297290e-02
 152.5000000000    8.7036498405e-02
 153.0000000000    8.7041805922e-02
 153.5000000000    8.7044144771e-02
 154.0000000000    8.7045146179e-02
 154.5000000000    8.7052889665e-02
 155.0000000000    8.7057748623e-02
 155.5000000000    8.7059711425e-02
 156.0000000000    8.7062913386e-02
 156.5000000000    8.7070001305e-02
 157.0000000000    8.7074373223e-02
 157.5000000000    8.7076146109e-02
 158.0000000000    8.7080928193e-02
 158.5000000000    8.7088100107e-02
 159.0000000000    8.7092652346e-02
 159.5000000000    8.7094608873e-02
 160.0000000000    8.7099850354e-02
 160.5000000000    8.7107051944e-02
 161.0000000000    8.7111886953e-02
 161.5000000000    8.7114431483e-02
 162.0000000000    8.7119579028e-02
 162.5000000000    8.7127440199e-02
 163.0000000000    8.7132960459e-02
 163.5000000000    8.7136197974e-02
 164.0000000000    8.7139959257e-02
 164.5000000000    8.7148499457e-02
 165.0000000000    8.7154980531e-02
 165.5000000000    8.7159444644e-02
 166.0000000000    8.7161894418e-02
 166.5000000000    8.7170843750e-02
 167.0000000000    8.7178439643e-02
 167.5000000000    8.7184065761e-02
 168.0000000000    8.7187839794e-02
 168.5000000000    8.7193366770e-02
 169.0000000000    8.7202511329e-02
 169.5000000000    8.7209882768e-02
 170.0000000000    8.7215472437e-02
 170.5000000000    8.7219301783e-02
 171.0000000000    8.7227084229e-02
 171.5000000000    8.7236051071e-02
 172.0000000000    8.7243480650e-02
 172.5000000000    8.7249444931e-02
 173.0000000000    8.7253956608e-02
 173.5000000000    8.7262663662e-02
 174.0000000000    8.7272183252e-02
 174.5000000000    8.7280202614e-02
 175.0000000000    8.7286840191e-02
 175.5000000000    8.7292226273e-02
 176.0000000000    8.7299977052e-02
 176.5000000000    8.7310560722e-02
 177.0000000000    8.7319871266e-02
 177.5000000000    8.7327892738e-02
 178.0000000000    8.7334672673e-02
 178.5000000000    8.7340328136e-02
 179.0000000000    8.7351214982e-02
 179.5000000000    8.7361959945e-02
 180.0000000000    8.7371739910e-02
 180.5000000000    8.7380520102e-02
 181.0000000000    8.7388270821e-02
 181.5000000000    8.7395024361e-02
 182.0000000000    8.7406483271e-02
 182.5000000000    8.7417999669e-02
 183.0000000000    8.7428775385e-02
 183.5000000000    8.7438839745e-02
 184.0000000000    8.7448158537e-02
 184.5000000000    8.7456690984e-02
 185.0000000000    8.7466003054e-02
 185.5000000000    8.7478905565e-02
 186.0000000000    8.7491167510e-02
 186.5000000000    8.7502903431e-02
 187.0000000000    8.7514154572e-02
 187.5000000000    8.7524891390e-02
 188.0000000000    8.7535066468e-02
 188.5000000000    8.7544679398e-02
 189.0000000000    8.7558077426e-02
 189.5000000000    8.7571852692e-02
 190.0000000000    8.7585283123e-02
 190.5000000000    8.7598422111e-02
 191.0000000000    8.7611252194e-02
 191.5000000000    8.7623726709e-02
 192.0000000000    8.7635830163e-02
 192.5000000000    8.7647615484e-02
 193.0000000000    8.7659512053e-02
 193.5000000000    8.7675154832e-02
 194.0000000000    8.7690666520e-02
 194.5000000000    8.7706043796e-02
 195.0000000000    8.7721242478e-02
 195.5000000000    8.7736235051e-02
 196.0000000000    8.7751053009e-02
 196.5000000000    8.7765786415e-02
 197.0000000000    8.7780544333e-02
 197.5000000000    8.7795402875e-02
 198.0000000000    8.7810378983e-02
 198.5000000000    8.7825441025e-02
 199.0000000000    8.7842132307e-02
 199.5000000000    8.7860069709e-02
 200.0000000000    8.7878007509e-02
 200.5000000000    8.7896040165e-02
 201.0000000000    8.7914248010e-02
 201.5000000000    8.7932662266e-02
 202.0000000000    8.7951263529e-02
 202.5000000000    8.7970012788e-02
 203.0000000000    8.7988893183e-02
 203.5000000000    8.8007938263e-02
 204.0000000000    8.8027223229e-02
 204.5000000000    8.8046829316e-02
 205.0000000000    8.8066802752e-02
 205.5000000000    8.8087138150e-02
 206.0000000000    8.8107796679e-02
 206.5000000000    8.8128744095e-02
 207.0000000000    8.8149983550e-02
 207.5000000000    8.8171563289e-02
 208.0000000000    8.8193556481e-02
 208.5000000000    8.8216021162e-02
 209.0000000000    8.8238968079e-02
 209.5000000000    8.8262360839e-02
 210.0000000000    8.8286146270e-02
 210.5000000000    8.8310300604e-02
 211.0000000000    8.8334845673e-02
 211.5000000000    8.8359841751e-02
 212.0000000000    8.8385346663e-02
 212.5000000000    8.8411384073e-02
 213.0000000000    8.8437925023e-02
 213.5000000000    8.8464905316e-02
 214.0000000000    8.8492270939e-02
 214.5000000000    8.8520014312e-02
 215.0000000000    8.8548177796e-02
 215.5000000000    8.8576819145e-02
 216.0000000000    8.8605966878e-02
 216.5000000000    8.8635594069e-02
 217.0000000000    8.8665628220e-02
 217.5000000000    8.8695990933e-02
 218.0000000000    8.8726643808e-02
 218.5000000000    8.8757603916e-02
 219.0000000000    8.8788919265e-02
 219.5000000000    8.8820620801e-02
 220.0000000000    8.8852684448e-02
 220.5000000000    8.8885563046e-02
 221.0000000000    8.8921497509e-02
 221.5000000000    8.8957715059e-02
 222.0000000000    8.8994205098e-02
 222.5000000000    8.9031000779e-02
 223.0000000000    8.9068134561e-02
 223.5000000000    8.9105584472e-02
 224.0000000000    8.9143261968e-02
 224.5000000000    8.9181040657e-02
 225.0000000000    8.9218817661e-02
 225.5000000000    8.9257245565e-02
 226.0000000000    8.9300170038e-02
 226.5000000000    8.9343273955e-02
 227.0000000000    8.9386535749e-02
 227.5000000000    8.9429859980e-02
 228.0000000000    8.9473098985e-02
 228.5000000000    8.9516110839e-02
 229.0000000000    8.9558807714e-02
 229.5000000000    8.9606984082e-02
 230.0000000000    8.9655857638e-02
 230.5000000000    8.9704586158e-02
 231.0000000000    8.9753066868e-02
 231.5000000000    8.9801130910e-02
 232.0000000000    8.9848595820e-02
 232.5000000000    8.9902852189e-02
 233.0000000000    8.9956945079e-02
 233.5000000000    9.0010448587e-02
 234.0000000000    9.0063322425e-02
 234.5000000000    9.0115454483e-02
 235.0000000000    9.0174392909e-02
 235.5000000000    9.0233774885e-02
 236.0000000000    9.0292065509e-02
 236.5000000000    9.0349141986e-02
 237.0000000000    9.0408312895e-02
 237.5000000000    9.0473079289e-02
 238.0000000000    9.0536647184e-02
 238.5000000000    9.0598804702e-02
 239.0000000000    9.0662070202e-02
 239.5000000000    9.0731990101e-02
 240.0000000000    9.0800078499e-02
 240.5000000000    9.0866208525e-02
 241.0000000000    9.0936490928e-02
 241.5000000000    9.1010816732e-02
 242.0000000000    9.1083000818e-02
 242.5000000000    9.1153301523e-02
 243.0000000000    9.1233613182e-02
 243.5000000000    9.1311204141e-02
 244.0000000000    9.1385862197e-02
 244.5000000000    9.1469030656e-02
 245.0000000000    9.1551900856e-02
 245.5000000000    9.1631554106e-02
 246.0000000000    9.1719505045e-02
 246.5000000000    9.1807228080e-02
 247.0000000000    9.1890980648e-02
 247.5000000000    9.1985320655e-02
 248.0000000000    9.2076882925e-02
 248.5000000000    9.2167433092e-02
 249.0000000000    9.2267161289e-02
 249.5000000000    9.2362150509e-02
 250.0000000000    9.2463118212e-02
 250.5000000000    9.2565679624e-02
 251.0000000000    9.2665439734e-02
 251.5000000000    9.2775432626e-02
 252.0000000000    9.2879401065e-02
 252.5000000000    9.2992941387e-02
 253.0000000000    9.3104100844e-02
 253.5000000000    9.3219464575e-02
 254.0000000000    9.3337383876e-02
 254.5000000000    9.3455481613e-02
 255.0000000000    9.3579689145e-02
 255.5000000000    9.3701732645e-02
 256.0000000000    9.3832077348e-02
 256.5000000000    9.3959457665e-02
 257.0000000000    9.4095577227e-02
 257.5000000000    9.4229318238e-02
 258.0000000000    9.4370383960e-02
 258.5000000000    9.4511364545e-02
 259.0000000000    9.4656617190e-02
 259.5000000000    9.4806027595e-02
 260.0000000000    9.4954878968e-02
 260.5000000000    9.5113910099e-02
 261.0000000000    9.5267955461e-02
 261.5000000000    9.5434841520e-02
 262.0000000000    9.5600083279e-02
 262.5000000000    9.5768173227e-02
 263.0000000000    9.5945514643e-02
 263.5000000000    9.6120244840e-02
 264.0000000000    9.6304011857e-02
 264.5000000000    9.6492720726e-02
 265.0000000000    9.6680254252e-02
 265.5000000000    9.6877837871e-02
 266.0000000000    9.7080564233e-02
 266.5000000000    9.7283489180e-02
 267.0000000000    9.7492284517e-02
 267.5000000000    9.7711877347e-02
 268.0000000000    9.7933197854e-02
 268.5000000000    9.8156834307e-02
 269.0000000000    9.8389192546e-02
 269.5000000000    9.8631047876e-02
 270.0000000000    9.8876403827e-02
 270.5000000000    9.9125904131e-02
 271.0000000000    9.9380213365e-02
 271.5000000000    9.9644743601e-02
 272.0000000000    9.9919140854e-02
 272.5000000000    1.0019946237e-01
 273.0000000000    1.0048621171e-01
 273.5000000000    1.0077990905e-01
 274.0000000000    1.0108110990e-01
 274.5000000000    1.0139039362e-01
 275.0000000000    1.0170832951e-01
 275.5000000000    1.0203544092e-01
 276.0000000000    1.0237218876e-01
 276.5000000000    1.0271898091e-01
 277.0000000000    1.0307619897e-01
 277.5000000000    1.0344422183e-01
 278.0000000000    1.0382342911e-01
 278.5000000000    1.0421418077e-01
 279.0000000000    1.0461678237e-01
 279.5000000000    1.0503145477e-01
 280.0000000000    1.0545831988e-01
 280.5000000000    1.0589740376e-01
 281.0000000000    1.0634864735e-01
 281.5000000000    1.0681191199e-01
 282.0000000000    1.0729079208e-01
 282.5000000000    1.0779182964e-01
 283.0000000000    1.0830576064e-01
 283.5000000000    1.0883202280e-01
 284.0000000000    1.0937190753e-01
 284.5000000000    1.0994214065e-01
 285.0000000000    1.1052406832e-01
 285.5000000000    1.1111628393e-01
 286.0000000000    1.1174561442e-01
 286.5000000000    1.1238458316e-01
 287.0000000000    1.1304621647e-01
 287.5000000000    1.1373396906e-01
 288.0000000000    1.1443667302e-01
 288.5000000000    1.1517363609e-01
 289.0000000000    1.1592553549e-01
 289.5000000000    1.1670988848e-01
 290.0000000000    1.1751828297e-01
 290.5000000000    1.1834541159e-01
 291.0000000000    1.1921638773e-01
 291.5000000000    1.2010562862e-01
 292.0000000000    1.2101609613e-01
 292.5000000000    1.2197382442e-01
 293.0000000000    1.2295722994e-01
 293.5000000000    1.2396716129e-01
 294.0000000000    1.2500554117e-01
 294.5000000000    1.2607391937e-01
 295.0000000000    1.2717333936e-01
 295.5000000000    1.2830416558e-01
 296.0000000000    1.2946587252e-01
 296.5000000000    1.3065679961e-01
 297.0000000000    1.3187386074e-01
 297.5000000000    1.3311220736e-01
 298.0000000000    1.3436483128e-01
 298.5000000000    1.3562585966e-01
 299.0000000000    1.3692596398e-01
 299.5000000000    1.3821426921e-01
 300.0000000000    1.3949488598e-01
 300.5000000000    1.4078324346e-01
 301.0000000000    1.4202788721e-01
 301.5000000000    1.4326178852e-01
 302.0000000000    1.4443779968e-01
 302.5000000000    1.4553414627e-01
 303.0000000000    1.4658480807e-01
 303.5000000000    1.4750919322e-01
 304.0000000000    1.4828306883e-01
 304.5000000000    1.4896009449e-01
 305.0000000000    1.4943446186e-01
 305.5000000000    1.4967335845e-01
 306.0000000000    1.4974512706e-01
 306.5000000000    1.4950184532e-01
 307.0000000000    1.4902373390e-01
 307.5000000000    1.4826544982e-01
 308.0000000000    1.4719734584e-01
 308.5000000000    1.4585782444e-01
 309.0000000000    1.4429756613e-01
 309.5000000000    1.4251249549e-01
 310.0000000000    1.4054544685e-01
 310.5000000000    1.4041000085e-01
 311.0000000000    1.4450842031e-01
 311.5000000000    1.4818702410e-01
 312.0000000000    1.5144528386e-01
 312.5000000000    1.5430657696e-01
 313.0000000000    1.5683364794e-01
 313.5000000000    1.5911805178e-01
 314.0000000000    1.6113720132e-01
 314.5000000000    1.6244303677e-01
 315.0000000000    1.6197515019e-01
 315.5000000000    1.5838741280e-01
 316.0000000000    1.5076322670e-01
 316.5000000000    1.3914194489e-01
 317.0000000000    1.2449203748e-01
 317.5000000000    1.0826022902e-01
 318.0000000000    9.1856091805e-02
 318.5000000000    7.6333329237e-02
 319.0000000000    6.2316761582e-02
 319.5000000000    5.0083496990e-02
 320.0000000000    3.9685861931e-02
 320.5000000000    3.1050620679e-02
 321.0000000000    2.4039021468e-02
 321.5000000000    1.9341646995e-02
 322.0000000000    1.6662836429e-02
 322.5000000000    1.4401145887e-02
 323.0000000000    1.2488227823e-02
 323.5000000000    1.0870566696e-02
 324.0000000000    9.5024528412e-03
 324.5000000000    8.3429325231e-03
 325.0000000000    7.3553787313e-03
 325.5000000000    6.5081878192e-03
 326.0000000000    5.7754447974e-03
 326.5000000000    5.1369505761e-03
 327.0000000000    4.5775288991e-03
 327.5000000000    4.0957685140e-03
 328.0000000000    3.6867809065e-03
 328.5000000000    3.3995448333e-03
 329.0000000000    3.2716354390e-03
 329.5000000000    3.1428517301e-03
 330.0000000000    3.0140166382e-03
 330.5000000000    2.8855592565e-03
 331.0000000000    2.7577738074e-03
 331.5000000000    2.6310143291e-03
 332.0000000000    2.5057595791e-03
 332.5000000000    2.3825636158e-03
 333.0000000000    2.2619564559e-03
 333.5000000000    2.1443611705e-03
 334.0000000000    2.0300641034e-03
 334.5000000000    1.9192383790e-03
 335.0000000000    1.8119969906e-03
 335.5000000000    1.7084462749e-03
 336.0000000000    1.6087174398e-03
 336.5000000000    1.5129655804e-03
 337.0000000000    1.4213387399e-03
 337.5000000000    1.3339325252e-03
 338.0000000000    1.2507542348e-03
 338.5000000000    1.1717183989e-03
 339.0000000000    1.0966801471e-03
 339.5000000000    1.0254897367e-03
 340.0000000000    9.5803589250e-04
 340.5000000000    8.9425065183e-04
 341.0000000000    8.3407327967e-04
 341.5000000000    7.7739947769e-04
 342.0000000000    7.2405388030e-04
 342.5000000000    6.7380809660e-04
 343.0000000000    6.2643339034e-04
 343.5000000000    5.8175106494e-04
 344.0000000000    5.3964502772e-04
 344.5000000000    5.0002930197e-04
 345.0000000000    4.6279675052e-04
 345.5000000000    4.2778888843e-04
 346.0000000000    3.9480970887e-04
 346.5000000000    3.6367201034e-04
 347.0000000000    3.3424013679e-04
 347.5000000000    3.0643719550e-04
 348.0000000000    2.8021340197e-04
 348.5000000000    2.5550221709e-04
 349.0000000000    2.3306135945e-04
 349.5000000000    2.2287734948e-04
 350.0000000000    2.1314166866e-04
 350.5000000000    2.0385332613e-04
 351.0000000000    1.9501581525e-04
 351.5000000000    1.8661741829e-04
 352.0000000000    1.7862385764e-04
 352.5000000000    1.7098896738e-04
 353.0000000000    1.6367540647e-04
 353.5000000000    1.5666957995e-04
 354.0000000000    1.4997915807e-04
 354.5000000000    1.4372397855e-04
 355.0000000000    1.3782454495e-04
 355.5000000000    1.3217581670e-04
 356.0000000000    1.2674978931e-04
 356.5000000000    1.2154026953e-04
 357.0000000000    1.1655926576e-04
 357.5000000000    1.1181924447e-04
 358.0000000000    1.0731525045e-04
 358.5000000000    1.0302117374e-04
 359.0000000000    9.8903177560e-05
 359.5000000000    9.4939473777e-05
 360.0000000000    9.1130521036e-05
 360.5000000000    8.7491434805e-05
 361.0000000000    8.4032717008e-05
 361.5000000000    8.0744986538e-05
 362.0000000000    7.7600262633e-05
 362.5000000000    7.5194006731e-05
 363.0000000000    7.6820699985e-05
 363.5000000000    7.8213716348e-05
 364.0000000000    7.9431250172e-05
 364.5000000000    8.0455729817e-05
 365.0000000000    8.1297677926e-05
 365.5000000000    8.1998664683e-05
 366.0000000000    8.2534193022e-05
 366.5000000000    8.2931933416e-05
 367.0000000000    8.3139725046e-05
 367.5000000000    8.3207891097e-05
 368.0000000000    8.3182479729e-05
 368.5000000000    8.3077169436e-05
 369.0000000000    8.2895356768e-05
 369.5000000000    8.2686676230e-05
 370.0000000000    8.2348802620e-05
 370.5000000000    8.1894362973e-05
 371.0000000000    8.1369038146e-05
 371.5000000000    8.0822748253e-05
 372.0000000000    8.0275599809e-05
 372.5000000000    7.9708121052e-05
 373.0000000000    7.9084912661e-05
 373.5000000000    7.8391780911e-05
 374.0000000000    7.7654628620e-05
 374.5000000000    7.6923718695e-05
 375.0000000000    7.6235954732e-05
 375.5000000000    7.5586957388e-05
 376.0000000000    7.4937152510e-05
 376.5000000000    7.4247140814e-05
 377.0000000000    7.3512634912e-05
 377.5000000000    7.2769603611e-05
 378.0000000000    7.2064901891e-05
 378.5000000000    7.1416596133e-05
 379.0000000000    7.0797686171e-05
 379.5000000000    7.0157696180e-05
 380.0000000000    6.9464315542e-05
 380.5000000000    6.8730118748e-05
 381.0000000000    6.8001656126e-05
 381.5000000000    6.7319310287e-05
 382.0000000000    6.6681593743e-05
 382.5000000000    6.6044986247e-05
 383.0000000000    6.5360071507e-05
 383.5000000000    6.4613221544e-05
 384.0000000000    6.3838304906e-05
 384.5000000000    6.3087981682e-05
 385.0000000000    6.2388342657e-05
 385.5000000000    6.1716030262e-05
 386.0000000000    6.1018281139e-05
 386.5000000000    6.0258608267e-05
 387.0000000000    5.9448664115e-05
 387.5000000000    5.8638995034e-05
 388.0000000000    5.7876155148e-05
 388.5000000000    5.7162745624e-05
 389.0000000000    5.6455473000e-05
 389.5000000000    5.5703225911e-05
 390.0000000000    5.4891858919e-05
 390.5000000000    5.4057064233e-05
 391.0000000000    5.3254310562e-05
 391.5000000000    5.2511379079e-05
 392.0000000000    5.1804725621e-05
 392.5000000000    5.1080603782e-05
 393.0000000000    5.0302331880e-05
 393.5000000000    4.9482619168e-05
 394.0000000000    4.8673377911e-05
 394.5000000000    4.7921579808e-05
 395.0000000000    4.7229080888e-05
 395.5000000000    4.6551797609e-05
 396.0000000000    4.5838964252e-05
 396.5000000000    4.5077864974e-05
 397.0000000000    4.4305568917e-05
 397.5000000000    4.3577778014e-05
 398.0000000000    4.2921314276e-05
 398.5000000000    4.2311627204e-05
 399.0000000000    4.1695202340e-05
 399.5000000000    4.1036746403e-05
 400.0000000000    4.0350061116e-05
 400.5000000000    3.9686650200e-05
 401.0000000000    3.9091802054e-05
 401.5000000000    3.8565711282e-05
 402.0000000000    3.8063748465e-05
 402.5000000000    3.7535538426e-05
 403.0000000000    3.6968395236e-05
 403.5000000000    3.6398016710e-05
 404.0000000000    3.5877650523e-05
 404.5000000000    3.5431850854e-05
 405.0000000000    3.5034911241e-05
 405.5000000000    3.4633041364e-05
 406.0000000000    3.4190448065e-05
 406.5000000000    3.3719383330e-05
 407.0000000000    3.3269030437e-05
 407.5000000000    3.2882626608e-05
 408.0000000000    3.2559387743e-05
 408.5000000000    3.2254704296e-05
 409.0000000000    3.1918357268e-05
 409.5000000000    3.1537027847e-05
 410.0000000000    3.1144938510e-05
 410.5000000000    3.0793914344e-05
 411.0000000000    3.0508016951e-05
 411.5000000000    3.0262063823e-05
 412.0000000000    3.0003174885e-05
 412.5000000000    2.9696034206e-05
 413.0000000000    2.9352536455e-05
 413.5000000000    2.9021060511e-05
 414.0000000000    2.8744396615e-05
 414.5000000000    2.8522135884e-05
 415.0000000000    2.8310715381e-05
 415.5000000000    2.8061052361e-05
 416.0000000000    2.7760407609e-05
 416.5000000000    2.7442810012e-05
 417.0000000000    2.7159504102e-05
 417.5000000000    2.6940898032e-05
 418.0000000000    2.6742353390e-05
 418.5000000000    2.6532169556e-05
 419.0000000000    2.6269667987e-05
 419.5000000000    2.5967239322e-05
 420.0000000000    2.5672825014e-05
 420.5000000000    2.5428507465e-05
 421.0000000000    2.5240393568e-05
 421.5000000000    2.5046203711e-05
 422.0000000000    2.4818258555e-05
 422.5000000000    2.4538372633e-05
 423.0000000000    2.4240507450e-05
 423.5000000000    2.3975114178e-05
 424.0000000000    2.3766671570e-05
 424.5000000000    2.3588014736e-05
 425.0000000000    2.3392439667e-05
 425.5000000000    2.3146189137e-05
 426.0000000000    2.2861738363e-05
 426.5000000000    2.2586061063e-05
 427.0000000000    2.2360470142e-05
 427.5000000000    2.2184972358e-05
 428.0000000000    2.2018605254e-05
 428.5000000000    2.1815290203e-05
 429.0000000000    2.1563324859e-05
 429.5000000000    2.1295212079e-05
 430.0000000000    2.1060025307e-05
 430.5000000000    2.0881240367e-05
 431.0000000000    2.0736469367e-05
 431.5000000000    2.0577229296e-05
 432.0000000000    2.0429599414e-05
 432.5000000000    2.0335740881e-05
 433.0000000000    2.0244437447e-05
 433.5000000000    2.0142764007e-05
 434.0000000000    2.0027316761e-05
 434.5000000000    1.9906069075e-05
 435.0000000000    1.9792407558e-05
 435.5000000000    1.9694340698e-05
 436.0000000000    1.9607277775e-05
 436.5000000000    1.9518685769e-05
 437.0000000000    1.9418496687e-05
 437.5000000000    1.9306921485e-05
 438.0000000000    1.9193937448e-05
 438.5000000000    1.9091880031e-05
 439.0000000000    1.9004701227e-05
 439.5000000000    1.8924785348e-05
 440.0000000000    1.8839847823e-05
 440.5000000000    1.8742781481e-05
 441.0000000000    1.8637242913e-05
 441.5000000000    1.8534829614e-05
 442.0000000000    1.8445742880e-05
 442.5000000000    1.8369720068e-05
 443.0000000000    1.8296756044e-05
 443.5000000000    1.8215771096e-05
 444.0000000000    1.8123092591e-05
 444.5000000000    1.8025702117e-05
 445.0000000000    1.7935803692e-05
 445.5000000000    1.7860245619e-05
 446.0000000000    1.7794651515e-05
 446.5000000000    1.7727701731e-05
 447.0000000000    1.7650524364e-05
 447.5000000000    1.7563383214e-05
 448.0000000000    1.7476073595e-05
 448.5000000000    1.7399722884e-05
 449.0000000000    1.7336844660e-05
 449.5000000000    1.7279710861e-05
 450.0000000000    1.7217204096e-05
 450.5000000000    1.7143561307e-05
 451.0000000000    1.7062923741e-05
 451.5000000000    1.6986633194e-05
 452.0000000000    1.6923027885e-05
 452.5000000000    1.6870416133e-05
 453.0000000000    1.6819152079e-05
 453.5000000000    1.6759435566e-05
 454.0000000000    1.6688909533e-05
 454.5000000000    1.6615056415e-05
 455.0000000000    1.6549078427e-05
 455.5000000000    1.6495923974e-05
 456.0000000000    1.6450694030e-05
 456.5000000000    1.6402763639e-05
 457.0000000000    1.6344104783e-05
 457.5000000000    1.6275948624e-05
 458.0000000000    1.6208381936e-05
 458.5000000000    1.6151417398e-05
 459.0000000000    1.6106708941e-05
 459.5000000000    1.6066415844e-05
 460.0000000000    1.6019361137e-05
 460.5000000000    1.5960128835e-05
 461.0000000000    1.5894051227e-05
 461.5000000000    1.5832779512e-05
 462.0000000000    1.5784312784e-05
 462.5000000000    1.5746500336e-05
 463.0000000000    1.5708741387e-05
 463.5000000000    1.5660528509e-05
 464.0000000000    1.5600420646e-05
 464.5000000000    1.5537622377e-05
 465.0000000000    1.5484077751e-05
 465.5000000000    1.5444412154e-05
 466.0000000000    1.5412136342e-05
 466.5000000000    1.5374837338e-05
 467.0000000000    1.5324693410e-05
 467.5000000000    1.5265202423e-05
 468.0000000000    1.5208317962e-05
 468.5000000000    1.5164279054e-05
 469.0000000000    1.5132945400e-05
 469.5000000000    1.5103843963e-05
 470.0000000000    1.5065060348e-05
 470.5000000000    1.5013302712e-05
 471.0000000000    1.4956719241e-05
 471.5000000000    1.4907929161e-05
 472.0000000000    1.4873310344e-05
 472.5000000000    1.4847584785e-05
 473.0000000000    1.4818351724e-05
 473.5000000000    1.4776586614e-05
 474.0000000000    1.4724280855e-05
 474.5000000000    1.4672630252e-05
 475.0000000000    1.4632572559e-05
 475.5000000000    1.4605491961e-05
 476.0000000000    1.4582103624e-05
 476.5000000000    1.4550398633e-05
 477.0000000000    1.4505854837e-05
 477.5000000000    1.4455081450e-05
 478.0000000000    1.4410268833e-05
 478.5000000000    1.4378808685e-05
 479.0000000000    1.4357076443e-05
 479.5000000000    1.4333560634e-05
 480.0000000000    1.4298765493e-05
 480.5000000000    1.4253011374e-05
 481.0000000000    1.4206297887e-05
 481.5000000000    1.4169646732e-05
 482.0000000000    1.4145842544e-05
 482.5000000000    1.4127082027e-05
 483.0000000000    1.4101752606e-05
 483.5000000000    1.4064147516e-05
 484.0000000000    1.4019276058e-05
 484.5000000000    1.3978654832e-05
 485.0000000000    1.3950346708e-05
 485.5000000000    1.3932288815e-05
 486.0000000000    1.3914029552e-05
 486.5000000000    1.3885702474e-05
 487.0000000000    1.3846269102e-05
 487.5000000000    1.3804423948e-05
 488.0000000000    1.3771075688e-05
 488.5000000000    1.3750192045e-05
 489.0000000000    1.3735332134e-05
 489.5000000000    1.3715363459e-05
 490.0000000000    1.3683819930e-05
 490.5000000000    1.3644305371e-05
 491.0000000000    1.3607446629e-05
 491.5000000000    1.3581723841e-05
 492.0000000000    1.3566421125e-05
 492.5000000000    1.3552249380e-05
 493.0000000000    1.3529353383e-05
 493.5000000000    1.3495552783e-05
 494.0000000000    1.3458135520e-05
 494.5000000000    1.3427676612e-05
 495.0000000000    1.3408951335e-05
 495.5000000000    1.3397062890e-05
 496.0000000000    1.3381620696e-05
 496.5000000000    1.3355563693e-05
 497.0000000000    1.3321064130e-05
 497.5000000000    1.3287564829e-05
 498.0000000000    1.3263905089e-05
 498.5000000000    1.3250634265e-05
 499.0000000000    1.3239801155e-05
 499.5000000000    1.3221644428e-05
 500.0000000000    1.3192822893e-05
 500.5000000000    1.3159174576e-05
 501.0000000000    1.3130819722e-05
 501.5000000000    1.3113444633e-05
 502.0000000000    1.3103600921e-05
 502.5000000000    1.3091674681e-05
 503.0000000000    1.3070024705e-05
 503.5000000000    1.3039420190e-05
 504.0000000000    1.3008352146e-05
 504.5000000000    1.2985886934e-05
 505.0000000000    1.2973772258e-05
 505.5000000000    1.2965214083e-05
 506.0000000000    1.2950621035e-05
 506.5000000000    1.2925706281e-05
 507.0000000000    1.2895083614e-05
 507.5000000000    1.2868328566e-05
 508.0000000000    1.2851881880e-05
 508.5000000000    1.2843495808e-05
 509.0000000000    1.2834377034e-05
 509.5000000000    1.2816507596e-05
 510.0000000000    1.2789495338e-05
 510.5000000000    1.2760826794e-05
 511.0000000000    1.2739561320e-05
 511.5000000000    1.2728498125e-05
 512.0000000000    1.2721984153e-05
 512.5000000000    1.2710760114e-05
 513.0000000000    1.2689687080e-05
 513.5000000000    1.2662170088e-05
 514.0000000000    1.2637204922e-05
 514.5000000000    1.2621750889e-05
 515.0000000000    1.2614733061e-05
 515.5000000000    1.2608196095e-05
 516.0000000000    1.2593954179e-05
 516.5000000000    1.2570521316e-05
 517.0000000000    1.2544363607e-05
 517.5000000000    1.2524452655e-05
 518.0000000000    1.2514466066e-05
 518.5000000000    1.2509875355e-05
 519.0000000000    1.2501852827e-05
 519.5000000000    1.2484660147e-05
 520.0000000000    1.2460528503e-05
 520.5000000000    1.2437822715e-05
 521.0000000000    1.2423816635e-05
 521.5000000000    1.2418531808e-05
 522.0000000000    1.2414835078e-05
 522.5000000000    1.2404557691e-05
 523.0000000000    1.2385206202e-05
 523.5000000000    1.2362240935e-05
 524.0000000000    1.2344367070e-05
 524.5000000000    1.2336012812e-05
 525.0000000000    1.2333664656e-05
 525.5000000000    1.2328999564e-05
 526.0000000000    1.2315721648e-05
 526.5000000000    1.2295042272e-05
 527.0000000000    1.2274560970e-05
 527.5000000000    1.2261820287e-05
 528.0000000000    1.2257831507e-05
 528.5000000000    1.2256381770e-05
 529.0000000000    1.2249212165e-05
 529.5000000000    1.2233099788e-05
 530.0000000000    1.2212544344e-05
 530.5000000000    1.2195945317e-05
 531.0000000000    1.2188465294e-05
 531.5000000000    1.2187634777e-05
 532.0000000000    1.2185485987e-05
 532.5000000000    1.2175380115e-05
 533.0000000000    1.2157545260e-05
 533.5000000000    1.2139009727e-05
 534.0000000000    1.2127491061e-05
 534.5000000000    1.2124830478e-05
 535.0000000000    1.2125431125e-05
 535.5000000000    1.2121155310e-05
 536.0000000000    1.2108067196e-05
 536.5000000000    1.2089906505e-05
 537.0000000000    1.2074851482e-05
 537.5000000000    1.2068501192e-05
 538.0000000000    1.2068978398e-05
 538.5000000000    1.2068827602e-05
 539.0000000000    1.2061179030e-05
 539.5000000000    1.2045738490e-05
 540.0000000000    1.2028937914e-05
 540.5000000000    1.2018413443e-05
 541.0000000000    1.2016501886e-05
 541.5000000000    1.2018313087e-05
 542.0000000000    1.2016043647e-05
 542.5000000000    1.2005457587e-05
 543.0000000000    1.1989545576e-05
 543.5000000000    1.1975988828e-05
 544.0000000000    1.1970581762e-05
 544.5000000000    1.1972312013e-05
 545.0000000000    1.1974255202e-05
 545.5000000000    1.1969567818e-05
 546.0000000000    1.1957104286e-05
 546.5000000000    1.1942523138e-05
 547.0000000000    1.1933473965e-05
 547.5000000000    1.1932933443e-05
 548.0000000000    1.1936758810e-05
 548.5000000000    1.1937221533e-05
 549.0000000000    1.1929574721e-05
 549.5000000000    1.1916122108e-05
 550.0000000000    1.1904236057e-05
 550.5000000000    1.1899992490e-05
 551.0000000000    1.1902984849e-05
 551.5000000000    1.1906713909e-05
 552.0000000000    1.1904284338e-05
 552.5000000000    1.1894001089e-05
 553.0000000000    1.1881076384e-05
 553.5000000000    1.1873055557e-05
 554.0000000000    1.1873370596e-05
 554.5000000000    1.1878435273e-05
 555.0000000000    1.1880756981e-05
 555.5000000000    1.1875452064e-05
 556.0000000000    1.1864077787e-05
 556.5000000000    1.1853670069e-05
 557.0000000000    1.1850598830e-05
 557.5000000000    1.1855032631e-05
 558.0000000000    1.1860914422e-05
 558.5000000000    1.1861121401e-05
 559.0000000000    1.1853493229e-05
 559.5000000000    1.1842665417e-05
 560.0000000000    1.1836225984e-05
 560.5000000000    1.1838058098e-05
 561.0000000000    1.1844985143e-05
 561.5000000000    1.1849614641e-05
 562.0000000000    1.1846612530e-05
 562.5000000000    1.1837216451e-05
 563.0000000000    1.1828243661e-05
 563.5000000000    1.1826188555e-05
 564.0000000000    1.1831545639e-05
 564.5000000000    1.1838580767e-05
 565.0000000000    1.1840286096e-05
 565.5000000000    1.1834195391e-05
 566.0000000000    1.1824664820e-05
 566.5000000000    1.1819027403e-05
 567.0000000000    1.1821319145e-05
 567.5000000000    1.1828865049e-05
 568.0000000000    1.1834705754e-05
 568.5000000000    1.1833484607e-05
 569.0000000000    1.1825904334e-05
 569.5000000000    1.1818287855e-05
 570.0000000000    1.1817082969e-05
 570.5000000000    1.1823358782e-05
 571.0000000000    1.1831913492e-05
 571.5000000000    1.1835912741e-05
 572.0000000000    1.1832298204e-05
 572.5000000000    1.1824781586e-05
 573.0000000000    1.1820537313e-05
 573.5000000000    1.1824042034e-05
 574.0000000000    1.1833219185e-05
 574.5000000000    1.1841386326e-05
 575.0000000000    1.1842693904e-05
 575.5000000000    1.1837321303e-05
 576.0000000000    1.1831187959e-05
 576.5000000000    1.1831107199e-05
 577.0000000000    1.1838602271e-05
 577.5000000000    1.1848878075e-05
 578.0000000000    1.1854759985e-05
 578.5000000000    1.1852992482e-05
 579.0000000000    1.1846751300e-05
 579.5000000000    1.1843233073e-05
 580.0000000000    1.1847290009e-05
 580.5000000000    1.1857266650e-05
 581.0000000000    1.1866469657e-05
 581.5000000000    1.1869092808e-05
 582.0000000000    1.1864803132e-05
 582.5000000000    1.1859351022e-05
 583.0000000000    1.1859544141e-05
 583.5000000000    1.1867375985e-05
 584.0000000000    1.1878351168e-05
 584.5000000000    1.1885516509e-05
 585.0000000000    1.1885180481e-05
 585.5000000000    1.1880166369e-05
 586.0000000000    1.1877478849e-05
 586.5000000000    1.1882246029e-05
 587.0000000000    1.1893300453e-05
 587.5000000000    1.1904343198e-05
 588.0000000000    1.1909159278e-05
 588.5000000000    1.1906997245e-05
 589.0000000000    1.1903145652e-05
 589.5000000000    1.1904650897e-05
 590.0000000000    1.1914074636e-05
 590.5000000000    1.1927270117e-05
 591.0000000000    1.1937053469e-05
 591.5000000000    1.1939234798e-05
 592.0000000000    1.1936189401e-05
 592.5000000000    1.1935010800e-05
 593.0000000000    1.1941259516e-05
 593.5000000000    1.1954128990e-05
 594.0000000000    1.1967265293e-05
 594.5000000000    1.1974102538e-05
 595.0000000000    1.1973558000e-05
 595.5000000000    1.1970817722e-05
 596.0000000000    1.1973145447e-05
 596.5000000000    1.1983396518e-05
 597.0000000000    1.1997576206e-05
 597.5000000000    1.2008382201e-05
 598.0000000000    1.2011529716e-05
 598.5000000000    1.2009115445e-05
 599.0000000000    1.2008178894e-05
 599.5000000000    1.2014457296e-05
 600.0000000000    1.2027462243e-05
 600.5000000000    1.2041048612e-05
 601.0000000000    1.2048687103e-05
 601.5000000000    1.2048936851e-05
 602.0000000000    1.2046609540e-05
 602.5000000000    1.2048994401e-05
 603.0000000000    1.2059393883e-05
 603.5000000000    1.2074297534e-05
 604.0000000000    1.2086590652e-05
 604.5000000000    1.2091413710e-05
 605.0000000000    1.2090313568e-05
 605.5000000000    1.2090091943e-05
 606.0000000000    1.2097078274e-05
 606.5000000000    1.2111510290e-05
 607.0000000000    1.2127297325e-05
 607.5000000000    1.2137506476e-05
 608.0000000000    1.2139798546e-05
 608.5000000000    1.2138797113e-05
 609.0000000000    1.2142226711e-05
 609.5000000000    1.2154126317e-05
 610.0000000000    1.2171222012e-05
 610.5000000000    1.2185876582e-05
 611.0000000000    1.2192655654e-05
 611.5000000000    1.2192733333e-05
 612.0000000000    1.2193291559e-05
 612.5000000000    1.2201173517e-05
 613.0000000000    1.2216824919e-05
 613.5000000000    1.2234073613e-05
 614.0000000000    1.2245415725e-05
 614.5000000000    1.2248407734e-05
 615.0000000000    1.2247708459e-05
 615.5000000000    1.2251348258e-05
 616.0000000000    1.2263579063e-05
 616.5000000000    1.2281202145e-05
 617.0000000000    1.2296584984e-05
 617.5000000000    1.2304040912e-05
 618.0000000000    1.2304608858e-05
 618.5000000000    1.2305360218e-05
 619.0000000000    1.2313357280e-05
 619.5000000000    1.2329445914e-05
 620.0000000000    1.2347627007e-05
 620.5000000000    1.2360380299e-05
 621.0000000000    1.2364791260e-05
 621.5000000000    1.2365015327e-05
 622.0000000000    1.2369158936e-05
 622.5000000000    1.2382037855e-05
 623.0000000000    1.2401021079e-05
 623.5000000000    1.2418522713e-05
 624.0000000000    1.2428215808e-05
 624.5000000000    1.2430327861e-05
 625.0000000000    1.2431798631e-05
 625.5000000000    1.2440311747e-05
 626.0000000000    1.2457540209e-05
 626.5000000000    1.2477715923e-05
 627.0000000000    1.2492672322e-05
 627.5000000000    1.2498585525e-05
 628.0000000000    1.2499263241e-05
 628.5000000000    1.2503355952e-05
 629.0000000000    1.2516620265e-05
 629.5000000000    1.2536866708e-05
 630.0000000000    1.2556005662e-05
 630.5000000000    1.2566851297e-05
 631.0000000000    1.2569181331e-05
 631.5000000000    1.2570240978e-05
 632.0000000000    1.2578566551e-05
 632.5000000000    1.2596408004e-05
 633.0000000000    1.2617784084e-05
 633.5000000000    1.2633849740e-05
 634.0000000000    1.2640234706e-05
 634.5000000000    1.2640753296e-05
 635.0000000000    1.2644635736e-05
 635.5000000000    1.2658237818e-05
 636.0000000000    1.2679500520e-05
 636.5000000000    1.2699995795e-05
 637.0000000000    1.2711987295e-05
 637.5000000000    1.2714935272e-05
 638.0000000000    1.2716194957e-05
 638.5000000000    1.2724860813e-05
 639.0000000000    1.2743631927e-05
 639.5000000000    1.2766657098e-05
 640.0000000000    1.2784600244e-05
 640.5000000000    1.2792507027e-05
 641.0000000000    1.2793942435e-05
 641.5000000000    1.2798250408e-05
 642.0000000000    1.2812570712e-05
 642.5000000000    1.2835445849e-05
 643.0000000000    1.2858131481e-05
 643.5000000000    1.2872292866e-05
 644.0000000000    1.2876694205e-05
 644.5000000000    1.2878497907e-05
 645.0000000000    1.2887488610e-05
 645.5000000000    1.2907309780e-05
 646.0000000000    1.2932249241e-05
 646.5000000000    1.2952453880e-05
 647.0000000000    1.2961994803e-05
 647.5000000000    1.2963886542e-05
 648.0000000000    1.2968089712e-05
 648.5000000000    1.2982685068e-05
 649.0000000000    1.3006757036e-05
 649.5000000000    1.3031312347e-05
 650.0000000000    1.3046966022e-05
 650.5000000000    1.3051703133e-05
 651.0000000000    1.3052947824e-05
 651.5000000000    1.3061404835e-05
 652.0000000000    1.3081480175e-05
 652.5000000000    1.3107490624e-05
 653.0000000000    1.3128745495e-05
 653.5000000000    1.3138491379e-05
 654.0000000000    1.3139601963e-05
 654.5000000000    1.3142591319e-05
 655.0000000000    1.3156508038e-05
 655.5000000000    1.3180738934e-05
 656.0000000000    1.3205879862e-05
 656.5000000000    1.3221765800e-05
 657.0000000000    1.3225951782e-05
 657.5000000000    1.3226085654e-05
 658.0000000000    1.3233580703e-05
 658.5000000000    1.3253481551e-05
 659.0000000000    1.3280152870e-05
 659.5000000000    1.3302406675e-05
 660.0000000000    1.3312844588e-05
 660.5000000000    1.3314075124e-05
 661.0000000000    1.3316837325e-05
 661.5000000000    1.3331015200e-05
 662.0000000000    1.3356513096e-05
 662.5000000000    1.3383868337e-05
 663.0000000000    1.3402134925e-05
 663.5000000000    1.3408132891e-05
 664.0000000000    1.3409145624e-05
 664.5000000000    1.3417168253e-05
 665.0000000000    1.3438351197e-05
 665.5000000000    1.3467535200e-05
 666.0000000000    1.3492854383e-05
 666.5000000000    1.3505825640e-05
 667.0000000000    1.3508262915e-05
 667.5000000000    1.3511246050e-05
 668.0000000000    1.3525680013e-05
 668.5000000000    1.3552630579e-05
 669.0000000000    1.3582355329e-05
 669.5000000000    1.3602925576e-05
 670.0000000000    1.3609962177e-05
 670.5000000000    1.3610533832e-05
 671.0000000000    1.3617685260e-05
 671.5000000000    1.3638831778e-05
 672.0000000000    1.3669217054e-05
 672.5000000000    1.3696175153e-05
 673.0000000000    1.3709865609e-05
 673.5000000000    1.3711470491e-05
 674.0000000000    1.3712676147e-05
 674.5000000000    1.3725700745e-05
 675.0000000000    1.3752481427e-05
 675.5000000000    1.3782906396e-05
 676.0000000000    1.3803840283e-05
 676.5000000000    1.3809981492e-05
 677.0000000000    1.3808525691e-05
 677.5000000000    1.3813443746e-05
 678.0000000000    1.3833416108e-05
 678.5000000000    1.3863776128e-05
 679.0000000000    1.3891181787e-05
 679.5000000000    1.3904795384e-05
 680.0000000000    1.3905252414e-05
 680.5000000000    1.3904616589e-05
 681.0000000000    1.3916270998e-05
 681.5000000000    1.3942845642e-05
 682.0000000000    1.3974174579e-05
 682.5000000000    1.3996197121e-05
 683.0000000000    1.4002633119e-05
 683.5000000000    1.4000255948e-05
 684.0000000000    1.4003821766e-05
 684.5000000000    1.4023041171e-05
 685.0000000000    1.4054105887e-05
 685.5000000000    1.4082978204e-05
 686.0000000000    1.4097623579e-05
 686.5000000000    1.4097877157e-05
 687.0000000000    1.4095830798e-05
 687.5000000000    1.4106036262e-05
 688.0000000000    1.4132440130e-05
 688.5000000000    1.4164930704e-05
 689.0000000000    1.4188328310e-05
 689.5000000000    1.4195099076e-05
 690.0000000000    1.4191826404e-05
 690.5000000000    1.4193963561e-05
 691.0000000000    1.4212674687e-05
 691.5000000000    1.4244539430e-05
 692.0000000000    1.4274996338e-05
 692.5000000000    1.4290684370e-05
 693.0000000000    1.4290661596e-05
 693.5000000000    1.4287693520e-05
 694.0000000000    1.4297416506e-05
 694.5000000000    1.4324475219e-05
 695.0000000000    1.4358404583e-05
 695.5000000000    1.4383056399e-05
 696.0000000000    1.4390067585e-05
 696.5000000000    1.4386051774e-05
 697.0000000000    1.4387559887e-05
 697.5000000000    1.4406487045e-05
 698.0000000000    1.4439570348e-05
 698.5000000000    1.4471197562e-05
 699.0000000000    1.4487248348e-05
 699.5000000000    1.4486662238e-05
 700.0000000000    1.4482673283e-05
