#          time             Min_Chi
   0.0000000000    4.9525144526e-01
   0.5000000000    4.9505918683e-01
   1.0000000000    4.9470155540e-01
   1.5000000000    4.9437133170e-01
   2.0000000000    4.9410792648e-01
   2.5000000000    4.9390434300e-01
   3.0000000000    4.9371045134e-01
   3.5000000000    4.9352168825e-01
   4.0000000000    4.9333268343e-01
   4.5000000000    4.9313261792e-01
   5.0000000000    4.9293934479e-01
   5.5000000000    4.9272767600e-01
   6.0000000000    4.9253098783e-01
   6.5000000000    4.9230951800e-01
   7.0000000000    4.9210415834e-01
   7.5000000000    4.9188105446e-01
   8.0000000000    4.9166871305e-01
   8.5000000000    4.9144500459e-01
   9.0000000000    4.9122740411e-01
   9.5000000000    4.9100422145e-01
  10.0000000000    4.9078321815e-01
  10.5000000000    4.9056171275e-01
  11.0000000000    4.9033888091e-01
  11.5000000000    4.9012007769e-01
  12.0000000000    4.8989699623e-01
  12.5000000000    4.8968141815e-01
  13.0000000000    4.8945923652e-01
  13.5000000000    4.8924758373e-01
  14.0000000000    4.8902755190e-01
  14.5000000000    4.8882041476e-01
  15.0000000000    4.8860321340e-01
  15.5000000000    4.8840080801e-01
  16.0000000000    4.8818717289e-01
  16.5000000000    4.8798869711e-01
  17.0000000000    4.8778048205e-01
  17.5000000000    4.8758852075e-01
  18.0000000000    4.8738385738e-01
  18.5000000000    4.8719733135e-01
  19.0000000000    4.8699768937e-01
  19.5000000000    4.8681662340e-01
  20.0000000000    4.8662250636e-01
  20.5000000000    4.8644695455e-01
  21.0000000000    4.8625827283e-01
  21.5000000000    4.8608840752e-01
  22.0000000000    4.8590546926e-01
  22.5000000000    4.8574014147e-01
  23.0000000000    4.8556505216e-01
  23.5000000000    4.8540510686e-01
  24.0000000000    4.8523439192e-01
  24.5000000000    4.8508111554e-01
  25.0000000000    4.8491594085e-01
  25.5000000000    4.8476826617e-01
  26.0000000000    4.8460871873e-01
  26.5000000000    4.8446621319e-01
  27.0000000000    4.8431266737e-01
  27.5000000000    4.8417532366e-01
  28.0000000000    4.8402759460e-01
  28.5000000000    4.8389542702e-01
  29.0000000000    4.8375334051e-01
  29.5000000000    4.8362616091e-01
  30.0000000000    4.8348956976e-01
  30.5000000000    4.8336707093e-01
  31.0000000000    4.8323500526e-01
  31.5000000000    4.8311760084e-01
  32.0000000000    4.8299266632e-01
  32.5000000000    4.8288033650e-01
  33.0000000000    4.8275821940e-01
  33.5000000000    4.8265042265e-01
  34.0000000000    4.8253419217e-01
  34.5000000000    4.8243066856e-01
  35.0000000000    4.8231858283e-01
  35.5000000000    4.8221974474e-01
  36.0000000000    4.8211223205e-01
  36.5000000000    4.8201762364e-01
  37.0000000000    4.8191419435e-01
  37.5000000000    4.8182387740e-01
  38.0000000000    4.8172440213e-01
  38.5000000000    4.8163835385e-01
  39.0000000000    4.8154261348e-01
  39.5000000000    4.8146075749e-01
  40.0000000000    4.8136854437e-01
  40.5000000000    4.8129069336e-01
  41.0000000000    4.8120176341e-01
  41.5000000000    4.8112799416e-01
  42.0000000000    4.8104207898e-01
  42.5000000000    4.8097232323e-01
  43.0000000000    4.8088936466e-01
  43.5000000000    4.8082352758e-01
  44.0000000000    4.8074304291e-01
  44.5000000000    4.8068138675e-01
  45.0000000000    4.8060364946e-01
  45.5000000000    4.8054562417e-01
  46.0000000000    4.8046961899e-01
  46.5000000000    4.8041557299e-01
  47.0000000000    4.8034194072e-01
  47.5000000000    4.8029161533e-01
  48.0000000000    4.8021980470e-01
  48.5000000000    4.8017083183e-01
  49.0000000000    4.8010293312e-01
  49.5000000000    4.8005556788e-01
  50.0000000000    4.7999159512e-01
  50.5000000000    4.7994537527e-01
  51.0000000000    4.7988516780e-01
  51.5000000000    4.7983984358e-01
  52.0000000000    4.7978352085e-01
  52.5000000000    4.7973900174e-01
  53.0000000000    4.7968649303e-01
  53.5000000000    4.7964229704e-01
  54.0000000000    4.7959350395e-01
  54.5000000000    4.7954920431e-01
  55.0000000000    4.7950328808e-01
  55.5000000000    4.7945679774e-01
  56.0000000000    4.7941090759e-01
  56.5000000000    4.7935631779e-01
  57.0000000000    4.7930136140e-01
  57.5000000000    4.7922704130e-01
  58.0000000000    4.7915691154e-01
  58.5000000000    4.7907230095e-01
  59.0000000000    4.7901578271e-01
  59.5000000000    4.7896054589e-01
  60.0000000000    4.7893840861e-01
  60.5000000000    4.7890352325e-01
  61.0000000000    4.7889079436e-01
  61.5000000000    4.7885511101e-01
  62.0000000000    4.7883989028e-01
  62.5000000000    4.7880735602e-01
  63.0000000000    4.7878753900e-01
  63.5000000000    4.7875210913e-01
  64.0000000000    4.7872718048e-01
  64.5000000000    4.7869810070e-01
  65.0000000000    4.7867547313e-01
  65.5000000000    4.7864896376e-01
  66.0000000000    4.7862235217e-01
  66.5000000000    4.7859992737e-01
  67.0000000000    4.7857282184e-01
  67.5000000000    4.7855392563e-01
  68.0000000000    4.7852457157e-01
  68.5000000000    4.7851055933e-01
  69.0000000000    4.7847945647e-01
  69.5000000000    4.7846866565e-01
  70.0000000000    4.7843632638e-01
  70.5000000000    4.7842376976e-01
  71.0000000000    4.7839618761e-01
  71.5000000000    4.7838148570e-01
  72.0000000000    4.7835840981e-01
  72.5000000000    4.7834130128e-01
  73.0000000000    4.7832297524e-01
  73.5000000000    4.7830347796e-01
  74.0000000000    4.7829018271e-01
  74.5000000000    4.7826818556e-01
  75.0000000000    4.7825996304e-01
  75.5000000000    4.7823533275e-01
  76.0000000000    4.7823030414e-01
  76.5000000000    4.7820498862e-01
  77.0000000000    4.7819693204e-01
  77.5000000000    4.7817659245e-01
  78.0000000000    4.7816545891e-01
  78.5000000000    4.7815080360e-01
  79.0000000000    4.7813678794e-01
  79.5000000000    4.7812803318e-01
  80.0000000000    4.7811046008e-01
  80.5000000000    4.7810702023e-01
  81.0000000000    4.7808533379e-01
  81.5000000000    4.7808256236e-01
  82.0000000000    4.7806377983e-01
  82.5000000000    4.7805975613e-01
  83.0000000000    4.7804694348e-01
  83.5000000000    4.7803527271e-01
  84.0000000000    4.7802663444e-01
  84.5000000000    4.7801327156e-01
  85.0000000000    4.7801334053e-01
  85.5000000000    4.7799555479e-01
  86.0000000000    4.7799593921e-01
  86.5000000000    4.7797987826e-01
  87.0000000000    4.7797565914e-01
  87.5000000000    4.7796607707e-01
  88.0000000000    4.7795753096e-01
  88.5000000000    4.7795524332e-01
  89.0000000000    4.7794208870e-01
  89.5000000000    4.7794651515e-01
  90.0000000000    4.7792918348e-01
  90.5000000000    4.7792875139e-01
  91.0000000000    4.7791892741e-01
  91.5000000000    4.7791344466e-01
  92.0000000000    4.7791126317e-01
  92.5000000000    4.7790082622e-01
  93.0000000000    4.7790666107e-01
  93.5000000000    4.7789097154e-01
  94.0000000000    4.7789215250e-01
  94.5000000000    4.7788391667e-01
  95.0000000000    4.7787958422e-01
  95.5000000000    4.7787975091e-01
  96.0000000000    4.7787001365e-01
  96.5000000000    4.7787662363e-01
  97.0000000000    4.7786330476e-01
  97.5000000000    4.7786424408e-01
  98.0000000000    4.7785978095e-01
  98.5000000000    4.7785455251e-01
  99.0000000000    4.7785921659e-01
  99.5000000000    4.7784806875e-01
 100.0000000000    4.7785296600e-01
 100.5000000000    4.7784533551e-01
 101.0000000000    4.7784404599e-01
 101.5000000000    4.7784575776e-01
 102.0000000000    4.7783761168e-01
 102.5000000000    4.7784512160e-01
 103.0000000000    4.7783504728e-01
 103.5000000000    4.7783620193e-01
 104.0000000000    4.7783640297e-01
 104.5000000000    4.7783056150e-01
 105.0000000000    4.7783987164e-01
 105.5000000000    4.7782878153e-01
 106.0000000000    4.7783119914e-01
 106.5000000000    4.7783095953e-01
 107.0000000000    4.7782631739e-01
 107.5000000000    4.7783627757e-01
 108.0000000000    4.7782539768e-01
 108.5000000000    4.7782817152e-01
 109.0000000000    4.7782888582e-01
 109.5000000000    4.7782419854e-01
 110.0000000000    4.7783374049e-01
 110.5000000000    4.7782470690e-01
 111.0000000000    4.7782673058e-01
 111.5000000000    4.7782988316e-01
 112.0000000000    4.7782430195e-01
 112.5000000000    4.7783249139e-01
 113.0000000000    4.7782670781e-01
 113.5000000000    4.7782709319e-01
 114.0000000000    4.7783425404e-01
 114.5000000000    4.7782675037e-01
 115.0000000000    4.7783256787e-01
 115.5000000000    4.7783156629e-01
 116.0000000000    4.7782913242e-01
 116.5000000000    4.7783989311e-01
 117.0000000000    4.7783118317e-01
 117.5000000000    4.7783350620e-01
 118.0000000000    4.7783889043e-01
 118.5000000000    4.7783270640e-01
 119.0000000000    4.7783919654e-01
 119.5000000000    4.7783798394e-01
 120.0000000000    4.7783627173e-01
 120.5000000000    4.7784698217e-01
 121.0000000000    4.7783952735e-01
 121.5000000000    4.7784080580e-01
 122.0000000000    4.7784834486e-01
 122.5000000000    4.7784081811e-01
 123.0000000000    4.7784555301e-01
 123.5000000000    4.7784834464e-01
 124.0000000000    4.7784389040e-01
 124.5000000000    4.7785119486e-01
 125.0000000000    4.7784914268e-01
 125.5000000000    4.7784693537e-01
 126.0000000000    4.7785640526e-01
 126.5000000000    4.7785066417e-01
 127.0000000000    4.7785070719e-01
 127.5000000000    4.7786148521e-01
 128.0000000000    4.7785191856e-01
 128.5000000000    4.7785383611e-01
 129.0000000000    4.7786206444e-01
 129.5000000000    4.7785367983e-01
 130.0000000000    4.7785646267e-01
 130.5000000000    4.7786253992e-01
 131.0000000000    4.7785516087e-01
 131.5000000000    4.7785837210e-01
 132.0000000000    4.7786291476e-01
 132.5000000000    4.7785656551e-01
 133.0000000000    4.7786011912e-01
 133.5000000000    4.7786343766e-01
 134.0000000000    4.7785735808e-01
 134.5000000000    4.7786104411e-01
 135.0000000000    4.7786387752e-01
 135.5000000000    4.7785721932e-01
 136.0000000000    4.7786057335e-01
 136.5000000000    4.7786417052e-01
 137.0000000000    4.7785670844e-01
 137.5000000000    4.7785893520e-01
 138.0000000000    4.7786382305e-01
 138.5000000000    4.7785535433e-01
 139.0000000000    4.7785607249e-01
 139.5000000000    4.7786298322e-01
 140.0000000000    4.7785309671e-01
 140.5000000000    4.7785220038e-01
 141.0000000000    4.7786020133e-01
 141.5000000000    4.7785021772e-01
 142.0000000000    4.7784705479e-01
 142.5000000000    4.7785257973e-01
 143.0000000000    4.7784650398e-01
 143.5000000000    4.7784107121e-01
 144.0000000000    4.7784393717e-01
 144.5000000000    4.7784249903e-01
 145.0000000000    4.7783419737e-01
 145.5000000000    4.7783394251e-01
 146.0000000000    4.7783802551e-01
 146.5000000000    4.7782667430e-01
 147.0000000000    4.7782318718e-01
 147.5000000000    4.7782740360e-01
 148.0000000000    4.7781908685e-01
 148.5000000000    4.7781177148e-01
 149.0000000000    4.7781200831e-01
 149.5000000000    4.7781146825e-01
 150.0000000000    4.7780016721e-01
 150.5000000000    4.7779612608e-01
 151.0000000000    4.7779919923e-01
 151.5000000000    4.7778883144e-01
 152.0000000000    4.7778015636e-01
 152.5000000000    4.7777833317e-01
 153.0000000000    4.7777794733e-01
 153.5000000000    4.7776446758e-01
 154.0000000000    4.7775755097e-01
 154.5000000000    4.7775709999e-01
 155.0000000000    4.7774971247e-01
 155.5000000000    4.7773739500e-01
 156.0000000000    4.7773124097e-01
 156.5000000000    4.7773117593e-01
 157.0000000000    4.7771837888e-01
 157.5000000000    4.7770638275e-01
 158.0000000000    4.7770012103e-01
 158.5000000000    4.7769940986e-01
 159.0000000000    4.7768281968e-01
 159.5000000000    4.7767052403e-01
 160.0000000000    4.7766392550e-01
 160.5000000000    4.7766241878e-01
 161.0000000000    4.7764380629e-01
 161.5000000000    4.7762955635e-01
 162.0000000000    4.7762065638e-01
 162.5000000000    4.7761710999e-01
 163.0000000000    4.7759906765e-01
 163.5000000000    4.7758322489e-01
 164.0000000000    4.7757182154e-01
 164.5000000000    4.7756512011e-01
 165.0000000000    4.7754893620e-01
 165.5000000000    4.7753058125e-01
 166.0000000000    4.7751648395e-01
 166.5000000000    4.7750648845e-01
 167.0000000000    4.7749425018e-01
 167.5000000000    4.7747235263e-01
 168.0000000000    4.7745454026e-01
 168.5000000000    4.7744060678e-01
 169.0000000000    4.7743048424e-01
 169.5000000000    4.7740898978e-01
 170.0000000000    4.7738683738e-01
 170.5000000000    4.7736826364e-01
 171.0000000000    4.7735319306e-01
 171.5000000000    4.7734075457e-01
 172.0000000000    4.7731377527e-01
 172.5000000000    4.7729007775e-01
 173.0000000000    4.7726948972e-01
 173.5000000000    4.7725192615e-01
 174.0000000000    4.7723611503e-01
 174.5000000000    4.7720660217e-01
 175.0000000000    4.7717992724e-01
 175.5000000000    4.7715602332e-01
 176.0000000000    4.7713473055e-01
 176.5000000000    4.7711585285e-01
 177.0000000000    4.7708597633e-01
 177.5000000000    4.7705530458e-01
 178.0000000000    4.7702689314e-01
 178.5000000000    4.7700062639e-01
 179.0000000000    4.7697650049e-01
 179.5000000000    4.7695134777e-01
 180.0000000000    4.7691565577e-01
 180.5000000000    4.7688182244e-01
 181.0000000000    4.7684977570e-01
 181.5000000000    4.7681937666e-01
 182.0000000000    4.7679051651e-01
 182.5000000000    4.7676112192e-01
 183.0000000000    4.7672091272e-01
 183.5000000000    4.7668204479e-01
 184.0000000000    4.7664435456e-01
 184.5000000000    4.7660771678e-01
 185.0000000000    4.7657205429e-01
 185.5000000000    4.7653729805e-01
 186.0000000000    4.7649711698e-01
 186.5000000000    4.7645121896e-01
 187.0000000000    4.7640617486e-01
 187.5000000000    4.7636197240e-01
 188.0000000000    4.7631848305e-01
 188.5000000000    4.7627559109e-01
 189.0000000000    4.7623332831e-01
 189.5000000000    4.7619163027e-01
 190.0000000000    4.7613957588e-01
 190.5000000000    4.7608758017e-01
 191.0000000000    4.7603585154e-01
 191.5000000000    4.7598418231e-01
 192.0000000000    4.7593248700e-01
 192.5000000000    4.7588074524e-01
 193.0000000000    4.7582877640e-01
 193.5000000000    4.7577646668e-01
 194.0000000000    4.7572368610e-01
 194.5000000000    4.7566182104e-01
 195.0000000000    4.7559953112e-01
 195.5000000000    4.7553675901e-01
 196.0000000000    4.7547360429e-01
 196.5000000000    4.7540984226e-01
 197.0000000000    4.7534532044e-01
 197.5000000000    4.7528006702e-01
 198.0000000000    4.7521405700e-01
 198.5000000000    4.7514706068e-01
 199.0000000000    4.7507895472e-01
 199.5000000000    4.7500971302e-01
 200.0000000000    4.7493929892e-01
 200.5000000000    4.7486190760e-01
 201.0000000000    4.7478316113e-01
 201.5000000000    4.7470327625e-01
 202.0000000000    4.7462214705e-01
 202.5000000000    4.7453964683e-01
 203.0000000000    4.7445572323e-01
 203.5000000000    4.7437035197e-01
 204.0000000000    4.7428339073e-01
 204.5000000000    4.7419470606e-01
 205.0000000000    4.7410424004e-01
 205.5000000000    4.7401193136e-01
 206.0000000000    4.7391770230e-01
 206.5000000000    4.7382150757e-01
 207.0000000000    4.7372336275e-01
 207.5000000000    4.7362321823e-01
 208.0000000000    4.7352094277e-01
 208.5000000000    4.7341647379e-01
 209.0000000000    4.7330980884e-01
 209.5000000000    4.7320085757e-01
 210.0000000000    4.7308951989e-01
 210.5000000000    4.7297579034e-01
 211.0000000000    4.7285965393e-01
 211.5000000000    4.7274101550e-01
 212.0000000000    4.7261982041e-01
 212.5000000000    4.7249606456e-01
 213.0000000000    4.7236973200e-01
 213.5000000000    4.7224075524e-01
 214.0000000000    4.7210905936e-01
 214.5000000000    4.7197463673e-01
 215.0000000000    4.7183751469e-01
 215.5000000000    4.7169763805e-01
 216.0000000000    4.7155496328e-01
 216.5000000000    4.7140951250e-01
 217.0000000000    4.7126126517e-01
 217.5000000000    4.7111015513e-01
 218.0000000000    4.7095620561e-01
 218.5000000000    4.7079943192e-01
 219.0000000000    4.7063976542e-01
 219.5000000000    4.7047714239e-01
 220.0000000000    4.7031037192e-01
 220.5000000000    4.7013490896e-01
 221.0000000000    4.6995624897e-01
 221.5000000000    4.6977450973e-01
 222.0000000000    4.6958977189e-01
 222.5000000000    4.6940196111e-01
 223.0000000000    4.6921093844e-01
 223.5000000000    4.6901661969e-01
 224.0000000000    4.6881898357e-01
 224.5000000000    4.6861811026e-01
 225.0000000000    4.6841420649e-01
 225.5000000000    4.6820044001e-01
 226.0000000000    4.6797941884e-01
 226.5000000000    4.6775517748e-01
 227.0000000000    4.6752765766e-01
 227.5000000000    4.6729683272e-01
 228.0000000000    4.6706274314e-01
 228.5000000000    4.6682554321e-01
 229.0000000000    4.6658269793e-01
 229.5000000000    4.6632507543e-01
 230.0000000000    4.6606427880e-01
 230.5000000000    4.6580030735e-01
 231.0000000000    4.6553313253e-01
 231.5000000000    4.6526275854e-01
 232.0000000000    4.6498617615e-01
 232.5000000000    4.6469204071e-01
 233.0000000000    4.6439481689e-01
 233.5000000000    4.6409480689e-01
 234.0000000000    4.6379228597e-01
 234.5000000000    4.6348673085e-01
 235.0000000000    4.6315911698e-01
 235.5000000000    4.6282872308e-01
 236.0000000000    4.6249551345e-01
 236.5000000000    4.6215947736e-01
 237.0000000000    4.6180942853e-01
 237.5000000000    4.6144471203e-01
 238.0000000000    4.6107732124e-01
 238.5000000000    4.6070768563e-01
 239.0000000000    4.6032606272e-01
 239.5000000000    4.5992673244e-01
 240.0000000000    4.5952508390e-01
 240.5000000000    4.5912123258e-01
 241.0000000000    4.5869726842e-01
 241.5000000000    4.5826151688e-01
 242.0000000000    4.5782446023e-01
 242.5000000000    4.5738113173e-01
 243.0000000000    4.5691181269e-01
 243.5000000000    4.5644095204e-01
 244.0000000000    4.5596831674e-01
 244.5000000000    4.5546216325e-01
 245.0000000000    4.5495264844e-01
 245.5000000000    4.5444222806e-01
 246.0000000000    4.5389886162e-01
 246.5000000000    4.5335299654e-01
 247.0000000000    4.5280475867e-01
 247.5000000000    4.5222123114e-01
 248.0000000000    4.5163699165e-01
 248.5000000000    4.5103738974e-01
 249.0000000000    4.5041192988e-01
 249.5000000000    4.4978685936e-01
 250.0000000000    4.4912882279e-01
 250.5000000000    4.4846329630e-01
 251.0000000000    4.4778354369e-01
 251.5000000000    4.4707512760e-01
 252.0000000000    4.4636764599e-01
 252.5000000000    4.4561374752e-01
 253.0000000000    4.4486150419e-01
 253.5000000000    4.4407365734e-01
 254.0000000000    4.4327589874e-01
 254.5000000000    4.4244952554e-01
 255.0000000000    4.4160421052e-01
 255.5000000000    4.4073311513e-01
 256.0000000000    4.3983795150e-01
 256.5000000000    4.3891666105e-01
 257.0000000000    4.3797076658e-01
 257.5000000000    4.3699424813e-01
 258.0000000000    4.3599628178e-01
 258.5000000000    4.3495817777e-01
 259.0000000000    4.3390610620e-01
 259.5000000000    4.3279964260e-01
 260.0000000000    4.3168222081e-01
 260.5000000000    4.3051003614e-01
 261.0000000000    4.2931289001e-01
 261.5000000000    4.2808027371e-01
 262.0000000000    4.2679577081e-01
 262.5000000000    4.2548845111e-01
 263.0000000000    4.2412216699e-01
 263.5000000000    4.2271524843e-01
 264.0000000000    4.2127757032e-01
 264.5000000000    4.1976816451e-01
 265.0000000000    4.1821585029e-01
 265.5000000000    4.1662284743e-01
 266.0000000000    4.1495735158e-01
 266.5000000000    4.1323240739e-01
 267.0000000000    4.1145634998e-01
 267.5000000000    4.0962281429e-01
 268.0000000000    4.0769706709e-01
 268.5000000000    4.0570835898e-01
 269.0000000000    4.0365184766e-01
 269.5000000000    4.0152236199e-01
 270.0000000000    3.9929731775e-01
 270.5000000000    3.9697704754e-01
 271.0000000000    3.9456768889e-01
 271.5000000000    3.9206296721e-01
 272.0000000000    3.8945627515e-01
 272.5000000000    3.8674057036e-01
 273.0000000000    3.8390829649e-01
 273.5000000000    3.8094199886e-01
 274.0000000000    3.7783805097e-01
 274.5000000000    3.7459316280e-01
 275.0000000000    3.7119699544e-01
 275.5000000000    3.6763835475e-01
 276.0000000000    3.6390535132e-01
 276.5000000000    3.5998552083e-01
 277.0000000000    3.5586575228e-01
 277.5000000000    3.5153196079e-01
 278.0000000000    3.4696856884e-01
 278.5000000000    3.4215805146e-01
 279.0000000000    3.3705971382e-01
 279.5000000000    3.3166247534e-01
 280.0000000000    3.2594685173e-01
 280.5000000000    3.1988812321e-01
 281.0000000000    3.1345992287e-01
 281.5000000000    3.0663363180e-01
 282.0000000000    2.9932516588e-01
 282.5000000000    2.9151642254e-01
 283.0000000000    2.8318960511e-01
 283.5000000000    2.7429540276e-01
 284.0000000000    2.6467653872e-01
 284.5000000000    2.5439226219e-01
 285.0000000000    2.4334023414e-01
 285.5000000000    2.3138950379e-01
 286.0000000000    2.1861485419e-01
 286.5000000000    2.0473379859e-01
 287.0000000000    1.8995097769e-01
 287.5000000000    1.7399334248e-01
 288.0000000000    1.5707614374e-01
 288.5000000000    1.3929616721e-01
 289.0000000000    1.2061375835e-01
 289.5000000000    1.0161884988e-01
 290.0000000000    8.2806407481e-02
 290.5000000000    6.4822395676e-02
 291.0000000000    4.8401490451e-02
 291.5000000000    3.4241465026e-02
 292.0000000000    2.2838594989e-02
 292.5000000000    1.4348494075e-02
 293.0000000000    8.5475611834e-03
 293.5000000000    4.9253770065e-03
 294.0000000000    2.8626803962e-03
 294.5000000000    1.8050358371e-03
 295.0000000000    1.3593160283e-03
 295.5000000000    1.2671315709e-03
 296.0000000000    8.7513656256e-04
 296.5000000000    7.0712386665e-04
 297.0000000000    7.6737627402e-04
 297.5000000000    7.7763399419e-04
 298.0000000000    5.8408986953e-04
 298.5000000000    6.9759138366e-04
 299.0000000000    6.0465766692e-04
 299.5000000000    5.7690299789e-04
 300.0000000000    5.9149133216e-04
 300.5000000000    5.9293169663e-04
 301.0000000000    4.9496474547e-04
 301.5000000000    6.1411836174e-04
 302.0000000000    6.3828168700e-04
 302.5000000000    5.1890175501e-04
 303.0000000000    4.7091961202e-04
 303.5000000000    4.6164230132e-04
 304.0000000000    4.8134051849e-04
 304.5000000000    5.4200709414e-04
 305.0000000000    6.8545980836e-04
 305.5000000000    5.0620639677e-04
 306.0000000000    4.6916795729e-04
 306.5000000000    5.5990698591e-04
 307.0000000000    5.7026275174e-04
 307.5000000000    5.2110262086e-04
 308.0000000000    6.4946787264e-04
 308.5000000000    4.4763586161e-04
 309.0000000000    5.1012912425e-04
 309.5000000000    4.5653114770e-04
 310.0000000000    5.7758143033e-04
 310.5000000000    4.8089780910e-04
 311.0000000000    5.6311968589e-04
 311.5000000000    5.1712636578e-04
 312.0000000000    6.8703043536e-04
 312.5000000000    6.3162406293e-04
 313.0000000000    7.3624509117e-04
 313.5000000000    5.7525741620e-04
 314.0000000000    5.6818685526e-04
 314.5000000000    6.3747902331e-04
 315.0000000000    6.0616383407e-04
 315.5000000000    5.4661850154e-04
 316.0000000000    3.6885638230e-04
 316.5000000000    2.5289004593e-04
 317.0000000000    1.9733694042e-04
 317.5000000000    1.7384200341e-04
 318.0000000000    1.6600194878e-04
 318.5000000000    1.6499735391e-04
 319.0000000000    1.6643324256e-04
 319.5000000000    1.6832131573e-04
 320.0000000000    1.6989680877e-04
 320.5000000000    1.7096845555e-04
 321.0000000000    1.7158167443e-04
 321.5000000000    1.7185527511e-04
 322.0000000000    1.7190966441e-04
 322.5000000000    1.7184095403e-04
 323.0000000000    1.7171656641e-04
 323.5000000000    1.7157971363e-04
 324.0000000000    1.7145644949e-04
 324.5000000000    1.7136232286e-04
 325.0000000000    1.7130737541e-04
 325.5000000000    1.7129911836e-04
 326.0000000000    1.7134367351e-04
 326.5000000000    1.7144567037e-04
 327.0000000000    1.7160765931e-04
 327.5000000000    1.7182961775e-04
 328.0000000000    1.7210877631e-04
 328.5000000000    1.7243973023e-04
 329.0000000000    1.7281472944e-04
 329.5000000000    1.7322404576e-04
 330.0000000000    1.7365639700e-04
 330.5000000000    1.7409938998e-04
 331.0000000000    1.7454001414e-04
 331.5000000000    1.7496518627e-04
 332.0000000000    1.7536233884e-04
 332.5000000000    1.7572003174e-04
 333.0000000000    1.7602853321e-04
 333.5000000000    1.7628030903e-04
 334.0000000000    1.7647036542e-04
 334.5000000000    1.7659640412e-04
 335.0000000000    1.7665876878e-04
 335.5000000000    1.7666022918e-04
 336.0000000000    1.7660567928e-04
 336.5000000000    1.7650178386e-04
 337.0000000000    1.7635656002e-04
 337.5000000000    1.7617888584e-04
 338.0000000000    1.7597796960e-04
 338.5000000000    1.7576284245e-04
 339.0000000000    1.7554192952e-04
 339.5000000000    1.7532273855e-04
 340.0000000000    1.7511167132e-04
 340.5000000000    1.7491396126e-04
 341.0000000000    1.7473371728e-04
 341.5000000000    1.7457403559e-04
 342.0000000000    1.7443714506e-04
 342.5000000000    1.7432456303e-04
 343.0000000000    1.7423722298e-04
 343.5000000000    1.7417557200e-04
 344.0000000000    1.7413963854e-04
 344.5000000000    1.7412907694e-04
 345.0000000000    1.7414320447e-04
 345.5000000000    1.7418104204e-04
 346.0000000000    1.7424135163e-04
 346.5000000000    1.7432265660e-04
 347.0000000000    1.7442323202e-04
 347.5000000000    1.7454108152e-04
 348.0000000000    1.7467392152e-04
 348.5000000000    1.7481918681e-04
 349.0000000000    1.7497406963e-04
 349.5000000000    1.7513558603e-04
 350.0000000000    1.7530066072e-04
 350.5000000000    1.7546621837e-04
 351.0000000000    1.7562927701e-04
 351.5000000000    1.7578703612e-04
 352.0000000000    1.7593694544e-04
 352.5000000000    1.7607675474e-04
 353.0000000000    1.7620455927e-04
 353.5000000000    1.7631885026e-04
 354.0000000000    1.7641854307e-04
 354.5000000000    1.7650298452e-04
 355.0000000000    1.7657194204e-04
 355.5000000000    1.7662557163e-04
 356.0000000000    1.7666437372e-04
 356.5000000000    1.7668914901e-04
 357.0000000000    1.7670097688e-04
 357.5000000000    1.7670120384e-04
 358.0000000000    1.7669141140e-04
 358.5000000000    1.7667333763e-04
 359.0000000000    1.7664878101e-04
 359.5000000000    1.7661951463e-04
 360.0000000000    1.7658723682e-04
 360.5000000000    1.7655356605e-04
 361.0000000000    1.7652005242e-04
 361.5000000000    1.7648817400e-04
 362.0000000000    1.7645929201e-04
 362.5000000000    1.7643457637e-04
 363.0000000000    1.7641495377e-04
 363.5000000000    1.7640110867e-04
 364.0000000000    1.7639352394e-04
 364.5000000000    1.7639254030e-04
 365.0000000000    1.7639838722e-04
 365.5000000000    1.7641116865e-04
 366.0000000000    1.7643082996e-04
 366.5000000000    1.7645714615e-04
 367.0000000000    1.7648974367e-04
 367.5000000000    1.7652814374e-04
 368.0000000000    1.7657179886e-04
 368.5000000000    1.7662011326e-04
 369.0000000000    1.7667244294e-04
 369.5000000000    1.7672809646e-04
 370.0000000000    1.7678634162e-04
 370.5000000000    1.7684641437e-04
 371.0000000000    1.7690752868e-04
 371.5000000000    1.7696889464e-04
 372.0000000000    1.7702973542e-04
 372.5000000000    1.7708930057e-04
 373.0000000000    1.7714687334e-04
 373.5000000000    1.7720178873e-04
 374.0000000000    1.7725346546e-04
 374.5000000000    1.7730145124e-04
 375.0000000000    1.7734546844e-04
 375.5000000000    1.7738544311e-04
 376.0000000000    1.7742149583e-04
 376.5000000000    1.7745390257e-04
 377.0000000000    1.7748303948e-04
 377.5000000000    1.7750932627e-04
 378.0000000000    1.7753316366e-04
 378.5000000000    1.7755486146e-04
 379.0000000000    1.7757457336e-04
 379.5000000000    1.7759225544e-04
 380.0000000000    1.7760765468e-04
 380.5000000000    1.7762033240e-04
 381.0000000000    1.7762972945e-04
 381.5000000000    1.7763528982e-04
 382.0000000000    1.7763662634e-04
 382.5000000000    1.7763368169e-04
 383.0000000000    1.7762684380e-04
 383.5000000000    1.7761700613e-04
 384.0000000000    1.7760556553e-04
 384.5000000000    1.7759434110e-04
 385.0000000000    1.7758541779e-04
 385.5000000000    1.7758092547e-04
 386.0000000000    1.7758276962e-04
 386.5000000000    1.7759235584e-04
 387.0000000000    1.7761038453e-04
 387.5000000000    1.7763676666e-04
 388.0000000000    1.7767065791e-04
 388.5000000000    1.7771058276e-04
 389.0000000000    1.7775464150e-04
 389.5000000000    1.7780077245e-04
 390.0000000000    1.7784702921e-04
 390.5000000000    1.7789182502e-04
 391.0000000000    1.7793410984e-04
 391.5000000000    1.7797345089e-04
 392.0000000000    1.7800999237e-04
 392.5000000000    1.7804431255e-04
 393.0000000000    1.7807722254e-04
 393.5000000000    1.7810955432e-04
 394.0000000000    1.7814196863e-04
 394.5000000000    1.7817481301e-04
 395.0000000000    1.7820805299e-04
 395.5000000000    1.7824129331e-04
 396.0000000000    1.7827387919e-04
 396.5000000000    1.7830505212e-04
 397.0000000000    1.7833412029e-04
 397.5000000000    1.7836059640e-04
 398.0000000000    1.7838427517e-04
 398.5000000000    1.7840524542e-04
 399.0000000000    1.7842384679e-04
 399.5000000000    1.7844058755e-04
 400.0000000000    1.7845604255e-04
 400.5000000000    1.7847075406e-04
 401.0000000000    1.7848515906e-04
 401.5000000000    1.7849954882e-04
 402.0000000000    1.7851406790e-04
 402.5000000000    1.7852874530e-04
 403.0000000000    1.7854354697e-04
 403.5000000000    1.7855842911e-04
 404.0000000000    1.7857338149e-04
 404.5000000000    1.7858844788e-04
 405.0000000000    1.7860372456e-04
 405.5000000000    1.7861934521e-04
 406.0000000000    1.7863546151e-04
 406.5000000000    1.7865222180e-04
 407.0000000000    1.7866974668e-04
 407.5000000000    1.7868810257e-04
 408.0000000000    1.7870728740e-04
 408.5000000000    1.7872722989e-04
 409.0000000000    1.7874779702e-04
 409.5000000000    1.7876880595e-04
 410.0000000000    1.7879003540e-04
 410.5000000000    1.7881124509e-04
 411.0000000000    1.7883219559e-04
 411.5000000000    1.7885266888e-04
 412.0000000000    1.7887249266e-04
 412.5000000000    1.7889155906e-04
 413.0000000000    1.7890983994e-04
 413.5000000000    1.7892739237e-04
 414.0000000000    1.7894435091e-04
 414.5000000000    1.7896091085e-04
 415.0000000000    1.7897729970e-04
 415.5000000000    1.7899374535e-04
 416.0000000000    1.7901044521e-04
 416.5000000000    1.7902753825e-04
 417.0000000000    1.7904508940e-04
 417.5000000000    1.7906308922e-04
 418.0000000000    1.7908146955e-04
 418.5000000000    1.7910012600e-04
 419.0000000000    1.7911894548e-04
 419.5000000000    1.7913782805e-04
 420.0000000000    1.7915670260e-04
 420.5000000000    1.7917553423e-04
 421.0000000000    1.7919432087e-04
 421.5000000000    1.7921308224e-04
 422.0000000000    1.7923184355e-04
 422.5000000000    1.7925061829e-04
 423.0000000000    1.7926939211e-04
 423.5000000000    1.7928811671e-04
 424.0000000000    1.7930671874e-04
 424.5000000000    1.7932511596e-04
 425.0000000000    1.7934323106e-04
 425.5000000000    1.7936100398e-04
 426.0000000000    1.7937840406e-04
 426.5000000000    1.7939543811e-04
 427.0000000000    1.7941215154e-04
 427.5000000000    1.7942862443e-04
 428.0000000000    1.7944496266e-04
 428.5000000000    1.7946128261e-04
 429.0000000000    1.7947769102e-04
 429.5000000000    1.7949426484e-04
 430.0000000000    1.7951103771e-04
 430.5000000000    1.7952799709e-04
 431.0000000000    1.7954509199e-04
 431.5000000000    1.7956224473e-04
 432.0000000000    1.7957936252e-04
 432.5000000000    1.7959635140e-04
 433.0000000000    1.7961313329e-04
 433.5000000000    1.7962966219e-04
 434.0000000000    1.7964593285e-04
 434.5000000000    1.7966197736e-04
 435.0000000000    1.7967785279e-04
 435.5000000000    1.7969362738e-04
 436.0000000000    1.7970936780e-04
 436.5000000000    1.7972512811e-04
 437.0000000000    1.7974093843e-04
 437.5000000000    1.7975679883e-04
 438.0000000000    1.7977268147e-04
 438.5000000000    1.7978853513e-04
 439.0000000000    1.7980429261e-04
 439.5000000000    1.7981988185e-04
 440.0000000000    1.7983523934e-04
 440.5000000000    1.7985032198e-04
 441.0000000000    1.7986511866e-04
 441.5000000000    1.7987965130e-04
 442.0000000000    1.7989397567e-04
 442.5000000000    1.7990817332e-04
 443.0000000000    1.7992234246e-04
 443.5000000000    1.7993658633e-04
 444.0000000000    1.7995099752e-04
 444.5000000000    1.7996564617e-04
 445.0000000000    1.7998057343e-04
 445.5000000000    1.7999578775e-04
 446.0000000000    1.8001126526e-04
 446.5000000000    1.8002695317e-04
 447.0000000000    1.8004277742e-04
 447.5000000000    1.8005865176e-04
 448.0000000000    1.8007448819e-04
 448.5000000000    1.8009020961e-04
 449.0000000000    1.8010575762e-04
 449.5000000000    1.8012109339e-04
 450.0000000000    1.8013620498e-04
 450.5000000000    1.8015111231e-04
 451.0000000000    1.8016585431e-04
 451.5000000000    1.8018047347e-04
 452.0000000000    1.8019501441e-04
 452.5000000000    1.8020951928e-04
 453.0000000000    1.8022401550e-04
 453.5000000000    1.8023851034e-04
 454.0000000000    1.8025299506e-04
 454.5000000000    1.8026745084e-04
 455.0000000000    1.8028185170e-04
 455.5000000000    1.8029617207e-04
 456.0000000000    1.8031039119e-04
 456.5000000000    1.8032449318e-04
 457.0000000000    1.8033847029e-04
 457.5000000000    1.8035232542e-04
 458.0000000000    1.8036607247e-04
 458.5000000000    1.8037973808e-04
 459.0000000000    1.8039335520e-04
 459.5000000000    1.8040695335e-04
 460.0000000000    1.8042055410e-04
 460.5000000000    1.8043416888e-04
 461.0000000000    1.8044779840e-04
 461.5000000000    1.8046143522e-04
 462.0000000000    1.8047506827e-04
 462.5000000000    1.8048868646e-04
 463.0000000000    1.8050228026e-04
 463.5000000000    1.8051584246e-04
 464.0000000000    1.8052936887e-04
 464.5000000000    1.8054285896e-04
 465.0000000000    1.8055631508e-04
 465.5000000000    1.8056974129e-04
 466.0000000000    1.8058314161e-04
 466.5000000000    1.8059651854e-04
 467.0000000000    1.8060987277e-04
 467.5000000000    1.8062320292e-04
 468.0000000000    1.8063650514e-04
 468.5000000000    1.8064977408e-04
 469.0000000000    1.8066300444e-04
 469.5000000000    1.8067619117e-04
 470.0000000000    1.8068932914e-04
 470.5000000000    1.8070241279e-04
 471.0000000000    1.8071543593e-04
 471.5000000000    1.8072839251e-04
 472.0000000000    1.8074127810e-04
 472.5000000000    1.8075409082e-04
 473.0000000000    1.8076683270e-04
 473.5000000000    1.8077951143e-04
 474.0000000000    1.8079213879e-04
 474.5000000000    1.8080472718e-04
 475.0000000000    1.8081728781e-04
 475.5000000000    1.8082982885e-04
 476.0000000000    1.8084235245e-04
 476.5000000000    1.8085485389e-04
 477.0000000000    1.8086732439e-04
 477.5000000000    1.8087975535e-04
 478.0000000000    1.8089214257e-04
 478.5000000000    1.8090448964e-04
 479.0000000000    1.8091680836e-04
 479.5000000000    1.8092911518e-04
 480.0000000000    1.8094142540e-04
 480.5000000000    1.8095374796e-04
 481.0000000000    1.8096608168e-04
 481.5000000000    1.8097841466e-04
 482.0000000000    1.8099072889e-04
 482.5000000000    1.8100300784e-04
 483.0000000000    1.8101524284e-04
 483.5000000000    1.8102743613e-04
 484.0000000000    1.8103959788e-04
 484.5000000000    1.8105174014e-04
 485.0000000000    1.8106387008e-04
 485.5000000000    1.8107598461e-04
 486.0000000000    1.8108807096e-04
 486.5000000000    1.8110011237e-04
 487.0000000000    1.8111209581e-04
 487.5000000000    1.8112401827e-04
 488.0000000000    1.8113588846e-04
 488.5000000000    1.8114772200e-04
 489.0000000000    1.8115953267e-04
 489.5000000000    1.8117132521e-04
 490.0000000000    1.8118309243e-04
 490.5000000000    1.8119481783e-04
 491.0000000000    1.8120648262e-04
 491.5000000000    1.8121807423e-04
 492.0000000000    1.8122959188e-04
 492.5000000000    1.8124104681e-04
 493.0000000000    1.8125245727e-04
 493.5000000000    1.8126384103e-04
 494.0000000000    1.8127520869e-04
 494.5000000000    1.8128656172e-04
 495.0000000000    1.8129789552e-04
 495.5000000000    1.8130920454e-04
 496.0000000000    1.8132048601e-04
 496.5000000000    1.8133174040e-04
 497.0000000000    1.8134296811e-04
 497.5000000000    1.8135416393e-04
 498.0000000000    1.8136531265e-04
 498.5000000000    1.8137638931e-04
 499.0000000000    1.8138736337e-04
 499.5000000000    1.8139820528e-04
 500.0000000000    1.8140889273e-04
 500.5000000000    1.8141941437e-04
 501.0000000000    1.8142977186e-04
 501.5000000000    1.8143998269e-04
 502.0000000000    1.8145008604e-04
 502.5000000000    1.8146015117e-04
 503.0000000000    1.8147028552e-04
 503.5000000000    1.8148063715e-04
 504.0000000000    1.8149138638e-04
 504.5000000000    1.8150272433e-04
 505.0000000000    1.8151482014e-04
 505.5000000000    1.8152778249e-04
 506.0000000000    1.8154162153e-04
 506.5000000000    1.8155621812e-04
 507.0000000000    1.8157130557e-04
 507.5000000000    1.8158646732e-04
 508.0000000000    1.8160115282e-04
 508.5000000000    1.8161471464e-04
 509.0000000000    1.8162646395e-04
 509.5000000000    1.8163574785e-04
 510.0000000000    1.8164203785e-04
 510.5000000000    1.8164502393e-04
 511.0000000000    1.8164469617e-04
 511.5000000000    1.8164139753e-04
 512.0000000000    1.8163583084e-04
 512.5000000000    1.8162900950e-04
 513.0000000000    1.8162215197e-04
 513.5000000000    1.8161653435e-04
 514.0000000000    1.8161332523e-04
 514.5000000000    1.8161343553e-04
 515.0000000000    1.8161740933e-04
 515.5000000000    1.8162537821e-04
 516.0000000000    1.8163708143e-04
 516.5000000000    1.8165194455e-04
 517.0000000000    1.8166919690e-04
 517.5000000000    1.8168800500e-04
 518.0000000000    1.8170759812e-04
 518.5000000000    1.8172736447e-04
 519.0000000000    1.8174690723e-04
 519.5000000000    1.8176604722e-04
 520.0000000000    1.8178477597e-04
 520.5000000000    1.8180317769e-04
 521.0000000000    1.8182134761e-04
 521.5000000000    1.8183931190e-04
 522.0000000000    1.8185699118e-04
 522.5000000000    1.8187421663e-04
 523.0000000000    1.8189077385e-04
 523.5000000000    1.8190646265e-04
 524.0000000000    1.8192115381e-04
 524.5000000000    1.8193482243e-04
 525.0000000000    1.8194755175e-04
 525.5000000000    1.8195950960e-04
 526.0000000000    1.8197090703e-04
 526.5000000000    1.8198195091e-04
 527.0000000000    1.8199280819e-04
 527.5000000000    1.8200358006e-04
 528.0000000000    1.8201429007e-04
 528.5000000000    1.8202489758e-04
 529.0000000000    1.8203532456e-04
 529.5000000000    1.8204548645e-04
 530.0000000000    1.8205532064e-04
 530.5000000000    1.8206480468e-04
 531.0000000000    1.8207396194e-04
 531.5000000000    1.8208285567e-04
 532.0000000000    1.8209157660e-04
 532.5000000000    1.8210022889e-04
 533.0000000000    1.8210891681e-04
 533.5000000000    1.8211773158e-04
 534.0000000000    1.8212673808e-04
 534.5000000000    1.8213596315e-04
 535.0000000000    1.8214539137e-04
 535.5000000000    1.8215497135e-04
 536.0000000000    1.8216463092e-04
 536.5000000000    1.8217429613e-04
 537.0000000000    1.8218391055e-04
 537.5000000000    1.8219345068e-04
 538.0000000000    1.8220293409e-04
 538.5000000000    1.8221241939e-04
 539.0000000000    1.8222200386e-04
 539.5000000000    1.8223181988e-04
 540.0000000000    1.8224202576e-04
 540.5000000000    1.8225278825e-04
 541.0000000000    1.8226425804e-04
 541.5000000000    1.8227654021e-04
 542.0000000000    1.8228966252e-04
 542.5000000000    1.8230354558e-04
 543.0000000000    1.8231797792e-04
 543.5000000000    1.8233259697e-04
 544.0000000000    1.8234688221e-04
 544.5000000000    1.8236017074e-04
 545.0000000000    1.8237170684e-04
 545.5000000000    1.8238073320e-04
 546.0000000000    1.8238662053e-04
 546.5000000000    1.8238901872e-04
 547.0000000000    1.8238799778e-04
 547.5000000000    1.8238414301e-04
 548.0000000000    1.8237857488e-04
 548.5000000000    1.8237288306e-04
 549.0000000000    1.8236898125e-04
 549.5000000000    1.8236890112e-04
 550.0000000000    1.8237455380e-04
 550.5000000000    1.8238749161e-04
 551.0000000000    1.8240869369e-04
 551.5000000000    1.8243840715e-04
 552.0000000000    1.8247606462e-04
 552.5000000000    1.8252029294e-04
 553.0000000000    1.8256902183e-04
 553.5000000000    1.8261968254e-04
 554.0000000000    1.8266947430e-04
 554.5000000000    1.8271566669e-04
 555.0000000000    1.8275590119e-04
 555.5000000000    1.8278845979e-04
 556.0000000000    1.8281244673e-04
 556.5000000000    1.8282785906e-04
 557.0000000000    1.8283551761e-04
 557.5000000000    1.8283686112e-04
 558.0000000000    1.8283363718e-04
 558.5000000000    1.8282755535e-04
 559.0000000000    1.8281998969e-04
 559.5000000000    1.8281180575e-04
 560.0000000000    1.8280334789e-04
 560.5000000000    1.8279457627e-04
 561.0000000000    1.8278529245e-04
 561.5000000000    1.8277537534e-04
 562.0000000000    1.8276495268e-04
 562.5000000000    1.8275446194e-04
 563.0000000000    1.8274459668e-04
 563.5000000000    1.8273616526e-04
 564.0000000000    1.8272991014e-04
 564.5000000000    1.8272633969e-04
 565.0000000000    1.8272561581e-04
 565.5000000000    1.8272752642e-04
 566.0000000000    1.8273155020e-04
 566.5000000000    1.8273699138e-04
 567.0000000000    1.8274314861e-04
 567.5000000000    1.8274947816e-04
 568.0000000000    1.8275569692e-04
 568.5000000000    1.8276180281e-04
 569.0000000000    1.8276803416e-04
 569.5000000000    1.8277478384e-04
 570.0000000000    1.8278248486e-04
 570.5000000000    1.8279150883e-04
 571.0000000000    1.8280209658e-04
 571.5000000000    1.8281430486e-04
 572.0000000000    1.8282798320e-04
 572.5000000000    1.8284278874e-04
 573.0000000000    1.8285823621e-04
 573.5000000000    1.8287377061e-04
 574.0000000000    1.8288885119e-04
 574.5000000000    1.8290302660e-04
 575.0000000000    1.8291598694e-04
 575.5000000000    1.8292758349e-04
 576.0000000000    1.8293781841e-04
 576.5000000000    1.8294681830e-04
 577.0000000000    1.8295480355e-04
 577.5000000000    1.8296204501e-04
 578.0000000000    1.8296883074e-04
 578.5000000000    1.8297543107e-04
 579.0000000000    1.8298206689e-04
 579.5000000000    1.8298888454e-04
 580.0000000000    1.8299594638e-04
 580.5000000000    1.8300323210e-04
 581.0000000000    1.8301065931e-04
 581.5000000000    1.8301811036e-04
 582.0000000000    1.8302546738e-04
 582.5000000000    1.8303264470e-04
 583.0000000000    1.8303960992e-04
 583.5000000000    1.8304639092e-04
 584.0000000000    1.8305306696e-04
 584.5000000000    1.8305974355e-04
 585.0000000000    1.8306652538e-04
 585.5000000000    1.8307349066e-04
 586.0000000000    1.8308067937e-04
 586.5000000000    1.8308808797e-04
 587.0000000000    1.8309568331e-04
 587.5000000000    1.8310341474e-04
 588.0000000000    1.8311123056e-04
 588.5000000000    1.8311908823e-04
 589.0000000000    1.8312696101e-04
 589.5000000000    1.8313483514e-04
 590.0000000000    1.8314270502e-04
 590.5000000000    1.8315057164e-04
 591.0000000000    1.8315843798e-04
 591.5000000000    1.8316630361e-04
 592.0000000000    1.8317416968e-04
 592.5000000000    1.8318204330e-04
 593.0000000000    1.8318993197e-04
 593.5000000000    1.8319783963e-04
 594.0000000000    1.8320577399e-04
 594.5000000000    1.8321373947e-04
 595.0000000000    1.8322172880e-04
 595.5000000000    1.8322973030e-04
 596.0000000000    1.8323773211e-04
 596.5000000000    1.8324572031e-04
 597.0000000000    1.8325368014e-04
 597.5000000000    1.8326159943e-04
 598.0000000000    1.8326946949e-04
 598.5000000000    1.8327728161e-04
 599.0000000000    1.8328502313e-04
 599.5000000000    1.8329267800e-04
 600.0000000000    1.8330022342e-04
 600.5000000000    1.8330763055e-04
 601.0000000000    1.8331486540e-04
 601.5000000000    1.8332189069e-04
 602.0000000000    1.8332866745e-04
 602.5000000000    1.8333515571e-04
 603.0000000000    1.8334132485e-04
 603.5000000000    1.8334715263e-04
 604.0000000000    1.8335263051e-04
 604.5000000000    1.8335776752e-04
 605.0000000000    1.8336259352e-04
 605.5000000000    1.8336715568e-04
 606.0000000000    1.8337152078e-04
 606.5000000000    1.8337577363e-04
 607.0000000000    1.8338000903e-04
 607.5000000000    1.8338433427e-04
 608.0000000000    1.8338886188e-04
 608.5000000000    1.8339370271e-04
 609.0000000000    1.8339896307e-04
 609.5000000000    1.8340473762e-04
 610.0000000000    1.8341110367e-04
 610.5000000000    1.8341811960e-04
 611.0000000000    1.8342582142e-04
 611.5000000000    1.8343421847e-04
 612.0000000000    1.8344329719e-04
 612.5000000000    1.8345302291e-04
 613.0000000000    1.8346334403e-04
 613.5000000000    1.8347419600e-04
 614.0000000000    1.8348551072e-04
 614.5000000000    1.8349721960e-04
 615.0000000000    1.8350925916e-04
 615.5000000000    1.8352157314e-04
 616.0000000000    1.8353410876e-04
 616.5000000000    1.8354681492e-04
 617.0000000000    1.8355963436e-04
 617.5000000000    1.8357250009e-04
 618.0000000000    1.8358532860e-04
 618.5000000000    1.8359801734e-04
 619.0000000000    1.8361044306e-04
 619.5000000000    1.8362246680e-04
 620.0000000000    1.8363393700e-04
 620.5000000000    1.8364469541e-04
 621.0000000000    1.8365458909e-04
 621.5000000000    1.8366347824e-04
 622.0000000000    1.8367124854e-04
 622.5000000000    1.8367782406e-04
 623.0000000000    1.8368317525e-04
 623.5000000000    1.8368732689e-04
 624.0000000000    1.8369036138e-04
 624.5000000000    1.8369241782e-04
 625.0000000000    1.8369368609e-04
 625.5000000000    1.8369439609e-04
 626.0000000000    1.8369480365e-04
 626.5000000000    1.8369517227e-04
 627.0000000000    1.8369575244e-04
 627.5000000000    1.8369676511e-04
 628.0000000000    1.8369839182e-04
 628.5000000000    1.8370076027e-04
 629.0000000000    1.8370394059e-04
 629.5000000000    1.8370795039e-04
 630.0000000000    1.8371276016e-04
 630.5000000000    1.8371830112e-04
 631.0000000000    1.8372448310e-04
 631.5000000000    1.8373121208e-04
 632.0000000000    1.8373840182e-04
 632.5000000000    1.8374599056e-04
 633.0000000000    1.8375394585e-04
 633.5000000000    1.8376226491e-04
 634.0000000000    1.8377096847e-04
 634.5000000000    1.8378008437e-04
 635.0000000000    1.8378963684e-04
 635.5000000000    1.8379963443e-04
 636.0000000000    1.8381005560e-04
 636.5000000000    1.8382084534e-04
 637.0000000000    1.8383191632e-04
 637.5000000000    1.8384314951e-04
 638.0000000000    1.8385440103e-04
 638.5000000000    1.8386551020e-04
 639.0000000000    1.8387630915e-04
 639.5000000000    1.8388663664e-04
 640.0000000000    1.8389635185e-04
 640.5000000000    1.8390534709e-04
 641.0000000000    1.8391356085e-04
 641.5000000000    1.8392098453e-04
 642.0000000000    1.8392766248e-04
 642.5000000000    1.8393369161e-04
 643.0000000000    1.8393921346e-04
 643.5000000000    1.8394440072e-04
 644.0000000000    1.8394944267e-04
 644.5000000000    1.8395452875e-04
 645.0000000000    1.8395982786e-04
 645.5000000000    1.8396547518e-04
 646.0000000000    1.8397156561e-04
 646.5000000000    1.8397815307e-04
 647.0000000000    1.8398525875e-04
 647.5000000000    1.8399288226e-04
 648.0000000000    1.8400101015e-04
 648.5000000000    1.8400962117e-04
 649.0000000000    1.8401869129e-04
 649.5000000000    1.8402819485e-04
 650.0000000000    1.8403810457e-04
 650.5000000000    1.8404839030e-04
 651.0000000000    1.8405901186e-04
 651.5000000000    1.8406991234e-04
 652.0000000000    1.8408100369e-04
 652.5000000000    1.8409216100e-04
 653.0000000000    1.8410321916e-04
 653.5000000000    1.8411397648e-04
 654.0000000000    1.8412420811e-04
 654.5000000000    1.8413368246e-04
 655.0000000000    1.8414217673e-04
 655.5000000000    1.8414949284e-04
 656.0000000000    1.8415546729e-04
 656.5000000000    1.8415997853e-04
 657.0000000000    1.8416295382e-04
 657.5000000000    1.8416437012e-04
 658.0000000000    1.8416425550e-04
 658.5000000000    1.8416268707e-04
 659.0000000000    1.8415978584e-04
 659.5000000000    1.8415571462e-04
 660.0000000000    1.8415067174e-04
 660.5000000000    1.8414488617e-04
 661.0000000000    1.8413860653e-04
 661.5000000000    1.8413209328e-04
 662.0000000000    1.8412560380e-04
 662.5000000000    1.8411937625e-04
 663.0000000000    1.8411361487e-04
 663.5000000000    1.8410847917e-04
 664.0000000000    1.8410407165e-04
 664.5000000000    1.8410043391e-04
 665.0000000000    1.8409755031e-04
 665.5000000000    1.8409535034e-04
 666.0000000000    1.8409372400e-04
 666.5000000000    1.8409253768e-04
 667.0000000000    1.8409165230e-04
 667.5000000000    1.8409093609e-04
 668.0000000000    1.8409027265e-04
 668.5000000000    1.8408956316e-04
 669.0000000000    1.8408871978e-04
 669.5000000000    1.8408765433e-04
 670.0000000000    1.8408626344e-04
 670.5000000000    1.8408441507e-04
 671.0000000000    1.8408194270e-04
 671.5000000000    1.8407865444e-04
 672.0000000000    1.8407436206e-04
 672.5000000000    1.8406893097e-04
 673.0000000000    1.8406234680e-04
 673.5000000000    1.8405479282e-04
 674.0000000000    1.8404672409e-04
 674.5000000000    1.8403892366e-04
 675.0000000000    1.8403252401e-04
 675.5000000000    1.8402897891e-04
 676.0000000000    1.8402998002e-04
 676.5000000000    1.8403731912e-04
 677.0000000000    1.8405270411e-04
 677.5000000000    1.8407755239e-04
 678.0000000000    1.8411278087e-04
 678.5000000000    1.8415862656e-04
 679.0000000000    1.8421452430e-04
 679.5000000000    1.8427905627e-04
 680.0000000000    1.8434999170e-04
 680.5000000000    1.8442442325e-04
 681.0000000000    1.8449898506e-04
 681.5000000000    1.8457013681e-04
 682.0000000000    1.8463449511e-04
 682.5000000000    1.8468916117e-04
 683.0000000000    1.8473201227e-04
 683.5000000000    1.8476192098e-04
 684.0000000000    1.8477886380e-04
 684.5000000000    1.8478390146e-04
 685.0000000000    1.8477903275e-04
 685.5000000000    1.8476693920e-04
 686.0000000000    1.8475063819e-04
 686.5000000000    1.8473309966e-04
 687.0000000000    1.8471687537e-04
 687.5000000000    1.8470379146e-04
 688.0000000000    1.8469474702e-04
 688.5000000000    1.8468963711e-04
 689.0000000000    1.8468741483e-04
 689.5000000000    1.8468628999e-04
 690.0000000000    1.8468401753e-04
 690.5000000000    1.8467826127e-04
 691.0000000000    1.8466696603e-04
 691.5000000000    1.8464868753e-04
 692.0000000000    1.8462283806e-04
 692.5000000000    1.8458980023e-04
 693.0000000000    1.8455091874e-04
 693.5000000000    1.8450834954e-04
 694.0000000000    1.8446478419e-04
 694.5000000000    1.8442310531e-04
 695.0000000000    1.8438602061e-04
 695.5000000000    1.8435573411e-04
 696.0000000000    1.8433368701e-04
 696.5000000000    1.8432042021e-04
 697.0000000000    1.8431557851e-04
 697.5000000000    1.8431802556e-04
 698.0000000000    1.8432606506e-04
 698.5000000000    1.8433773193e-04
 699.0000000000    1.8435109278e-04
 699.5000000000    1.8436452871e-04
 700.0000000000    1.8437693547e-04
