#          time         max mod phi
   0.0000000000    8.3389596194e-02
   0.5000000000    8.3395833268e-02
   1.0000000000    8.3393205929e-02
   1.5000000000    8.3395673974e-02
   2.0000000000    8.3394806061e-02
   2.5000000000    8.3394932693e-02
   3.0000000000    8.3395707865e-02
   3.5000000000    8.3393406546e-02
   4.0000000000    8.3396058792e-02
   4.5000000000    8.3392281699e-02
   5.0000000000    8.3396211705e-02
   5.5000000000    8.3394080573e-02
   6.0000000000    8.3395703992e-02
   6.5000000000    8.3395092514e-02
   7.0000000000    8.3394712169e-02
   7.5000000000    8.3395942716e-02
   8.0000000000    8.3393768160e-02
   8.5000000000    8.3396630317e-02
   9.0000000000    8.3392452384e-02
   9.5000000000    8.3396568889e-02
  10.0000000000    8.3393756183e-02
  10.5000000000    8.3396221743e-02
  11.0000000000    8.3395093044e-02
  11.5000000000    8.3396022133e-02
  12.0000000000    8.3396248900e-02
  12.5000000000    8.3395337486e-02
  13.0000000000    8.3396666086e-02
  13.5000000000    8.3394152445e-02
  14.0000000000    8.3396941326e-02
  14.5000000000    8.3393196189e-02
  15.0000000000    8.3397411761e-02
  15.5000000000    8.3394107339e-02
  16.0000000000    8.3397379546e-02
  16.5000000000    8.3394991877e-02
  17.0000000000    8.3396905127e-02
  17.5000000000    8.3395818517e-02
  18.0000000000    8.3396700106e-02
  18.5000000000    8.3396864968e-02
  19.0000000000    8.3396477419e-02
  19.5000000000    8.3397407087e-02
  20.0000000000    8.3395669641e-02
  20.5000000000    8.3397547859e-02
  21.0000000000    8.3394831940e-02
  21.5000000000    8.3397986687e-02
  22.0000000000    8.3394347019e-02
  22.5000000000    8.3398384829e-02
  23.0000000000    8.3394370303e-02
  23.5000000000    8.3398202848e-02
  24.0000000000    8.3395025005e-02
  24.5000000000    8.3398054979e-02
  25.0000000000    8.3395994279e-02
  25.5000000000    8.3398264115e-02
  26.0000000000    8.3396929163e-02
  26.5000000000    8.3398024321e-02
  27.0000000000    8.3397324410e-02
  27.5000000000    8.3397481326e-02
  28.0000000000    8.3397728696e-02
  28.5000000000    8.3397254791e-02
  29.0000000000    8.3398443915e-02
  29.5000000000    8.3397082124e-02
  30.0000000000    8.3398837376e-02
  30.5000000000    8.3396428490e-02
  31.0000000000    8.3398868586e-02
  31.5000000000    8.3395764214e-02
  32.0000000000    8.3399185731e-02
  32.5000000000    8.3395431670e-02
  33.0000000000    8.3399587131e-02
  33.5000000000    8.3395339330e-02
  34.0000000000    8.3399529785e-02
  34.5000000000    8.3395930727e-02
  35.0000000000    8.3399379155e-02
  35.5000000000    8.3396741787e-02
  36.0000000000    8.3399607927e-02
  36.5000000000    8.3397668052e-02
  37.0000000000    8.3399591959e-02
  37.5000000000    8.3398165623e-02
  38.0000000000    8.3399194035e-02
  38.5000000000    8.3398582972e-02
  39.0000000000    8.3399013824e-02
  39.5000000000    8.3399326743e-02
  40.0000000000    8.3398967735e-02
  40.5000000000    8.3399884839e-02
  41.0000000000    8.3398498870e-02
  41.5000000000    8.3400058992e-02
  42.0000000000    8.3397891016e-02
  42.5000000000    8.3400414074e-02
  43.0000000000    8.3397575080e-02
  43.5000000000    8.3400930476e-02
  44.0000000000    8.3397086096e-02
  44.5000000000    8.3401051044e-02
  45.0000000000    8.3396692249e-02
  45.5000000000    8.3401002187e-02
  46.0000000000    8.3397642249e-02
  46.5000000000    8.3401218520e-02
  47.0000000000    8.3398801841e-02
  47.5000000000    8.3401340231e-02
  48.0000000000    8.3399577222e-02
  48.5000000000    8.3400977204e-02
  49.0000000000    8.3400135752e-02
  49.5000000000    8.3400716764e-02
  50.0000000000    8.3400993517e-02
  50.5000000000    8.3400597087e-02
  51.0000000000    8.3401734003e-02
  51.5000000000    8.3400088818e-02
  52.0000000000    8.3402057387e-02
  52.5000000000    8.3399291222e-02
  53.0000000000    8.3402390846e-02
  53.5000000000    8.3398655431e-02
  54.0000000000    8.3402892301e-02
  54.5000000000    8.3398969043e-02
  55.0000000000    8.3403040851e-02
  55.5000000000    8.3400037478e-02
  56.0000000000    8.3402841005e-02
  56.5000000000    8.3401044908e-02
  57.0000000000    8.3402788850e-02
  57.5000000000    8.3402227851e-02
  58.0000000000    8.3402723868e-02
  58.5000000000    8.3403047969e-02
  59.0000000000    8.3402213044e-02
  59.5000000000    8.3403492967e-02
  60.0000000000    8.3401620412e-02
  60.5000000000    8.3404113353e-02
  61.0000000000    8.3401174500e-02
  61.5000000000    8.3404735684e-02
  62.0000000000    8.3400388928e-02
  62.5000000000    8.3404896660e-02
  63.0000000000    8.3401380131e-02
  63.5000000000    8.3404888982e-02
  64.0000000000    8.3402737091e-02
  64.5000000000    8.3405024887e-02
  65.0000000000    8.3404114689e-02
  65.5000000000    8.3404858156e-02
  66.0000000000    8.3405022500e-02
  66.5000000000    8.3404198387e-02
  67.0000000000    8.3405698365e-02
  67.5000000000    8.3403517332e-02
  68.0000000000    8.3406499540e-02
  68.5000000000    8.3402787405e-02
  69.0000000000    8.3407018524e-02
  69.5000000000    8.3403376686e-02
  70.0000000000    8.3406997912e-02
  70.5000000000    8.3404803169e-02
  71.0000000000    8.3406894939e-02
  71.5000000000    8.3406330138e-02
  72.0000000000    8.3406734109e-02
  72.5000000000    8.3407581272e-02
  73.0000000000    8.3406007819e-02
  73.5000000000    8.3408243525e-02
  74.0000000000    8.3404798750e-02
  74.5000000000    8.3408729517e-02
  75.0000000000    8.3405197871e-02
  75.5000000000    8.3409165927e-02
  76.0000000000    8.3407236278e-02
  76.5000000000    8.3409046899e-02
  77.0000000000    8.3408615547e-02
  77.5000000000    8.3408278583e-02
  78.0000000000    8.3409642834e-02
  78.5000000000    8.3407378151e-02
  79.0000000000    8.3410677445e-02
  79.5000000000    8.3406586881e-02
  80.0000000000    8.3411127395e-02
  80.5000000000    8.3408648348e-02
  81.0000000000    8.3410826713e-02
  81.5000000000    8.3410310555e-02
  82.0000000000    8.3410318817e-02
  82.5000000000    8.3411842972e-02
  83.0000000000    8.3409416341e-02
  83.5000000000    8.3412750458e-02
  84.0000000000    8.3408886103e-02
  84.5000000000    8.3412863035e-02
  85.0000000000    8.3411079894e-02
  85.5000000000    8.3412635359e-02
  86.0000000000    8.3413072154e-02
  86.5000000000    8.3411962351e-02
  87.0000000000    8.3414359464e-02
  87.5000000000    8.3410316973e-02
  88.0000000000    8.3414752718e-02
  88.5000000000    8.3412360998e-02
  89.0000000000    8.3414660000e-02
  89.5000000000    8.3414639767e-02
  90.0000000000    8.3414040538e-02
  90.5000000000    8.3416182954e-02
  91.0000000000    8.3412380923e-02
  91.5000000000    8.3416688286e-02
  92.0000000000    8.3414345474e-02
  92.5000000000    8.3416535637e-02
  93.0000000000    8.3416731267e-02
  93.5000000000    8.3415759410e-02
  94.0000000000    8.3418298469e-02
  94.5000000000    8.3414201571e-02
  95.0000000000    8.3418682563e-02
  95.5000000000    8.3417063650e-02
  96.0000000000    8.3418218378e-02
  96.5000000000    8.3419296876e-02
  97.0000000000    8.3416999491e-02
  97.5000000000    8.3420602227e-02
  98.0000000000    8.3417765887e-02
  98.5000000000    8.3420545239e-02
  99.0000000000    8.3420308154e-02
  99.5000000000    8.3419427193e-02
 100.0000000000    8.3422086700e-02
 100.5000000000    8.3418591481e-02
 101.0000000000    8.3422796950e-02
 101.5000000000    8.3421842307e-02
 102.0000000000    8.3421841187e-02
 102.5000000000    8.3423681347e-02
 103.0000000000    8.3419706231e-02
 103.5000000000    8.3424550828e-02
 104.0000000000    8.3423431791e-02
 104.5000000000    8.3424119387e-02
 105.0000000000    8.3425808602e-02
 105.5000000000    8.3421970414e-02
 106.0000000000    8.3426527903e-02
 106.5000000000    8.3425315274e-02
 107.0000000000    8.3425919068e-02
 107.5000000000    8.3427877589e-02
 108.0000000000    8.3424091440e-02
 108.5000000000    8.3428769801e-02
 109.0000000000    8.3427929464e-02
 109.5000000000    8.3427702188e-02
 110.0000000000    8.3430029309e-02
 110.5000000000    8.3426883205e-02
 111.0000000000    8.3430659278e-02
 111.5000000000    8.3430787539e-02
 112.0000000000    8.3429387989e-02
 112.5000000000    8.3432605577e-02
 113.0000000000    8.3430385728e-02
 113.5000000000    8.3432364671e-02
 114.0000000000    8.3433603747e-02
 114.5000000000    8.3430347369e-02
 115.0000000000    8.3435008886e-02
 115.5000000000    8.3434356979e-02
 116.0000000000    8.3434028294e-02
 116.5000000000    8.3436666426e-02
 117.0000000000    8.3434190455e-02
 117.5000000000    8.3436796350e-02
 118.0000000000    8.3437969014e-02
 118.5000000000    8.3434765498e-02
 119.0000000000    8.3439411776e-02
 119.5000000000    8.3438983896e-02
 120.0000000000    8.3438040274e-02
 120.5000000000    8.3441146770e-02
 121.0000000000    8.3439450430e-02
 121.5000000000    8.3440922135e-02
 122.0000000000    8.3443000051e-02
 122.5000000000    8.3440266029e-02
 123.0000000000    8.3443644473e-02
 123.5000000000    8.3444472569e-02
 124.0000000000    8.3441146143e-02
 124.5000000000    8.3445783341e-02
 125.0000000000    8.3445902729e-02
 125.5000000000    8.3444356982e-02
 126.0000000000    8.3448298374e-02
 126.5000000000    8.3447640137e-02
 127.0000000000    8.3447200358e-02
 127.5000000000    8.3450306166e-02
 128.0000000000    8.3449068505e-02
 128.5000000000    8.3449823133e-02
 129.0000000000    8.3452658352e-02
 129.5000000000    8.3451164386e-02
 130.0000000000    8.3452640391e-02
 130.5000000000    8.3454939705e-02
 131.0000000000    8.3453007504e-02
 131.5000000000    8.3454910415e-02
 132.0000000000    8.3457137874e-02
 132.5000000000    8.3455329810e-02
 133.0000000000    8.3457585797e-02
 133.5000000000    8.3459764427e-02
 134.0000000000    8.3457854328e-02
 134.5000000000    8.3459809083e-02
 135.0000000000    8.3462008966e-02
 135.5000000000    8.3460397997e-02
 136.0000000000    8.3462151734e-02
 136.5000000000    8.3464795150e-02
 137.0000000000    8.3463589189e-02
 137.5000000000    8.3464498976e-02
 138.0000000000    8.3467356390e-02
 138.5000000000    8.3466536404e-02
 139.0000000000    8.3466444738e-02
 139.5000000000    8.3470032418e-02
 140.0000000000    8.3470068442e-02
 140.5000000000    8.3468697427e-02
 141.0000000000    8.3472898205e-02
 141.5000000000    8.3473530625e-02
 142.0000000000    8.3470714300e-02
 142.5000000000    8.3475270740e-02
 143.0000000000    8.3476969978e-02
 143.5000000000    8.3475384398e-02
 144.0000000000    8.3477917967e-02
 144.5000000000    8.3480590731e-02
 145.0000000000    8.3479929459e-02
 145.5000000000    8.3479737994e-02
 146.0000000000    8.3483506558e-02
 146.5000000000    8.3484218859e-02
 147.0000000000    8.3481898585e-02
 147.5000000000    8.3486506795e-02
 148.0000000000    8.3488531396e-02
 148.5000000000    8.3487453060e-02
 149.0000000000    8.3488434518e-02
 149.5000000000    8.3491824249e-02
 150.0000000000    8.3492399184e-02
 150.5000000000    8.3490192514e-02
 151.0000000000    8.3494891642e-02
 151.5000000000    8.3497099405e-02
 152.0000000000    8.3496441797e-02
 152.5000000000    8.3496565082e-02
 153.0000000000    8.3500406014e-02
 153.5000000000    8.3501664359e-02
 154.0000000000    8.3500380787e-02
 154.5000000000    8.3503042115e-02
 155.0000000000    8.3506234393e-02
 155.5000000000    8.3506804619e-02
 156.0000000000    8.3504846984e-02
 156.5000000000    8.3508951504e-02
 157.0000000000    8.3511659912e-02
 157.5000000000    8.3512058289e-02
 158.0000000000    8.3510386368e-02
 158.5000000000    8.3515292666e-02
 159.0000000000    8.3517809226e-02
 159.5000000000    8.3518015739e-02
 160.0000000000    8.3516443410e-02
 160.5000000000    8.3521268622e-02
 161.0000000000    8.3523999236e-02
 161.5000000000    8.3524642810e-02
 162.0000000000    8.3523187322e-02
 162.5000000000    8.3527783492e-02
 163.0000000000    8.3530739818e-02
 163.5000000000    8.3531693175e-02
 164.0000000000    8.3530754712e-02
 164.5000000000    8.3533912248e-02
 165.0000000000    8.3537624852e-02
 165.5000000000    8.3539456604e-02
 166.0000000000    8.3539403727e-02
 166.5000000000    8.3540080006e-02
 167.0000000000    8.3544405782e-02
 167.5000000000    8.3547013421e-02
 168.0000000000    8.3547994022e-02
 168.5000000000    8.3547387846e-02
 169.0000000000    8.3550990424e-02
 169.5000000000    8.3554783034e-02
 170.0000000000    8.3556908269e-02
 170.5000000000    8.3557444299e-02
 171.0000000000    8.3556505819e-02
 171.5000000000    8.3561404201e-02
 172.0000000000    8.3565007459e-02
 172.5000000000    8.3567210977e-02
 173.0000000000    8.3567990588e-02
 173.5000000000    8.3567348887e-02
 174.0000000000    8.3572086372e-02
 174.5000000000    8.3575684267e-02
 175.0000000000    8.3578075986e-02
 175.5000000000    8.3579329785e-02
 176.0000000000    8.3579447483e-02
 176.5000000000    8.3582750180e-02
 177.0000000000    8.3586948537e-02
 177.5000000000    8.3589927763e-02
 178.0000000000    8.3591802288e-02
 178.5000000000    8.3592699500e-02
 179.0000000000    8.3592711930e-02
 179.5000000000    8.3597852305e-02
 180.0000000000    8.3601968087e-02
 180.5000000000    8.3605031109e-02
 181.0000000000    8.3607080784e-02
 181.5000000000    8.3608226690e-02
 182.0000000000    8.3608599218e-02
 182.5000000000    8.3613096959e-02
 183.0000000000    8.3617552573e-02
 183.5000000000    8.3621195784e-02
 184.0000000000    8.3623988035e-02
 184.5000000000    8.3625954250e-02
 185.0000000000    8.3627193471e-02
 185.5000000000    8.3628393874e-02
 186.0000000000    8.3633460334e-02
 186.5000000000    8.3637949656e-02
 187.0000000000    8.3641815794e-02
 187.5000000000    8.3645010436e-02
 188.0000000000    8.3647544385e-02
 188.5000000000    8.3649504236e-02
 189.0000000000    8.3651014288e-02
 189.5000000000    8.3654060623e-02
 190.0000000000    8.3659097817e-02
 190.5000000000    8.3663673189e-02
 191.0000000000    8.3667735393e-02
 191.5000000000    8.3671281916e-02
 192.0000000000    8.3674382018e-02
 192.5000000000    8.3677148212e-02
 193.0000000000    8.3679679054e-02
 193.5000000000    8.3682011961e-02
 194.0000000000    8.3684954341e-02
 194.5000000000    8.3690128092e-02
 195.0000000000    8.3694903482e-02
 195.5000000000    8.3699329965e-02
 196.0000000000    8.3703507406e-02
 196.5000000000    8.3707533242e-02
 197.0000000000    8.3711451951e-02
 197.5000000000    8.3715246437e-02
 198.0000000000    8.3718866890e-02
 198.5000000000    8.3722284500e-02
 199.0000000000    8.3725525557e-02
 199.5000000000    8.3728668042e-02
 200.0000000000    8.3731802577e-02
 200.5000000000    8.3736095683e-02
 201.0000000000    8.3741345692e-02
 201.5000000000    8.3746487459e-02
 202.0000000000    8.3751481956e-02
 202.5000000000    8.3756333136e-02
 203.0000000000    8.3761096113e-02
 203.5000000000    8.3765850054e-02
 204.0000000000    8.3770655482e-02
 204.5000000000    8.3775522625e-02
 205.0000000000    8.3780414568e-02
 205.5000000000    8.3785282852e-02
 206.0000000000    8.3790107888e-02
 206.5000000000    8.3794918957e-02
 207.0000000000    8.3799779412e-02
 207.5000000000    8.3804749860e-02
 208.0000000000    8.3809854767e-02
 208.5000000000    8.3815067775e-02
 209.0000000000    8.3820335449e-02
 209.5000000000    8.3825612996e-02
 210.0000000000    8.3830900355e-02
 210.5000000000    8.3836242705e-02
 211.0000000000    8.3841699031e-02
 211.5000000000    8.3847301963e-02
 212.0000000000    8.3853033261e-02
 212.5000000000    8.3858836085e-02
 213.0000000000    8.3864647904e-02
 213.5000000000    8.3870438764e-02
 214.0000000000    8.3876228454e-02
 214.5000000000    8.3882068074e-02
 215.0000000000    8.3887997385e-02
 215.5000000000    8.3894007125e-02
 216.0000000000    8.3900036419e-02
 216.5000000000    8.3906003804e-02
 217.0000000000    8.3911851287e-02
 217.5000000000    8.3917572354e-02
 218.0000000000    8.3923203696e-02
 218.5000000000    8.3928785997e-02
 219.0000000000    8.3936049644e-02
 219.5000000000    8.3943954192e-02
 220.0000000000    8.3951788698e-02
 220.5000000000    8.3959462875e-02
 221.0000000000    8.3966940206e-02
 221.5000000000    8.3974239976e-02
 222.0000000000    8.3981399304e-02
 222.5000000000    8.3988420394e-02
 223.0000000000    8.3995241568e-02
 223.5000000000    8.4001750693e-02
 224.0000000000    8.4007830379e-02
 224.5000000000    8.4015552871e-02
 225.0000000000    8.4024733254e-02
 225.5000000000    8.4033588247e-02
 226.0000000000    8.4042120853e-02
 226.5000000000    8.4050269474e-02
 227.0000000000    8.4057909099e-02
 227.5000000000    8.4064896329e-02
 228.0000000000    8.4071127571e-02
 228.5000000000    8.4081057884e-02
 229.0000000000    8.4091073893e-02
 229.5000000000    8.4100462711e-02
 230.0000000000    8.4109160956e-02
 230.5000000000    8.4117031999e-02
 231.0000000000    8.4123905475e-02
 231.5000000000    8.4134072737e-02
 232.0000000000    8.4144967767e-02
 232.5000000000    8.4154799048e-02
 233.0000000000    8.4163552393e-02
 233.5000000000    8.4171158947e-02
 234.0000000000    8.4180834310e-02
 234.5000000000    8.4192917262e-02
 235.0000000000    8.4203509689e-02
 235.5000000000    8.4212490509e-02
 236.0000000000    8.4219805409e-02
 236.5000000000    8.4232273050e-02
 237.0000000000    8.4244287146e-02
 237.5000000000    8.4254552771e-02
 238.0000000000    8.4262847528e-02
 238.5000000000    8.4275091751e-02
 239.0000000000    8.4287781239e-02
 239.5000000000    8.4298198971e-02
 240.0000000000    8.4306278024e-02
 240.5000000000    8.4320542457e-02
 241.0000000000    8.4333333370e-02
 241.5000000000    8.4343475729e-02
 242.0000000000    8.4354711854e-02
 242.5000000000    8.4369172856e-02
 243.0000000000    8.4380537763e-02
 243.5000000000    8.4390040429e-02
 244.0000000000    8.4405883849e-02
 244.5000000000    8.4418421779e-02
 245.0000000000    8.4428041770e-02
 245.5000000000    8.4444803202e-02
 246.0000000000    8.4457610861e-02
 246.5000000000    8.4468274255e-02
 247.0000000000    8.4484912487e-02
 247.5000000000    8.4497256404e-02
 248.0000000000    8.4510624497e-02
 248.5000000000    8.4526731495e-02
 249.0000000000    8.4537909159e-02
 249.5000000000    8.4555031458e-02
 250.0000000000    8.4569143946e-02
 250.5000000000    8.4582524312e-02
 251.0000000000    8.4599526708e-02
 251.5000000000    8.4610687583e-02
 252.0000000000    8.4630080787e-02
 252.5000000000    8.4643589630e-02
 253.0000000000    8.4661043264e-02
 253.5000000000    8.4676278303e-02
 254.0000000000    8.4692392674e-02
 254.5000000000    8.4709033663e-02
 255.0000000000    8.4724746479e-02
 255.5000000000    8.4742558367e-02
 256.0000000000    8.4758583861e-02
 256.5000000000    8.4776869557e-02
 257.0000000000    8.4793565716e-02
 257.5000000000    8.4811507232e-02
 258.0000000000    8.4829439904e-02
 258.5000000000    8.4846524564e-02
 259.0000000000    8.4866440190e-02
 259.5000000000    8.4882013509e-02
 260.0000000000    8.4904299809e-02
 260.5000000000    8.4920768140e-02
 261.0000000000    8.4942080952e-02
 261.5000000000    8.4961607976e-02
 262.0000000000    8.4979119731e-02
 262.5000000000    8.5002201156e-02
 263.0000000000    8.5021010021e-02
 263.5000000000    8.5041805315e-02
 264.0000000000    8.5064730490e-02
 264.5000000000    8.5084073028e-02
 265.0000000000    8.5105826334e-02
 265.5000000000    8.5129617105e-02
 266.0000000000    8.5150683547e-02
 266.5000000000    8.5171273429e-02
 267.0000000000    8.5197229562e-02
 267.5000000000    8.5221085293e-02
 268.0000000000    8.5243123273e-02
 268.5000000000    8.5265968328e-02
 269.0000000000    8.5292776603e-02
 269.5000000000    8.5318322228e-02
 270.0000000000    8.5342945787e-02
 270.5000000000    8.5366936437e-02
 271.0000000000    8.5392053402e-02
 271.5000000000    8.5420585835e-02
 272.0000000000    8.5448600272e-02
 272.5000000000    8.5476305013e-02
 273.0000000000    8.5503932144e-02
 273.5000000000    8.5531707840e-02
 274.0000000000    8.5559814849e-02
 274.5000000000    8.5588370468e-02
 275.0000000000    8.5617433007e-02
 275.5000000000    8.5647030391e-02
 276.0000000000    8.5677190158e-02
 276.5000000000    8.5707951279e-02
 277.0000000000    8.5739350153e-02
 277.5000000000    8.5771389489e-02
 278.0000000000    8.5804009220e-02
 278.5000000000    8.5837074689e-02
 279.0000000000    8.5870387200e-02
 279.5000000000    8.5903708084e-02
 280.0000000000    8.5936778982e-02
 280.5000000000    8.5969325029e-02
 281.0000000000    8.6001037279e-02
 281.5000000000    8.6033859655e-02
 282.0000000000    8.6069430119e-02
 282.5000000000    8.6103453540e-02
 283.0000000000    8.6135292380e-02
 283.5000000000    8.6164438962e-02
 284.0000000000    8.6199182429e-02
 284.5000000000    8.6230154160e-02
 285.0000000000    8.6256471545e-02
 285.5000000000    8.6286375095e-02
 286.0000000000    8.6312594155e-02
 286.5000000000    8.6333111446e-02
 287.0000000000    8.6357075503e-02
 287.5000000000    8.6371519482e-02
 288.0000000000    8.6386979875e-02
 288.5000000000    8.6393281506e-02
 289.0000000000    8.6397451258e-02
 289.5000000000    8.6390843226e-02
 290.0000000000    8.6381162200e-02
 290.5000000000    8.6356040779e-02
 291.0000000000    8.6327129061e-02
 291.5000000000    8.6281248700e-02
 292.0000000000    8.6220159644e-02
 292.5000000000    8.6145655676e-02
 293.0000000000    8.6047864253e-02
 293.5000000000    8.5927085216e-02
 294.0000000000    8.5784265255e-02
 294.5000000000    8.5608762591e-02
 295.0000000000    8.5396479570e-02
 295.5000000000    8.5147494357e-02
 296.0000000000    8.4854360393e-02
 296.5000000000    8.4507782491e-02
 297.0000000000    8.4100816191e-02
 297.5000000000    8.3629319988e-02
 298.0000000000    8.3085052917e-02
 298.5000000000    8.2454222678e-02
 299.0000000000    8.1725958994e-02
 299.5000000000    8.0898058427e-02
 300.0000000000    7.9949783886e-02
 300.5000000000    7.8872997260e-02
 301.0000000000    7.7655749227e-02
 301.5000000000    7.6289568887e-02
 302.0000000000    7.6151122126e-02
 302.5000000000    8.0731045880e-02
 303.0000000000    8.5509443243e-02
 303.5000000000    9.0478883930e-02
 304.0000000000    9.5629704646e-02
 304.5000000000    1.0095026316e-01
 305.0000000000    1.0642731165e-01
 305.5000000000    1.1204644687e-01
 306.0000000000    1.1779255590e-01
 306.5000000000    1.2365014920e-01
 307.0000000000    1.2960344817e-01
 307.5000000000    1.3563610160e-01
 308.0000000000    1.4173042891e-01
 308.5000000000    1.4786616375e-01
 309.0000000000    1.5401876809e-01
 309.5000000000    1.6015754103e-01
 310.0000000000    1.6624387556e-01
 310.5000000000    1.7223013743e-01
 311.0000000000    1.7805963081e-01
 311.5000000000    1.8366795566e-01
 312.0000000000    1.8898571506e-01
 312.5000000000    1.9394207392e-01
 313.0000000000    1.9846825961e-01
 313.5000000000    2.0249984828e-01
 314.0000000000    2.0597637242e-01
 314.5000000000    2.0883530515e-01
 315.0000000000    2.1099322720e-01
 315.5000000000    2.1230233418e-01
 316.0000000000    2.1247882830e-01
 316.5000000000    2.1103596308e-01
 317.0000000000    2.0729609421e-01
 317.5000000000    2.0053803356e-01
 318.0000000000    1.9024061784e-01
 318.5000000000    1.7629941858e-01
 319.0000000000    1.5910909440e-01
 319.5000000000    1.3949298411e-01
 320.0000000000    1.1853642823e-01
 320.5000000000    9.7397408466e-02
 321.0000000000    7.7144908826e-02
 321.5000000000    5.8645617329e-02
 322.0000000000    5.3881872432e-02
 322.5000000000    5.0532756138e-02
 323.0000000000    4.7418558619e-02
 323.5000000000    4.4513787682e-02
 324.0000000000    4.1790479444e-02
 324.5000000000    3.9220470590e-02
 325.0000000000    3.6779296028e-02
 325.5000000000    3.4449131492e-02
 326.0000000000    3.2219761608e-02
 326.5000000000    3.0087711732e-02
 327.0000000000    2.8054237468e-02
 327.5000000000    2.6122950327e-02
 328.0000000000    2.4297689148e-02
 328.5000000000    2.2580995407e-02
 329.0000000000    2.0973311897e-02
 329.5000000000    1.9472840029e-02
 330.0000000000    1.8075875547e-02
 330.5000000000    1.6777397012e-02
 331.0000000000    1.5571697150e-02
 331.5000000000    1.4452905303e-02
 332.0000000000    1.3415326020e-02
 332.5000000000    1.2453590473e-02
 333.0000000000    1.1562666507e-02
 333.5000000000    1.0737793561e-02
 334.0000000000    1.0137102719e-02
 334.5000000000    9.5963086755e-03
 335.0000000000    9.0816195891e-03
 335.5000000000    8.5909095705e-03
 336.0000000000    8.1223415668e-03
 336.5000000000    7.6743671483e-03
 337.0000000000    7.2457408471e-03
 337.5000000000    6.8355017121e-03
 338.0000000000    6.4429105471e-03
 338.5000000000    6.0673643085e-03
 339.0000000000    5.7083208249e-03
 339.5000000000    5.3652556465e-03
 340.0000000000    5.0376512094e-03
 340.5000000000    4.7250032679e-03
 341.0000000000    4.4268283876e-03
 341.5000000000    4.1426652266e-03
 342.0000000000    3.8720713835e-03
 342.5000000000    3.6212936514e-03
 343.0000000000    3.3887799735e-03
 343.5000000000    3.1676213035e-03
 344.0000000000    2.9575165927e-03
 344.5000000000    2.7581708058e-03
 345.0000000000    2.5692927712e-03
 345.5000000000    2.3906003239e-03
 346.0000000000    2.2218305035e-03
 346.5000000000    2.0627594619e-03
 347.0000000000    1.9146751064e-03
 347.5000000000    1.7905557281e-03
 348.0000000000    1.6740765221e-03
 348.5000000000    1.5651369811e-03
 349.0000000000    1.4636505746e-03
 349.5000000000    1.3695285113e-03
 350.0000000000    1.2826695503e-03
 350.5000000000    1.2029582327e-03
 351.0000000000    1.1302668011e-03
 351.5000000000    1.0644530731e-03
 352.0000000000    1.0053496372e-03
 352.5000000000    9.5274622018e-04
 353.0000000000    9.0637216774e-04
 353.5000000000    8.6588659617e-04
 354.0000000000    8.3088013704e-04
 354.5000000000    8.0088693023e-04
 355.0000000000    7.7540203687e-04
 355.5000000000    7.5389927602e-04
 356.0000000000    7.3820617212e-04
 356.5000000000    7.3533646145e-04
 357.0000000000    7.3431152352e-04
 357.5000000000    7.3448592560e-04
 358.0000000000    7.3808028819e-04
 358.5000000000    7.4588842538e-04
 359.0000000000    7.5413614000e-04
 359.5000000000    7.6087212797e-04
 360.0000000000    7.6606206553e-04
 360.5000000000    7.6972393238e-04
 361.0000000000    7.7190169528e-04
 361.5000000000    7.7264583734e-04
 362.0000000000    7.7200957597e-04
 362.5000000000    7.7005855856e-04
 363.0000000000    7.6688150422e-04
 363.5000000000    7.6258863978e-04
 364.0000000000    7.5729535238e-04
 364.5000000000    7.5110183448e-04
 365.0000000000    7.4408430320e-04
 365.5000000000    7.3630489897e-04
 366.0000000000    7.2783209795e-04
 366.5000000000    7.1875422577e-04
 367.0000000000    7.0917361749e-04
 367.5000000000    6.9918496889e-04
 368.0000000000    6.8885533489e-04
 368.5000000000    6.7822284911e-04
 369.0000000000    6.6731613382e-04
 369.5000000000    6.5617878924e-04
 370.0000000000    6.4487816436e-04
 370.5000000000    6.3348999666e-04
 371.0000000000    6.2207071296e-04
 371.5000000000    6.1064033656e-04
 372.0000000000    5.9919098151e-04
 372.5000000000    5.8771485396e-04
 373.0000000000    5.7622897183e-04
 373.5000000000    5.6477565115e-04
 374.0000000000    5.5339775651e-04
 374.5000000000    5.4210912316e-04
 375.0000000000    5.3088560704e-04
 375.5000000000    5.1968578034e-04
 376.0000000000    5.0848533757e-04
 376.5000000000    4.9729710004e-04
 377.0000000000    4.8615977350e-04
 377.5000000000    4.7510439029e-04
 378.0000000000    4.6412650401e-04
 378.5000000000    4.5318827807e-04
 379.0000000000    4.4224993562e-04
 379.5000000000    4.3130495249e-04
 380.0000000000    4.2038937764e-04
 380.5000000000    4.0955647470e-04
 381.0000000000    3.9883703627e-04
 381.5000000000    3.8821862107e-04
 382.0000000000    3.7766223965e-04
 382.5000000000    3.6714331387e-04
 383.0000000000    3.5668219783e-04
 383.5000000000    3.4633776211e-04
 384.0000000000    3.3616821737e-04
 384.5000000000    3.2619167180e-04
 385.0000000000    3.1638049738e-04
 385.5000000000    3.0669540020e-04
 386.0000000000    2.9713037274e-04
 386.5000000000    2.8772973756e-04
 387.0000000000    2.7856166555e-04
 387.5000000000    2.6966989751e-04
 388.0000000000    2.6234580279e-04
 388.5000000000    2.5852138773e-04
 389.0000000000    2.5493585355e-04
 389.5000000000    2.5155241620e-04
 390.0000000000    2.4828554286e-04
 390.5000000000    2.4507753594e-04
 391.0000000000    2.4193452636e-04
 391.5000000000    2.3890816377e-04
 392.0000000000    2.3603549187e-04
 392.5000000000    2.3330099951e-04
 393.0000000000    2.3064650695e-04
 393.5000000000    2.2802196132e-04
 394.0000000000    2.2541867502e-04
 394.5000000000    2.2287192335e-04
 395.0000000000    2.2042295047e-04
 395.5000000000    2.1807791385e-04
 396.0000000000    2.1580565071e-04
 396.5000000000    2.1356166515e-04
 397.0000000000    2.1132312346e-04
 397.5000000000    2.0910436922e-04
 398.0000000000    2.0694061973e-04
 398.5000000000    2.0485605845e-04
 399.0000000000    2.0284271432e-04
 399.5000000000    2.0086903731e-04
 400.0000000000    1.9890647427e-04
 400.5000000000    1.9694746750e-04
 401.0000000000    1.9501345195e-04
 401.5000000000    1.9313370459e-04
 402.0000000000    1.9132091737e-04
 402.5000000000    1.8956137385e-04
 403.0000000000    1.8782674718e-04
 403.5000000000    1.8609694252e-04
 404.0000000000    1.8437525804e-04
 404.5000000000    1.8268426916e-04
 405.0000000000    1.8104878575e-04
 405.5000000000    1.7947131225e-04
 406.0000000000    1.7793609694e-04
 406.5000000000    1.7641631025e-04
 407.0000000000    1.7490107972e-04
 407.5000000000    1.7339824573e-04
 408.0000000000    1.7193298020e-04
 408.5000000000    1.7052178411e-04
 409.0000000000    1.6916189154e-04
 409.5000000000    1.6783241548e-04
 410.0000000000    1.6651130959e-04
 410.5000000000    1.6519384776e-04
 411.0000000000    1.6389393179e-04
 411.5000000000    1.6263390384e-04
 412.0000000000    1.6142489840e-04
 412.5000000000    1.6025729677e-04
 413.0000000000    1.5910836863e-04
 413.5000000000    1.5796056229e-04
 414.0000000000    1.5681530553e-04
 414.5000000000    1.5569108597e-04
 415.0000000000    1.5460754672e-04
 415.5000000000    1.5356888660e-04
 416.0000000000    1.5255977424e-04
 416.5000000000    1.5304970538e-04
 417.0000000000    1.5363220199e-04
 417.5000000000    1.5412146408e-04
 418.0000000000    1.5450595788e-04
 418.5000000000    1.5482699271e-04
 419.0000000000    1.5514261213e-04
 419.5000000000    1.5547775801e-04
 420.0000000000    1.5580330580e-04
 420.5000000000    1.5606166708e-04
 421.0000000000    1.5624684550e-04
 421.5000000000    1.5640420648e-04
 422.0000000000    1.5648591575e-04
 422.5000000000    1.5655050314e-04
 423.0000000000    1.5663647063e-04
 423.5000000000    1.5673092308e-04
 424.0000000000    1.5678222396e-04
 424.5000000000    1.5674545494e-04
 425.0000000000    1.5662172694e-04
 425.5000000000    1.5645823728e-04
 426.0000000000    1.5630939451e-04
 426.5000000000    1.5619210177e-04
 427.0000000000    1.5607314754e-04
 427.5000000000    1.5589913730e-04
 428.0000000000    1.5564309946e-04
 428.5000000000    1.5532825372e-04
 429.0000000000    1.5500918448e-04
 429.5000000000    1.5472654474e-04
 430.0000000000    1.5447369804e-04
 430.5000000000    1.5420354130e-04
 431.0000000000    1.5386939808e-04
 431.5000000000    1.5346503903e-04
 432.0000000000    1.5303016797e-04
 432.5000000000    1.5261707737e-04
 433.0000000000    1.5224682363e-04
 433.5000000000    1.5189207093e-04
 434.0000000000    1.5150096517e-04
 434.5000000000    1.5104142364e-04
 435.0000000000    1.5052829617e-04
 435.5000000000    1.5001075900e-04
 436.0000000000    1.4953081244e-04
 436.5000000000    1.4908803582e-04
 437.0000000000    1.4864042874e-04
 437.5000000000    1.4814036286e-04
 438.0000000000    1.4757490013e-04
 438.5000000000    1.4697651355e-04
 439.0000000000    1.4639546054e-04
 439.5000000000    1.4585727999e-04
 440.0000000000    1.4534142918e-04
 440.5000000000    1.4479907450e-04
 441.0000000000    1.4419462412e-04
 441.5000000000    1.4353569597e-04
 442.0000000000    1.4286644736e-04
 442.5000000000    1.4223012932e-04
 443.0000000000    1.4163261488e-04
 443.5000000000    1.4103782046e-04
 444.0000000000    1.4039868845e-04
 444.5000000000    1.3969716860e-04
 445.0000000000    1.3895942749e-04
 445.5000000000    1.3823366766e-04
 446.0000000000    1.3754954408e-04
 446.5000000000    1.3689345217e-04
 447.0000000000    1.3622075351e-04
 447.5000000000    1.3549413363e-04
 448.0000000000    1.3471540347e-04
 448.5000000000    1.3392407296e-04
 449.0000000000    1.3316420677e-04
 449.5000000000    1.3244757099e-04
 450.0000000000    1.3174428112e-04
 450.5000000000    1.3100899077e-04
 451.0000000000    1.3021973841e-04
 451.5000000000    1.2939670875e-04
 452.0000000000    1.2858540759e-04
 452.5000000000    1.2781851243e-04
 453.0000000000    1.2708878462e-04
 453.5000000000    1.2635595924e-04
 454.0000000000    1.2558155269e-04
 454.5000000000    1.2476172701e-04
 455.0000000000    1.2393070900e-04
 455.5000000000    1.2313207058e-04
 456.0000000000    1.2238224100e-04
 456.5000000000    1.2165717619e-04
 457.0000000000    1.2091336942e-04
 457.5000000000    1.2012506735e-04
 458.0000000000    1.1930612086e-04
 458.5000000000    1.1849826948e-04
 459.0000000000    1.1773587824e-04
 459.5000000000    1.1701720373e-04
 460.0000000000    1.1630615972e-04
 460.5000000000    1.1556330840e-04
 461.0000000000    1.1477923714e-04
 461.5000000000    1.1398216827e-04
 462.0000000000    1.1321411345e-04
 462.5000000000    1.1249523268e-04
 463.0000000000    1.1180696210e-04
 463.5000000000    1.1110810692e-04
 464.0000000000    1.1036974384e-04
 464.5000000000    1.0959964265e-04
 465.0000000000    1.0883549638e-04
 465.5000000000    1.0811305277e-04
 466.0000000000    1.0743566600e-04
 466.5000000000    1.0677178853e-04
 467.0000000000    1.0608205309e-04
 467.5000000000    1.0535262262e-04
 468.0000000000    1.0460677031e-04
 468.5000000000    1.0388481396e-04
 469.0000000000    1.0321010250e-04
 469.5000000000    1.0256940133e-04
 470.0000000000    1.0192439790e-04
 470.5000000000    1.0124451223e-04
 471.0000000000    1.0053248223e-04
 471.5000000000    9.9821803421e-05
 472.0000000000    9.9148385253e-05
 472.5000000000    9.8520125173e-05
 473.0000000000    9.7910399859e-05
 473.5000000000    9.7280893689e-05
 474.0000000000    9.6614111963e-05
 474.5000000000    9.5927862467e-05
 475.0000000000    9.5259834715e-05
 475.5000000000    9.4635630642e-05
 476.0000000000    9.4047152357e-05
 476.5000000000    9.3459624322e-05
 477.0000000000    9.2841210248e-05
 477.5000000000    9.2189833986e-05
 478.0000000000    9.1534669368e-05
 478.5000000000    9.0911309076e-05
 479.0000000000    9.0331666096e-05
 479.5000000000    8.9774144502e-05
 480.0000000000    8.9202247135e-05
 480.5000000000    8.8595628594e-05
 481.0000000000    8.7967228835e-05
 481.5000000000    8.7706289684e-05
 482.0000000000    8.7507916160e-05
 482.5000000000    8.7303360686e-05
 483.0000000000    8.7087685553e-05
 483.5000000000    8.6866849468e-05
 484.0000000000    8.6653425364e-05
 484.5000000000    8.6455964883e-05
 485.0000000000    8.6271131319e-05
 485.5000000000    8.6087190166e-05
 486.0000000000    8.5893741415e-05
 486.5000000000    8.5690605600e-05
 487.0000000000    8.5487582595e-05
 487.5000000000    8.5296100405e-05
 488.0000000000    8.5119895576e-05
 488.5000000000    8.4951716668e-05
 489.0000000000    8.4779456032e-05
 489.5000000000    8.4596438766e-05
 490.0000000000    8.4406996783e-05
 490.5000000000    8.4222800260e-05
 491.0000000000    8.4052568510e-05
 491.5000000000    8.3894950174e-05
 492.0000000000    8.3739868813e-05
 492.5000000000    8.3576888511e-05
 493.0000000000    8.3404125606e-05
 493.5000000000    8.3229607002e-05
 494.0000000000    8.3064119115e-05
 494.5000000000    8.2912516364e-05
 495.0000000000    8.2769472989e-05
 495.5000000000    8.2624048344e-05
 496.0000000000    8.2469073720e-05
 496.5000000000    8.2306740832e-05
 497.0000000000    8.2146853415e-05
 497.5000000000    8.1998458669e-05
 498.0000000000    8.1862248371e-05
 498.5000000000    8.1729975931e-05
 499.0000000000    8.1591473435e-05
 499.5000000000    8.1443199726e-05
 500.0000000000    8.1290961377e-05
 500.5000000000    8.1145093357e-05
 501.0000000000    8.1011606647e-05
 501.5000000000    8.0887187255e-05
 502.0000000000    8.0762017293e-05
 502.5000000000    8.0628060747e-05
 503.0000000000    8.0486030137e-05
 503.5000000000    8.0344215922e-05
 504.0000000000    8.0211875546e-05
 504.5000000000    8.0091273255e-05
 505.0000000000    7.9975862781e-05
 505.5000000000    7.9855863795e-05
 506.0000000000    7.9726527657e-05
 506.5000000000    7.9592078476e-05
 507.0000000000    7.9462182597e-05
 507.5000000000    7.9343669093e-05
 508.0000000000    7.9234871530e-05
 508.5000000000    7.9127163947e-05
 509.0000000000    7.9012263028e-05
 509.5000000000    7.8889328849e-05
 510.0000000000    7.8765286637e-05
 510.5000000000    7.8649204772e-05
 511.0000000000    7.8544536708e-05
 511.5000000000    7.8446319886e-05
 512.0000000000    7.8345395007e-05
 512.5000000000    7.8236234640e-05
 513.0000000000    7.8121458381e-05
 513.5000000000    7.8009558728e-05
 514.0000000000    7.7907753029e-05
 514.5000000000    7.7815890031e-05
 515.0000000000    7.7726658080e-05
 515.5000000000    7.7631847870e-05
 516.0000000000    7.7529169312e-05
 516.5000000000    7.7424203016e-05
 517.0000000000    7.7325538235e-05
 517.5000000000    7.7237566602e-05
 518.0000000000    7.7156902580e-05
 518.5000000000    7.7075069580e-05
 519.0000000000    7.6985861965e-05
 519.5000000000    7.6890568010e-05
 520.0000000000    7.6796569163e-05
 520.5000000000    7.6711305407e-05
 521.0000000000    7.6635835175e-05
 521.5000000000    7.6564113412e-05
 522.0000000000    7.6488146262e-05
 522.5000000000    7.6404625008e-05
 523.0000000000    7.6317810240e-05
 523.5000000000    7.6235653809e-05
 524.0000000000    7.6163206078e-05
 524.5000000000    7.6098387420e-05
 525.0000000000    7.6033893221e-05
 525.5000000000    7.5963005242e-05
 526.0000000000    7.5885625864e-05
 526.5000000000    7.5808072661e-05
 527.0000000000    7.5737684804e-05
 527.5000000000    7.5676620309e-05
 528.0000000000    7.5620050154e-05
 528.5000000000    7.5560275796e-05
 529.0000000000    7.5493228343e-05
 529.5000000000    7.5421803015e-05
 530.0000000000    7.5353378582e-05
 530.5000000000    7.5293549535e-05
 531.0000000000    7.5241384994e-05
 531.5000000000    7.5190249359e-05
 532.0000000000    7.5133449313e-05
 532.5000000000    7.5069934056e-05
 533.0000000000    7.5005038883e-05
 533.5000000000    7.4945966792e-05
 534.0000000000    7.4895885478e-05
 534.5000000000    7.4850987986e-05
 535.0000000000    7.4803965614e-05
 535.5000000000    7.4750291321e-05
 536.0000000000    7.4691924837e-05
 536.5000000000    7.4635607340e-05
 537.0000000000    7.4587182209e-05
 537.5000000000    7.4546595351e-05
 538.0000000000    7.4507922438e-05
 538.5000000000    7.4464690519e-05
 539.0000000000    7.4415178918e-05
 539.5000000000    7.4363849360e-05
 540.0000000000    7.4317461325e-05
 540.5000000000    7.4279275946e-05
 541.0000000000    7.4246450338e-05
 541.5000000000    7.4212477261e-05
 542.0000000000    7.4172897541e-05
 542.5000000000    7.4128467328e-05
 543.0000000000    7.4085018726e-05
 543.5000000000    7.4048236248e-05
 544.0000000000    7.4018873966e-05
 544.5000000000    7.3992484587e-05
 545.0000000000    7.3962629818e-05
 545.5000000000    7.3926854623e-05
 546.0000000000    7.3888585449e-05
 546.5000000000    7.3854140350e-05
 547.0000000000    7.3827621098e-05
 547.5000000000    7.3807006932e-05
 548.0000000000    7.3786320246e-05
 548.5000000000    7.3760688641e-05
 549.0000000000    7.3730414371e-05
 549.5000000000    7.3700477515e-05
 550.0000000000    7.3676545999e-05
 550.5000000000    7.3659896549e-05
 551.0000000000    7.3646620015e-05
 551.5000000000    7.3630717633e-05
 552.0000000000    7.3609232037e-05
 552.5000000000    7.3584866598e-05
 553.0000000000    7.3563381102e-05
 553.5000000000    7.3548843723e-05
 554.0000000000    7.3540031687e-05
 554.5000000000    7.3531527184e-05
 555.0000000000    7.3518499242e-05
 555.5000000000    7.3500819844e-05
 556.0000000000    7.3482662498e-05
 556.5000000000    7.3469388260e-05
 557.0000000000    7.3462727910e-05
 557.5000000000    7.3459588704e-05
 558.0000000000    7.3454485739e-05
 558.5000000000    7.3444147895e-05
 559.0000000000    7.3430567223e-05
 559.5000000000    7.3419019227e-05
 560.0000000000    7.3413827643e-05
 560.5000000000    7.3414119972e-05
 561.0000000000    7.3415185159e-05
 561.5000000000    7.3412609440e-05
 562.0000000000    7.3405471689e-05
 562.5000000000    7.3397529749e-05
 563.0000000000    7.3393831903e-05
 563.5000000000    7.3396404049e-05
 564.0000000000    7.3402802167e-05
 564.5000000000    7.3407755613e-05
 565.0000000000    7.3408264315e-05
 565.5000000000    7.3405931516e-05
 566.0000000000    7.3405214209e-05
 566.5000000000    7.3409841654e-05
 567.0000000000    7.3419606073e-05
 567.5000000000    7.3430861154e-05
 568.0000000000    7.3439088046e-05
 568.5000000000    7.3443071894e-05
 569.0000000000    7.3445817231e-05
 569.5000000000    7.3451883294e-05
 570.0000000000    7.3463582275e-05
 570.5000000000    7.3478766300e-05
 571.0000000000    7.3493122017e-05
 571.5000000000    7.3503858166e-05
 572.0000000000    7.3511462017e-05
 572.5000000000    7.3519960967e-05
 573.0000000000    7.3533067823e-05
 573.5000000000    7.3551507128e-05
 574.0000000000    7.3571651628e-05
 574.5000000000    7.3589443567e-05
 575.0000000000    7.3603847480e-05
 575.5000000000    7.3617013753e-05
 576.0000000000    7.3633108938e-05
 576.5000000000    7.3654399290e-05
 577.0000000000    7.3679628606e-05
 577.5000000000    7.3704492006e-05
 578.0000000000    7.3726203668e-05
 578.5000000000    7.3745235566e-05
 579.0000000000    7.3764859901e-05
 579.5000000000    7.3788456760e-05
 580.0000000000    7.3816619519e-05
 580.5000000000    7.3846578186e-05
 581.0000000000    7.3874430308e-05
 581.5000000000    7.3898897300e-05
 582.0000000000    7.3922020021e-05
 582.5000000000    7.3947224923e-05
 583.0000000000    7.3976644534e-05
 583.5000000000    7.4009233940e-05
 584.0000000000    7.4041842493e-05
 584.5000000000    7.4071457791e-05
 585.0000000000    7.4098379256e-05
 585.5000000000    7.4125634363e-05
 586.0000000000    7.4156338652e-05
 586.5000000000    7.4191037916e-05
 587.0000000000    7.4227430902e-05
 587.5000000000    7.4262708883e-05
 588.0000000000    7.4295052007e-05
 588.5000000000    7.4326144773e-05
 589.0000000000    7.4359279631e-05
 589.5000000000    7.4396753720e-05
 590.0000000000    7.4437386841e-05
 590.5000000000    7.4478251532e-05
 591.0000000000    7.4517088630e-05
 591.5000000000    7.4553697749e-05
 592.0000000000    7.4590758068e-05
 592.5000000000    7.4631083696e-05
 593.0000000000    7.4675406211e-05
 593.5000000000    7.4721176781e-05
 594.0000000000    7.4765613099e-05
 594.5000000000    7.4807723624e-05
 595.0000000000    7.4848823036e-05
 595.5000000000    7.4891730870e-05
 596.0000000000    7.4937951574e-05
 596.5000000000    7.4986873608e-05
 597.0000000000    7.5035418329e-05
 597.5000000000    7.5081666866e-05
 598.0000000000    7.5126300086e-05
 598.5000000000    7.5171310720e-05
 599.0000000000    7.5218866624e-05
 599.5000000000    7.5269118770e-05
 600.0000000000    7.5320543400e-05
 600.5000000000    7.5370626295e-05
 601.0000000000    7.5418559298e-05
 601.5000000000    7.5465929367e-05
 602.0000000000    7.5515096448e-05
 602.5000000000    7.5567108225e-05
 603.0000000000    7.5621015601e-05
 603.5000000000    7.5675074973e-05
 604.0000000000    7.5727367655e-05
 604.5000000000    7.5778296828e-05
 605.0000000000    7.5830081424e-05
 605.5000000000    7.5884674414e-05
 606.0000000000    7.5941974336e-05
 606.5000000000    7.6000228179e-05
 607.0000000000    7.6057724930e-05
 607.5000000000    7.6113420902e-05
 608.0000000000    7.6168895757e-05
 608.5000000000    7.6226596485e-05
 609.0000000000    7.6287445378e-05
 609.5000000000    7.6350043619e-05
 610.0000000000    7.6412227579e-05
 610.5000000000    7.6472714916e-05
 611.0000000000    7.6532038563e-05
 611.5000000000    7.6592535140e-05
 612.0000000000    7.6655937327e-05
 612.5000000000    7.6721813390e-05
 613.0000000000    7.6787666777e-05
 613.5000000000    7.6851672405e-05
 614.0000000000    7.6914132860e-05
 614.5000000000    7.6976745087e-05
 615.0000000000    7.7041657305e-05
 615.5000000000    7.7109072816e-05
 616.0000000000    7.7177513131e-05
 616.5000000000    7.7244539916e-05
 617.0000000000    7.7309355616e-05
 617.5000000000    7.7373730796e-05
 618.0000000000    7.7439860357e-05
 618.5000000000    7.7508759643e-05
 619.0000000000    7.7579294977e-05
 619.5000000000    7.7649306334e-05
 620.0000000000    7.7717527851e-05
 620.5000000000    7.7784251719e-05
 621.0000000000    7.7851792970e-05
 621.5000000000    7.7922159521e-05
 622.0000000000    7.7995167483e-05
 622.5000000000    7.8068600293e-05
 623.0000000000    7.8140281347e-05
 623.5000000000    7.8210227842e-05
 624.0000000000    7.8279684435e-05
 624.5000000000    7.8351147423e-05
 625.0000000000    7.8425633967e-05
 625.5000000000    7.8501996216e-05
 626.0000000000    7.8577517459e-05
 626.5000000000    7.8650373063e-05
 627.0000000000    7.8721744546e-05
 627.5000000000    7.8794172389e-05
 628.0000000000    7.8869799608e-05
 628.5000000000    7.8948385953e-05
 629.0000000000    7.9027330253e-05
 629.5000000000    7.9104314577e-05
 630.0000000000    7.9178395155e-05
 630.5000000000    7.9252029743e-05
 631.0000000000    7.9328741052e-05
 631.5000000000    7.9409515446e-05
 632.0000000000    7.9492301465e-05
 632.5000000000    7.9573499771e-05
 633.0000000000    7.9651726833e-05
 633.5000000000    7.9727776826e-05
 634.0000000000    7.9805365495e-05
 634.5000000000    7.9887287822e-05
 635.0000000000    7.9973029475e-05
 635.5000000000    8.0058704330e-05
 636.0000000000    8.0140850766e-05
 636.5000000000    8.0219814903e-05
 637.0000000000    8.0298316797e-05
 637.5000000000    8.0380330480e-05
 638.0000000000    8.0467008452e-05
 638.5000000000    8.0555822454e-05
 639.0000000000    8.0642379939e-05
 639.5000000000    8.0724358172e-05
 640.0000000000    8.0804131032e-05
 640.5000000000    8.0885861341e-05
 641.0000000000    8.0972577622e-05
 641.5000000000    8.1063303783e-05
 642.0000000000    8.1153875139e-05
 642.5000000000    8.1240568122e-05
 643.0000000000    8.1322851201e-05
 643.5000000000    8.1404829560e-05
 644.0000000000    8.1491200233e-05
 644.5000000000    8.1583186253e-05
 645.0000000000    8.1677614619e-05
 645.5000000000    8.1769472860e-05
 646.0000000000    8.1856536069e-05
 646.5000000000    8.1940460610e-05
 647.0000000000    8.2026572352e-05
 647.5000000000    8.2118892580e-05
 648.0000000000    8.2216459939e-05
 648.5000000000    8.2314023500e-05
 649.0000000000    8.2406621860e-05
 649.5000000000    8.2494455607e-05
 650.0000000000    8.2581351317e-05
 650.5000000000    8.2673019651e-05
 651.0000000000    8.2771334850e-05
 651.5000000000    8.2872805034e-05
 652.0000000000    8.2971211300e-05
 652.5000000000    8.3062840344e-05
 653.0000000000    8.3150333650e-05
 653.5000000000    8.3239887905e-05
 654.0000000000    8.3336021607e-05
 654.5000000000    8.3437755602e-05
 655.0000000000    8.3539015480e-05
 655.5000000000    8.3634210743e-05
 656.0000000000    8.3722565414e-05
 656.5000000000    8.3809167855e-05
 657.0000000000    8.3900908788e-05
 657.5000000000    8.4000235853e-05
 658.0000000000    8.4103360374e-05
 658.5000000000    8.4202830661e-05
 659.0000000000    8.4294560929e-05
 659.5000000000    8.4381686264e-05
 660.0000000000    8.4471357455e-05
 660.5000000000    8.4569147888e-05
 661.0000000000    8.4674189719e-05
 661.5000000000    8.4779714711e-05
 662.0000000000    8.4879457286e-05
 662.5000000000    8.4971714848e-05
 663.0000000000    8.5062346126e-05
 663.5000000000    8.5159472072e-05
 664.0000000000    8.5265811102e-05
 664.5000000000    8.5376939480e-05
 665.0000000000    8.5484554486e-05
 665.5000000000    8.5584180662e-05
 666.0000000000    8.5677795946e-05
 666.5000000000    8.5773323700e-05
 667.0000000000    8.5877550561e-05
 667.5000000000    8.5990314510e-05
 668.0000000000    8.6104187664e-05
 668.5000000000    8.6210852325e-05
 669.0000000000    8.6308616212e-05
 669.5000000000    8.6403594641e-05
 670.0000000000    8.6504433527e-05
 670.5000000000    8.6615455489e-05
 671.0000000000    8.6732334985e-05
 671.5000000000    8.6846166637e-05
 672.0000000000    8.6950199670e-05
 672.5000000000    8.7046276708e-05
 673.0000000000    8.7143559425e-05
 673.5000000000    8.7250298388e-05
 674.0000000000    8.7366717022e-05
 674.5000000000    8.7484721140e-05
 675.0000000000    8.7594507815e-05
 675.5000000000    8.7693518411e-05
 676.0000000000    8.7787736595e-05
 676.5000000000    8.7887566686e-05
 677.0000000000    8.7998654090e-05
 677.5000000000    8.8116730399e-05
 678.0000000000    8.8231419304e-05
 678.5000000000    8.8334963082e-05
 679.0000000000    8.8428716072e-05
 679.5000000000    8.8522760322e-05
 680.0000000000    8.8627028894e-05
 680.5000000000    8.8743013508e-05
 681.0000000000    8.8861940625e-05
 681.5000000000    8.8972549186e-05
 682.0000000000    8.9070637412e-05
 682.5000000000    8.9163249817e-05
 683.0000000000    8.9261573275e-05
 683.5000000000    8.9372715338e-05
 684.0000000000    8.9492796240e-05
 684.5000000000    8.9610096117e-05
 685.0000000000    8.9715517017e-05
 685.5000000000    8.9809486869e-05
 686.0000000000    8.9902382164e-05
 686.5000000000    9.0005759399e-05
 687.0000000000    9.0122171200e-05
 687.5000000000    9.0242969107e-05
 688.0000000000    9.0355773326e-05
 688.5000000000    9.0454344858e-05
 689.0000000000    9.0544873646e-05
 689.5000000000    9.0640573699e-05
 690.0000000000    9.0750505928e-05
 690.5000000000    9.0871502039e-05
 691.0000000000    9.0991015918e-05
 691.5000000000    9.1097597963e-05
 692.0000000000    9.1191338597e-05
 692.5000000000    9.1282886290e-05
 693.0000000000    9.1385419751e-05
 693.5000000000    9.1503048977e-05
 694.0000000000    9.1626946947e-05
 694.5000000000    9.1743413365e-05
 695.0000000000    9.1844570780e-05
 695.5000000000    9.1936069565e-05
 696.0000000000    9.2032348008e-05
 696.5000000000    9.2144301677e-05
 697.0000000000    9.2269321638e-05
 697.5000000000    9.2393882585e-05
 698.0000000000    9.2504783972e-05
 698.5000000000    9.2601295156e-05
 699.0000000000    9.2694304651e-05
 699.5000000000    9.2798704146e-05
 700.0000000000    9.2919751206e-05
