#          time             Min_Chi
   0.0000000000    6.5022035817e-01
   0.5000000000    6.5015018074e-01
   1.0000000000    6.4998593479e-01
   1.5000000000    6.4977238291e-01
   2.0000000000    6.4954299210e-01
   2.5000000000    6.4932599018e-01
   3.0000000000    6.4912787080e-01
   3.5000000000    6.4894238313e-01
   4.0000000000    6.4876409156e-01
   4.5000000000    6.4859294743e-01
   5.0000000000    6.4841629964e-01
   5.5000000000    6.4824129758e-01
   6.0000000000    6.4806087646e-01
   6.5000000000    6.4787809794e-01
   7.0000000000    6.4769190429e-01
   7.5000000000    6.4750138002e-01
   8.0000000000    6.4730958900e-01
   8.5000000000    6.4711217384e-01
   9.0000000000    6.4691552736e-01
   9.5000000000    6.4671248613e-01
  10.0000000000    6.4651203545e-01
  10.5000000000    6.4630464618e-01
  11.0000000000    6.4610117692e-01
  11.5000000000    6.4589032585e-01
  12.0000000000    6.4568419406e-01
  12.5000000000    6.4547051160e-01
  13.0000000000    6.4526311769e-01
  13.5000000000    6.4504876726e-01
  14.0000000000    6.4483831448e-01
  14.5000000000    6.4462475270e-01
  15.0000000000    6.4441572879e-01
  15.5000000000    6.4420035939e-01
  16.0000000000    6.4399141990e-01
  16.5000000000    6.4377858404e-01
  17.0000000000    6.4356853417e-01
  17.5000000000    6.4335501134e-01
  18.0000000000    6.4314740394e-01
  18.5000000000    6.4293589508e-01
  19.0000000000    6.4272925793e-01
  19.5000000000    6.4252005201e-01
  20.0000000000    6.4231508561e-01
  20.5000000000    6.4210871272e-01
  21.0000000000    6.4190552509e-01
  21.5000000000    6.4170255076e-01
  22.0000000000    6.4149981809e-01
  22.5000000000    6.4130143992e-01
  23.0000000000    6.4110195305e-01
  23.5000000000    6.4090643913e-01
  24.0000000000    6.4070930585e-01
  24.5000000000    6.4051781107e-01
  25.0000000000    6.4032338081e-01
  25.5000000000    6.4013570231e-01
  26.0000000000    6.3994396059e-01
  26.5000000000    6.3975963973e-01
  27.0000000000    6.3957188061e-01
  27.5000000000    6.3939044373e-01
  28.0000000000    6.3920739055e-01
  28.5000000000    6.3902878958e-01
  29.0000000000    6.3885043817e-01
  29.5000000000    6.3867487219e-01
  30.0000000000    6.3850130371e-01
  30.5000000000    6.3832815003e-01
  31.0000000000    6.3815901615e-01
  31.5000000000    6.3799054124e-01
  32.0000000000    6.3782846156e-01
  32.5000000000    6.3766101660e-01
  33.0000000000    6.3750183935e-01
  33.5000000000    6.3733956235e-01
  34.0000000000    6.3718364317e-01
  34.5000000000    6.3702596274e-01
  35.0000000000    6.3687354780e-01
  35.5000000000    6.3672078277e-01
  36.0000000000    6.3657148821e-01
  36.5000000000    6.3642373915e-01
  37.0000000000    6.3627766361e-01
  37.5000000000    6.3613503062e-01
  38.0000000000    6.3599218068e-01
  38.5000000000    6.3585443052e-01
  39.0000000000    6.3571474067e-01
  39.5000000000    6.3558181859e-01
  40.0000000000    6.3544527919e-01
  40.5000000000    6.3531645098e-01
  41.0000000000    6.3518394159e-01
  41.5000000000    6.3505831852e-01
  42.0000000000    6.3493038673e-01
  42.5000000000    6.3480801066e-01
  43.0000000000    6.3468470669e-01
  43.5000000000    6.3456530303e-01
  44.0000000000    6.3444666041e-01
  44.5000000000    6.3433046620e-01
  45.0000000000    6.3421623462e-01
  45.5000000000    6.3410303075e-01
  46.0000000000    6.3399302393e-01
  46.5000000000    6.3388287433e-01
  47.0000000000    6.3377697890e-01
  47.5000000000    6.3366962719e-01
  48.0000000000    6.3356803170e-01
  48.5000000000    6.3346423664e-01
  49.0000000000    6.3336647809e-01
  49.5000000000    6.3326515140e-01
  50.0000000000    6.3317124303e-01
  50.5000000000    6.3307292932e-01
  51.0000000000    6.3298232936e-01
  51.5000000000    6.3288708460e-01
  52.0000000000    6.3279917467e-01
  52.5000000000    6.3270702590e-01
  53.0000000000    6.3262127661e-01
  53.5000000000    6.3253132863e-01
  54.0000000000    6.3244664493e-01
  54.5000000000    6.3235700183e-01
  55.0000000000    6.3227054740e-01
  55.5000000000    6.3217715129e-01
  56.0000000000    6.3208478286e-01
  56.5000000000    6.3198359625e-01
  57.0000000000    6.3188402650e-01
  57.5000000000    6.3177883402e-01
  58.0000000000    6.3168117402e-01
  58.5000000000    6.3158550128e-01
  59.0000000000    6.3150214642e-01
  59.5000000000    6.3142349295e-01
  60.0000000000    6.3135458075e-01
  60.5000000000    6.3128784921e-01
  61.0000000000    6.3122670393e-01
  61.5000000000    6.3116508119e-01
  62.0000000000    6.3110721067e-01
  62.5000000000    6.3104712167e-01
  63.0000000000    6.3099091604e-01
  63.5000000000    6.3093235585e-01
  64.0000000000    6.3087824645e-01
  64.5000000000    6.3082165710e-01
  65.0000000000    6.3076952634e-01
  65.5000000000    6.3071465573e-01
  66.0000000000    6.3066438723e-01
  66.5000000000    6.3061123125e-01
  67.0000000000    6.3056297993e-01
  67.5000000000    6.3051151494e-01
  68.0000000000    6.3046568483e-01
  68.5000000000    6.3041561318e-01
  69.0000000000    6.3037230214e-01
  69.5000000000    6.3032348631e-01
  70.0000000000    6.3028171626e-01
  70.5000000000    6.3023513345e-01
  71.0000000000    6.3019472000e-01
  71.5000000000    6.3015055441e-01
  72.0000000000    6.3011150265e-01
  72.5000000000    6.3006967814e-01
  73.0000000000    6.3003170886e-01
  73.5000000000    6.2999225128e-01
  74.0000000000    6.2995534329e-01
  74.5000000000    6.2991828869e-01
  75.0000000000    6.2988249333e-01
  75.5000000000    6.2984782728e-01
  76.0000000000    6.2981297872e-01
  76.5000000000    6.2978065191e-01
  77.0000000000    6.2974643309e-01
  77.5000000000    6.2971656979e-01
  78.0000000000    6.2968344469e-01
  78.5000000000    6.2965601028e-01
  79.0000000000    6.2962344283e-01
  79.5000000000    6.2959701377e-01
  80.0000000000    6.2956624132e-01
  80.5000000000    6.2954037180e-01
  81.0000000000    6.2951224938e-01
  81.5000000000    6.2948716545e-01
  82.0000000000    6.2946166775e-01
  82.5000000000    6.2943668445e-01
  83.0000000000    6.2941324242e-01
  83.5000000000    6.2938836535e-01
  84.0000000000    6.2936745530e-01
  84.5000000000    6.2934295737e-01
  85.0000000000    6.2932437954e-01
  85.5000000000    6.2930048144e-01
  86.0000000000    6.2928211324e-01
  86.5000000000    6.2926096134e-01
  87.0000000000    6.2924236164e-01
  87.5000000000    6.2922347448e-01
  88.0000000000    6.2920485466e-01
  88.5000000000    6.2918880929e-01
  89.0000000000    6.2917014633e-01
  89.5000000000    6.2915665857e-01
  90.0000000000    6.2913773396e-01
  90.5000000000    6.2912432874e-01
  91.0000000000    6.2910775137e-01
  91.5000000000    6.2909384293e-01
  92.0000000000    6.2908009606e-01
  92.5000000000    6.2906604467e-01
  93.0000000000    6.2905501035e-01
  93.5000000000    6.2904036962e-01
  94.0000000000    6.2903108450e-01
  94.5000000000    6.2901704237e-01
  95.0000000000    6.2900695238e-01
  95.5000000000    6.2899589465e-01
  96.0000000000    6.2898545133e-01
  96.5000000000    6.2897720767e-01
  97.0000000000    6.2896594178e-01
  97.5000000000    6.2895972272e-01
  98.0000000000    6.2894865348e-01
  98.5000000000    6.2894158299e-01
  99.0000000000    6.2893356913e-01
  99.5000000000    6.2892578109e-01
 100.0000000000    6.2892080694e-01
 100.5000000000    6.2891201476e-01
 101.0000000000    6.2890802460e-01
 101.5000000000    6.2890031818e-01
 102.0000000000    6.2889533024e-01
 102.5000000000    6.2889080967e-01
 103.0000000000    6.2888484336e-01
 103.5000000000    6.2888346319e-01
 104.0000000000    6.2887644770e-01
 104.5000000000    6.2887388846e-01
 105.0000000000    6.2887009936e-01
 105.5000000000    6.2886639351e-01
 106.0000000000    6.2886596535e-01
 106.5000000000    6.2886106344e-01
 107.0000000000    6.2886060694e-01
 107.5000000000    6.2885783998e-01
 108.0000000000    6.2885602804e-01
 108.5000000000    6.2885667577e-01
 109.0000000000    6.2885351257e-01
 109.5000000000    6.2885462087e-01
 110.0000000000    6.2885327016e-01
 110.5000000000    6.2885299327e-01
 111.0000000000    6.2885524838e-01
 111.5000000000    6.2885344610e-01
 112.0000000000    6.2885580268e-01
 112.5000000000    6.2885606802e-01
 113.0000000000    6.2885693989e-01
 113.5000000000    6.2886104739e-01
 114.0000000000    6.2886039520e-01
 114.5000000000    6.2886364766e-01
 115.0000000000    6.2886595031e-01
 115.5000000000    6.2886747905e-01
 116.0000000000    6.2887299305e-01
 116.5000000000    6.2887358232e-01
 117.0000000000    6.2887736977e-01
 117.5000000000    6.2888210250e-01
 118.0000000000    6.2888413935e-01
 118.5000000000    6.2888997744e-01
 119.0000000000    6.2889319582e-01
 119.5000000000    6.2889714089e-01
 120.0000000000    6.2890463532e-01
 120.5000000000    6.2890663342e-01
 121.0000000000    6.2891236824e-01
 121.5000000000    6.2891856294e-01
 122.0000000000    6.2892226792e-01
 122.5000000000    6.2892956964e-01
 123.0000000000    6.2893466388e-01
 123.5000000000    6.2894005684e-01
 124.0000000000    6.2894891524e-01
 124.5000000000    6.2895295531e-01
 125.0000000000    6.2895973189e-01
 125.5000000000    6.2896852494e-01
 126.0000000000    6.2897311575e-01
 126.5000000000    6.2898119342e-01
 127.0000000000    6.2898931928e-01
 127.5000000000    6.2899520771e-01
 128.0000000000    6.2900443178e-01
 128.5000000000    6.2901191587e-01
 129.0000000000    6.2901883994e-01
 129.5000000000    6.2902906097e-01
 130.0000000000    6.2903619172e-01
 130.5000000000    6.2904409766e-01
 131.0000000000    6.2905522025e-01
 131.5000000000    6.2906213021e-01
 132.0000000000    6.2907085173e-01
 132.5000000000    6.2908265405e-01
 133.0000000000    6.2908943320e-01
 133.5000000000    6.2909886459e-01
 134.0000000000    6.2911119952e-01
 134.5000000000    6.2911821178e-01
 135.0000000000    6.2912819020e-01
 135.5000000000    6.2914074357e-01
 136.0000000000    6.2914823145e-01
 136.5000000000    6.2915861673e-01
 137.0000000000    6.2917161406e-01
 137.5000000000    6.2917952225e-01
 138.0000000000    6.2919022530e-01
 138.5000000000    6.2920369031e-01
 139.0000000000    6.2921196870e-01
 139.5000000000    6.2922287808e-01
 140.0000000000    6.2923646975e-01
 140.5000000000    6.2924562505e-01
 141.0000000000    6.2925663268e-01
 141.5000000000    6.2927026694e-01
 142.0000000000    6.2928052114e-01
 142.5000000000    6.2929147608e-01
 143.0000000000    6.2930500697e-01
 143.5000000000    6.2931658282e-01
 144.0000000000    6.2932745401e-01
 144.5000000000    6.2934082953e-01
 145.0000000000    6.2935398938e-01
 145.5000000000    6.2936463033e-01
 146.0000000000    6.2937767035e-01
 146.5000000000    6.2939261103e-01
 147.0000000000    6.2940300892e-01
 147.5000000000    6.2941571782e-01
 148.0000000000    6.2943077646e-01
 148.5000000000    6.2944274008e-01
 149.0000000000    6.2945500415e-01
 149.5000000000    6.2946945698e-01
 150.0000000000    6.2948374479e-01
 150.5000000000    6.2949549068e-01
 151.0000000000    6.2950941228e-01
 151.5000000000    6.2952544083e-01
 152.0000000000    6.2953744214e-01
 152.5000000000    6.2955063871e-01
 153.0000000000    6.2956583693e-01
 153.5000000000    6.2958073663e-01
 154.0000000000    6.2959319730e-01
 154.5000000000    6.2960765471e-01
 155.0000000000    6.2962399224e-01
 155.5000000000    6.2963733802e-01
 156.0000000000    6.2965086816e-01
 156.5000000000    6.2966609580e-01
 157.0000000000    6.2968291357e-01
 157.5000000000    6.2969534802e-01
 158.0000000000    6.2970973080e-01
 158.5000000000    6.2972585630e-01
 159.0000000000    6.2974209216e-01
 159.5000000000    6.2975528253e-01
 160.0000000000    6.2977019851e-01
 160.5000000000    6.2978669327e-01
 161.0000000000    6.2980257121e-01
 161.5000000000    6.2981627697e-01
 162.0000000000    6.2983163014e-01
 162.5000000000    6.2984852270e-01
 163.0000000000    6.2986453404e-01
 163.5000000000    6.2987849643e-01
 164.0000000000    6.2989397911e-01
 164.5000000000    6.2991106590e-01
 165.0000000000    6.2992789267e-01
 165.5000000000    6.2994204174e-01
 166.0000000000    6.2995764642e-01
 166.5000000000    6.2997462233e-01
 167.0000000000    6.2999268996e-01
 167.5000000000    6.3000682949e-01
 168.0000000000    6.3002237842e-01
 168.5000000000    6.3003931003e-01
 169.0000000000    6.3005755926e-01
 169.5000000000    6.3007345802e-01
 170.0000000000    6.3008876132e-01
 170.5000000000    6.3010536230e-01
 171.0000000000    6.3012319570e-01
 171.5000000000    6.3014178688e-01
 172.0000000000    6.3015686482e-01
 172.5000000000    6.3017309086e-01
 173.0000000000    6.3019041934e-01
 173.5000000000    6.3020884864e-01
 174.0000000000    6.3022674645e-01
 174.5000000000    6.3024233124e-01
 175.0000000000    6.3025903940e-01
 175.5000000000    6.3027683186e-01
 176.0000000000    6.3029560902e-01
 176.5000000000    6.3031388223e-01
 177.0000000000    6.3032983312e-01
 177.5000000000    6.3034674927e-01
 178.0000000000    6.3036460465e-01
 178.5000000000    6.3038342377e-01
 179.0000000000    6.3040316948e-01
 179.5000000000    6.3041936399e-01
 180.0000000000    6.3043636545e-01
 180.5000000000    6.3045417125e-01
 181.0000000000    6.3047276279e-01
 181.5000000000    6.3049211843e-01
 182.0000000000    6.3051091334e-01
 182.5000000000    6.3052766297e-01
 183.0000000000    6.3054507074e-01
 183.5000000000    6.3056304265e-01
 184.0000000000    6.3058153157e-01
 184.5000000000    6.3060052391e-01
 185.0000000000    6.3061932617e-01
 185.5000000000    6.3063563527e-01
 186.0000000000    6.3065252750e-01
 186.5000000000    6.3066999434e-01
 187.0000000000    6.3068801058e-01
 187.5000000000    6.3070660843e-01
 188.0000000000    6.3072584371e-01
 188.5000000000    6.3074437213e-01
 189.0000000000    6.3076167403e-01
 189.5000000000    6.3077966090e-01
 190.0000000000    6.3079826254e-01
 190.5000000000    6.3081734569e-01
 191.0000000000    6.3083681042e-01
 191.5000000000    6.3085664274e-01
 192.0000000000    6.3087681158e-01
 192.5000000000    6.3089522750e-01
 193.0000000000    6.3091319869e-01
 193.5000000000    6.3093148428e-01
 194.0000000000    6.3095004466e-01
 194.5000000000    6.3096887762e-01
 195.0000000000    6.3098801562e-01
 195.5000000000    6.3100752050e-01
 196.0000000000    6.3102738900e-01
 196.5000000000    6.3104760747e-01
 197.0000000000    6.3106694040e-01
 197.5000000000    6.3108535371e-01
 198.0000000000    6.3110396301e-01
 198.5000000000    6.3112275604e-01
 199.0000000000    6.3114176402e-01
 199.5000000000    6.3116100774e-01
 200.0000000000    6.3118048147e-01
 200.5000000000    6.3120014692e-01
 201.0000000000    6.3121998225e-01
 201.5000000000    6.3123996862e-01
 202.0000000000    6.3126010771e-01
 202.5000000000    6.3128043640e-01
 203.0000000000    6.3130092111e-01
 203.5000000000    6.3132046002e-01
 204.0000000000    6.3133971809e-01
 204.5000000000    6.3135903133e-01
 205.0000000000    6.3137837969e-01
 205.5000000000    6.3139778587e-01
 206.0000000000    6.3141731365e-01
 206.5000000000    6.3143697614e-01
 207.0000000000    6.3145676048e-01
 207.5000000000    6.3147661180e-01
 208.0000000000    6.3149650486e-01
 208.5000000000    6.3151643788e-01
 209.0000000000    6.3153640911e-01
 209.5000000000    6.3155644578e-01
 210.0000000000    6.3157655532e-01
 210.5000000000    6.3159670877e-01
 211.0000000000    6.3161685134e-01
 211.5000000000    6.3163697264e-01
 212.0000000000    6.3165707571e-01
 212.5000000000    6.3167718180e-01
 213.0000000000    6.3169731296e-01
 213.5000000000    6.3171749934e-01
 214.0000000000    6.3173771453e-01
 214.5000000000    6.3175794387e-01
 215.0000000000    6.3177814076e-01
 215.5000000000    6.3179831689e-01
 216.0000000000    6.3181851843e-01
 216.5000000000    6.3183874889e-01
 217.0000000000    6.3185902683e-01
 217.5000000000    6.3187935626e-01
 218.0000000000    6.3189968205e-01
 218.5000000000    6.3191997138e-01
 219.0000000000    6.3194025362e-01
 219.5000000000    6.3196057331e-01
 220.0000000000    6.3198097068e-01
 220.5000000000    6.3200152583e-01
 221.0000000000    6.3202225642e-01
 221.5000000000    6.3204314308e-01
 222.0000000000    6.3206261663e-01
 222.5000000000    6.3208200519e-01
 223.0000000000    6.3210138700e-01
 223.5000000000    6.3212078462e-01
 224.0000000000    6.3214022847e-01
 224.5000000000    6.3215982790e-01
 225.0000000000    6.3217961066e-01
 225.5000000000    6.3219957145e-01
 226.0000000000    6.3221972470e-01
 226.5000000000    6.3224012113e-01
 227.0000000000    6.3226072751e-01
 227.5000000000    6.3227962837e-01
 228.0000000000    6.3229802008e-01
 228.5000000000    6.3231667468e-01
 229.0000000000    6.3233556290e-01
 229.5000000000    6.3235472123e-01
 230.0000000000    6.3237418249e-01
 230.5000000000    6.3239393449e-01
 231.0000000000    6.3241392722e-01
 231.5000000000    6.3243098150e-01
 232.0000000000    6.3244846041e-01
 232.5000000000    6.3246644277e-01
 233.0000000000    6.3248502782e-01
 233.5000000000    6.3250426863e-01
 234.0000000000    6.3252419116e-01
 234.5000000000    6.3254119561e-01
 235.0000000000    6.3255824149e-01
 235.5000000000    6.3257583971e-01
 236.0000000000    6.3259401924e-01
 236.5000000000    6.3261285432e-01
 237.0000000000    6.3262953686e-01
 237.5000000000    6.3264519705e-01
 238.0000000000    6.3266170753e-01
 238.5000000000    6.3267907440e-01
 239.0000000000    6.3269730087e-01
 239.5000000000    6.3271116604e-01
 240.0000000000    6.3272601127e-01
 240.5000000000    6.3274205527e-01
 241.0000000000    6.3275951779e-01
 241.5000000000    6.3277359971e-01
 242.0000000000    6.3278820270e-01
 242.5000000000    6.3280414051e-01
 243.0000000000    6.3282097268e-01
 243.5000000000    6.3283298912e-01
 244.0000000000    6.3284622312e-01
 244.5000000000    6.3286094335e-01
 245.0000000000    6.3287373727e-01
 245.5000000000    6.3288538720e-01
 246.0000000000    6.3289901479e-01
 246.5000000000    6.3291252419e-01
 247.0000000000    6.3292270397e-01
 247.5000000000    6.3293469725e-01
 248.0000000000    6.3294690052e-01
 248.5000000000    6.3295532455e-01
 249.0000000000    6.3296608798e-01
 249.5000000000    6.3297649724e-01
 250.0000000000    6.3298411790e-01
 250.5000000000    6.3299423578e-01
 251.0000000000    6.3300160615e-01
 251.5000000000    6.3300838627e-01
 252.0000000000    6.3301767064e-01
 252.5000000000    6.3302127836e-01
 253.0000000000    6.3302790605e-01
 253.5000000000    6.3303242241e-01
 254.0000000000    6.3303603101e-01
 254.5000000000    6.3304100139e-01
 255.0000000000    6.3304165210e-01
 255.5000000000    6.3304592697e-01
 256.0000000000    6.3304452611e-01
 256.5000000000    6.3304638433e-01
 257.0000000000    6.3304425262e-01
 257.5000000000    6.3304373213e-01
 258.0000000000    6.3304015337e-01
 258.5000000000    6.3303731854e-01
 259.0000000000    6.3303165330e-01
 259.5000000000    6.3302668718e-01
 260.0000000000    6.3301835704e-01
 260.5000000000    6.3301149779e-01
 261.0000000000    6.3300001947e-01
 261.5000000000    6.3299172841e-01
 262.0000000000    6.3297686395e-01
 262.5000000000    6.3296493280e-01
 263.0000000000    6.3294913715e-01
 263.5000000000    6.3293285515e-01
 264.0000000000    6.3291626461e-01
 264.5000000000    6.3289488472e-01
 265.0000000000    6.3287500727e-01
 265.5000000000    6.3285117148e-01
 266.0000000000    6.3282577047e-01
 266.5000000000    6.3280135963e-01
 267.0000000000    6.3277147559e-01
 267.5000000000    6.3274090789e-01
 268.0000000000    6.3271054340e-01
 268.5000000000    6.3267522182e-01
 269.0000000000    6.3263811148e-01
 269.5000000000    6.3260066731e-01
 270.0000000000    6.3256119294e-01
 270.5000000000    6.3251671893e-01
 271.0000000000    6.3247136652e-01
 271.5000000000    6.3242493195e-01
 272.0000000000    6.3237677541e-01
 272.5000000000    6.3232326647e-01
 273.0000000000    6.3226857504e-01
 273.5000000000    6.3221245780e-01
 274.0000000000    6.3215463924e-01
 274.5000000000    6.3209474102e-01
 275.0000000000    6.3203074149e-01
 275.5000000000    6.3196316724e-01
 276.0000000000    6.3189351284e-01
 276.5000000000    6.3182202437e-01
 277.0000000000    6.3174890396e-01
 277.5000000000    6.3167417200e-01
 278.0000000000    6.3159759721e-01
 278.5000000000    6.3151885245e-01
 279.0000000000    6.3143775225e-01
 279.5000000000    6.3135441693e-01
 280.0000000000    6.3126921558e-01
 280.5000000000    6.3118259052e-01
 281.0000000000    6.3109489756e-01
 281.5000000000    6.3100627881e-01
 282.0000000000    6.3091674981e-01
 282.5000000000    6.3082638222e-01
 283.0000000000    6.3073545699e-01
 283.5000000000    6.3064451740e-01
 284.0000000000    6.3055420136e-01
 284.5000000000    6.3046502557e-01
 285.0000000000    6.3037448438e-01
 285.5000000000    6.3028481234e-01
 286.0000000000    6.3019693923e-01
 286.5000000000    6.3011139595e-01
 287.0000000000    6.3002776089e-01
 287.5000000000    6.2994330393e-01
 288.0000000000    6.2986261680e-01
 288.5000000000    6.2978565396e-01
 289.0000000000    6.2970619561e-01
 289.5000000000    6.2963092226e-01
 290.0000000000    6.2955460558e-01
 290.5000000000    6.2947922480e-01
 291.0000000000    6.2940092295e-01
 291.5000000000    6.2932180262e-01
 292.0000000000    6.2923333447e-01
 292.5000000000    6.2913649391e-01
 293.0000000000    6.2902634062e-01
 293.5000000000    6.2889644591e-01
 294.0000000000    6.2873917146e-01
 294.5000000000    6.2854482832e-01
 295.0000000000    6.2829572766e-01
 295.5000000000    6.2797535898e-01
 296.0000000000    6.2755294146e-01
 296.5000000000    6.2698255168e-01
 297.0000000000    6.1954490835e-01
 297.5000000000    6.0992729615e-01
 298.0000000000    6.0000740258e-01
 298.5000000000    5.8978287185e-01
 299.0000000000    5.7925182160e-01
 299.5000000000    5.6841282275e-01
 300.0000000000    5.5726485586e-01
 300.5000000000    5.4580718615e-01
 301.0000000000    5.3403907433e-01
 301.5000000000    5.2195942888e-01
 302.0000000000    5.0956642036e-01
 302.5000000000    4.9685713107e-01
 303.0000000000    4.8382720800e-01
 303.5000000000    4.7047049287e-01
 304.0000000000    4.5677860641e-01
 304.5000000000    4.4274052028e-01
 305.0000000000    4.2834220330e-01
 305.5000000000    4.1356642108e-01
 306.0000000000    3.9839277199e-01
 306.5000000000    3.8279802045e-01
 307.0000000000    3.6675677571e-01
 307.5000000000    3.5024260628e-01
 308.0000000000    3.3322971790e-01
 308.5000000000    3.1569534675e-01
 309.0000000000    2.9762302667e-01
 309.5000000000    2.7900687147e-01
 310.0000000000    2.5985696029e-01
 310.5000000000    2.4020581677e-01
 311.0000000000    2.2011582360e-01
 311.5000000000    1.9968714453e-01
 312.0000000000    1.7906532764e-01
 312.5000000000    1.5844721309e-01
 313.0000000000    1.3808314643e-01
 313.5000000000    1.1827300692e-01
 314.0000000000    9.9353567814e-02
 314.5000000000    8.1675661971e-02
 315.0000000000    6.5571845968e-02
 315.5000000000    5.1318519142e-02
 316.0000000000    3.9099725361e-02
 316.5000000000    2.8981482427e-02
 317.0000000000    2.0904057838e-02
 317.5000000000    1.4695073768e-02
 318.0000000000    1.0100296105e-02
 318.5000000000    6.8239282723e-03
 319.0000000000    4.5682189682e-03
 319.5000000000    3.0639444494e-03
 320.0000000000    2.0878339286e-03
 320.5000000000    1.4677325938e-03
 321.0000000000    1.0790240153e-03
 321.5000000000    8.3633581219e-04
 322.0000000000    6.8384714470e-04
 322.5000000000    5.8639800477e-04
 323.0000000000    5.2244642784e-04
 323.5000000000    4.7902853289e-04
 324.0000000000    4.4840344812e-04
 324.5000000000    4.2593409924e-04
 325.0000000000    4.0879985563e-04
 325.5000000000    3.9523719500e-04
 326.0000000000    3.8410189319e-04
 326.5000000000    3.7462109837e-04
 327.0000000000    3.6625461369e-04
 327.5000000000    3.5861716442e-04
 328.0000000000    3.5143349948e-04
 328.5000000000    3.4451053753e-04
 329.0000000000    3.3771822627e-04
 329.5000000000    3.3097512233e-04
 330.0000000000    3.2423698724e-04
 330.5000000000    3.1748770508e-04
 331.0000000000    3.1073213325e-04
 331.5000000000    3.0399047335e-04
 332.0000000000    2.9729370045e-04
 332.5000000000    2.9067962234e-04
 333.0000000000    2.8418931760e-04
 333.5000000000    2.7786390379e-04
 334.0000000000    2.7174174941e-04
 334.5000000000    2.6585631102e-04
 335.0000000000    2.6023472152e-04
 335.5000000000    2.5489716793e-04
 336.0000000000    2.4985695939e-04
 336.5000000000    2.4512111539e-04
 337.0000000000    2.4069125150e-04
 337.5000000000    2.3656455806e-04
 338.0000000000    2.3273472836e-04
 338.5000000000    2.2919275485e-04
 339.0000000000    2.2592758535e-04
 339.5000000000    2.2292666648e-04
 340.0000000000    2.2017641388e-04
 340.5000000000    2.1766262521e-04
 341.0000000000    2.1537083200e-04
 341.5000000000    2.1328657139e-04
 342.0000000000    2.1139556008e-04
 342.5000000000    2.0968377226e-04
 343.0000000000    2.0813744732e-04
 343.5000000000    2.0674306749e-04
 344.0000000000    2.0548733943e-04
 344.5000000000    2.0435720933e-04
 345.0000000000    2.0333991335e-04
 345.5000000000    2.0242305507e-04
 346.0000000000    2.0159469270e-04
 346.5000000000    2.0084343173e-04
 347.0000000000    2.0015851871e-04
 347.5000000000    1.9952993546e-04
 348.0000000000    1.9894849368e-04
 348.5000000000    1.9840592328e-04
 349.0000000000    1.9789494444e-04
 349.5000000000    1.9740931460e-04
 350.0000000000    1.9694384313e-04
 350.5000000000    1.9649437960e-04
 351.0000000000    1.9605777776e-04
 351.5000000000    1.9563183794e-04
 352.0000000000    1.9521522974e-04
 352.5000000000    1.9480739606e-04
 353.0000000000    1.9440844317e-04
 353.5000000000    1.9401902308e-04
 354.0000000000    1.9364020428e-04
 354.5000000000    1.9327334922e-04
 355.0000000000    1.9292000074e-04
 355.5000000000    1.9258177638e-04
 356.0000000000    1.9226027656e-04
 356.5000000000    1.9195700212e-04
 357.0000000000    1.9167328578e-04
 357.5000000000    1.9141023193e-04
 358.0000000000    1.9116867808e-04
 358.5000000000    1.9094917537e-04
 359.0000000000    1.9075198427e-04
 359.5000000000    1.9057708920e-04
 360.0000000000    1.9042421961e-04
 360.5000000000    1.9029287129e-04
 361.0000000000    1.9018232667e-04
 361.5000000000    1.9009167378e-04
 362.0000000000    1.9001982880e-04
 362.5000000000    1.8996556304e-04
 363.0000000000    1.8992752806e-04
 363.5000000000    1.8990428180e-04
 364.0000000000    1.8989430497e-04
 364.5000000000    1.8989601446e-04
 365.0000000000    1.8990777920e-04
 365.5000000000    1.8992793653e-04
 366.0000000000    1.8995481281e-04
 366.5000000000    1.8998675898e-04
 367.0000000000    1.9002218077e-04
 367.5000000000    1.9005956365e-04
 368.0000000000    1.9009749866e-04
 368.5000000000    1.9013470576e-04
 369.0000000000    1.9017005468e-04
 369.5000000000    1.9020258376e-04
 370.0000000000    1.9023151543e-04
 370.5000000000    1.9025626208e-04
 371.0000000000    1.9027642315e-04
 371.5000000000    1.9029177875e-04
 372.0000000000    1.9030227979e-04
 372.5000000000    1.9030803779e-04
 373.0000000000    1.9030931544e-04
 373.5000000000    1.9030651172e-04
 374.0000000000    1.9030014755e-04
 374.5000000000    1.9029084299e-04
 375.0000000000    1.9027929008e-04
 375.5000000000    1.9026621933e-04
 376.0000000000    1.9025236484e-04
 376.5000000000    1.9023842445e-04
 377.0000000000    1.9022501303e-04
 377.5000000000    1.9021262464e-04
 378.0000000000    1.9020160312e-04
 378.5000000000    1.9019212598e-04
 379.0000000000    1.9018420767e-04
 379.5000000000    1.9017772827e-04
 380.0000000000    1.9017248355e-04
 380.5000000000    1.9016824596e-04
 381.0000000000    1.9016483835e-04
 381.5000000000    1.9016220666e-04
 382.0000000000    1.9016047765e-04
 382.5000000000    1.9015999031e-04
 383.0000000000    1.9016129447e-04
 383.5000000000    1.9016511117e-04
 384.0000000000    1.9017225242e-04
 384.5000000000    1.9018351624e-04
 385.0000000000    1.9019956980e-04
 385.5000000000    1.9022083850e-04
 386.0000000000    1.9024741836e-04
 386.5000000000    1.9027902949e-04
 387.0000000000    1.9031501752e-04
 387.5000000000    1.9035440566e-04
 388.0000000000    1.9039599611e-04
 388.5000000000    1.9043849888e-04
 389.0000000000    1.9048066608e-04
 389.5000000000    1.9052142062e-04
 390.0000000000    1.9055995599e-04
 390.5000000000    1.9059578758e-04
 391.0000000000    1.9062875235e-04
 391.5000000000    1.9065896128e-04
 392.0000000000    1.9068671856e-04
 392.5000000000    1.9071242474e-04
 393.0000000000    1.9073647839e-04
 393.5000000000    1.9075920047e-04
 394.0000000000    1.9078079004e-04
 394.5000000000    1.9080131429e-04
 395.0000000000    1.9082073076e-04
 395.5000000000    1.9083893636e-04
 396.0000000000    1.9085582768e-04
 396.5000000000    1.9087135558e-04
 397.0000000000    1.9088556471e-04
 397.5000000000    1.9089860900e-04
 398.0000000000    1.9091074534e-04
 398.5000000000    1.9092230331e-04
 399.0000000000    1.9093364332e-04
 399.5000000000    1.9094511207e-04
 400.0000000000    1.9095700395e-04
 400.5000000000    1.9096953360e-04
 401.0000000000    1.9098282882e-04
 401.5000000000    1.9099693987e-04
 402.0000000000    1.9101185751e-04
 402.5000000000    1.9102753761e-04
 403.0000000000    1.9104392839e-04
 403.5000000000    1.9106098832e-04
 404.0000000000    1.9107869411e-04
 404.5000000000    1.9109704315e-04
 405.0000000000    1.9111604761e-04
 405.5000000000    1.9113571833e-04
 406.0000000000    1.9115604702e-04
 406.5000000000    1.9117699310e-04
 407.0000000000    1.9119847572e-04
 407.5000000000    1.9122036866e-04
 408.0000000000    1.9124250191e-04
 408.5000000000    1.9126467138e-04
 409.0000000000    1.9128665106e-04
 409.5000000000    1.9130820950e-04
 410.0000000000    1.9132913075e-04
 410.5000000000    1.9134923468e-04
 411.0000000000    1.9136839317e-04
 411.5000000000    1.9138654080e-04
 412.0000000000    1.9140368326e-04
 412.5000000000    1.9141989738e-04
 413.0000000000    1.9143531907e-04
 413.5000000000    1.9145013011e-04
 414.0000000000    1.9146454029e-04
 414.5000000000    1.9147876233e-04
 415.0000000000    1.9149299051e-04
 415.5000000000    1.9150738488e-04
 416.0000000000    1.9152206194e-04
 416.5000000000    1.9153709141e-04
 417.0000000000    1.9155249997e-04
 417.5000000000    1.9156828261e-04
 418.0000000000    1.9158441496e-04
 418.5000000000    1.9160086477e-04
 419.0000000000    1.9161760328e-04
 419.5000000000    1.9163461088e-04
 420.0000000000    1.9165187656e-04
 420.5000000000    1.9166939406e-04
 421.0000000000    1.9168715589e-04
 421.5000000000    1.9170514624e-04
 422.0000000000    1.9172333574e-04
 422.5000000000    1.9174167847e-04
 423.0000000000    1.9176011118e-04
 423.5000000000    1.9177856049e-04
 424.0000000000    1.9179695387e-04
 424.5000000000    1.9181523148e-04
 425.0000000000    1.9183334818e-04
 425.5000000000    1.9185128002e-04
 426.0000000000    1.9186902837e-04
 426.5000000000    1.9188661646e-04
 427.0000000000    1.9190408123e-04
 427.5000000000    1.9192146551e-04
 428.0000000000    1.9193880668e-04
 428.5000000000    1.9195612848e-04
 429.0000000000    1.9197343480e-04
 429.5000000000    1.9199070970e-04
 430.0000000000    1.9200791915e-04
 430.5000000000    1.9202501771e-04
 431.0000000000    1.9204195703e-04
 431.5000000000    1.9205869398e-04
 432.0000000000    1.9207519705e-04
 432.5000000000    1.9209145309e-04
 433.0000000000    1.9210746912e-04
 433.5000000000    1.9212326847e-04
 434.0000000000    1.9213888523e-04
 434.5000000000    1.9215436293e-04
 435.0000000000    1.9216974494e-04
 435.5000000000    1.9218506306e-04
 436.0000000000    1.9220033827e-04
 436.5000000000    1.9221558117e-04
 437.0000000000    1.9223078744e-04
 437.5000000000    1.9224594465e-04
 438.0000000000    1.9226103848e-04
 438.5000000000    1.9227605536e-04
 439.0000000000    1.9229098790e-04
 439.5000000000    1.9230583772e-04
 440.0000000000    1.9232061721e-04
 440.5000000000    1.9233535041e-04
 441.0000000000    1.9235007141e-04
 441.5000000000    1.9236481930e-04
 442.0000000000    1.9237963325e-04
 442.5000000000    1.9239454786e-04
 443.0000000000    1.9240958891e-04
 443.5000000000    1.9242477034e-04
 444.0000000000    1.9244009446e-04
 444.5000000000    1.9245555205e-04
 445.0000000000    1.9247112400e-04
 445.5000000000    1.9248678338e-04
 446.0000000000    1.9250249880e-04
 446.5000000000    1.9251823868e-04
 447.0000000000    1.9253397311e-04
 447.5000000000    1.9254967403e-04
 448.0000000000    1.9256531596e-04
 448.5000000000    1.9258088107e-04
 449.0000000000    1.9259636058e-04
 449.5000000000    1.9261174879e-04
 450.0000000000    1.9262704040e-04
 450.5000000000    1.9264223304e-04
 451.0000000000    1.9265732653e-04
 451.5000000000    1.9267232087e-04
 452.0000000000    1.9268721763e-04
 452.5000000000    1.9270201686e-04
 453.0000000000    1.9271671664e-04
 453.5000000000    1.9273131785e-04
 454.0000000000    1.9274582267e-04
 454.5000000000    1.9276023543e-04
 455.0000000000    1.9277455926e-04
 455.5000000000    1.9278879693e-04
 456.0000000000    1.9280295310e-04
 456.5000000000    1.9281703455e-04
 457.0000000000    1.9283105072e-04
 457.5000000000    1.9284501527e-04
 458.0000000000    1.9285894219e-04
 458.5000000000    1.9287284254e-04
 459.0000000000    1.9288672416e-04
 459.5000000000    1.9290059328e-04
 460.0000000000    1.9291445532e-04
 460.5000000000    1.9292831348e-04
 461.0000000000    1.9294216866e-04
 461.5000000000    1.9295602058e-04
 462.0000000000    1.9296987029e-04
 462.5000000000    1.9298371533e-04
 463.0000000000    1.9299755453e-04
 463.5000000000    1.9301138876e-04
 464.0000000000    1.9302521714e-04
 464.5000000000    1.9303903680e-04
 465.0000000000    1.9305284478e-04
 465.5000000000    1.9306663841e-04
 466.0000000000    1.9308041459e-04
 466.5000000000    1.9309416812e-04
 467.0000000000    1.9310789312e-04
 467.5000000000    1.9312158325e-04
 468.0000000000    1.9313523085e-04
 468.5000000000    1.9314882889e-04
 469.0000000000    1.9316237211e-04
 469.5000000000    1.9317585514e-04
 470.0000000000    1.9318927240e-04
 470.5000000000    1.9320262123e-04
 471.0000000000    1.9321590164e-04
 471.5000000000    1.9322911433e-04
 472.0000000000    1.9324226270e-04
 472.5000000000    1.9325535310e-04
 473.0000000000    1.9326839210e-04
 473.5000000000    1.9328138567e-04
 474.0000000000    1.9329434004e-04
 474.5000000000    1.9330726033e-04
 475.0000000000    1.9332014895e-04
 475.5000000000    1.9333300648e-04
 476.0000000000    1.9334583247e-04
 476.5000000000    1.9335862657e-04
 477.0000000000    1.9337139010e-04
 477.5000000000    1.9338412724e-04
 478.0000000000    1.9339684477e-04
 478.5000000000    1.9340954986e-04
 479.0000000000    1.9342224742e-04
 479.5000000000    1.9343494170e-04
 480.0000000000    1.9344763301e-04
 480.5000000000    1.9346031584e-04
 481.0000000000    1.9347298335e-04
 481.5000000000    1.9348563170e-04
 482.0000000000    1.9349825893e-04
 482.5000000000    1.9351086387e-04
 483.0000000000    1.9352344548e-04
 483.5000000000    1.9353600279e-04
 484.0000000000    1.9354853438e-04
 484.5000000000    1.9356103714e-04
 485.0000000000    1.9357350665e-04
 485.5000000000    1.9358593764e-04
 486.0000000000    1.9359832579e-04
 486.5000000000    1.9361067004e-04
 487.0000000000    1.9362297209e-04
 487.5000000000    1.9363523535e-04
 488.0000000000    1.9364746268e-04
 488.5000000000    1.9365965467e-04
 489.0000000000    1.9367180853e-04
 489.5000000000    1.9368392003e-04
 490.0000000000    1.9369598471e-04
 490.5000000000    1.9370800012e-04
 491.0000000000    1.9371996654e-04
 491.5000000000    1.9373188744e-04
 492.0000000000    1.9374376855e-04
 492.5000000000    1.9375561605e-04
 493.0000000000    1.9376743529e-04
 493.5000000000    1.9377922901e-04
 494.0000000000    1.9379099760e-04
 494.5000000000    1.9380274041e-04
 495.0000000000    1.9381445539e-04
 495.5000000000    1.9382613992e-04
 496.0000000000    1.9383779066e-04
 496.5000000000    1.9384940166e-04
 497.0000000000    1.9386096264e-04
 497.5000000000    1.9387245858e-04
 498.0000000000    1.9388387125e-04
 498.5000000000    1.9389518158e-04
 499.0000000000    1.9390637220e-04
 499.5000000000    1.9391743157e-04
 500.0000000000    1.9392835738e-04
 500.5000000000    1.9393916101e-04
 501.0000000000    1.9394987333e-04
 501.5000000000    1.9396054951e-04
 502.0000000000    1.9397127237e-04
 502.5000000000    1.9398215043e-04
 503.0000000000    1.9399331018e-04
 503.5000000000    1.9400488498e-04
 504.0000000000    1.9401699450e-04
 504.5000000000    1.9402971886e-04
 505.0000000000    1.9404307221e-04
 505.5000000000    1.9405697805e-04
 506.0000000000    1.9407125341e-04
 506.5000000000    1.9408560233e-04
 507.0000000000    1.9409962442e-04
 507.5000000000    1.9411283933e-04
 508.0000000000    1.9412472673e-04
 508.5000000000    1.9413478099e-04
 509.0000000000    1.9414257554e-04
 509.5000000000    1.9414782790e-04
 510.0000000000    1.9415045661e-04
 510.5000000000    1.9415061796e-04
 511.0000000000    1.9414871981e-04
 511.5000000000    1.9414540205e-04
 512.0000000000    1.9414147556e-04
 512.5000000000    1.9413784080e-04
 513.0000000000    1.9413539734e-04
 513.5000000000    1.9413494239e-04
 514.0000000000    1.9413708571e-04
 514.5000000000    1.9414219507e-04
 515.0000000000    1.9415037779e-04
 515.5000000000    1.9416149741e-04
 516.0000000000    1.9417521910e-04
 516.5000000000    1.9419107825e-04
 517.0000000000    1.9420855666e-04
 517.5000000000    1.9422714860e-04
 518.0000000000    1.9424641152e-04
 518.5000000000    1.9426599600e-04
 519.0000000000    1.9428564999e-04
 519.5000000000    1.9430519910e-04
 520.0000000000    1.9432451989e-04
 520.5000000000    1.9434350756e-04
 521.0000000000    1.9436205418e-04
 521.5000000000    1.9438004176e-04
 522.0000000000    1.9439734937e-04
 522.5000000000    1.9441386945e-04
 523.0000000000    1.9442952752e-04
 523.5000000000    1.9444429866e-04
 524.0000000000    1.9445821053e-04
 524.5000000000    1.9447133840e-04
 525.0000000000    1.9448378972e-04
 525.5000000000    1.9449568221e-04
 526.0000000000    1.9450712514e-04
 526.5000000000    1.9451820556e-04
 527.0000000000    1.9452897912e-04
 527.5000000000    1.9453947292e-04
 528.0000000000    1.9454969375e-04
 528.5000000000    1.9455963850e-04
 529.0000000000    1.9456930791e-04
 529.5000000000    1.9457871521e-04
 530.0000000000    1.9458789080e-04
 530.5000000000    1.9459688231e-04
 531.0000000000    1.9460574996e-04
 531.5000000000    1.9461455735e-04
 532.0000000000    1.9462336276e-04
 532.5000000000    1.9463221699e-04
 533.0000000000    1.9464115683e-04
 533.5000000000    1.9465020382e-04
 534.0000000000    1.9465936773e-04
 534.5000000000    1.9466864643e-04
 535.0000000000    1.9467802929e-04
 535.5000000000    1.9468750230e-04
 536.0000000000    1.9469705380e-04
 536.5000000000    1.9470667854e-04
 537.0000000000    1.9471638124e-04
 537.5000000000    1.9472618418e-04
 538.0000000000    1.9473612825e-04
 538.5000000000    1.9474627196e-04
 539.0000000000    1.9475668965e-04
 539.5000000000    1.9476746231e-04
 540.0000000000    1.9477866022e-04
 540.5000000000    1.9479032681e-04
 541.0000000000    1.9480245721e-04
 541.5000000000    1.9481497623e-04
 542.0000000000    1.9482772320e-04
 542.5000000000    1.9484044573e-04
 543.0000000000    1.9485280115e-04
 543.5000000000    1.9486438376e-04
 544.0000000000    1.9487476190e-04
 544.5000000000    1.9488352702e-04
 545.0000000000    1.9489036864e-04
 545.5000000000    1.9489514665e-04
 546.0000000000    1.9489795318e-04
 546.5000000000    1.9489916276e-04
 547.0000000000    1.9489945259e-04
 547.5000000000    1.9489977932e-04
 548.0000000000    1.9490131887e-04
 548.5000000000    1.9490536621e-04
 549.0000000000    1.9491320047e-04
 549.5000000000    1.9492592882e-04
 550.0000000000    1.9494433360e-04
 550.5000000000    1.9496874146e-04
 551.0000000000    1.9499894002e-04
 551.5000000000    1.9503415807e-04
 552.0000000000    1.9507311553e-04
 552.5000000000    1.9511414277e-04
 553.0000000000    1.9515535382e-04
 553.5000000000    1.9519484438e-04
 554.0000000000    1.9523088949e-04
 554.5000000000    1.9526211506e-04
 555.0000000000    1.9528761045e-04
 555.5000000000    1.9530697527e-04
 556.0000000000    1.9532029908e-04
 556.5000000000    1.9532807821e-04
 557.0000000000    1.9533108479e-04
 557.5000000000    1.9533022357e-04
 558.0000000000    1.9532639812e-04
 558.5000000000    1.9532040850e-04
 559.0000000000    1.9531290360e-04
 559.5000000000    1.9530438116e-04
 560.0000000000    1.9529522696e-04
 560.5000000000    1.9528577388e-04
 561.0000000000    1.9527635459e-04
 561.5000000000    1.9526733524e-04
 562.0000000000    1.9525911643e-04
 562.5000000000    1.9525209908e-04
 563.0000000000    1.9524663495e-04
 563.5000000000    1.9524297169e-04
 564.0000000000    1.9524121156e-04
 564.5000000000    1.9524129766e-04
 565.0000000000    1.9524303295e-04
 565.5000000000    1.9524613206e-04
 566.0000000000    1.9525028638e-04
 566.5000000000    1.9525523426e-04
 567.0000000000    1.9526081164e-04
 567.5000000000    1.9526697390e-04
 568.0000000000    1.9527378767e-04
 568.5000000000    1.9528139025e-04
 569.0000000000    1.9528993586e-04
 569.5000000000    1.9529953769e-04
 570.0000000000    1.9531022290e-04
 570.5000000000    1.9532190936e-04
 571.0000000000    1.9533440567e-04
 571.5000000000    1.9534743417e-04
 572.0000000000    1.9536066759e-04
 572.5000000000    1.9537377168e-04
 573.0000000000    1.9538644576e-04
 573.5000000000    1.9539845544e-04
 574.0000000000    1.9540964895e-04
 574.5000000000    1.9541996196e-04
 575.0000000000    1.9542941340e-04
 575.5000000000    1.9543808724e-04
 576.0000000000    1.9544610958e-04
 576.5000000000    1.9545362609e-04
 577.0000000000    1.9546078125e-04
 577.5000000000    1.9546769877e-04
 578.0000000000    1.9547447060e-04
 578.5000000000    1.9548115191e-04
 579.0000000000    1.9548776390e-04
 579.5000000000    1.9549430189e-04
 580.0000000000    1.9550074827e-04
 580.5000000000    1.9550708304e-04
 581.0000000000    1.9551329750e-04
 581.5000000000    1.9551939964e-04
 582.0000000000    1.9552541542e-04
 582.5000000000    1.9553139027e-04
 583.0000000000    1.9553737735e-04
 583.5000000000    1.9554343153e-04
 584.0000000000    1.9554960074e-04
 584.5000000000    1.9555591575e-04
 585.0000000000    1.9556239288e-04
 585.5000000000    1.9556903075e-04
 586.0000000000    1.9557581207e-04
 586.5000000000    1.9558271155e-04
 587.0000000000    1.9558969873e-04
 587.5000000000    1.9559674422e-04
 588.0000000000    1.9560382648e-04
 588.5000000000    1.9561093059e-04
 589.0000000000    1.9561804815e-04
 589.5000000000    1.9562517963e-04
 590.0000000000    1.9563232576e-04
 590.5000000000    1.9563949123e-04
 591.0000000000    1.9564668139e-04
 591.5000000000    1.9565389544e-04
 592.0000000000    1.9566113143e-04
 592.5000000000    1.9566838649e-04
 593.0000000000    1.9567565329e-04
 593.5000000000    1.9568292262e-04
 594.0000000000    1.9569018422e-04
 594.5000000000    1.9569742513e-04
 595.0000000000    1.9570463446e-04
 595.5000000000    1.9571180318e-04
 596.0000000000    1.9571892276e-04
 596.5000000000    1.9572598644e-04
 597.0000000000    1.9573298833e-04
 597.5000000000    1.9573992346e-04
 598.0000000000    1.9574678352e-04
 598.5000000000    1.9575355510e-04
 599.0000000000    1.9576021962e-04
 599.5000000000    1.9576675486e-04
 600.0000000000    1.9577313380e-04
 600.5000000000    1.9577932423e-04
 601.0000000000    1.9578529152e-04
 601.5000000000    1.9579100036e-04
 602.0000000000    1.9579642022e-04
 602.5000000000    1.9580152764e-04
 603.0000000000    1.9580630965e-04
 603.5000000000    1.9581076779e-04
 604.0000000000    1.9581491486e-04
 604.5000000000    1.9581878140e-04
 605.0000000000    1.9582241749e-04
 605.5000000000    1.9582588877e-04
 606.0000000000    1.9582927401e-04
 606.5000000000    1.9583266586e-04
 607.0000000000    1.9583616360e-04
 607.5000000000    1.9583987514e-04
 608.0000000000    1.9584390548e-04
 608.5000000000    1.9584835282e-04
 609.0000000000    1.9585330649e-04
 609.5000000000    1.9585884293e-04
 610.0000000000    1.9586501840e-04
 610.5000000000    1.9587186646e-04
 611.0000000000    1.9587940080e-04
 611.5000000000    1.9588761757e-04
 612.0000000000    1.9589649365e-04
 612.5000000000    1.9590599133e-04
 613.0000000000    1.9591606029e-04
 613.5000000000    1.9592664121e-04
 614.0000000000    1.9593767004e-04
 614.5000000000    1.9594907672e-04
 615.0000000000    1.9596078507e-04
 615.5000000000    1.9597271391e-04
 616.0000000000    1.9598477484e-04
 616.5000000000    1.9599687049e-04
 617.0000000000    1.9600889414e-04
 617.5000000000    1.9602072793e-04
 618.0000000000    1.9603224037e-04
 618.5000000000    1.9604329323e-04
 619.0000000000    1.9605374388e-04
 619.5000000000    1.9606345236e-04
 620.0000000000    1.9607228640e-04
 620.5000000000    1.9608013156e-04
 621.0000000000    1.9608690209e-04
 621.5000000000    1.9609254685e-04
 622.0000000000    1.9609705516e-04
 622.5000000000    1.9610046147e-04
 623.0000000000    1.9610284937e-04
 623.5000000000    1.9610434720e-04
 624.0000000000    1.9610512177e-04
 624.5000000000    1.9610537225e-04
 625.0000000000    1.9610531369e-04
 625.5000000000    1.9610516806e-04
 626.0000000000    1.9610514903e-04
 626.5000000000    1.9610544581e-04
 627.0000000000    1.9610621739e-04
 627.5000000000    1.9610758300e-04
 628.0000000000    1.9610961985e-04
 628.5000000000    1.9611236385e-04
 629.0000000000    1.9611581687e-04
 629.5000000000    1.9611995293e-04
 630.0000000000    1.9612472899e-04
 630.5000000000    1.9613009441e-04
 631.0000000000    1.9613600014e-04
 631.5000000000    1.9614240793e-04
 632.0000000000    1.9614929028e-04
 632.5000000000    1.9615662866e-04
 633.0000000000    1.9616441230e-04
 633.5000000000    1.9617262900e-04
 634.0000000000    1.9618125973e-04
 634.5000000000    1.9619027201e-04
 635.0000000000    1.9619961360e-04
 635.5000000000    1.9620920916e-04
 636.0000000000    1.9621895859e-04
 636.5000000000    1.9622874105e-04
 637.0000000000    1.9623842123e-04
 637.5000000000    1.9624785793e-04
 638.0000000000    1.9625691285e-04
 638.5000000000    1.9626546199e-04
 639.0000000000    1.9627340685e-04
 639.5000000000    1.9628068093e-04
 640.0000000000    1.9628726017e-04
 640.5000000000    1.9629316263e-04
 641.0000000000    1.9629844744e-04
 641.5000000000    1.9630321265e-04
 642.0000000000    1.9630758440e-04
 642.5000000000    1.9631170637e-04
 643.0000000000    1.9631573063e-04
 643.5000000000    1.9631980278e-04
 644.0000000000    1.9632405099e-04
 644.5000000000    1.9632858338e-04
 645.0000000000    1.9633347980e-04
 645.5000000000    1.9633879417e-04
 646.0000000000    1.9634455600e-04
 646.5000000000    1.9635077796e-04
 647.0000000000    1.9635746268e-04
 647.5000000000    1.9636460818e-04
 648.0000000000    1.9637220769e-04
 648.5000000000    1.9638025063e-04
 649.0000000000    1.9638872156e-04
 649.5000000000    1.9639759366e-04
 650.0000000000    1.9640682413e-04
 650.5000000000    1.9641634750e-04
 651.0000000000    1.9642606935e-04
 651.5000000000    1.9643586410e-04
 652.0000000000    1.9644557851e-04
 652.5000000000    1.9645503115e-04
 653.0000000000    1.9646402297e-04
 653.5000000000    1.9647234283e-04
 654.0000000000    1.9647977693e-04
 654.5000000000    1.9648612539e-04
 655.0000000000    1.9649120781e-04
 655.5000000000    1.9649487650e-04
 656.0000000000    1.9649702554e-04
 656.5000000000    1.9649759812e-04
 657.0000000000    1.9649659407e-04
 657.5000000000    1.9649407068e-04
 658.0000000000    1.9649014729e-04
 658.5000000000    1.9648500096e-04
 659.0000000000    1.9647886394e-04
 659.5000000000    1.9647201729e-04
 660.0000000000    1.9646478062e-04
 660.5000000000    1.9645750103e-04
 661.0000000000    1.9645053774e-04
 661.5000000000    1.9644424754e-04
 662.0000000000    1.9643896589e-04
 662.5000000000    1.9643499507e-04
 663.0000000000    1.9643258833e-04
 663.5000000000    1.9643194221e-04
 664.0000000000    1.9643318925e-04
 664.5000000000    1.9643639445e-04
 665.0000000000    1.9644155951e-04
 665.5000000000    1.9644862949e-04
 666.0000000000    1.9645749711e-04
 666.5000000000    1.9646801385e-04
 667.0000000000    1.9648000063e-04
 667.5000000000    1.9649325453e-04
 668.0000000000    1.9650755513e-04
 668.5000000000    1.9652266812e-04
 669.0000000000    1.9653834905e-04
 669.5000000000    1.9655434018e-04
 670.0000000000    1.9657037112e-04
 670.5000000000    1.9658616124e-04
 671.0000000000    1.9660141596e-04
 671.5000000000    1.9661583119e-04
 672.0000000000    1.9662910339e-04
 672.5000000000    1.9664093930e-04
 673.0000000000    1.9665107020e-04
 673.5000000000    1.9665926830e-04
 674.0000000000    1.9666536158e-04
 674.5000000000    1.9666925262e-04
 675.0000000000    1.9667093085e-04
 675.5000000000    1.9667047670e-04
 676.0000000000    1.9666806641e-04
 676.5000000000    1.9666396482e-04
 677.0000000000    1.9665851103e-04
 677.5000000000    1.9665210191e-04
 678.0000000000    1.9664516636e-04
 678.5000000000    1.9663813807e-04
 679.0000000000    1.9663143048e-04
 679.5000000000    1.9662540969e-04
 680.0000000000    1.9662037601e-04
 680.5000000000    1.9661655039e-04
 681.0000000000    1.9661406636e-04
 681.5000000000    1.9661297293e-04
 682.0000000000    1.9661324210e-04
 682.5000000000    1.9661478212e-04
 683.0000000000    1.9661745410e-04
 683.5000000000    1.9662109221e-04
 684.0000000000    1.9662552059e-04
 684.5000000000    1.9663056931e-04
 685.0000000000    1.9663608312e-04
 685.5000000000    1.9664192712e-04
 686.0000000000    1.9664798966e-04
 686.5000000000    1.9665417649e-04
 687.0000000000    1.9666040466e-04
 687.5000000000    1.9666659575e-04
 688.0000000000    1.9667266659e-04
 688.5000000000    1.9667852205e-04
 689.0000000000    1.9668405238e-04
 689.5000000000    1.9668912937e-04
 690.0000000000    1.9669360742e-04
 690.5000000000    1.9669732753e-04
 691.0000000000    1.9670012053e-04
 691.5000000000    1.9670181515e-04
 692.0000000000    1.9670224258e-04
 692.5000000000    1.9670124231e-04
 693.0000000000    1.9669866845e-04
 693.5000000000    1.9669439445e-04
 694.0000000000    1.9668831718e-04
 694.5000000000    1.9668036116e-04
 695.0000000000    1.9667048427e-04
 695.5000000000    1.9665868867e-04
 696.0000000000    1.9664502950e-04
 696.5000000000    1.9662962460e-04
 697.0000000000    1.9661266757e-04
 697.5000000000    1.9659443934e-04
 698.0000000000    1.9657531505e-04
 698.5000000000    1.9655576897e-04
 699.0000000000    1.9653636953e-04
 699.5000000000    1.9651776527e-04
 700.0000000000    1.9650066215e-04
