#          time         max mod phi
   0.0000000000    4.9997619404e-02
   0.5000000000    4.9999053910e-02
   1.0000000000    4.9998476233e-02
   1.5000000000    4.9999099420e-02
   2.0000000000    4.9998883889e-02
   2.5000000000    4.9998929556e-02
   3.0000000000    4.9998995877e-02
   3.5000000000    4.9998487344e-02
   4.0000000000    4.9999097214e-02
   4.5000000000    4.9998316789e-02
   5.0000000000    4.9999227280e-02
   5.5000000000    4.9998736723e-02
   6.0000000000    4.9998926130e-02
   6.5000000000    4.9998813729e-02
   7.0000000000    4.9998618865e-02
   7.5000000000    4.9999160218e-02
   8.0000000000    4.9998546049e-02
   8.5000000000    4.9999393995e-02
   9.0000000000    4.9998598528e-02
   9.5000000000    4.9999104585e-02
  10.0000000000    4.9998754415e-02
  10.5000000000    4.9999008644e-02
  11.0000000000    4.9999278611e-02
  11.5000000000    4.9999070830e-02
  12.0000000000    4.9999513721e-02
  12.5000000000    4.9998572781e-02
  13.0000000000    4.9999275302e-02
  13.5000000000    4.9998545853e-02
  14.0000000000    4.9999369289e-02
  14.5000000000    4.9999188692e-02
  15.0000000000    4.9999514457e-02
  15.5000000000    4.9999429683e-02
  16.0000000000    4.9999084185e-02
  16.5000000000    4.9999302233e-02
  17.0000000000    4.9998734755e-02
  17.5000000000    4.9999571573e-02
  18.0000000000    4.9998794057e-02
  18.5000000000    4.9999782134e-02
  19.0000000000    4.9999052169e-02
  19.5000000000    4.9999456562e-02
  20.0000000000    4.9999077017e-02
  20.5000000000    4.9999311374e-02
  21.0000000000    4.9999486136e-02
  21.5000000000    4.9999445214e-02
  22.0000000000    4.9999760469e-02
  22.5000000000    4.9999077765e-02
  23.0000000000    4.9999579074e-02
  23.5000000000    4.9998589649e-02
  24.0000000000    4.9999634569e-02
  24.5000000000    4.9999017494e-02
  25.0000000000    4.9999905890e-02
  25.5000000000    4.9999399690e-02
  26.0000000000    4.9999600700e-02
  26.5000000000    4.9999326847e-02
  27.0000000000    4.9999304455e-02
  27.5000000000    4.9999524807e-02
  28.0000000000    4.9999330297e-02
  28.5000000000    4.9999835859e-02
  29.0000000000    4.9999144971e-02
  29.5000000000    4.9999731233e-02
  30.0000000000    4.9998645373e-02
  30.5000000000    4.9999623645e-02
  31.0000000000    4.9998973560e-02
  31.5000000000    4.9999790499e-02
  32.0000000000    4.9999369093e-02
  32.5000000000    4.9999695623e-02
  33.0000000000    4.9999393195e-02
  33.5000000000    4.9999382795e-02
  34.0000000000    4.9999451874e-02
  34.5000000000    4.9999315864e-02
  35.0000000000    4.9999734086e-02
  35.5000000000    4.9999202124e-02
  36.0000000000    4.9999745735e-02
  36.5000000000    4.9998784444e-02
  37.0000000000    4.9999604331e-02
  37.5000000000    4.9998751418e-02
  38.0000000000    4.9999689840e-02
  38.5000000000    4.9999146279e-02
  39.0000000000    4.9999687452e-02
  39.5000000000    4.9999266660e-02
  40.0000000000    4.9999415274e-02
  40.5000000000    4.9999303930e-02
  41.0000000000    4.9999265737e-02
  41.5000000000    4.9999537831e-02
  42.0000000000    4.9999194047e-02
  42.5000000000    4.9999635632e-02
  43.0000000000    4.9998853501e-02
  43.5000000000    4.9999520605e-02
  44.0000000000    4.9998480743e-02
  44.5000000000    4.9999545272e-02
  45.0000000000    4.9998863770e-02
  45.5000000000    4.9999584685e-02
  46.0000000000    4.9999082247e-02
  46.5000000000    4.9999373493e-02
  47.0000000000    4.9999119864e-02
  47.5000000000    4.9999150714e-02
  48.0000000000    4.9999311121e-02
  48.5000000000    4.9999073203e-02
  49.0000000000    4.9999472278e-02
  49.5000000000    4.9998768807e-02
  50.0000000000    4.9999369379e-02
  50.5000000000    4.9998331821e-02
  51.0000000000    4.9999335670e-02
  51.5000000000    4.9998631220e-02
  52.0000000000    4.9999383417e-02
  52.5000000000    4.9998908971e-02
  53.0000000000    4.9999178786e-02
  53.5000000000    4.9998945044e-02
  54.0000000000    4.9998886349e-02
  54.5000000000    4.9999084177e-02
  55.0000000000    4.9998750021e-02
  55.5000000000    4.9999269823e-02
  56.0000000000    4.9998460901e-02
  56.5000000000    4.9999175968e-02
  57.0000000000    4.9998146804e-02
  57.5000000000    4.9999038802e-02
  58.0000000000    4.9998445511e-02
  58.5000000000    4.9999068428e-02
  59.0000000000    4.9998760278e-02
  59.5000000000    4.9998907094e-02
  60.0000000000    4.9998779471e-02
  60.5000000000    4.9998532716e-02
  61.0000000000    4.9998804059e-02
  61.5000000000    4.9998324183e-02
  62.0000000000    4.9998996820e-02
  62.5000000000    4.9998088495e-02
  63.0000000000    4.9998951692e-02
  63.5000000000    4.9998033866e-02
  64.0000000000    4.9998702818e-02
  64.5000000000    4.9998233376e-02
  65.0000000000    4.9998641415e-02
  65.5000000000    4.9998589115e-02
  66.0000000000    4.9998518276e-02
  66.5000000000    4.9998668887e-02
  67.0000000000    4.9998045358e-02
  67.5000000000    4.9998553812e-02
  68.0000000000    4.9997615271e-02
  68.5000000000    4.9998642656e-02
  69.0000000000    4.9997968952e-02
  69.5000000000    4.9998634021e-02
  70.0000000000    4.9998177630e-02
  70.5000000000    4.9998257665e-02
  71.0000000000    4.9998196229e-02
  71.5000000000    4.9997937606e-02
  72.0000000000    4.9998431158e-02
  72.5000000000    4.9997734423e-02
  73.0000000000    4.9998535517e-02
  73.5000000000    4.9997586733e-02
  74.0000000000    4.9998254839e-02
  74.5000000000    4.9997741469e-02
  75.0000000000    4.9998042565e-02
  75.5000000000    4.9998111720e-02
  76.0000000000    4.9997923409e-02
  76.5000000000    4.9998316618e-02
  77.0000000000    4.9997404650e-02
  77.5000000000    4.9998118126e-02
  78.0000000000    4.9997274747e-02
  78.5000000000    4.9997997673e-02
  79.0000000000    4.9997770204e-02
  79.5000000000    4.9997953477e-02
  80.0000000000    4.9998071256e-02
  80.5000000000    4.9997473112e-02
  81.0000000000    4.9997939255e-02
  81.5000000000    4.9996887704e-02
  82.0000000000    4.9997878769e-02
  82.5000000000    4.9997477722e-02
  83.0000000000    4.9997876317e-02
  83.5000000000    4.9997846507e-02
  84.0000000000    4.9997408454e-02
  84.5000000000    4.9997761919e-02
  85.0000000000    4.9996704578e-02
  85.5000000000    4.9997732854e-02
  86.0000000000    4.9997289896e-02
  86.5000000000    4.9997736017e-02
  87.0000000000    4.9997690800e-02
  87.5000000000    4.9997240197e-02
  88.0000000000    4.9997612469e-02
  88.5000000000    4.9996547814e-02
  89.0000000000    4.9997574515e-02
  89.5000000000    4.9997224218e-02
  90.0000000000    4.9997531334e-02
  90.5000000000    4.9997608275e-02
  91.0000000000    4.9996960451e-02
  91.5000000000    4.9997488494e-02
  92.0000000000    4.9996621298e-02
  92.5000000000    4.9997380643e-02
  93.0000000000    4.9997257089e-02
  93.5000000000    4.9997233646e-02
  94.0000000000    4.9997565267e-02
  94.5000000000    4.9996519464e-02
  95.0000000000    4.9997340074e-02
  95.5000000000    4.9996806592e-02
  96.0000000000    4.9997091120e-02
  96.5000000000    4.9997327376e-02
  97.0000000000    4.9996754361e-02
  97.5000000000    4.9997480408e-02
  98.0000000000    4.9996727215e-02
  98.5000000000    4.9997076282e-02
  99.0000000000    4.9997017793e-02
  99.5000000000    4.9996604129e-02
 100.0000000000    4.9997336175e-02
 100.5000000000    4.9996674027e-02
 101.0000000000    4.9997240010e-02
 101.5000000000    4.9997059551e-02
 102.0000000000    4.9996547954e-02
 102.5000000000    4.9997092491e-02
 103.0000000000    4.9996402626e-02
 103.5000000000    4.9997097648e-02
 104.0000000000    4.9997107410e-02
 104.5000000000    4.9996637747e-02
 105.0000000000    4.9997164133e-02
 105.5000000000    4.9996387107e-02
 106.0000000000    4.9996823241e-02
 106.5000000000    4.9996912236e-02
 107.0000000000    4.9996392046e-02
 107.5000000000    4.9997209145e-02
 108.0000000000    4.9996674880e-02
 108.5000000000    4.9996814776e-02
 109.0000000000    4.9996927671e-02
 109.5000000000    4.9995968543e-02
 110.0000000000    4.9996966960e-02
 110.5000000000    4.9996776684e-02
 111.0000000000    4.9996693809e-02
 111.5000000000    4.9997134186e-02
 112.0000000000    4.9996295303e-02
 112.5000000000    4.9996793480e-02
 113.0000000000    4.9996776197e-02
 113.5000000000    4.9996156803e-02
 114.0000000000    4.9997025878e-02
 114.5000000000    4.9996687258e-02
 115.0000000000    4.9996654233e-02
 115.5000000000    4.9996960679e-02
 116.0000000000    4.9996112252e-02
 116.5000000000    4.9996689026e-02
 117.0000000000    4.9996776361e-02
 117.5000000000    4.9996095649e-02
 118.0000000000    4.9996994392e-02
 118.5000000000    4.9996703542e-02
 119.0000000000    4.9996393877e-02
 119.5000000000    4.9996869259e-02
 120.0000000000    4.9996304062e-02
 120.5000000000    4.9996600226e-02
 121.0000000000    4.9996967864e-02
 121.5000000000    4.9996230877e-02
 122.0000000000    4.9996885559e-02
 122.5000000000    4.9996877331e-02
 123.0000000000    4.9995958078e-02
 123.5000000000    4.9996857379e-02
 124.0000000000    4.9996773104e-02
 124.5000000000    4.9996314979e-02
 125.0000000000    4.9997078858e-02
 125.5000000000    4.9996761520e-02
 126.0000000000    4.9996438656e-02
 126.5000000000    4.9996960838e-02
 127.0000000000    4.9996533769e-02
 127.5000000000    4.9996531617e-02
 128.0000000000    4.9997050731e-02
 128.5000000000    4.9996562159e-02
 129.0000000000    4.9996641437e-02
 129.5000000000    4.9996969507e-02
 130.0000000000    4.9996358721e-02
 130.5000000000    4.9996562037e-02
 131.0000000000    4.9996947729e-02
 131.5000000000    4.9996409931e-02
 132.0000000000    4.9996659966e-02
 132.5000000000    4.9996972304e-02
 133.0000000000    4.9996359501e-02
 133.5000000000    4.9996536211e-02
 134.0000000000    4.9996916298e-02
 134.5000000000    4.9996445671e-02
 135.0000000000    4.9996598744e-02
 135.5000000000    4.9997042092e-02
 136.0000000000    4.9996588994e-02
 136.5000000000    4.9996498940e-02
 137.0000000000    4.9997007507e-02
 137.5000000000    4.9996713640e-02
 138.0000000000    4.9996468697e-02
 138.5000000000    4.9997151727e-02
 139.0000000000    4.9996983878e-02
 139.5000000000    4.9996354197e-02
 140.0000000000    4.9997114141e-02
 140.5000000000    4.9997100792e-02
 141.0000000000    4.9996336071e-02
 141.5000000000    4.9997144262e-02
 142.0000000000    4.9997358527e-02
 142.5000000000    4.9996768974e-02
 143.0000000000    4.9997005156e-02
 143.5000000000    4.9997372454e-02
 144.0000000000    4.9997025898e-02
 144.5000000000    4.9996761227e-02
 145.0000000000    4.9997443758e-02
 145.5000000000    4.9997374133e-02
 146.0000000000    4.9996549868e-02
 146.5000000000    4.9997242379e-02
 147.0000000000    4.9997406633e-02
 147.5000000000    4.9996919282e-02
 148.0000000000    4.9996938696e-02
 148.5000000000    4.9997487937e-02
 149.0000000000    4.9997328063e-02
 149.5000000000    4.9996464003e-02
 150.0000000000    4.9997187633e-02
 150.5000000000    4.9997346270e-02
 151.0000000000    4.9996917592e-02
 151.5000000000    4.9996785319e-02
 152.0000000000    4.9997396706e-02
 152.5000000000    4.9997344012e-02
 153.0000000000    4.9996638861e-02
 153.5000000000    4.9996942067e-02
 154.0000000000    4.9997289836e-02
 154.5000000000    4.9997112396e-02
 155.0000000000    4.9996396458e-02
 155.5000000000    4.9997216599e-02
 156.0000000000    4.9997454052e-02
 156.5000000000    4.9997089430e-02
 157.0000000000    4.9996482140e-02
 157.5000000000    4.9997188710e-02
 158.0000000000    4.9997425294e-02
 158.5000000000    4.9997170392e-02
 159.0000000000    4.9996793275e-02
 159.5000000000    4.9997472475e-02
 160.0000000000    4.9997595787e-02
 160.5000000000    4.9997226684e-02
 161.0000000000    4.9996729864e-02
 161.5000000000    4.9997505779e-02
 162.0000000000    4.9997833211e-02
 162.5000000000    4.9997662266e-02
 163.0000000000    4.9996966800e-02
 163.5000000000    4.9997635970e-02
 164.0000000000    4.9997908917e-02
 164.5000000000    4.9997800927e-02
 165.0000000000    4.9997334214e-02
 165.5000000000    4.9997696016e-02
 166.0000000000    4.9998232003e-02
 166.5000000000    4.9998279721e-02
 167.0000000000    4.9997866138e-02
 167.5000000000    4.9997384425e-02
 168.0000000000    4.9998030874e-02
 168.5000000000    4.9998361576e-02
 169.0000000000    4.9998345096e-02
 169.5000000000    4.9997924874e-02
 170.0000000000    4.9997955568e-02
 170.5000000000    4.9998377425e-02
 171.0000000000    4.9998443975e-02
 171.5000000000    4.9998229415e-02
 172.0000000000    4.9997760204e-02
 172.5000000000    4.9998052020e-02
 173.0000000000    4.9998552918e-02
 173.5000000000    4.9998651972e-02
 174.0000000000    4.9998371833e-02
 174.5000000000    4.9997786858e-02
 175.0000000000    4.9997760966e-02
 175.5000000000    4.9998275427e-02
 176.0000000000    4.9998546893e-02
 176.5000000000    4.9998509231e-02
 177.0000000000    4.9998118621e-02
 177.5000000000    4.9997483496e-02
 178.0000000000    4.9997930064e-02
 178.5000000000    4.9998188003e-02
 179.0000000000    4.9998295347e-02
 179.5000000000    4.9998219399e-02
 180.0000000000    4.9997887548e-02
 180.5000000000    4.9997536140e-02
 181.0000000000    4.9997920324e-02
 181.5000000000    4.9998075460e-02
 182.0000000000    4.9998093964e-02
 182.5000000000    4.9998018006e-02
 183.0000000000    4.9997812932e-02
 183.5000000000    4.9997399655e-02
 184.0000000000    4.9997744422e-02
 184.5000000000    4.9997991421e-02
 185.0000000000    4.9998050949e-02
 185.5000000000    4.9998020560e-02
 186.0000000000    4.9997944447e-02
 186.5000000000    4.9997785401e-02
 187.0000000000    4.9997458025e-02
 187.5000000000    4.9997726445e-02
 188.0000000000    4.9997989577e-02
 188.5000000000    4.9998101412e-02
 189.0000000000    4.9998162547e-02
 189.5000000000    4.9998217144e-02
 190.0000000000    4.9998225181e-02
 190.5000000000    4.9998096762e-02
 191.0000000000    4.9997766263e-02
 191.5000000000    4.9997809389e-02
 192.0000000000    4.9998065299e-02
 192.5000000000    4.9998300552e-02
 193.0000000000    4.9998557896e-02
 193.5000000000    4.9998794451e-02
 194.0000000000    4.9998918821e-02
 194.5000000000    4.9998864629e-02
 195.0000000000    4.9998645231e-02
 195.5000000000    4.9998347847e-02
 196.0000000000    4.9998071688e-02
 196.5000000000    4.9998231135e-02
 197.0000000000    4.9998695513e-02
 197.5000000000    4.9999064216e-02
 198.0000000000    4.9999272611e-02
 198.5000000000    4.9999334190e-02
 199.0000000000    4.9999333145e-02
 199.5000000000    4.9999363737e-02
 200.0000000000    4.9999462974e-02
 200.5000000000    4.9999587322e-02
 201.0000000000    4.9999649689e-02
 201.5000000000    4.9999588220e-02
 202.0000000000    4.9999415477e-02
 202.5000000000    4.9999209802e-02
 203.0000000000    4.9999058512e-02
 203.5000000000    4.9998995647e-02
 204.0000000000    4.9998980043e-02
 204.5000000000    4.9999146188e-02
 205.0000000000    4.9999287182e-02
 205.5000000000    4.9999321837e-02
 206.0000000000    4.9999320863e-02
 206.5000000000    4.9999362915e-02
 207.0000000000    4.9999477582e-02
 207.5000000000    4.9999626452e-02
 208.0000000000    4.9999734947e-02
 208.5000000000    4.9999749754e-02
 209.0000000000    4.9999678408e-02
 209.5000000000    4.9999582252e-02
 210.0000000000    4.9999530289e-02
 210.5000000000    4.9999548582e-02
 211.0000000000    4.9999603272e-02
 211.5000000000    4.9999627682e-02
 212.0000000000    4.9999572266e-02
 212.5000000000    4.9999439981e-02
 213.0000000000    4.9999281572e-02
 213.5000000000    4.9999155957e-02
 214.0000000000    4.9999086110e-02
 214.5000000000    4.9999042690e-02
 215.0000000000    4.9998966192e-02
 215.5000000000    4.9998810168e-02
 216.0000000000    4.9998572689e-02
 216.5000000000    4.9998506219e-02
 217.0000000000    4.9998595912e-02
 217.5000000000    4.9998741378e-02
 218.0000000000    4.9998918320e-02
 218.5000000000    4.9999073806e-02
 219.0000000000    4.9999162732e-02
 219.5000000000    4.9999176838e-02
 220.0000000000    4.9999145394e-02
 220.5000000000    4.9999107772e-02
 221.0000000000    4.9999080750e-02
 221.5000000000    4.9999042083e-02
 222.0000000000    4.9998943466e-02
 222.5000000000    4.9998741036e-02
 223.0000000000    4.9998421276e-02
 223.5000000000    4.9998251823e-02
 224.0000000000    4.9998560184e-02
 224.5000000000    4.9998845722e-02
 225.0000000000    4.9999087292e-02
 225.5000000000    4.9999239150e-02
 226.0000000000    4.9999257096e-02
 226.5000000000    4.9999122289e-02
 227.0000000000    4.9998846089e-02
 227.5000000000    4.9998451510e-02
 228.0000000000    4.9998774170e-02
 228.5000000000    4.9999229271e-02
 229.0000000000    4.9999538456e-02
 229.5000000000    4.9999656115e-02
 230.0000000000    4.9999559576e-02
 230.5000000000    4.9999253499e-02
 231.0000000000    4.9998963812e-02
 231.5000000000    4.9999580625e-02
 232.0000000000    5.0000014648e-02
 232.5000000000    5.0000216101e-02
 233.0000000000    5.0000136254e-02
 233.5000000000    4.9999749548e-02
 234.0000000000    4.9999983152e-02
 234.5000000000    5.0000524579e-02
 235.0000000000    5.0000802194e-02
 235.5000000000    5.0000781309e-02
 236.0000000000    5.0000405289e-02
 236.5000000000    5.0000937305e-02
 237.0000000000    5.0001445540e-02
 237.5000000000    5.0001553974e-02
 238.0000000000    5.0001268093e-02
 238.5000000000    5.0001405945e-02
 239.0000000000    5.0002151801e-02
 239.5000000000    5.0002421107e-02
 240.0000000000    5.0002154172e-02
 240.5000000000    5.0002356215e-02
 241.0000000000    5.0003010354e-02
 241.5000000000    5.0003136557e-02
 242.0000000000    5.0002712544e-02
 242.5000000000    5.0003626739e-02
 243.0000000000    5.0004146281e-02
 243.5000000000    5.0003955979e-02
 244.0000000000    5.0004241878e-02
 244.5000000000    5.0004929631e-02
 245.0000000000    5.0004910207e-02
 245.5000000000    5.0005075706e-02
 246.0000000000    5.0006019518e-02
 246.5000000000    5.0006105104e-02
 247.0000000000    5.0006329147e-02
 247.5000000000    5.0007157618e-02
 248.0000000000    5.0007048803e-02
 248.5000000000    5.0007677791e-02
 249.0000000000    5.0008447238e-02
 249.5000000000    5.0008191969e-02
 250.0000000000    5.0009556864e-02
 250.5000000000    5.0009894284e-02
 251.0000000000    5.0010252799e-02
 251.5000000000    5.0011187315e-02
 252.0000000000    5.0010923863e-02
 252.5000000000    5.0012550533e-02
 253.0000000000    5.0012907681e-02
 253.5000000000    5.0014027370e-02
 254.0000000000    5.0014735137e-02
 254.5000000000    5.0015383975e-02
 255.0000000000    5.0016411920e-02
 255.5000000000    5.0016940087e-02
 256.0000000000    5.0018402648e-02
 256.5000000000    5.0019016677e-02
 257.0000000000    5.0020676212e-02
 257.5000000000    5.0021283471e-02
 258.0000000000    5.0022864677e-02
 258.5000000000    5.0023630826e-02
 259.0000000000    5.0025213484e-02
 259.5000000000    5.0026481518e-02
 260.0000000000    5.0027992995e-02
 260.5000000000    5.0029724807e-02
 261.0000000000    5.0030737142e-02
 261.5000000000    5.0032830586e-02
 262.0000000000    5.0033689151e-02
 262.5000000000    5.0035913459e-02
 263.0000000000    5.0037622400e-02
 263.5000000000    5.0039166848e-02
 264.0000000000    5.0041633741e-02
 264.5000000000    5.0043047929e-02
 265.0000000000    5.0044992309e-02
 265.5000000000    5.0047087707e-02
 266.0000000000    5.0048411519e-02
 266.5000000000    5.0050629617e-02
 267.0000000000    5.0052937977e-02
 267.5000000000    5.0054507426e-02
 268.0000000000    5.0056267382e-02
 268.5000000000    5.0058401691e-02
 269.0000000000    5.0059825633e-02
 269.5000000000    5.0060660729e-02
 270.0000000000    5.0062513661e-02
 270.5000000000    5.0064100603e-02
 271.0000000000    5.0065049773e-02
 271.5000000000    5.0065288245e-02
 272.0000000000    5.0065702470e-02
 272.5000000000    5.0065951279e-02
 273.0000000000    5.0065483540e-02
 273.5000000000    5.0064335001e-02
 274.0000000000    5.0062465663e-02
 274.5000000000    5.0060093650e-02
 275.0000000000    5.0057501551e-02
 275.5000000000    5.0053727505e-02
 276.0000000000    5.0048701735e-02
 276.5000000000    5.0042388106e-02
 277.0000000000    5.0034730568e-02
 277.5000000000    5.0025601780e-02
 278.0000000000    5.0014788443e-02
 278.5000000000    5.0002243727e-02
 279.0000000000    4.9987857966e-02
 279.5000000000    4.9970953162e-02
 280.0000000000    4.9951321718e-02
 280.5000000000    4.9928742351e-02
 281.0000000000    4.9902928389e-02
 281.5000000000    4.9873499284e-02
 282.0000000000    4.9839992216e-02
 282.5000000000    4.9801902777e-02
 283.0000000000    4.9758725520e-02
 283.5000000000    4.9709966253e-02
 284.0000000000    4.9655116905e-02
 284.5000000000    4.9593608655e-02
 285.0000000000    4.9524771470e-02
 285.5000000000    4.9447823150e-02
 286.0000000000    4.9361891712e-02
 286.5000000000    4.9266053860e-02
 287.0000000000    4.9159540437e-02
 287.5000000000    4.9041582226e-02
 288.0000000000    4.8910846340e-02
 288.5000000000    4.8766201773e-02
 289.0000000000    4.8606376642e-02
 289.5000000000    4.8429958374e-02
 290.0000000000    4.8235424030e-02
 290.5000000000    4.8021178732e-02
 291.0000000000    4.7786874618e-02
 291.5000000000    4.7530033577e-02
 292.0000000000    4.7248568530e-02
 292.5000000000    4.6941562605e-02
 293.0000000000    4.6607626042e-02
 293.5000000000    4.6243606055e-02
 294.0000000000    4.5849805994e-02
 294.5000000000    4.5423128156e-02
 295.0000000000    4.4962411304e-02
 295.5000000000    4.4876247685e-02
 296.0000000000    4.6741988111e-02
 296.5000000000    4.8678946272e-02
 297.0000000000    5.0688540071e-02
 297.5000000000    5.2772117927e-02
 298.0000000000    5.4930973044e-02
 298.5000000000    5.7166348397e-02
 299.0000000000    5.9479443921e-02
 299.5000000000    6.1871446486e-02
 300.0000000000    6.4343596567e-02
 300.5000000000    6.6897292905e-02
 301.0000000000    6.9534224013e-02
 301.5000000000    7.2256513314e-02
 302.0000000000    7.5066869331e-02
 302.5000000000    7.7968747089e-02
 303.0000000000    8.0966531033e-02
 303.5000000000    8.4065748641e-02
 304.0000000000    8.7273312243e-02
 304.5000000000    9.0597771559e-02
 305.0000000000    9.4049548756e-02
 305.5000000000    9.7641124799e-02
 306.0000000000    1.0138714790e-01
 306.5000000000    1.0530443919e-01
 307.0000000000    1.0941187007e-01
 307.5000000000    1.1373007831e-01
 308.0000000000    1.1828097870e-01
 308.5000000000    1.2308701102e-01
 309.0000000000    1.2817005949e-01
 309.5000000000    1.3354997539e-01
 310.0000000000    1.3924264524e-01
 310.5000000000    1.4525756807e-01
 311.0000000000    1.5159495354e-01
 311.5000000000    1.5824242875e-01
 312.0000000000    1.6517156934e-01
 312.5000000000    1.7233464438e-01
 313.0000000000    1.7966217633e-01
 313.5000000000    1.8706209867e-01
 314.0000000000    1.9442133493e-01
 314.5000000000    2.0161037415e-01
 315.0000000000    2.0849079145e-01
 315.5000000000    2.1492472128e-01
 316.0000000000    2.2078414192e-01
 316.5000000000    2.2595580874e-01
 317.0000000000    2.3033215085e-01
 317.5000000000    2.3376787685e-01
 318.0000000000    2.3598075573e-01
 318.5000000000    2.3642100843e-01
 319.0000000000    2.3422857372e-01
 319.5000000000    2.2842152199e-01
 320.0000000000    2.1829368406e-01
 320.5000000000    2.0378283276e-01
 321.0000000000    1.8556841065e-01
 321.5000000000    1.6487072388e-01
 322.0000000000    1.4310994181e-01
 322.5000000000    1.2160186377e-01
 323.0000000000    1.0137872603e-01
 323.5000000000    8.3134965059e-02
 324.0000000000    7.0273555407e-02
 324.5000000000    6.5628631364e-02
 325.0000000000    6.2803889578e-02
 325.5000000000    6.0426234636e-02
 326.0000000000    5.8364300807e-02
 326.5000000000    5.6532689533e-02
 327.0000000000    5.4879380365e-02
 327.5000000000    5.3372027635e-02
 328.0000000000    5.2171288013e-02
 328.5000000000    5.1145747310e-02
 329.0000000000    5.0132500937e-02
 329.5000000000    4.9111415563e-02
 330.0000000000    4.8065926968e-02
 330.5000000000    4.6985378334e-02
 331.0000000000    4.5865686311e-02
 331.5000000000    4.4708354972e-02
 332.0000000000    4.3518466184e-02
 332.5000000000    4.2302496594e-02
 333.0000000000    4.1066674212e-02
 333.5000000000    3.9816230306e-02
 334.0000000000    3.8555500269e-02
 334.5000000000    3.7288530717e-02
 335.0000000000    3.6019743864e-02
 335.5000000000    3.4754295869e-02
 336.0000000000    3.3497975644e-02
 336.5000000000    3.2256721948e-02
 337.0000000000    3.1035994881e-02
 337.5000000000    2.9840270704e-02
 338.0000000000    2.8672840600e-02
 338.5000000000    2.7535939011e-02
 339.0000000000    2.6505660573e-02
 339.5000000000    2.5704707215e-02
 340.0000000000    2.4906696693e-02
 340.5000000000    2.4114105386e-02
 341.0000000000    2.3328834007e-02
 341.5000000000    2.2552491797e-02
 342.0000000000    2.1786647827e-02
 342.5000000000    2.1032936024e-02
 343.0000000000    2.0292990604e-02
 343.5000000000    1.9568280348e-02
 344.0000000000    1.8859953903e-02
 344.5000000000    1.8168785708e-02
 345.0000000000    1.7495243196e-02
 345.5000000000    1.6839625271e-02
 346.0000000000    1.6202189333e-02
 346.5000000000    1.5583203452e-02
 347.0000000000    1.4982913437e-02
 347.5000000000    1.4401464991e-02
 348.0000000000    1.3838839796e-02
 348.5000000000    1.3294845224e-02
 349.0000000000    1.2769158168e-02
 349.5000000000    1.2261391569e-02
 350.0000000000    1.1771145703e-02
 350.5000000000    1.1298024546e-02
 351.0000000000    1.0841623206e-02
 351.5000000000    1.0401507640e-02
 352.0000000000    9.9772052879e-03
 352.5000000000    9.5682113479e-03
 353.0000000000    9.1740033288e-03
 353.5000000000    8.7940545450e-03
 354.0000000000    8.4278435417e-03
 354.5000000000    8.2032138769e-03
 355.0000000000    8.0082225734e-03
 355.5000000000    7.8257254790e-03
 356.0000000000    7.6545466418e-03
 356.5000000000    7.4936546183e-03
 357.0000000000    7.3421490580e-03
 357.5000000000    7.1992101130e-03
 358.0000000000    7.0640485641e-03
 358.5000000000    6.9358911485e-03
 359.0000000000    6.8140081766e-03
 359.5000000000    6.6977590314e-03
 360.0000000000    6.5866188042e-03
 360.5000000000    6.4801634972e-03
 361.0000000000    6.3780224176e-03
 361.5000000000    6.2798299928e-03
 362.0000000000    6.1852079656e-03
 362.5000000000    6.0937860134e-03
 363.0000000000    6.0052391233e-03
 363.5000000000    5.9193095929e-03
 364.0000000000    5.8357948822e-03
 364.5000000000    5.7545090724e-03
 365.0000000000    5.6752486407e-03
 365.5000000000    5.5977851106e-03
 366.0000000000    5.5218889476e-03
 366.5000000000    5.4473630270e-03
 367.0000000000    5.3740576214e-03
 367.5000000000    5.3018544774e-03
 368.0000000000    5.2306333019e-03
 368.5000000000    5.1602474307e-03
 369.0000000000    5.0905276541e-03
 369.5000000000    5.0213101029e-03
 370.0000000000    4.9524647857e-03
 370.5000000000    4.8839013798e-03
 371.0000000000    4.8155478235e-03
 371.5000000000    4.7473199221e-03
 372.0000000000    4.6791076639e-03
 372.5000000000    4.6107901302e-03
 373.0000000000    4.5422672950e-03
 373.5000000000    4.4734831985e-03
 374.0000000000    4.4044219867e-03
 374.5000000000    4.3350804788e-03
 375.0000000000    4.2654402162e-03
 375.5000000000    4.1954620159e-03
 376.0000000000    4.1251073579e-03
 376.5000000000    4.0543688249e-03
 377.0000000000    3.9832838781e-03
 377.5000000000    3.9119199883e-03
 378.0000000000    3.8403422299e-03
 378.5000000000    3.7685887091e-03
 379.0000000000    3.6966727701e-03
 379.5000000000    3.6246092165e-03
 380.0000000000    3.5524421876e-03
 380.5000000000    3.4802509904e-03
 381.0000000000    3.4081285889e-03
 381.5000000000    3.3361496246e-03
 382.0000000000    3.2643535027e-03
 382.5000000000    3.1927559946e-03
 383.0000000000    3.1213794694e-03
 383.5000000000    3.0502766277e-03
 384.0000000000    2.9795283325e-03
 384.5000000000    2.9092174612e-03
 385.0000000000    2.8394000621e-03
 385.5000000000    2.7700974244e-03
 386.0000000000    2.7013151426e-03
 386.5000000000    2.6330731016e-03
 387.0000000000    2.5654217267e-03
 387.5000000000    2.4984312641e-03
 388.0000000000    2.4321633766e-03
 388.5000000000    2.3666486890e-03
 389.0000000000    2.3018881745e-03
 389.5000000000    2.2378766311e-03
 390.0000000000    2.1746285735e-03
 390.5000000000    2.1121850709e-03
 391.0000000000    2.0505962996e-03
 391.5000000000    1.9898944750e-03
 392.0000000000    1.9300795780e-03
 392.5000000000    1.8711292424e-03
 393.0000000000    1.8130240333e-03
 393.5000000000    1.7557673650e-03
 394.0000000000    1.6993840024e-03
 394.5000000000    1.6438991398e-03
 395.0000000000    1.5893163077e-03
 395.5000000000    1.5356124093e-03
 396.0000000000    1.4827539948e-03
 396.5000000000    1.4307208752e-03
 397.0000000000    1.3795177559e-03
 397.5000000000    1.3366578292e-03
 398.0000000000    1.3186637776e-03
 398.5000000000    1.3014163024e-03
 399.0000000000    1.2848665000e-03
 399.5000000000    1.2689513393e-03
 400.0000000000    1.2536018175e-03
 400.5000000000    1.2387588268e-03
 401.0000000000    1.2243897468e-03
 401.5000000000    1.2104804603e-03
 402.0000000000    1.1969887142e-03
 402.5000000000    1.1839174905e-03
 403.0000000000    1.1712039865e-03
 403.5000000000    1.1588316925e-03
 404.0000000000    1.1467789306e-03
 404.5000000000    1.1350236559e-03
 405.0000000000    1.1235587720e-03
 405.5000000000    1.1123760185e-03
 406.0000000000    1.1014648737e-03
 406.5000000000    1.0907998635e-03
 407.0000000000    1.0803655906e-03
 407.5000000000    1.0701511872e-03
 408.0000000000    1.0601498957e-03
 408.5000000000    1.0503560185e-03
 409.0000000000    1.0407629719e-03
 409.5000000000    1.0313642392e-03
 410.0000000000    1.0221521922e-03
 410.5000000000    1.0131119764e-03
 411.0000000000    1.0042351065e-03
 411.5000000000    9.9551599188e-04
 412.0000000000    9.8695166184e-04
 412.5000000000    9.7854846023e-04
 413.0000000000    9.7029552577e-04
 413.5000000000    9.6218237651e-04
 414.0000000000    9.5419827920e-04
 414.5000000000    9.4635408188e-04
 415.0000000000    9.3862935079e-04
 415.5000000000    9.3102354077e-04
 416.0000000000    9.2355627715e-04
 416.5000000000    9.1620579356e-04
 417.0000000000    9.0896976965e-04
 417.5000000000    9.0184767261e-04
 418.0000000000    8.9482017594e-04
 418.5000000000    8.8790751430e-04
 419.0000000000    8.8109612809e-04
 419.5000000000    8.7439880952e-04
 420.0000000000    8.6780333810e-04
 420.5000000000    8.6130685416e-04
 421.0000000000    8.5489917255e-04
 421.5000000000    8.4858286736e-04
 422.0000000000    8.4235626832e-04
 422.5000000000    8.3623218548e-04
 423.0000000000    8.3019707571e-04
 423.5000000000    8.2426305852e-04
 424.0000000000    8.1840413634e-04
 424.5000000000    8.1262728040e-04
 425.0000000000    8.0693155618e-04
 425.5000000000    8.0131600655e-04
 426.0000000000    7.9579744971e-04
 426.5000000000    7.9036125387e-04
 427.0000000000    7.8499916639e-04
 427.5000000000    7.7971674570e-04
 428.0000000000    7.7450120129e-04
 428.5000000000    7.6935665428e-04
 429.0000000000    7.6429476237e-04
 429.5000000000    7.5931440197e-04
 430.0000000000    7.5440618050e-04
 430.5000000000    7.4956149597e-04
 431.0000000000    7.4478313341e-04
 431.5000000000    7.4006870258e-04
 432.0000000000    7.3542101204e-04
 432.5000000000    7.3084440112e-04
 433.0000000000    7.2633696777e-04
 433.5000000000    7.2189610660e-04
 434.0000000000    7.1750944798e-04
 434.5000000000    7.1317673022e-04
 435.0000000000    7.0890107181e-04
 435.5000000000    7.0468744974e-04
 436.0000000000    7.0053734886e-04
 436.5000000000    6.9644784031e-04
 437.0000000000    6.9240966926e-04
 437.5000000000    6.8841902577e-04
 438.0000000000    6.8447677597e-04
 438.5000000000    6.8058726279e-04
 439.0000000000    6.7675486980e-04
 439.5000000000    6.7297463972e-04
 440.0000000000    6.6924252419e-04
 440.5000000000    6.6555834698e-04
 441.0000000000    6.6191352330e-04
 441.5000000000    6.5831346423e-04
 442.0000000000    6.5476467593e-04
 442.5000000000    6.5126134525e-04
 443.0000000000    6.4780005070e-04
 443.5000000000    6.4438018560e-04
 444.0000000000    6.4099668477e-04
 444.5000000000    6.3764913113e-04
 445.0000000000    6.3434122616e-04
 445.5000000000    6.3107527838e-04
 446.0000000000    6.2785008775e-04
 446.5000000000    6.2466142794e-04
 447.0000000000    6.2234511144e-04
 447.5000000000    6.2336427734e-04
 448.0000000000    6.2425842815e-04
 448.5000000000    6.2504193367e-04
 449.0000000000    6.2571165519e-04
 449.5000000000    6.2625064072e-04
 450.0000000000    6.2664773164e-04
 450.5000000000    6.2691237494e-04
 451.0000000000    6.2706373860e-04
 451.5000000000    6.2711848233e-04
 452.0000000000    6.2708491701e-04
 452.5000000000    6.2695413857e-04
 453.0000000000    6.2670787446e-04
 453.5000000000    6.2634074686e-04
 454.0000000000    6.2586693534e-04
 454.5000000000    6.2531015874e-04
 455.0000000000    6.2468636672e-04
 455.5000000000    6.2399407202e-04
 456.0000000000    6.2321858202e-04
 456.5000000000    6.2234663611e-04
 457.0000000000    6.2137933584e-04
 457.5000000000    6.2033334002e-04
 458.0000000000    6.1922873997e-04
 458.5000000000    6.1807398245e-04
 459.0000000000    6.1686010026e-04
 459.5000000000    6.1556999871e-04
 460.0000000000    6.1419610591e-04
 460.5000000000    6.1274798460e-04
 461.0000000000    6.1124410009e-04
 461.5000000000    6.0969847078e-04
 462.0000000000    6.0811224003e-04
 462.5000000000    6.0647410358e-04
 463.0000000000    6.0477056888e-04
 463.5000000000    6.0299973537e-04
 464.0000000000    6.0117500769e-04
 464.5000000000    5.9931462913e-04
 465.0000000000    5.9742724650e-04
 465.5000000000    5.9550661357e-04
 466.0000000000    5.9353939059e-04
 466.5000000000    5.9151798394e-04
 467.0000000000    5.8944758651e-04
 467.5000000000    5.8734350356e-04
 468.0000000000    5.8522053797e-04
 468.5000000000    5.8308191727e-04
 469.0000000000    5.8091789621e-04
 469.5000000000    5.7871558730e-04
 470.0000000000    5.7647185523e-04
 470.5000000000    5.7419780683e-04
 471.0000000000    5.7190989578e-04
 471.5000000000    5.6961610559e-04
 472.0000000000    5.6731078954e-04
 472.5000000000    5.6498149698e-04
 473.0000000000    5.6262029310e-04
 473.5000000000    5.6023142951e-04
 474.0000000000    5.5782903002e-04
 474.5000000000    5.5542528637e-04
 475.0000000000    5.5302045571e-04
 475.5000000000    5.5060455131e-04
 476.0000000000    5.4816737899e-04
 476.5000000000    5.4570738933e-04
 477.0000000000    5.4323352037e-04
 477.5000000000    5.4075858560e-04
 478.0000000000    5.3828898966e-04
 478.5000000000    5.3581994864e-04
 479.0000000000    5.3334088722e-04
 479.5000000000    5.3084570190e-04
 480.0000000000    5.2833853192e-04
 480.5000000000    5.2583090851e-04
 481.0000000000    5.2333244751e-04
 481.5000000000    5.2084311970e-04
 482.0000000000    5.1835424395e-04
 482.5000000000    5.1585673170e-04
 483.0000000000    5.1334953598e-04
 483.5000000000    5.1084085010e-04
 484.0000000000    5.0834100170e-04
 484.5000000000    5.0585381832e-04
 485.0000000000    5.0337387377e-04
 485.5000000000    5.0089167720e-04
 486.0000000000    4.9840204257e-04
 486.5000000000    4.9590831811e-04
 487.0000000000    4.9341964849e-04
 487.5000000000    4.9094391516e-04
 488.0000000000    4.8848093498e-04
 488.5000000000    4.8602181211e-04
 489.0000000000    4.8355789287e-04
 489.5000000000    4.8108911324e-04
 490.0000000000    4.7862151408e-04
 490.5000000000    4.7616336079e-04
 491.0000000000    4.7372361229e-04
 491.5000000000    4.7130243379e-04
 492.0000000000    4.6888647233e-04
 492.5000000000    4.6646563226e-04
 493.0000000000    4.6404645483e-04
 493.5000000000    4.6164061307e-04
 494.0000000000    4.5925186967e-04
 494.5000000000    4.5687837862e-04
 495.0000000000    4.5451624927e-04
 495.5000000000    4.5215919911e-04
 496.0000000000    4.4980360488e-04
 496.5000000000    4.4745511387e-04
 497.0000000000    4.4512603787e-04
 497.5000000000    4.4282431975e-04
 498.0000000000    4.4054445701e-04
 498.5000000000    4.3827127825e-04
 499.0000000000    4.3599561984e-04
 499.5000000000    4.3372399059e-04
 500.0000000000    4.3146991338e-04
 500.5000000000    4.2924035027e-04
 501.0000000000    4.2703314982e-04
 501.5000000000    4.2483990710e-04
 502.0000000000    4.2264933625e-04
 502.5000000000    4.2045793253e-04
 503.0000000000    4.1827733392e-04
 503.5000000000    4.1612133804e-04
 504.0000000000    4.1398989987e-04
 504.5000000000    4.1187326127e-04
 505.0000000000    4.0976303402e-04
 505.5000000000    4.0785666616e-04
 506.0000000000    4.0686537359e-04
 506.5000000000    4.0589162495e-04
 507.0000000000    4.0492373001e-04
 507.5000000000    4.0395690146e-04
 508.0000000000    4.0298778733e-04
 508.5000000000    4.0202698293e-04
 509.0000000000    4.0108218170e-04
 509.5000000000    4.0015620072e-04
 510.0000000000    3.9924627245e-04
 510.5000000000    3.9833871502e-04
 511.0000000000    3.9742951105e-04
 511.5000000000    3.9652035424e-04
 512.0000000000    3.9561961827e-04
 512.5000000000    3.9473972022e-04
 513.0000000000    3.9387767118e-04
 513.5000000000    3.9302517506e-04
 514.0000000000    3.9217171111e-04
 514.5000000000    3.9131088330e-04
 515.0000000000    3.9045236609e-04
 515.5000000000    3.8960944734e-04
 516.0000000000    3.8878707312e-04
 516.5000000000    3.8798205759e-04
 517.0000000000    3.8718028154e-04
 517.5000000000    3.8637073541e-04
 518.0000000000    3.8555799358e-04
 518.5000000000    3.8475482196e-04
 519.0000000000    3.8397107702e-04
 519.5000000000    3.8320795648e-04
 520.0000000000    3.8245406982e-04
 520.5000000000    3.8169515729e-04
 521.0000000000    3.8092842891e-04
 521.5000000000    3.8016480540e-04
 522.0000000000    3.7941550543e-04
 522.5000000000    3.7868685618e-04
 523.0000000000    3.7797427892e-04
 523.5000000000    3.7726304978e-04
 524.0000000000    3.7654328796e-04
 524.5000000000    3.7581840079e-04
 525.0000000000    3.7510367785e-04
 525.5000000000    3.7440798003e-04
 526.0000000000    3.7373093390e-04
 526.5000000000    3.7306202541e-04
 527.0000000000    3.7239058649e-04
 527.5000000000    3.7171228751e-04
 528.0000000000    3.7103545478e-04
 528.5000000000    3.7037235638e-04
 529.0000000000    3.6973023830e-04
 529.5000000000    3.6910272475e-04
 530.0000000000    3.6847813948e-04
 530.5000000000    3.6784716654e-04
 531.0000000000    3.6721236067e-04
 531.5000000000    3.6658273909e-04
 532.0000000000    3.6596990113e-04
 532.5000000000    3.6537615426e-04
 533.0000000000    3.6479329465e-04
 533.5000000000    3.6420792419e-04
 534.0000000000    3.6361392522e-04
 534.5000000000    3.6301773884e-04
 535.0000000000    3.6243288225e-04
 535.5000000000    3.6186799686e-04
 536.0000000000    3.6132049947e-04
 536.5000000000    3.6077670835e-04
 537.0000000000    3.6022522839e-04
 537.5000000000    3.5966554035e-04
 538.0000000000    3.5910913043e-04
 538.5000000000    3.5856959675e-04
 539.0000000000    3.5805129142e-04
 539.5000000000    3.5754395944e-04
 540.0000000000    3.5703335734e-04
 540.5000000000    3.5651161402e-04
 541.0000000000    3.5598584024e-04
 541.5000000000    3.5547180505e-04
 542.0000000000    3.5497901124e-04
 542.5000000000    3.5450299126e-04
 543.0000000000    3.5402898043e-04
 543.5000000000    3.5354597317e-04
 544.0000000000    3.5305511947e-04
 544.5000000000    3.5256864068e-04
 545.0000000000    3.5209926158e-04
 545.5000000000    3.5164932310e-04
 546.0000000000    3.5120889203e-04
 546.5000000000    3.5076510561e-04
 547.0000000000    3.5031219039e-04
 547.5000000000    3.4985743122e-04
 548.0000000000    3.4941303921e-04
 548.5000000000    3.4898657766e-04
 549.0000000000    3.4857482620e-04
 549.5000000000    3.4816642964e-04
 550.0000000000    3.4775161836e-04
 550.5000000000    3.4733005226e-04
 551.0000000000    3.4691029016e-04
 551.5000000000    3.4650368379e-04
 552.0000000000    3.4611595337e-04
 552.5000000000    3.4574020021e-04
 553.0000000000    3.4536309386e-04
 553.5000000000    3.4497723193e-04
 554.0000000000    3.4458658022e-04
 554.5000000000    3.4420303078e-04
 555.0000000000    3.4383688389e-04
 555.5000000000    3.4348813509e-04
 556.0000000000    3.4314611348e-04
 556.5000000000    3.4279829686e-04
 557.0000000000    3.4244122454e-04
 557.5000000000    3.4208382972e-04
 558.0000000000    3.4173946440e-04
 558.5000000000    3.4141424842e-04
 559.0000000000    3.4110185542e-04
 559.5000000000    3.4078879955e-04
 560.0000000000    3.4046580953e-04
 560.5000000000    3.4013583005e-04
 561.0000000000    3.3981139019e-04
 561.5000000000    3.3950372938e-04
 562.0000000000    3.3921348287e-04
 562.5000000000    3.3892982181e-04
 563.0000000000    3.3863994237e-04
 563.5000000000    3.3834001611e-04
 564.0000000000    3.3803848897e-04
 564.5000000000    3.3774897407e-04
 565.0000000000    3.3747847550e-04
 565.5000000000    3.3722153528e-04
 566.0000000000    3.3696519030e-04
 566.5000000000    3.3670055799e-04
 567.0000000000    3.3642946752e-04
 567.5000000000    3.3616267270e-04
 568.0000000000    3.3591113456e-04
 568.5000000000    3.3567660702e-04
 569.0000000000    3.3545096580e-04
 569.5000000000    3.3522222748e-04
 570.0000000000    3.3498338460e-04
 570.5000000000    3.3474003718e-04
 571.0000000000    3.3450494222e-04
 571.5000000000    3.3428561909e-04
 572.0000000000    3.3408211297e-04
 572.5000000000    3.3388444130e-04
 573.0000000000    3.3367742365e-04
 573.5000000000    3.3345927712e-04
 574.0000000000    3.3324216198e-04
 574.5000000000    3.3303725714e-04
 575.0000000000    3.3284997341e-04
 575.5000000000    3.3267597692e-04
 576.0000000000    3.3249952333e-04
 576.5000000000    3.3230879632e-04
 577.0000000000    3.3211021840e-04
 577.5000000000    3.3192159197e-04
 578.0000000000    3.3175481456e-04
 578.5000000000    3.3160595858e-04
 579.0000000000    3.3146033403e-04
 579.5000000000    3.3130308656e-04
 580.0000000000    3.3113225030e-04
 580.5000000000    3.3096064727e-04
 581.0000000000    3.3080531653e-04
 581.5000000000    3.3067346936e-04
 582.0000000000    3.3055382916e-04
 582.5000000000    3.3042808912e-04
 583.0000000000    3.3028774779e-04
 583.5000000000    3.3014010096e-04
 584.0000000000    3.3000239402e-04
 584.5000000000    3.2988765546e-04
 585.0000000000    3.2978879512e-04
 585.5000000000    3.2968812125e-04
 586.0000000000    3.2957657469e-04
 586.5000000000    3.2945460340e-04
 587.0000000000    3.2933111871e-04
 587.5000000000    3.2922219529e-04
 588.0000000000    3.2913504419e-04
 588.5000000000    3.2905914810e-04
 589.0000000000    3.2897772231e-04
 589.5000000000    3.2888443614e-04
 590.0000000000    3.2878458683e-04
 590.5000000000    3.2869166659e-04
 591.0000000000    3.2861603075e-04
 591.5000000000    3.2855678253e-04
 592.0000000000    3.2850256075e-04
 592.5000000000    3.2844163255e-04
 593.0000000000    3.2836944978e-04
 593.5000000000    3.2829573775e-04
 594.0000000000    3.2823516672e-04
 594.5000000000    3.2819431362e-04
 595.0000000000    3.2816705080e-04
 595.5000000000    3.2813793254e-04
 596.0000000000    3.2809663654e-04
 596.5000000000    3.2804628562e-04
 597.0000000000    3.2799906227e-04
 597.5000000000    3.2796694198e-04
 598.0000000000    3.2795328399e-04
 598.5000000000    3.2794787341e-04
 599.0000000000    3.2793442570e-04
 599.5000000000    3.2790521853e-04
 600.0000000000    3.2786951744e-04
 600.5000000000    3.2784564703e-04
 601.0000000000    3.2784277321e-04
 601.5000000000    3.2785505873e-04
 602.0000000000    3.2786594550e-04
 602.5000000000    3.2786347912e-04
 603.0000000000    3.2785050937e-04
 603.5000000000    3.2784123652e-04
 604.0000000000    3.2785059929e-04
 604.5000000000    3.2788069502e-04
 605.0000000000    3.2792011938e-04
 605.5000000000    3.2795093451e-04
 606.0000000000    3.2796669208e-04
 606.5000000000    3.2797644747e-04
 607.0000000000    3.2799779933e-04
 607.5000000000    3.2804049020e-04
 608.0000000000    3.2809771480e-04
 608.5000000000    3.2815336926e-04
 609.0000000000    3.2819537112e-04
 609.5000000000    3.2822638864e-04
 610.0000000000    3.2825914020e-04
 610.5000000000    3.2830908402e-04
 611.0000000000    3.2837924615e-04
 611.5000000000    3.2845908623e-04
 612.0000000000    3.2853099309e-04
 612.5000000000    3.2858807893e-04
 613.0000000000    3.2863888406e-04
 613.5000000000    3.2870136359e-04
 614.0000000000    3.2878481013e-04
 614.5000000000    3.2888416574e-04
 615.0000000000    3.2898330869e-04
 615.5000000000    3.2907057447e-04
 616.0000000000    3.2914572452e-04
 616.5000000000    3.2922251607e-04
 617.0000000000    3.2931533568e-04
 617.5000000000    3.2942804547e-04
 618.0000000000    3.2954797010e-04
 618.5000000000    3.2966048784e-04
 619.0000000000    3.2975969802e-04
 619.5000000000    3.2985415520e-04
 620.0000000000    3.2995544481e-04
 620.5000000000    3.3007330475e-04
 621.0000000000    3.3020573497e-04
 621.5000000000    3.3034245005e-04
 622.0000000000    3.3046934520e-04
 622.5000000000    3.3058400009e-04
 623.0000000000    3.3069668811e-04
 623.5000000000    3.3082224839e-04
 624.0000000000    3.3096583705e-04
 624.5000000000    3.3112092761e-04
 625.0000000000    3.3127421945e-04
 625.5000000000    3.3141507108e-04
 626.0000000000    3.3154501838e-04
 626.5000000000    3.3167793978e-04
 627.0000000000    3.3182907559e-04
 627.5000000000    3.3199886719e-04
 628.0000000000    3.3217418872e-04
 628.5000000000    3.3233915597e-04
 629.0000000000    3.3248992809e-04
 629.5000000000    3.3263509409e-04
 630.0000000000    3.3279173186e-04
 630.5000000000    3.3296937260e-04
 631.0000000000    3.3316156224e-04
 631.5000000000    3.3335031052e-04
 632.0000000000    3.3352365026e-04
 632.5000000000    3.3368648722e-04
 633.0000000000    3.3385306356e-04
 633.5000000000    3.3403725621e-04
 634.0000000000    3.3424015009e-04
 634.5000000000    3.3445038021e-04
 635.0000000000    3.3465046022e-04
 635.5000000000    3.3483544303e-04
 636.0000000000    3.3501637779e-04
 636.5000000000    3.3520842534e-04
 637.0000000000    3.3541971422e-04
 637.5000000000    3.3564467870e-04
 638.0000000000    3.3587028308e-04
 638.5000000000    3.3608244587e-04
 639.0000000000    3.3628212833e-04
 639.5000000000    3.3648394020e-04
 640.0000000000    3.3670169081e-04
 640.5000000000    3.3693808395e-04
 641.0000000000    3.3718302674e-04
 641.5000000000    3.3742270696e-04
 642.0000000000    3.3764680223e-04
 642.5000000000    3.3786214332e-04
 643.0000000000    3.3808653845e-04
 643.5000000000    3.3833113007e-04
 644.0000000000    3.3859269004e-04
 644.5000000000    3.3885633926e-04
 645.0000000000    3.3910800604e-04
 645.5000000000    3.3934420529e-04
 646.0000000000    3.3957850454e-04
 646.5000000000    3.3983006841e-04
 647.0000000000    3.4010337586e-04
 647.5000000000    3.4038750179e-04
 648.0000000000    3.4066526099e-04
 648.5000000000    3.4092655443e-04
 649.0000000000    3.4117705794e-04
 649.5000000000    3.4143489090e-04
 650.0000000000    3.4171549770e-04
 650.5000000000    3.4201417956e-04
 651.0000000000    3.4231440679e-04
 651.5000000000    3.4260157912e-04
 652.0000000000    3.4287278410e-04
 652.5000000000    3.4314117465e-04
 653.0000000000    3.4342507737e-04
 653.5000000000    3.4373202657e-04
 654.0000000000    3.4405000105e-04
 654.5000000000    3.4436054916e-04
 655.0000000000    3.4465486670e-04
 655.5000000000    3.4493729344e-04
 656.0000000000    3.4522507982e-04
 656.5000000000    3.4553290404e-04
 657.0000000000    3.4586045147e-04
 657.5000000000    3.4619020335e-04
 658.0000000000    3.4650535894e-04
 658.5000000000    3.4680431721e-04
 659.0000000000    3.4709871892e-04
 659.5000000000    3.4740631525e-04
 660.0000000000    3.4773542012e-04
 660.5000000000    3.4807898305e-04
 661.0000000000    3.4841646841e-04
 661.5000000000    3.4873591195e-04
 662.0000000000    3.4904374947e-04
 662.5000000000    3.4935667864e-04
 663.0000000000    3.4968933725e-04
 663.5000000000    3.5004227411e-04
 664.0000000000    3.5040218570e-04
 664.5000000000    3.5074933546e-04
 665.0000000000    3.5107879053e-04
 665.5000000000    3.5140478029e-04
 666.0000000000    3.5174416387e-04
 666.5000000000    3.5210601334e-04
 667.0000000000    3.5248352002e-04
 667.5000000000    3.5285863307e-04
 668.0000000000    3.5321637709e-04
 668.5000000000    3.5356029726e-04
 669.0000000000    3.5390918649e-04
 669.5000000000    3.5427726463e-04
 670.0000000000    3.5466599588e-04
 670.5000000000    3.5506276415e-04
 671.0000000000    3.5544827705e-04
 671.5000000000    3.5581509905e-04
 672.0000000000    3.5617489198e-04
 672.5000000000    3.5654740788e-04
 673.0000000000    3.5694218699e-04
 673.5000000000    3.5735261347e-04
 674.0000000000    3.5776247437e-04
 674.5000000000    3.5815511982e-04
 675.0000000000    3.5853159861e-04
 675.5000000000    3.5890938119e-04
 676.0000000000    3.5930644046e-04
 676.5000000000    3.5972506971e-04
 677.0000000000    3.6015160527e-04
 677.5000000000    3.6056877876e-04
 678.0000000000    3.6096626420e-04
 678.5000000000    3.6135302587e-04
 679.0000000000    3.6174874813e-04
 679.5000000000    3.6216814972e-04
 680.0000000000    3.6260445517e-04
 680.5000000000    3.6303906848e-04
 681.0000000000    3.6345634211e-04
 681.5000000000    3.6385656755e-04
 682.0000000000    3.6425437773e-04
 682.5000000000    3.6466889486e-04
 683.0000000000    3.6510698104e-04
 683.5000000000    3.6555625937e-04
 684.0000000000    3.6599498783e-04
 684.5000000000    3.6641255407e-04
 685.0000000000    3.6681921111e-04
 685.5000000000    3.6723397522e-04
 686.0000000000    3.6767086442e-04
 686.5000000000    3.6812653734e-04
 687.0000000000    3.6858447530e-04
 687.5000000000    3.6902505828e-04
 688.0000000000    3.6944548919e-04
 688.5000000000    3.6986151923e-04
 689.0000000000    3.7029546001e-04
 689.5000000000    3.7075291787e-04
 690.0000000000    3.7122168630e-04
 690.5000000000    3.7168084073e-04
 691.0000000000    3.7212049432e-04
 691.5000000000    3.7254547959e-04
 692.0000000000    3.7297587256e-04
 692.5000000000    3.7342805796e-04
 693.0000000000    3.7390256246e-04
 693.5000000000    3.7437960952e-04
 694.0000000000    3.7483956986e-04
 694.5000000000    3.7527858486e-04
 695.0000000000    3.7571400383e-04
 695.5000000000    3.7616431853e-04
 696.0000000000    3.7663871140e-04
 696.5000000000    3.7712687408e-04
 697.0000000000    3.7761006719e-04
 697.5000000000    3.7807203842e-04
 698.0000000000    3.7851832202e-04
 698.5000000000    3.7896979370e-04
 699.0000000000    3.7944476768e-04
 699.5000000000    3.7994154855e-04
 700.0000000000    3.8044261685e-04
