#          time             L^2_Ham             L^2_Mom
   0.0000000000    3.9761916835e-06    3.8347788653e-06
   0.5000000000    1.2198869843e-06    3.8012550634e-06
   1.0000000000    1.0499872774e-06    3.7635235598e-06
   1.5000000000    9.0325455549e-07    3.7389954552e-06
   2.0000000000    7.7014408058e-07    3.7380093347e-06
   2.5000000000    6.5896100354e-07    3.7582603146e-06
   3.0000000000    5.9072019245e-07    3.7925403107e-06
   3.5000000000    5.5306612914e-07    3.8321258699e-06
   4.0000000000    5.3275872791e-07    3.8702889039e-06
   4.5000000000    5.1876776124e-07    3.9034029593e-06
   5.0000000000    5.0203768352e-07    3.9313011758e-06
   5.5000000000    4.8070874791e-07    3.9550887767e-06
   6.0000000000    4.5680560329e-07    3.9763759108e-06
   6.5000000000    4.3234012685e-07    3.9966219833e-06
   7.0000000000    4.0857708281e-07    4.0169811625e-06
   7.5000000000    3.8640378666e-07    4.0384454684e-06
   8.0000000000    3.6685431507e-07    4.0619172500e-06
   8.5000000000    3.4975791272e-07    4.0863170325e-06
   9.0000000000    3.3497785507e-07    4.1130738896e-06
   9.5000000000    3.2199686790e-07    4.1417903351e-06
  10.0000000000    3.1083963750e-07    4.1721654324e-06
  10.5000000000    3.0125016583e-07    4.2058943952e-06
  11.0000000000    2.9395163744e-07    4.2395051915e-06
  11.5000000000    2.8595560217e-07    4.2757029901e-06
  12.0000000000    2.8030289968e-07    4.3143201547e-06
  12.5000000000    2.7583903528e-07    4.3558018926e-06
  13.0000000000    2.7539986291e-07    4.3971829017e-06
  13.5000000000    2.7115682789e-07    4.4408340155e-06
  14.0000000000    2.7646549339e-07    4.4871495606e-06
  14.5000000000    2.7617147952e-07    4.5324382232e-06
  15.0000000000    2.7413363126e-07    4.5813548804e-06
  15.5000000000    2.7296418859e-07    4.6345197831e-06
  16.0000000000    2.7412912420e-07    4.6830878363e-06
  16.5000000000    2.8470295267e-07    4.7334691622e-06
  17.0000000000    3.0488519916e-07    4.7875405762e-06
  17.5000000000    3.0273043239e-07    4.8420245360e-06
  18.0000000000    2.9902423718e-07    4.8976189515e-06
  18.5000000000    2.9774512091e-07    4.9562135526e-06
  19.0000000000    2.9631522440e-07    5.0140327072e-06
  19.5000000000    2.9877364877e-07    5.0715614340e-06
  20.0000000000    3.0727060095e-07    5.1327216464e-06
  20.5000000000    2.8851659013e-07    5.1901191699e-06
  21.0000000000    2.8782129806e-07    5.2509357954e-06
  21.5000000000    2.9145460712e-07    5.3130620209e-06
  22.0000000000    2.9956047149e-07    5.3768342992e-06
  22.5000000000    3.0847321661e-07    5.4413816016e-06
  23.0000000000    3.1197804182e-07    5.5052058534e-06
  23.5000000000    3.1461594016e-07    5.5722106801e-06
  24.0000000000    3.1724262384e-07    5.6393715761e-06
  24.5000000000    3.2232276604e-07    5.7082310382e-06
  25.0000000000    3.2955411394e-07    5.7738211213e-06
  25.5000000000    3.3595795732e-07    5.8418736007e-06
  26.0000000000    3.3445664249e-07    5.9082783007e-06
  26.5000000000    3.2942491728e-07    5.9767620610e-06
  27.0000000000    3.3175775768e-07    6.0464779123e-06
  27.5000000000    3.3581333780e-07    6.1164839222e-06
  28.0000000000    3.4019926319e-07    6.1869133825e-06
  28.5000000000    3.4483420985e-07    6.2579077519e-06
  29.0000000000    3.4980337216e-07    6.3305150691e-06
  29.5000000000    3.5485551257e-07    6.4010531128e-06
  30.0000000000    3.6015208779e-07    6.4727835498e-06
  30.5000000000    3.6599268310e-07    6.5452767832e-06
  31.0000000000    3.7156123925e-07    6.6188634355e-06
  31.5000000000    3.7749628208e-07    6.6927265583e-06
  32.0000000000    3.8364452115e-07    6.7644339656e-06
  32.5000000000    3.9033582986e-07    6.8386735713e-06
  33.0000000000    3.9654393435e-07    6.9164794545e-06
  33.5000000000    4.0307763860e-07    6.9882317165e-06
  34.0000000000    4.0913357579e-07    7.0704896657e-06
  34.5000000000    4.1440678461e-07    7.1364335397e-06
  35.0000000000    4.2060283133e-07    7.2091530240e-06
  35.5000000000    4.2405771775e-07    7.2866626138e-06
  36.0000000000    4.2798881836e-07    7.3600960673e-06
  36.5000000000    4.3202155585e-07    7.4342360739e-06
  37.0000000000    4.3533751427e-07    7.5084010773e-06
  37.5000000000    4.3877438706e-07    7.5909159980e-06
  38.0000000000    4.4184635921e-07    7.6618967607e-06
  38.5000000000    4.4450621799e-07    7.7344769482e-06
  39.0000000000    4.4719935211e-07    7.8081705721e-06
  39.5000000000    4.4980071463e-07    7.8853666038e-06
  40.0000000000    4.5226506066e-07    7.9592225239e-06
  40.5000000000    4.5523710318e-07    8.0342848172e-06
  41.0000000000    4.5833885822e-07    8.1107236078e-06
  41.5000000000    4.6088107748e-07    8.1865342697e-06
  42.0000000000    4.6371346577e-07    8.2604366251e-06
  42.5000000000    4.6691874282e-07    8.3361167967e-06
  43.0000000000    4.7009436244e-07    8.4087427343e-06
  43.5000000000    4.7355228225e-07    8.4830620848e-06
  44.0000000000    4.7664785363e-07    8.5584960368e-06
  44.5000000000    4.7988812408e-07    8.6416761102e-06
  45.0000000000    4.8365186905e-07    8.7162437026e-06
  45.5000000000    4.8728770457e-07    8.7869679614e-06
  46.0000000000    4.9074850062e-07    8.8684449341e-06
  46.5000000000    4.9414567813e-07    8.9368866499e-06
  47.0000000000    4.9748819450e-07    9.0317206489e-06
  47.5000000000    5.0110807529e-07    9.1034191962e-06
  48.0000000000    5.0474004634e-07    9.1633489595e-06
  48.5000000000    5.0867089091e-07    9.2337060103e-06
  49.0000000000    5.1247103987e-07    9.3118681558e-06
  49.5000000000    5.1598060604e-07    9.3815121252e-06
  50.0000000000    5.1960891816e-07    9.4566178129e-06
  50.5000000000    5.2335863527e-07    9.5285157579e-06
  51.0000000000    5.2713456161e-07    9.6018555681e-06
  51.5000000000    5.3095328288e-07    9.6991066697e-06
  52.0000000000    5.3452669914e-07    9.7605655585e-06
  52.5000000000    5.3844124266e-07    9.8258398029e-06
  53.0000000000    5.4231227575e-07    9.8942827546e-06
  53.5000000000    5.4621998871e-07    9.9650651571e-06
  54.0000000000    5.5025800218e-07    1.0053371510e-05
  54.5000000000    5.5415271859e-07    1.0114993976e-05
  55.0000000000    5.5804834420e-07    1.0191083787e-05
  55.5000000000    5.6174345011e-07    1.0253674549e-05
  56.0000000000    5.6522660494e-07    1.0321835909e-05
  56.5000000000    5.6932954249e-07    1.0389977322e-05
  57.0000000000    5.7310506978e-07    1.0464871778e-05
  57.5000000000    5.7618643717e-07    1.0524078182e-05
  58.0000000000    5.7952519254e-07    1.0621537451e-05
  58.5000000000    5.8286012514e-07    1.0667927806e-05
  59.0000000000    5.8593684334e-07    1.0720552115e-05
  59.5000000000    5.8933586926e-07    1.0779738298e-05
  60.0000000000    5.9310707756e-07    1.0856431448e-05
  60.5000000000    5.9691270205e-07    1.0916550865e-05
  61.0000000000    6.0098577719e-07    1.0987058231e-05
  61.5000000000    6.0512469983e-07    1.1058455010e-05
  62.0000000000    6.0899922739e-07    1.1187058865e-05
  62.5000000000    6.1285110319e-07    1.1204714236e-05
  63.0000000000    6.1642542053e-07    1.1271403838e-05
  63.5000000000    6.1998487843e-07    1.1334793854e-05
  64.0000000000    6.2402674738e-07    1.1399934983e-05
  64.5000000000    6.2776126023e-07    1.1469215054e-05
  65.0000000000    6.3161754166e-07    1.1544923893e-05
  65.5000000000    6.3557150292e-07    1.1604100072e-05
  66.0000000000    6.3955383429e-07    1.1668127407e-05
  66.5000000000    6.4350319948e-07    1.1735981811e-05
  67.0000000000    6.4731596804e-07    1.1802529738e-05
  67.5000000000    6.5121927943e-07    1.1869684868e-05
  68.0000000000    6.5510131173e-07    1.1943994717e-05
  68.5000000000    6.5899999924e-07    1.2064856984e-05
  69.0000000000    6.6271030473e-07    1.2103494895e-05
  69.5000000000    6.6663402187e-07    1.2145564915e-05
  70.0000000000    6.7036654468e-07    1.2198757895e-05
  70.5000000000    6.7423988079e-07    1.2362367856e-05
  71.0000000000    6.7793693651e-07    1.2354970013e-05
  71.5000000000    6.8187495475e-07    1.2404471754e-05
  72.0000000000    6.8564654478e-07    1.2487023073e-05
  72.5000000000    6.8917026843e-07    1.2604946368e-05
  73.0000000000    6.9353197806e-07    1.2631532420e-05
  73.5000000000    6.9778969677e-07    1.2670863053e-05
  74.0000000000    7.0138348216e-07    1.2718745347e-05
  74.5000000000    7.0540627975e-07    1.2787901777e-05
  75.0000000000    7.1135326503e-07    1.2878081575e-05
  75.5000000000    7.1444274074e-07    1.2944387321e-05
  76.0000000000    7.1833296034e-07    1.2996582590e-05
  76.5000000000    7.2224234208e-07    1.3049621605e-05
  77.0000000000    7.2492006799e-07    1.3105084392e-05
  77.5000000000    7.2690890844e-07    1.3172312150e-05
  78.0000000000    7.3118354950e-07    1.3233385370e-05
  78.5000000000    7.3589251809e-07    1.3299224996e-05
  79.0000000000    7.3979373153e-07    1.3351158471e-05
  79.5000000000    7.4393052918e-07    1.3406855346e-05
  80.0000000000    7.4699857872e-07    1.3468609193e-05
  80.5000000000    7.5015193870e-07    1.3534804822e-05
  81.0000000000    7.5362752801e-07    1.3597126586e-05
  81.5000000000    7.5741860973e-07    1.3656182045e-05
  82.0000000000    7.6107594080e-07    1.3715083028e-05
  82.5000000000    7.6509869567e-07    1.3775718105e-05
  83.0000000000    7.6865128687e-07    1.3837001157e-05
  83.5000000000    7.7211970772e-07    1.3898082733e-05
  84.0000000000    7.7592838252e-07    1.3957523850e-05
  84.5000000000    7.7946920120e-07    1.4016811294e-05
  85.0000000000    7.8367606420e-07    1.4076718812e-05
  85.5000000000    7.8840769920e-07    1.4153399452e-05
  86.0000000000    7.9503245089e-07    1.4198866716e-05
  86.5000000000    8.0242251172e-07    1.4257340448e-05
  87.0000000000    8.0955081230e-07    1.4316144657e-05
  87.5000000000    8.2065701327e-07    1.4375125955e-05
  88.0000000000    8.3369925157e-07    1.4433980978e-05
  88.5000000000    8.4408888703e-07    1.4501787023e-05
  89.0000000000    8.5377983946e-07    1.4558055849e-05
  89.5000000000    8.6049771019e-07    1.4618530354e-05
  90.0000000000    8.6868965665e-07    1.4671954307e-05
  90.5000000000    8.7503770229e-07    1.4735541996e-05
  91.0000000000    8.8082461316e-07    1.4785728425e-05
  91.5000000000    8.8477477090e-07    1.4843005248e-05
  92.0000000000    8.8832158102e-07    1.4902292500e-05
  92.5000000000    8.9168926703e-07    1.4957966780e-05
  93.0000000000    8.9444751004e-07    1.5016301064e-05
  93.5000000000    8.9632694706e-07    1.5070645314e-05
  94.0000000000    8.9809541779e-07    1.5127562166e-05
  94.5000000000    9.0115862046e-07    1.5184813718e-05
  95.0000000000    9.0374067981e-07    1.5240282390e-05
  95.5000000000    9.0563093632e-07    1.5302528872e-05
  96.0000000000    9.0783532488e-07    1.5354278292e-05
  96.5000000000    9.1114458452e-07    1.5446214321e-05
  97.0000000000    9.1437409566e-07    1.5480661834e-05
  97.5000000000    9.1682500849e-07    1.5523732349e-05
  98.0000000000    9.1919047048e-07    1.5580350985e-05
  98.5000000000    9.2223732753e-07    1.5644470323e-05
  99.0000000000    9.2546967255e-07    1.5698587225e-05
  99.5000000000    9.2883591558e-07    1.5747465383e-05
 100.0000000000    9.3355346127e-07    1.5802625292e-05
 100.5000000000    9.3704410303e-07    1.5858425447e-05
 101.0000000000    9.3668284844e-07    1.5910163488e-05
 101.5000000000    9.3502230937e-07    1.5963871266e-05
 102.0000000000    9.3799970136e-07    1.6019026813e-05
 102.5000000000    9.4582544552e-07    1.6072464620e-05
 103.0000000000    9.5165718752e-07    1.6125689296e-05
 103.5000000000    9.5069379755e-07    1.6178679150e-05
 104.0000000000    9.4955223803e-07    1.6303396915e-05
 104.5000000000    9.5290555267e-07    1.6314825179e-05
 105.0000000000    9.5723965791e-07    1.6406509673e-05
 105.5000000000    9.5963046037e-07    1.6390684771e-05
 106.0000000000    9.6119812783e-07    1.6450149187e-05
 106.5000000000    9.6359752485e-07    1.6495972813e-05
 107.0000000000    9.6651958430e-07    1.6547041213e-05
 107.5000000000    9.6906467798e-07    1.6602426868e-05
 108.0000000000    9.7156418625e-07    1.6651291753e-05
 108.5000000000    9.7421432244e-07    1.6715907193e-05
 109.0000000000    9.7674001222e-07    1.6761870390e-05
 109.5000000000    9.7916595469e-07    1.6812294838e-05
 110.0000000000    9.8174694586e-07    1.6885164070e-05
 110.5000000000    9.8433715915e-07    1.6916618477e-05
 111.0000000000    9.8703800419e-07    1.6967661544e-05
 111.5000000000    9.8964675208e-07    1.7019149677e-05
 112.0000000000    9.9214199568e-07    1.7070604666e-05
 112.5000000000    9.9479015115e-07    1.7121824347e-05
 113.0000000000    9.9736406230e-07    1.7172915927e-05
 113.5000000000    1.0001540961e-06    1.7223920107e-05
 114.0000000000    1.0028666113e-06    1.7274867107e-05
 114.5000000000    1.0056025867e-06    1.7325670334e-05
 115.0000000000    1.0082923998e-06    1.7381936740e-05
 115.5000000000    1.0110824005e-06    1.7429031826e-05
 116.0000000000    1.0138702609e-06    1.7479596743e-05
 116.5000000000    1.0165857099e-06    1.7530157012e-05
 117.0000000000    1.0193669681e-06    1.7580397899e-05
 117.5000000000    1.0224563833e-06    1.7630480505e-05
 118.0000000000    1.0258908219e-06    1.7732632464e-05
 118.5000000000    1.0289018324e-06    1.7717429791e-05
 119.0000000000    1.0318961505e-06    1.7764708530e-05
 119.5000000000    1.0350497541e-06    1.7843597538e-05
 120.0000000000    1.0385348947e-06    1.7868891725e-05
 120.5000000000    1.0422606985e-06    1.7915691454e-05
 121.0000000000    1.0458388165e-06    1.7964610584e-05
 121.5000000000    1.0492390397e-06    1.8014046087e-05
 122.0000000000    1.0528537803e-06    1.8063367951e-05
 122.5000000000    1.0568536586e-06    1.8112491089e-05
 123.0000000000    1.0605655984e-06    1.8161460490e-05
 123.5000000000    1.0640304930e-06    1.8210319007e-05
 124.0000000000    1.0678082204e-06    1.8259078688e-05
 124.5000000000    1.0718963708e-06    1.8313736866e-05
 125.0000000000    1.0754103570e-06    1.8358408163e-05
 125.5000000000    1.0783370387e-06    1.8407133144e-05
 126.0000000000    1.0817935756e-06    1.8455734667e-05
 126.5000000000    1.0859517172e-06    1.8504097980e-05
 127.0000000000    1.0894468383e-06    1.8552343181e-05
 127.5000000000    1.0920640725e-06    1.8624510815e-05
 128.0000000000    1.0949838072e-06    1.8653238354e-05
 128.5000000000    1.0987983407e-06    1.8698210740e-05
 129.0000000000    1.1022887239e-06    1.8772290751e-05
 129.5000000000    1.1045857357e-06    1.8795789633e-05
 130.0000000000    1.1074644398e-06    1.8843154275e-05
 130.5000000000    1.1109466095e-06    1.8891255100e-05
 131.0000000000    1.1138422316e-06    1.8939016033e-05
 131.5000000000    1.1164077184e-06    1.8986588882e-05
 132.0000000000    1.1192993433e-06    1.9034047119e-05
 132.5000000000    1.1225145424e-06    1.9081395132e-05
 133.0000000000    1.1252156957e-06    1.9128648513e-05
 133.5000000000    1.1279617160e-06    1.9175917479e-05
 134.0000000000    1.1307356676e-06    1.9229687579e-05
 134.5000000000    1.1336923494e-06    1.9272205495e-05
 135.0000000000    1.1364644524e-06    1.9319607080e-05
 135.5000000000    1.1392178684e-06    1.9366919663e-05
 136.0000000000    1.1420185678e-06    1.9413921042e-05
 136.5000000000    1.1449444805e-06    1.9460775370e-05
 137.0000000000    1.1478192092e-06    1.9534096863e-05
 137.5000000000    1.1504326756e-06    1.9559912747e-05
 138.0000000000    1.1531349789e-06    1.9603278510e-05
 138.5000000000    1.1560422796e-06    1.9656066470e-05
 139.0000000000    1.1589495987e-06    1.9697625340e-05
 139.5000000000    1.1616570989e-06    1.9744571889e-05
 140.0000000000    1.1643529617e-06    1.9791344426e-05
 140.5000000000    1.1670801456e-06    1.9837855912e-05
 141.0000000000    1.1699422671e-06    1.9884228576e-05
 141.5000000000    1.1727583687e-06    1.9930576625e-05
 142.0000000000    1.1753808512e-06    1.9976864618e-05
 142.5000000000    1.1782128063e-06    2.0023103756e-05
 143.0000000000    1.1810307691e-06    2.0100161282e-05
 143.5000000000    1.1838409515e-06    2.0118057604e-05
 144.0000000000    1.1890594379e-06    2.0276647855e-05
 144.5000000000    1.1906398134e-06    2.0228866432e-05
 145.0000000000    1.1930098508e-06    2.0279598584e-05
 145.5000000000    1.1958648329e-06    2.0333701045e-05
 146.0000000000    1.1988869239e-06    2.0354222483e-05
 146.5000000000    1.2023908194e-06    2.0411664651e-05
 147.0000000000    1.2059899155e-06    2.0447886387e-05
 147.5000000000    1.2097032045e-06    2.0583077041e-05
 148.0000000000    1.2143221514e-06    2.0553461820e-05
 148.5000000000    1.2216746599e-06    2.0588764746e-05
 149.0000000000    1.2307391362e-06    2.0631156396e-05
 149.5000000000    1.2385495427e-06    2.0676932150e-05
 150.0000000000    1.2465743675e-06    2.0892820243e-05
 150.5000000000    1.2607773395e-06    2.0878622874e-05
 151.0000000000    1.2811136711e-06    2.0849182239e-05
 151.5000000000    1.2950074311e-06    2.0881374827e-05
 152.0000000000    1.3040256845e-06    2.0959209409e-05
 152.5000000000    1.3266728155e-06    2.0958555600e-05
 153.0000000000    1.3575584830e-06    2.1007028820e-05
 153.5000000000    1.3691416700e-06    2.1051050862e-05
 154.0000000000    1.3708449779e-06    2.1098406160e-05
 154.5000000000    1.3978088478e-06    2.1142426969e-05
 155.0000000000    1.4325022677e-06    2.1189201081e-05
 155.5000000000    1.4347509775e-06    2.1245515116e-05
 156.0000000000    1.4277955249e-06    2.1283679638e-05
 156.5000000000    1.4520850271e-06    2.1590926253e-05
 157.0000000000    1.4759648260e-06    2.1387258319e-05
 157.5000000000    1.4654397857e-06    2.1441769079e-05
 158.0000000000    1.4538084062e-06    2.1486582373e-05
 158.5000000000    1.4666770881e-06    2.1531310315e-05
 159.0000000000    1.4743090022e-06    2.1576781042e-05
 159.5000000000    1.4649807681e-06    2.1622378564e-05
 160.0000000000    1.4652958867e-06    2.1667997736e-05
 160.5000000000    1.4783374911e-06    2.1713604635e-05
 161.0000000000    1.4833807620e-06    2.1796379552e-05
 161.5000000000    1.4785587621e-06    2.1807763018e-05
 162.0000000000    1.4752037570e-06    2.1852998071e-05
 162.5000000000    1.4731281620e-06    2.1899421124e-05
 163.0000000000    1.4683013094e-06    2.1945269976e-05
 163.5000000000    1.4645186682e-06    2.1991121262e-05
 164.0000000000    1.4657362476e-06    2.2068740823e-05
 164.5000000000    1.4687214175e-06    2.2091537304e-05
 165.0000000000    1.4694181281e-06    2.2133022525e-05
 165.5000000000    1.4671059410e-06    2.2216095539e-05
 166.0000000000    1.4641435613e-06    2.2225115153e-05
 166.5000000000    1.4613581579e-06    2.2269974204e-05
 167.0000000000    1.4590637452e-06    2.2316460963e-05
 167.5000000000    1.4579269996e-06    2.2362307516e-05
 168.0000000000    1.4574253458e-06    2.2408149595e-05
 168.5000000000    1.4565258674e-06    2.2454081531e-05
 169.0000000000    1.4547921407e-06    2.2499991380e-05
 169.5000000000    1.4532757877e-06    2.2546030376e-05
 170.0000000000    1.4525274837e-06    2.2602087149e-05
 170.5000000000    1.4524745080e-06    2.2639943450e-05
 171.0000000000    1.4525491714e-06    2.2686954168e-05
 171.5000000000    1.4525694766e-06    2.2733497696e-05
 172.0000000000    1.4525511283e-06    2.2779627264e-05
 172.5000000000    1.4525010738e-06    2.2858537455e-05
 173.0000000000    1.4526389076e-06    2.2882281670e-05
 173.5000000000    1.4531296338e-06    2.2923884263e-05
 174.0000000000    1.4537842398e-06    2.3063303154e-05
 174.5000000000    1.4545476190e-06    2.3029664180e-05
 175.0000000000    1.4550182788e-06    2.3060108480e-05
 175.5000000000    1.4560622486e-06    2.3102529715e-05
 176.0000000000    1.4572736260e-06    2.3148215571e-05
 176.5000000000    1.4585039932e-06    2.3195229162e-05
 177.0000000000    1.4597017985e-06    2.3242058868e-05
 177.5000000000    1.4610001272e-06    2.3288575628e-05
 178.0000000000    1.4624569040e-06    2.3335078188e-05
 178.5000000000    1.4641593128e-06    2.3390387700e-05
 179.0000000000    1.4660238159e-06    2.3422467260e-05
 179.5000000000    1.4675018524e-06    2.3468848353e-05
 180.0000000000    1.4694070696e-06    2.3516475390e-05
 180.5000000000    1.4713800652e-06    2.3564214624e-05
 181.0000000000    1.4734684446e-06    2.3611636499e-05
 181.5000000000    1.4756353152e-06    2.3658882202e-05
 182.0000000000    1.4777590911e-06    2.3706050213e-05
 182.5000000000    1.4801813996e-06    2.3798512055e-05
 183.0000000000    1.4827879976e-06    2.3801838969e-05
 183.5000000000    1.4855611671e-06    2.3845492627e-05
 184.0000000000    1.4885928197e-06    2.3892497122e-05
 184.5000000000    1.4920866316e-06    2.3940104130e-05
 185.0000000000    1.4960176948e-06    2.3988149485e-05
 185.5000000000    1.5001489660e-06    2.4036110215e-05
 186.0000000000    1.5040844163e-06    2.4083955054e-05
 186.5000000000    1.5074506262e-06    2.4131800563e-05
 187.0000000000    1.5100397021e-06    2.4201318944e-05
 187.5000000000    1.5119582202e-06    2.4235330714e-05
 188.0000000000    1.5137860442e-06    2.4280261009e-05
 188.5000000000    1.5156143665e-06    2.4326046583e-05
 189.0000000000    1.5187221191e-06    2.4373162615e-05
 189.5000000000    1.5218513713e-06    2.4421248060e-05
 190.0000000000    1.5255018052e-06    2.4469746445e-05
 190.5000000000    1.5296192813e-06    2.4518481851e-05
 191.0000000000    1.5342949085e-06    2.4579304914e-05
 191.5000000000    1.5400540391e-06    2.4617950459e-05
 192.0000000000    1.5460723197e-06    2.4667271645e-05
 192.5000000000    1.5509124533e-06    2.4715972735e-05
 193.0000000000    1.5530137941e-06    2.4765300601e-05
 193.5000000000    1.5529928700e-06    2.4815008054e-05
 194.0000000000    1.5523576604e-06    2.4864821512e-05
 194.5000000000    1.5539386979e-06    2.4914643221e-05
 195.0000000000    1.5588263816e-06    2.5014620817e-05
 195.5000000000    1.5658444489e-06    2.5019031845e-05
 196.0000000000    1.5723033340e-06    2.5069137107e-05
 196.5000000000    1.5758589666e-06    2.5118728568e-05
 197.0000000000    1.5766161006e-06    2.5168456879e-05
 197.5000000000    1.5760953701e-06    2.5218924747e-05
 198.0000000000    1.5776211417e-06    2.5269700676e-05
 198.5000000000    1.5814890714e-06    2.5320747708e-05
 199.0000000000    1.5869259113e-06    2.5422968840e-05
 199.5000000000    1.5915648331e-06    2.5425687598e-05
 200.0000000000    1.5949701893e-06    2.5478363579e-05
 200.5000000000    1.5974775297e-06    2.5529755809e-05
 201.0000000000    1.6001764133e-06    2.5581282507e-05
 201.5000000000    1.6037843582e-06    2.5633386062e-05
 202.0000000000    1.6077352223e-06    2.5685826204e-05
 202.5000000000    1.6117762999e-06    2.5738416240e-05
 203.0000000000    1.6153109992e-06    2.5842863391e-05
 203.5000000000    1.6187607824e-06    2.5846251981e-05
 204.0000000000    1.6223705836e-06    2.5901035218e-05
 204.5000000000    1.6261364516e-06    2.5953803281e-05
 205.0000000000    1.6298311545e-06    2.6007008207e-05
 205.5000000000    1.6334803215e-06    2.6060816381e-05
 206.0000000000    1.6371659095e-06    2.6114885434e-05
 206.5000000000    1.6410497756e-06    2.6169160606e-05
 207.0000000000    1.6449727551e-06    2.6234227677e-05
 207.5000000000    1.6490658728e-06    2.6281286465e-05
 208.0000000000    1.6529119262e-06    2.6337166893e-05
 208.5000000000    1.6568271396e-06    2.6391470703e-05
 209.0000000000    1.6611485448e-06    2.6446679220e-05
 209.5000000000    1.6652117345e-06    2.6502394662e-05
 210.0000000000    1.6694930058e-06    2.6558369378e-05
 210.5000000000    1.6737539347e-06    2.6614642750e-05
 211.0000000000    1.6781044490e-06    2.6680741761e-05
 211.5000000000    1.6824783573e-06    2.6731271143e-05
 212.0000000000    1.6867999400e-06    2.6789783224e-05
 212.5000000000    1.6914546401e-06    2.6845724199e-05
 213.0000000000    1.6963726773e-06    2.6902807486e-05
 213.5000000000    1.7022415679e-06    2.6960549745e-05
 214.0000000000    1.7102493632e-06    2.7018685561e-05
 214.5000000000    1.7211485113e-06    2.7126671920e-05
 215.0000000000    1.7361951838e-06    2.7138077487e-05
 215.5000000000    1.7556426580e-06    2.7198871695e-05
 216.0000000000    1.7776723069e-06    2.7260392510e-05
 216.5000000000    1.7981164100e-06    2.7318768100e-05
 217.0000000000    1.8118601456e-06    2.7377926274e-05
 217.5000000000    1.8159869001e-06    2.7437955101e-05
 218.0000000000    1.8123801320e-06    2.7498678759e-05
 218.5000000000    1.8112882522e-06    2.7566654340e-05
 219.0000000000    1.8265468019e-06    2.7625391710e-05
 219.5000000000    1.8678811971e-06    2.7685941923e-05
 220.0000000000    1.9313436798e-06    2.7748025934e-05
 220.5000000000    1.9984248225e-06    2.7810046974e-05
 221.0000000000    2.0458003635e-06    2.7872891947e-05
 221.5000000000    2.0587026970e-06    2.7936645811e-05
 222.0000000000    2.0389232325e-06    2.8044717443e-05
 222.5000000000    2.0071468845e-06    2.8068319119e-05
 223.0000000000    1.9902767160e-06    2.8133732923e-05
 223.5000000000    2.0028748344e-06    2.8198150533e-05
 224.0000000000    2.0359622029e-06    2.8264206543e-05
 224.5000000000    2.0647658178e-06    2.8329109075e-05
 225.0000000000    2.0691109295e-06    2.8395188506e-05
 225.5000000000    2.0469441968e-06    2.8501156898e-05
 226.0000000000    2.0147449162e-06    2.8533340020e-05
 226.5000000000    1.9940065264e-06    2.8601178631e-05
 227.0000000000    1.9933931319e-06    2.8669315794e-05
 227.5000000000    2.0037926015e-06    2.8738803322e-05
 228.0000000000    2.0087871830e-06    2.8808554238e-05
 228.5000000000    2.0000528842e-06    2.8876823869e-05
 229.0000000000    1.9826451616e-06    2.8979326990e-05
 229.5000000000    1.9684416521e-06    2.9021187188e-05
 230.0000000000    1.9645518693e-06    2.9091932914e-05
 230.5000000000    1.9683496789e-06    2.9164425187e-05
 231.0000000000    1.9714279161e-06    2.9237945250e-05
 231.5000000000    1.9697992138e-06    2.9311759898e-05
 232.0000000000    1.9659938312e-06    2.9386082087e-05
 232.5000000000    1.9653936195e-06    2.9459657981e-05
 233.0000000000    1.9701524535e-06    2.9534477695e-05
 233.5000000000    1.9781990557e-06    2.9651389404e-05
 234.0000000000    1.9856786498e-06    2.9719593915e-05
 234.5000000000    1.9903667801e-06    2.9820450819e-05
 235.0000000000    1.9963101111e-06    3.0046374921e-05
 235.5000000000    2.0054750210e-06    3.0408293218e-05
 236.0000000000    2.0170966510e-06    3.0754043428e-05
 236.5000000000    2.0352080665e-06    3.4663025028e-05
 237.0000000000    2.0392288024e-06    3.5673848785e-05
 237.5000000000    2.0438744827e-06    3.1493064904e-05
 238.0000000000    2.0471952535e-06    3.0478038361e-05
 238.5000000000    2.0519231969e-06    3.0858375510e-05
 239.0000000000    2.0587505721e-06    3.0761445799e-05
 239.5000000000    2.0657285522e-06    3.0696932389e-05
 240.0000000000    2.0732393489e-06    3.0708844141e-05
 240.5000000000    2.0792804127e-06    3.0784093542e-05
 241.0000000000    2.0883210331e-06    3.0870158386e-05
 241.5000000000    2.0964990939e-06    3.1426573976e-05
 242.0000000000    2.1045988542e-06    3.2041749346e-05
 242.5000000000    2.1112191067e-06    3.1401986529e-05
 243.0000000000    2.1180100035e-06    3.1251947702e-05
 243.5000000000    2.1248229885e-06    3.1364139869e-05
 244.0000000000    2.1324773147e-06    3.1422408769e-05
 244.5000000000    2.1404721568e-06    3.1513955433e-05
 245.0000000000    2.1496598884e-06    3.1595951881e-05
 245.5000000000    2.1584035861e-06    3.1717401506e-05
 246.0000000000    2.1695431246e-06    3.2716667916e-05
 246.5000000000    2.1796362871e-06    3.3472392130e-05
 247.0000000000    2.1873249319e-06    3.2369845599e-05
 247.5000000000    2.1960786190e-06    3.2151488950e-05
 248.0000000000    2.2051749568e-06    3.2310211697e-05
 248.5000000000    2.2155067733e-06    3.2350166683e-05
 249.0000000000    2.2262981312e-06    3.2444210559e-05
 249.5000000000    2.2374151259e-06    3.2513871261e-05
 250.0000000000    2.2486754988e-06    3.2620125961e-05
 250.5000000000    2.2603718393e-06    3.2742367292e-05
 251.0000000000    2.2723849451e-06    3.2842863131e-05
 251.5000000000    2.2848942179e-06    3.2953168630e-05
 252.0000000000    2.2976227553e-06    3.3069087562e-05
 252.5000000000    2.3105798457e-06    3.3185925235e-05
 253.0000000000    2.3238153472e-06    3.3309384327e-05
 253.5000000000    2.3372108785e-06    3.3431682113e-05
 254.0000000000    2.3510397507e-06    3.3556175908e-05
 254.5000000000    2.3649381646e-06    3.3683104031e-05
 255.0000000000    2.3792485428e-06    3.3832293897e-05
 255.5000000000    2.3937762721e-06    3.3950754652e-05
 256.0000000000    2.4084929632e-06    3.4075997146e-05
 256.5000000000    2.4233452358e-06    3.4207466440e-05
 257.0000000000    2.4383621476e-06    3.4352998174e-05
 257.5000000000    2.4538136337e-06    3.4483940915e-05
 258.0000000000    2.4695039076e-06    3.4628601070e-05
 258.5000000000    2.4857062249e-06    3.4789639705e-05
 259.0000000000    2.5022850152e-06    3.4924344390e-05
 259.5000000000    2.5190537706e-06    3.5066080409e-05
 260.0000000000    2.5358851587e-06    3.5215438493e-05
 260.5000000000    2.5528158671e-06    3.5370511105e-05
 261.0000000000    2.5699810165e-06    3.5528480088e-05
 261.5000000000    2.5875399841e-06    3.5691131776e-05
 262.0000000000    2.6061235862e-06    3.5879678017e-05
 262.5000000000    2.6256695067e-06    3.6034688708e-05
 263.0000000000    2.6460160885e-06    3.6201311290e-05
 263.5000000000    2.6667656229e-06    3.6372836577e-05
 264.0000000000    2.6873837566e-06    3.6551857188e-05
 264.5000000000    2.7078676906e-06    3.6735733713e-05
 265.0000000000    2.7284596807e-06    3.6924420726e-05
 265.5000000000    2.7502427185e-06    3.7141252031e-05
 266.0000000000    2.7736433374e-06    3.7323829168e-05
 266.5000000000    2.7986674892e-06    3.7518507324e-05
 267.0000000000    2.8245967808e-06    3.7722941865e-05
 267.5000000000    2.8506153262e-06    3.7934525618e-05
 268.0000000000    2.8764376237e-06    3.8152555412e-05
 268.5000000000    2.9023558641e-06    3.8376895487e-05
 269.0000000000    2.9293042771e-06    3.8630886781e-05
 269.5000000000    2.9579183699e-06    3.8853797356e-05
 270.0000000000    2.9881310764e-06    3.9087209408e-05
 270.5000000000    3.0194394395e-06    3.9335643262e-05
 271.0000000000    3.0514811302e-06    3.9590651324e-05
 271.5000000000    3.0840705256e-06    3.9856171597e-05
 272.0000000000    3.1176353634e-06    4.0129385043e-05
 272.5000000000    3.1525421886e-06    4.0401225443e-05
 273.0000000000    3.1889083103e-06    4.0691217004e-05
 273.5000000000    3.2267518158e-06    4.0993602448e-05
 274.0000000000    3.2659206115e-06    4.1306124187e-05
 274.5000000000    3.3064071561e-06    4.1629211662e-05
 275.0000000000    3.3484871876e-06    4.1963607829e-05
 275.5000000000    3.3922447508e-06    4.2342999634e-05
 276.0000000000    3.4377627220e-06    4.2674218934e-05
 276.5000000000    3.4851197359e-06    4.3038532761e-05
 277.0000000000    3.5343107862e-06    4.3421059104e-05
 277.5000000000    3.5854277378e-06    4.3821452331e-05
 278.0000000000    3.6387140529e-06    4.4239737077e-05
 278.5000000000    3.6944231536e-06    4.4675366199e-05
 279.0000000000    3.7529218383e-06    4.5119928563e-05
 279.5000000000    3.8140598554e-06    4.5594529399e-05
 280.0000000000    3.8781253926e-06    4.6093887573e-05
 280.5000000000    3.9450560569e-06    4.6615895989e-05
 281.0000000000    4.0151284541e-06    4.7163043347e-05
 281.5000000000    4.0886267342e-06    4.7753222818e-05
 282.0000000000    4.1661295879e-06    4.8331178393e-05
 282.5000000000    4.2478164027e-06    4.8967415217e-05
 283.0000000000    4.3340098976e-06    4.9638584746e-05
 283.5000000000    4.4248185411e-06    5.0349670615e-05
 284.0000000000    4.5203766511e-06    5.1102640113e-05
 284.5000000000    4.6212851598e-06    5.1900197582e-05
 285.0000000000    4.7284620457e-06    5.2766825927e-05
 285.5000000000    4.8428908756e-06    5.3653516019e-05
 286.0000000000    4.9651807987e-06    5.4613563419e-05
 286.5000000000    5.0955391729e-06    5.5646554731e-05
 287.0000000000    5.2342375344e-06    5.6757200858e-05
 287.5000000000    5.3820116586e-06    5.7972092766e-05
 288.0000000000    5.5402483270e-06    5.9236448221e-05
 288.5000000000    5.7103634891e-06    6.0636777245e-05
 289.0000000000    5.8938658945e-06    6.2157378597e-05
 289.5000000000    6.0918362644e-06    6.3819924524e-05
 290.0000000000    6.3055560661e-06    6.5641855670e-05
 290.5000000000    6.5368378659e-06    6.7646746245e-05
 291.0000000000    6.7879722055e-06    6.9856633991e-05
 291.5000000000    7.0614381082e-06    7.2323649047e-05
 292.0000000000    7.3600451387e-06    7.5084555307e-05
 292.5000000000    7.6869806068e-06    7.8191958419e-05
 293.0000000000    8.0457048725e-06    8.1720671771e-05
 293.5000000000    8.4405482402e-06    8.5743860425e-05
 294.0000000000    8.8764127889e-06    9.0405756912e-05
 294.5000000000    9.3589484749e-06    9.5797582571e-05
 295.0000000000    9.8947722410e-06    1.0218485068e-04
 295.5000000000    1.0491345233e-05    1.0978306267e-04
 296.0000000000    1.1157177641e-05    1.1900275588e-04
 296.5000000000    1.1901930225e-05    1.3034532813e-04
 297.0000000000    1.2736510485e-05    1.4453736148e-04
 297.5000000000    1.3673087273e-05    1.6265037120e-04
 298.0000000000    1.4725773182e-05    1.8619864717e-04
 298.5000000000    1.5913536765e-05    2.1737003866e-04
 299.0000000000    1.7270219415e-05    2.5916990106e-04
 299.5000000000    1.8875146165e-05    3.1583532124e-04
 300.0000000000    2.0957654591e-05    3.9290460537e-04
 300.5000000000    2.4368726894e-05    4.9757833492e-04
 301.0000000000    3.2610426611e-05    6.3966014313e-04
 301.5000000000    5.6046511054e-05    8.3591770947e-04
 302.0000000000    1.1204873836e-04    1.1238125836e-03
 302.5000000000    2.1989705565e-04    1.5818120805e-03
 303.0000000000    3.9241014685e-04    2.3133012879e-03
 303.5000000000    6.2119666230e-04    3.3554869771e-03
 304.0000000000    8.6750195552e-04    4.5976941991e-03
 304.5000000000    1.0742513991e-03    5.8179727571e-03
 305.0000000000    1.2013821527e-03    6.8237964832e-03
 305.5000000000    1.2559884078e-03    7.5719139558e-03
 306.0000000000    1.2740785906e-03    8.1227705750e-03
 306.5000000000    1.2406830072e-03    8.5322758876e-03
 307.0000000000    1.1797794897e-03    8.7916750451e-03
 307.5000000000    1.1337338294e-03    9.0821730677e-03
 308.0000000000    1.0963347189e-03    9.2531829559e-03
 308.5000000000    1.1273822265e-03    9.1457417045e-03
 309.0000000000    1.0726440226e-03    9.2881910111e-03
 309.5000000000    1.0965143755e-03    9.1801314811e-03
 310.0000000000    1.0176019715e-03    9.4161028444e-03
 310.5000000000    1.0119649363e-03    9.3739431223e-03
 311.0000000000    1.0829513836e-03    9.0780272949e-03
 311.5000000000    1.0086165346e-03    9.1993945592e-03
 312.0000000000    1.0042807057e-03    9.1086978486e-03
 312.5000000000    9.9686557798e-04    8.7573642374e-03
 313.0000000000    1.0022116149e-03    8.4300256788e-03
 313.5000000000    9.3422447896e-04    8.2194333856e-03
 314.0000000000    8.8727219792e-04    7.3157604557e-03
 314.5000000000    7.9537210695e-04    6.8225115061e-03
 315.0000000000    6.8224945481e-04    6.0789353515e-03
 315.5000000000    5.3702579728e-04    5.0186745079e-03
 316.0000000000    3.9630141109e-04    3.8887989755e-03
 316.5000000000    2.7814440929e-04    2.9105990381e-03
 317.0000000000    1.9383767048e-04    2.3084267310e-03
 317.5000000000    1.4338550182e-04    2.0986891588e-03
 318.0000000000    1.1726820105e-04    2.1485308942e-03
 318.5000000000    1.0537008379e-04    2.3092133113e-03
 319.0000000000    1.0044588074e-04    2.4838015812e-03
 319.5000000000    9.8296308959e-05    2.6288463147e-03
 320.0000000000    9.6935857115e-05    2.7320674937e-03
 320.5000000000    9.5618315491e-05    2.7953971112e-03
 321.0000000000    9.4166732240e-05    2.8262287688e-03
 321.5000000000    9.2617776684e-05    2.8333407590e-03
 322.0000000000    9.1059231485e-05    2.8250538401e-03
 322.5000000000    8.9566685106e-05    2.8084425341e-03
 323.0000000000    8.8186877707e-05    2.7890893514e-03
 323.5000000000    8.6940843637e-05    2.7711263273e-03
 324.0000000000    8.5833307116e-05    2.7574217228e-03
 324.5000000000    8.4861939518e-05    2.7498148192e-03
 325.0000000000    8.4024266082e-05    2.7493402870e-03
 325.5000000000    8.3320927727e-05    2.7564115648e-03
 326.0000000000    8.2756604119e-05    2.7709573519e-03
 326.5000000000    8.2338626961e-05    2.7925208378e-03
 327.0000000000    8.2074937300e-05    2.8203364532e-03
 327.5000000000    8.1971520456e-05    2.8533886240e-03
 328.0000000000    8.2030337729e-05    2.8904992446e-03
 328.5000000000    8.2247880424e-05    2.9303867481e-03
 329.0000000000    8.2614558549e-05    2.9717487691e-03
 329.5000000000    8.3114914219e-05    3.0133226775e-03
 330.0000000000    8.3728165324e-05    3.0539462433e-03
 330.5000000000    8.4429348649e-05    3.0925928386e-03
 331.0000000000    8.5190664371e-05    3.1284015966e-03
 331.5000000000    8.5982572627e-05    3.1606748300e-03
 332.0000000000    8.6775511019e-05    3.1889011904e-03
 332.5000000000    8.7540912407e-05    3.2127298504e-03
 333.0000000000    8.8252542358e-05    3.2319629512e-03
 333.5000000000    8.8887591941e-05    3.2465392496e-03
 334.0000000000    8.9427694798e-05    3.2565206311e-03
 334.5000000000    8.9859771892e-05    3.2620754567e-03
 335.0000000000    9.0176517492e-05    3.2634713848e-03
 335.5000000000    9.0376356836e-05    3.2610609213e-03
 336.0000000000    9.0463070909e-05    3.2552714320e-03
 336.5000000000    9.0445134593e-05    3.2465822813e-03
 337.0000000000    9.0334563201e-05    3.2355230856e-03
 337.5000000000    9.0145666656e-05    3.2226458305e-03
 338.0000000000    8.9893963383e-05    3.2085075277e-03
 338.5000000000    8.9595013037e-05    3.1936540890e-03
 339.0000000000    8.9263664357e-05    3.1786036990e-03
 339.5000000000    8.8913456556e-05    3.1638274610e-03
 340.0000000000    8.8556210352e-05    3.1497457837e-03
 340.5000000000    8.8201876646e-05    3.1367156302e-03
 341.0000000000    8.7858558650e-05    3.1250296391e-03
 341.5000000000    8.7532505474e-05    3.1149182957e-03
 342.0000000000    8.7228376195e-05    3.1065531912e-03
 342.5000000000    8.6949495482e-05    3.1000523164e-03
 343.0000000000    8.6698169711e-05    3.0954857411e-03
 343.5000000000    8.6475974846e-05    3.0928809941e-03
 344.0000000000    8.6284056953e-05    3.0922279520e-03
 344.5000000000    8.6123271257e-05    3.0934822871e-03
 345.0000000000    8.5994402794e-05    3.0965681238e-03
 345.5000000000    8.5898081649e-05    3.1013797008e-03
 346.0000000000    8.5834652646e-05    3.1077826637e-03
 346.5000000000    8.5804332124e-05    3.1156153634e-03
 347.0000000000    8.5806789317e-05    3.1246909181e-03
 347.5000000000    8.5841209130e-05    3.1348001898e-03
 348.0000000000    8.5906159487e-05    3.1457167061e-03
 348.5000000000    8.5999505584e-05    3.1572018106e-03
 349.0000000000    8.6118405484e-05    3.1690118049e-03
 349.5000000000    8.6259420538e-05    3.1809053394e-03
 350.0000000000    8.6418438202e-05    3.1926514227e-03
 350.5000000000    8.6590987768e-05    3.2040367008e-03
 351.0000000000    8.6772209966e-05    3.2148713515e-03
 351.5000000000    8.6957270887e-05    3.2249934053e-03
 352.0000000000    8.7141329787e-05    3.2342713372e-03
 352.5000000000    8.7319839805e-05    3.2426051888e-03
 353.0000000000    8.7488745655e-05    3.2499262991e-03
 353.5000000000    8.7644433637e-05    3.2561961598e-03
 354.0000000000    8.7783978501e-05    3.2614044294e-03
 354.5000000000    8.7905112406e-05    3.2655662880e-03
 355.0000000000    8.8006227899e-05    3.2687192895e-03
 355.5000000000    8.8086400477e-05    3.2709198538e-03
 356.0000000000    8.8145220882e-05    3.2722397839e-03
 356.5000000000    8.8182843399e-05    3.2727633190e-03
 357.0000000000    8.8199918713e-05    3.2725845632e-03
 357.5000000000    8.8197637118e-05    3.2718053424e-03
 358.0000000000    8.8177702620e-05    3.2705329471e-03
 358.5000000000    8.8142273474e-05    3.2688777354e-03
 359.0000000000    8.8093716242e-05    3.2669505176e-03
 359.5000000000    8.8034542620e-05    3.2648601619e-03
 360.0000000000    8.7967117227e-05    3.2627113094e-03
 360.5000000000    8.7893631783e-05    3.2606026611e-03
 361.0000000000    8.7816269616e-05    3.2586255152e-03
 361.5000000000    8.7737197564e-05    3.2568622532e-03
 362.0000000000    8.7658581842e-05    3.2553848353e-03
 362.5000000000    8.7582400647e-05    3.2542539387e-03
 363.0000000000    8.7510209045e-05    3.2535184844e-03
 363.5000000000    8.7443308300e-05    3.2532153589e-03
 364.0000000000    8.7382567399e-05    3.2533694071e-03
 364.5000000000    8.7328748749e-05    3.2539936180e-03
 365.0000000000    8.7282518280e-05    3.2550889754e-03
 365.5000000000    8.7244645499e-05    3.2566447185e-03
 366.0000000000    8.7215682296e-05    3.2586392731e-03
 366.5000000000    8.7195902002e-05    3.2610441409e-03
 367.0000000000    8.7185260611e-05    3.2638152424e-03
 367.5000000000    8.7183590721e-05    3.2669148939e-03
 368.0000000000    8.7190585301e-05    3.2702919158e-03
 368.5000000000    8.7205928364e-05    3.2738982454e-03
 369.0000000000    8.7229046063e-05    3.2776755675e-03
 369.5000000000    8.7259260647e-05    3.2815753643e-03
 370.0000000000    8.7295689847e-05    3.2855457207e-03
 370.5000000000    8.7337077926e-05    3.2895393906e-03
 371.0000000000    8.7382292783e-05    3.2935109969e-03
 371.5000000000    8.7430181018e-05    3.2974193719e-03
 372.0000000000    8.7479488468e-05    3.3012253686e-03
 372.5000000000    8.7529060487e-05    3.3048931097e-03
 373.0000000000    8.7577798368e-05    3.3083889300e-03
 373.5000000000    8.7624771849e-05    3.3116824948e-03
 374.0000000000    8.7669168703e-05    3.3147467502e-03
 374.5000000000    8.7710420220e-05    3.3175588411e-03
 375.0000000000    8.7748322997e-05    3.3201007230e-03
 375.5000000000    8.7782690395e-05    3.3223605473e-03
 376.0000000000    8.7813791529e-05    3.3243339664e-03
 376.5000000000    8.7842110406e-05    3.3260255855e-03
 377.0000000000    8.7868053702e-05    3.3274497129e-03
 377.5000000000    8.7892184743e-05    3.3286301533e-03
 378.0000000000    8.7914939379e-05    3.3295990328e-03
 378.5000000000    8.7936436157e-05    3.3303938403e-03
 379.0000000000    8.7956370531e-05    3.3310556555e-03
 379.5000000000    8.7974021840e-05    3.3316402878e-03
 380.0000000000    8.7988314871e-05    3.3321459536e-03
 380.5000000000    8.7997598991e-05    3.3326468879e-03
 381.0000000000    8.8000078416e-05    3.3331551187e-03
 381.5000000000    8.7993926135e-05    3.3336886093e-03
 382.0000000000    8.7977632531e-05    3.3342570210e-03
 382.5000000000    8.7950166488e-05    3.3348646172e-03
 383.0000000000    8.7911619764e-05    3.3355135587e-03
 383.5000000000    8.7862966680e-05    3.3362031003e-03
 384.0000000000    8.7806198742e-05    3.3369406745e-03
 384.5000000000    8.7744587140e-05    3.3377340395e-03
 385.0000000000    8.7681979197e-05    3.3385992604e-03
 385.5000000000    8.7622405035e-05    3.3395567740e-03
 386.0000000000    8.7570127378e-05    3.3406299989e-03
 386.5000000000    8.7528645159e-05    3.3418557015e-03
 387.0000000000    8.7500453164e-05    3.3432103106e-03
 387.5000000000    8.7486827458e-05    3.3447443101e-03
 388.0000000000    8.7487556240e-05    3.3464410550e-03
 388.5000000000    8.7501067406e-05    3.3482859881e-03
 389.0000000000    8.7524774979e-05    3.3502519735e-03
 389.5000000000    8.7555473231e-05    3.3523025159e-03
 390.0000000000    8.7589784458e-05    3.3543954056e-03
 390.5000000000    8.7624575248e-05    3.3564877786e-03
 391.0000000000    8.7657477364e-05    3.3585414702e-03
 391.5000000000    8.7687019396e-05    3.3605274757e-03
 392.0000000000    8.7712688719e-05    3.3624287404e-03
 392.5000000000    8.7735061814e-05    3.3642408138e-03
 393.0000000000    8.7755058057e-05    3.3659705256e-03
 393.5000000000    8.7773889022e-05    3.3676329970e-03
 394.0000000000    8.7792935133e-05    3.3692476289e-03
 394.5000000000    8.7812969368e-05    3.3708337782e-03
 395.0000000000    8.7834281217e-05    3.3724067081e-03
 395.5000000000    8.7856611311e-05    3.3739744003e-03
 396.0000000000    8.7879306384e-05    3.3755360213e-03
 396.5000000000    8.7901263691e-05    3.3770821630e-03
 397.0000000000    8.7921346911e-05    3.3785967589e-03
 397.5000000000    8.7938774576e-05    3.3800603599e-03
 398.0000000000    8.7952751531e-05    3.3814539480e-03
 398.5000000000    8.7962925556e-05    3.3827624663e-03
 399.0000000000    8.7969698418e-05    3.3839775285e-03
 399.5000000000    8.7973342064e-05    3.3850990015e-03
 400.0000000000    8.7974479415e-05    3.3861351466e-03
 400.5000000000    8.7973890120e-05    3.3871014975e-03
 401.0000000000    8.7972189185e-05    3.3880186325e-03
 401.5000000000    8.7969887124e-05    3.3889093389e-03
 402.0000000000    8.7967304809e-05    3.3897955687e-03
 402.5000000000    8.7964666499e-05    3.3906957610e-03
 403.0000000000    8.7962040722e-05    3.3916231598e-03
 403.5000000000    8.7959440869e-05    3.3925851756e-03
 404.0000000000    8.7956905868e-05    3.3935837046e-03
 404.5000000000    8.7954514819e-05    3.3946163423e-03
 405.0000000000    8.7952336134e-05    3.3956780214e-03
 405.5000000000    8.7950534806e-05    3.3967628222e-03
 406.0000000000    8.7949276953e-05    3.3978656619e-03
 406.5000000000    8.7948740107e-05    3.3989833528e-03
 407.0000000000    8.7948996585e-05    3.4001147663e-03
 407.5000000000    8.7950262043e-05    3.4012604044e-03
 408.0000000000    8.7952533621e-05    3.4024215341e-03
 408.5000000000    8.7955983616e-05    3.4035989850e-03
 409.0000000000    8.7960579198e-05    3.4047921016e-03
 409.5000000000    8.7966383126e-05    3.4059980575e-03
 410.0000000000    8.7973387845e-05    3.4072117705e-03
 410.5000000000    8.7981328736e-05    3.4084265842e-03
 411.0000000000    8.7989983811e-05    3.4096354638e-03
 411.5000000000    8.7998883526e-05    3.4108322930e-03
 412.0000000000    8.8007467277e-05    3.4120131628e-03
 412.5000000000    8.8015193140e-05    3.4131773176e-03
 413.0000000000    8.8021560508e-05    3.4143272944e-03
 413.5000000000    8.8026154035e-05    3.4154683383e-03
 414.0000000000    8.8028801719e-05    3.4166072423e-03
 414.5000000000    8.8029509090e-05    3.4177506992e-03
 415.0000000000    8.8028582946e-05    3.4189036837e-03
 415.5000000000    8.8026508362e-05    3.4200680834e-03
 416.0000000000    8.8023920945e-05    3.4212418457e-03
 416.5000000000    8.8021494661e-05    3.4224189335e-03
 417.0000000000    8.8019859710e-05    3.4235900914e-03
 417.5000000000    8.8019536235e-05    3.4247444768e-03
 418.0000000000    8.8020804545e-05    3.4258715796e-03
 418.5000000000    8.8023687403e-05    3.4269631337e-03
 419.0000000000    8.8028061288e-05    3.4280147769e-03
 419.5000000000    8.8033542800e-05    3.4290269045e-03
 420.0000000000    8.8039739561e-05    3.4300047839e-03
 420.5000000000    8.8046138556e-05    3.4309576888e-03
 421.0000000000    8.8052397437e-05    3.4318974020e-03
 421.5000000000    8.8058250595e-05    3.4328362097e-03
 422.0000000000    8.8063553245e-05    3.4337848389e-03
 422.5000000000    8.8068339697e-05    3.4347507960e-03
 423.0000000000    8.8072771276e-05    3.4357371929e-03
 423.5000000000    8.8077138875e-05    3.4367424645e-03
 424.0000000000    8.8081681472e-05    3.4377609253e-03
 424.5000000000    8.8086603406e-05    3.4387840697e-03
 425.0000000000    8.8091951620e-05    3.4398023873e-03
 425.5000000000    8.8097576888e-05    3.4408072277e-03
 426.0000000000    8.8103185523e-05    3.4417923628e-03
 426.5000000000    8.8108462542e-05    3.4427550456e-03
 427.0000000000    8.8113154072e-05    3.4436963649e-03
 427.5000000000    8.8117181674e-05    3.4446209180e-03
 428.0000000000    8.8120600996e-05    3.4455358846e-03
 428.5000000000    8.8123636464e-05    3.4464496780e-03
 429.0000000000    8.8126524796e-05    3.4473704363e-03
 429.5000000000    8.8129462266e-05    3.4483046009e-03
 430.0000000000    8.8132583757e-05    3.4492558588e-03
 430.5000000000    8.8135919137e-05    3.4502246791e-03
 431.0000000000    8.8139460169e-05    3.4512084606e-03
 431.5000000000    8.8143342815e-05    3.4522022142e-03
 432.0000000000    8.8147426010e-05    3.4531995590e-03
 432.5000000000    8.8151781781e-05    3.4541937373e-03
 433.0000000000    8.8156429280e-05    3.4551785922e-03
 433.5000000000    8.8161003657e-05    3.4561493560e-03
 434.0000000000    8.8165437646e-05    3.4571031769e-03
 434.5000000000    8.8169474367e-05    3.4580393732e-03
 435.0000000000    8.8173132161e-05    3.4589593111e-03
 435.5000000000    8.8176397451e-05    3.4598660177e-03
 436.0000000000    8.8179520465e-05    3.4607635161e-03
 436.5000000000    8.8182719814e-05    3.4616561019e-03
 437.0000000000    8.8186067768e-05    3.4625476099e-03
 437.5000000000    8.8189574654e-05    3.4634407408e-03
 438.0000000000    8.8193167659e-05    3.4643367440e-03
 438.5000000000    8.8196747205e-05    3.4652353596e-03
 439.0000000000    8.8200224035e-05    3.4661349873e-03
 439.5000000000    8.8203532349e-05    3.4670331018e-03
 440.0000000000    8.8206596231e-05    3.4679267775e-03
 440.5000000000    8.8209295066e-05    3.4688132942e-03
 441.0000000000    8.8211519765e-05    3.4696906292e-03
 441.5000000000    8.8213187626e-05    3.4705577905e-03
 442.0000000000    8.8214327600e-05    3.4714156091e-03
 442.5000000000    8.8215062680e-05    3.4722634025e-03
 443.0000000000    8.8215604969e-05    3.4731047275e-03
 443.5000000000    8.8216161900e-05    3.4739413290e-03
 444.0000000000    8.8216944522e-05    3.4747759954e-03
 444.5000000000    8.8218106240e-05    3.4756093830e-03
 445.0000000000    8.8219768751e-05    3.4764443155e-03
 445.5000000000    8.8222018336e-05    3.4772810131e-03
 446.0000000000    8.8224888478e-05    3.4781201738e-03
 446.5000000000    8.8228347083e-05    3.4789613469e-03
 447.0000000000    8.8232294626e-05    3.4798036941e-03
 447.5000000000    8.8236589617e-05    3.4806459852e-03
 448.0000000000    8.8241068446e-05    3.4814867149e-03
 448.5000000000    8.8245578313e-05    3.4823243793e-03
 449.0000000000    8.8250010753e-05    3.4831664267e-03
 449.5000000000    8.8254239445e-05    3.4839857861e-03
 450.0000000000    8.8258212837e-05    3.4848079910e-03
 450.5000000000    8.8261911766e-05    3.4856239230e-03
 451.0000000000    8.8265364403e-05    3.4864353614e-03
 451.5000000000    8.8268632722e-05    3.4872428872e-03
 452.0000000000    8.8271758595e-05    3.4880476627e-03
 452.5000000000    8.8274848868e-05    3.4888508143e-03
 453.0000000000    8.8277955744e-05    3.4896531424e-03
 453.5000000000    8.8281108760e-05    3.4904550343e-03
 454.0000000000    8.8284341277e-05    3.4912591531e-03
 454.5000000000    8.8287638676e-05    3.4920690601e-03
 455.0000000000    8.8290942998e-05    3.4928569017e-03
 455.5000000000    8.8294240376e-05    3.4936543904e-03
 456.0000000000    8.8297508930e-05    3.4944487090e-03
 456.5000000000    8.8300706020e-05    3.4952393220e-03
 457.0000000000    8.8303803624e-05    3.4960250172e-03
 457.5000000000    8.8306778917e-05    3.4968051577e-03
 458.0000000000    8.8309633853e-05    3.4975795254e-03
 458.5000000000    8.8312393914e-05    3.4983483095e-03
 459.0000000000    8.8315070556e-05    3.4991122238e-03
 459.5000000000    8.8317706270e-05    3.4998724090e-03
 460.0000000000    8.8320339455e-05    3.5006300569e-03
 460.5000000000    8.8322991223e-05    3.5013861933e-03
 461.0000000000    8.8325669143e-05    3.5021415583e-03
 461.5000000000    8.8328396255e-05    3.5028965519e-03
 462.0000000000    8.8331119411e-05    3.5036512570e-03
 462.5000000000    8.8333816259e-05    3.5044055656e-03
 463.0000000000    8.8336501626e-05    3.5051592732e-03
 463.5000000000    8.8339144880e-05    3.5059121340e-03
 464.0000000000    8.8341754873e-05    3.5066638462e-03
 464.5000000000    8.8344324233e-05    3.5074140626e-03
 465.0000000000    8.8346863816e-05    3.5081624206e-03
 465.5000000000    8.8349388731e-05    3.5089085501e-03
 466.0000000000    8.8351917403e-05    3.5096520697e-03
 466.5000000000    8.8354464378e-05    3.5103926521e-03
 467.0000000000    8.8357076401e-05    3.5111301330e-03
 467.5000000000    8.8359728688e-05    3.5118645038e-03
 468.0000000000    8.8362459774e-05    3.5125958219e-03
 468.5000000000    8.8365266629e-05    3.5133241418e-03
 469.0000000000    8.8368145985e-05    3.5140495076e-03
 469.5000000000    8.8371070882e-05    3.5147719272e-03
 470.0000000000    8.8374022535e-05    3.5154913508e-03
 470.5000000000    8.8377002569e-05    3.5162076668e-03
 471.0000000000    8.8379972595e-05    3.5169207074e-03
 471.5000000000    8.8382919156e-05    3.5176302476e-03
 472.0000000000    8.8385834403e-05    3.5183360679e-03
 472.5000000000    8.8388697934e-05    3.5190380540e-03
 473.0000000000    8.8391491946e-05    3.5197362654e-03
 473.5000000000    8.8394226354e-05    3.5204351126e-03
 474.0000000000    8.8396865426e-05    3.5211228360e-03
 474.5000000000    8.8399447783e-05    3.5218116504e-03
 475.0000000000    8.8401996964e-05    3.5224984328e-03
 475.5000000000    8.8404537183e-05    3.5231832129e-03
 476.0000000000    8.8407101924e-05    3.5238658963e-03
 476.5000000000    8.8409668407e-05    3.5245465893e-03
 477.0000000000    8.8412256281e-05    3.5252252984e-03
 477.5000000000    8.8414816525e-05    3.5259022441e-03
 478.0000000000    8.8417319588e-05    3.5265779188e-03
 478.5000000000    8.8419765024e-05    3.5272529516e-03
 479.0000000000    8.8422145280e-05    3.5279279132e-03
 479.5000000000    8.8424500632e-05    3.5286043963e-03
 480.0000000000    8.8426858838e-05    3.5292786350e-03
 480.5000000000    8.8429276927e-05    3.5299535599e-03
 481.0000000000    8.8431773036e-05    3.5306275671e-03
 481.5000000000    8.8434357305e-05    3.5312998958e-03
 482.0000000000    8.8437019115e-05    3.5319741290e-03
 482.5000000000    8.8439670757e-05    3.5326390261e-03
 483.0000000000    8.8442306765e-05    3.5333053682e-03
 483.5000000000    8.8444906397e-05    3.5339704786e-03
 484.0000000000    8.8447480372e-05    3.5346342647e-03
 484.5000000000    8.8450058736e-05    3.5352964280e-03
 485.0000000000    8.8452677597e-05    3.5359567162e-03
 485.5000000000    8.8455346397e-05    3.5366146652e-03
 486.0000000000    8.8458046405e-05    3.5372699677e-03
 486.5000000000    8.8460743123e-05    3.5379226542e-03
 487.0000000000    8.8463389562e-05    3.5385730229e-03
 487.5000000000    8.8465969789e-05    3.5392214123e-03
 488.0000000000    8.8468505253e-05    3.5398679616e-03
 488.5000000000    8.8471042151e-05    3.5405124866e-03
 489.0000000000    8.8473636804e-05    3.5411545433e-03
 489.5000000000    8.8476318259e-05    3.5417936499e-03
 490.0000000000    8.8479081516e-05    3.5424295414e-03
 490.5000000000    8.8481885350e-05    3.5430623061e-03
 491.0000000000    8.8484666203e-05    3.5436923480e-03
 491.5000000000    8.8487375211e-05    3.5443202047e-03
 492.0000000000    8.8489995943e-05    3.5449463294e-03
 492.5000000000    8.8492544789e-05    3.5455709557e-03
 493.0000000000    8.8495075222e-05    3.5461940911e-03
 493.5000000000    8.8497594229e-05    3.5468156146e-03
 494.0000000000    8.8500133836e-05    3.5474354196e-03
 494.5000000000    8.8502677035e-05    3.5480535085e-03
 495.0000000000    8.8505172406e-05    3.5486699829e-03
 495.5000000000    8.8507590080e-05    3.5492849747e-03
 496.0000000000    8.8509928409e-05    3.5498985613e-03
 496.5000000000    8.8512239369e-05    3.5505106912e-03
 497.0000000000    8.8514598074e-05    3.5511211757e-03
 497.5000000000    8.8517080556e-05    3.5517297230e-03
 498.0000000000    8.8519725459e-05    3.5523359792e-03
 498.5000000000    8.8522516607e-05    3.5529395718e-03
 499.0000000000    8.8525398546e-05    3.5535401494e-03
 499.5000000000    8.8528297350e-05    3.5541374584e-03
 500.0000000000    8.8531177517e-05    3.5547314909e-03
 500.5000000000    8.8534045553e-05    3.5553226670e-03
 501.0000000000    8.8536936206e-05    3.5559120074e-03
 501.5000000000    8.8539881825e-05    3.5565012725e-03
 502.0000000000    8.8542878105e-05    3.5570929701e-03
 502.5000000000    8.8545881130e-05    3.5576901849e-03
 503.0000000000    8.8548843526e-05    3.5582962385e-03
 503.5000000000    8.8551784666e-05    3.5589141902e-03
 504.0000000000    8.8554863493e-05    3.5595461677e-03
 504.5000000000    8.8558419994e-05    3.5601925742e-03
 505.0000000000    8.8562963346e-05    3.5608512807e-03
 505.5000000000    8.8569102889e-05    3.5615170038e-03
 506.0000000000    8.8577442791e-05    3.5621811079e-03
 506.5000000000    8.8588450223e-05    3.5628320609e-03
 507.0000000000    8.8602331042e-05    3.5634566863e-03
 507.5000000000    8.8618913674e-05    3.5640421500e-03
 508.0000000000    8.8637552348e-05    3.5645783386e-03
 508.5000000000    8.8657083977e-05    3.5650601577e-03
 509.0000000000    8.8675848485e-05    3.5654891858e-03
 509.5000000000    8.8691802328e-05    3.5658741872e-03
 510.0000000000    8.8702734352e-05    3.5662303360e-03
 510.5000000000    8.8706591399e-05    3.5665772467e-03
 511.0000000000    8.8701839103e-05    3.5669361656e-03
 511.5000000000    8.8687787089e-05    3.5673268820e-03
 512.0000000000    8.8664820246e-05    3.5677648492e-03
 512.5000000000    8.8634441423e-05    3.5682589685e-03
 513.0000000000    8.8599128733e-05    3.5688103673e-03
 513.5000000000    8.8562011727e-05    3.5694123443e-03
 514.0000000000    8.8526425655e-05    3.5700528865e-03
 514.5000000000    8.8495415754e-05    3.5707105327e-03
 515.0000000000    8.8471356255e-05    3.5713699798e-03
 515.5000000000    8.8455564486e-05    3.5720137516e-03
 516.0000000000    8.8448288084e-05    3.5726302937e-03
 516.5000000000    8.8448737396e-05    3.5732198300e-03
 517.0000000000    8.8455265090e-05    3.5737735843e-03
 517.5000000000    8.8465894723e-05    3.5743124380e-03
 518.0000000000    8.8478601183e-05    3.5748459293e-03
 518.5000000000    8.8491710677e-05    3.5753871291e-03
 519.0000000000    8.8504139672e-05    3.5759466575e-03
 519.5000000000    8.8515470693e-05    3.5765309689e-03
 520.0000000000    8.8525869769e-05    3.5771411649e-03
 520.5000000000    8.8535873501e-05    3.5777735435e-03
 521.0000000000    8.8546116141e-05    3.5784208071e-03
 521.5000000000    8.8557073877e-05    3.5790735953e-03
 522.0000000000    8.8568896033e-05    3.5797220578e-03
 522.5000000000    8.8581365392e-05    3.5803573109e-03
 523.0000000000    8.8593960506e-05    3.5809726005e-03
 523.5000000000    8.8606022830e-05    3.5815641059e-03
 524.0000000000    8.8616933474e-05    3.5821312665e-03
 524.5000000000    8.8626265239e-05    3.5826765714e-03
 525.0000000000    8.8633865778e-05    3.5832048717e-03
 525.5000000000    8.8639853159e-05    3.5837223453e-03
 526.0000000000    8.8644554354e-05    3.5842353983e-03
 526.5000000000    8.8648400363e-05    3.5847496710e-03
 527.0000000000    8.8651806687e-05    3.5852692623e-03
 527.5000000000    8.8655081775e-05    3.5857964620e-03
 528.0000000000    8.8658393704e-05    3.5863317875e-03
 528.5000000000    8.8661759335e-05    3.5868740407e-03
 529.0000000000    8.8665072718e-05    3.5874205949e-03
 529.5000000000    8.8668175344e-05    3.5879680132e-03
 530.0000000000    8.8670917900e-05    3.5885124633e-03
 530.5000000000    8.8673182782e-05    3.5890505031e-03
 531.0000000000    8.8674922852e-05    3.5895797473e-03
 531.5000000000    8.8676148933e-05    3.5900992270e-03
 532.0000000000    8.8676931875e-05    3.5906095974e-03
 532.5000000000    8.8677376544e-05    3.5911127556e-03
 533.0000000000    8.8677601970e-05    3.5916113962e-03
 533.5000000000    8.8677732640e-05    3.5921084590e-03
 534.0000000000    8.8677886242e-05    3.5926065799e-03
 534.5000000000    8.8678156710e-05    3.5931077378e-03
 535.0000000000    8.8678611662e-05    3.5936136999e-03
 535.5000000000    8.8679284650e-05    3.5941228066e-03
 536.0000000000    8.8680198603e-05    3.5946368212e-03
 536.5000000000    8.8681375667e-05    3.5951545521e-03
 537.0000000000    8.8682808565e-05    3.5956685440e-03
 537.5000000000    8.8684477348e-05    3.5961833001e-03
 538.0000000000    8.8686312363e-05    3.5966962326e-03
 538.5000000000    8.8688209164e-05    3.5972075668e-03
 539.0000000000    8.8690029276e-05    3.5977188262e-03
 539.5000000000    8.8691679947e-05    3.5982328666e-03
 540.0000000000    8.8693047960e-05    3.5987538264e-03
 540.5000000000    8.8694170956e-05    3.5992859275e-03
 541.0000000000    8.8695105883e-05    3.5998328674e-03
 541.5000000000    8.8695988801e-05    3.6003964824e-03
 542.0000000000    8.8697021839e-05    3.6009755015e-03
 542.5000000000    8.8698413845e-05    3.6015644066e-03
 543.0000000000    8.8700340787e-05    3.6021528381e-03
 543.5000000000    8.8702976472e-05    3.6027259162e-03
 544.0000000000    8.8706270935e-05    3.6032653167e-03
 544.5000000000    8.8709950215e-05    3.6037520990e-03
 545.0000000000    8.8713304803e-05    3.6041706792e-03
 545.5000000000    8.8715214118e-05    3.6045128334e-03
 546.0000000000    8.8714136580e-05    3.6047814465e-03
 546.5000000000    8.8708263869e-05    3.6049930061e-03
 547.0000000000    8.8695792298e-05    3.6051778471e-03
 547.5000000000    8.8675282168e-05    3.6053777990e-03
 548.0000000000    8.8646058210e-05    3.6056411774e-03
 548.5000000000    8.8608592888e-05    3.6060156869e-03
 549.0000000000    8.8564800376e-05    3.6065401668e-03
 549.5000000000    8.8518136694e-05    3.6072365448e-03
 550.0000000000    8.8473427954e-05    3.6081038288e-03
 550.5000000000    8.8436424289e-05    3.6091155904e-03
 551.0000000000    8.8413077973e-05    3.6102217839e-03
 551.5000000000    8.8408621871e-05    3.6113551531e-03
 552.0000000000    8.8426625981e-05    3.6124414153e-03
 552.5000000000    8.8468240322e-05    3.6134115163e-03
 553.0000000000    8.8531775164e-05    3.6142134577e-03
 553.5000000000    8.8612749915e-05    3.6148213638e-03
 554.0000000000    8.8704451242e-05    3.6152397586e-03
 554.5000000000    8.8798877236e-05    3.6155020747e-03
 555.0000000000    8.8887880798e-05    3.6156636691e-03
 555.5000000000    8.8964406846e-05    3.6157908541e-03
 556.0000000000    8.9023537434e-05    3.6159482746e-03
 556.5000000000    8.9063018116e-05    3.6161872124e-03
 557.0000000000    8.9083399775e-05    3.6165371066e-03
 557.5000000000    8.9087641325e-05    3.6170018364e-03
 558.0000000000    8.9080225110e-05    3.6175611689e-03
 558.5000000000    8.9066095979e-05    3.6181766527e-03
 559.0000000000    8.9049620704e-05    3.6188022534e-03
 559.5000000000    8.9033780633e-05    3.6193854343e-03
 560.0000000000    8.9019847448e-05    3.6198931735e-03
 560.5000000000    8.9007534926e-05    3.6203069458e-03
 561.0000000000    8.8995394762e-05    3.6206048678e-03
 561.5000000000    8.8981631255e-05    3.6208154497e-03
 562.0000000000    8.8964746596e-05    3.6209623789e-03
 562.5000000000    8.8944070764e-05    3.6210805218e-03
 563.0000000000    8.8920001580e-05    3.6212069287e-03
 563.5000000000    8.8893924485e-05    3.6213757733e-03
 564.0000000000    8.8867859666e-05    3.6216115216e-03
 564.5000000000    8.8843927778e-05    3.6219273105e-03
 565.0000000000    8.8823909413e-05    3.6223234037e-03
 565.5000000000    8.8808760758e-05    3.6227888236e-03
 566.0000000000    8.8798520141e-05    3.6233043510e-03
 566.5000000000    8.8792298244e-05    3.6238462967e-03
 567.0000000000    8.8788668224e-05    3.6243914487e-03
 567.5000000000    8.8786067490e-05    3.6249180066e-03
 568.0000000000    8.8783204068e-05    3.6254144369e-03
 568.5000000000    8.8779345334e-05    3.6258726476e-03
 569.0000000000    8.8774501201e-05    3.6262959824e-03
 569.5000000000    8.8769234020e-05    3.6266932647e-03
 570.0000000000    8.8764538545e-05    3.6270773996e-03
 570.5000000000    8.8761401874e-05    3.6274628581e-03
 571.0000000000    8.8760813249e-05    3.6278628155e-03
 571.5000000000    8.8763327605e-05    3.6282864214e-03
 572.0000000000    8.8769162229e-05    3.6287374087e-03
 572.5000000000    8.8778094730e-05    3.6292137485e-03
 573.0000000000    8.8789587379e-05    3.6297085968e-03
 573.5000000000    8.8802805983e-05    3.6302120637e-03
 574.0000000000    8.8816840877e-05    3.6307133978e-03
 574.5000000000    8.8830686054e-05    3.6312030156e-03
 575.0000000000    8.8843470202e-05    3.6316740423e-03
 575.5000000000    8.8854443746e-05    3.6321232599e-03
 576.0000000000    8.8863135861e-05    3.6325511266e-03
 576.5000000000    8.8869306963e-05    3.6329611419e-03
 577.0000000000    8.8873050560e-05    3.6333588258e-03
 577.5000000000    8.8874710448e-05    3.6337504441e-03
 578.0000000000    8.8874861544e-05    3.6341416906e-03
 578.5000000000    8.8874202075e-05    3.6345370103e-03
 579.0000000000    8.8873348171e-05    3.6349390241e-03
 579.5000000000    8.8872840991e-05    3.6353485263e-03
 580.0000000000    8.8872994382e-05    3.6357647681e-03
 580.5000000000    8.8873869669e-05    3.6361858969e-03
 581.0000000000    8.8875270344e-05    3.6366094485e-03
 581.5000000000    8.8876907744e-05    3.6370328248e-03
 582.0000000000    8.8878539060e-05    3.6374536712e-03
 582.5000000000    8.8879858319e-05    3.6378701253e-03
 583.0000000000    8.8880710143e-05    3.6382810325e-03
 583.5000000000    8.8881082586e-05    3.6386860765e-03
 584.0000000000    8.8881062373e-05    3.6390858117e-03
 584.5000000000    8.8880784289e-05    3.6394815067e-03
 585.0000000000    8.8880454749e-05    3.6398748677e-03
 585.5000000000    8.8880238505e-05    3.6402677673e-03
 586.0000000000    8.8880252610e-05    3.6406619812e-03
 586.5000000000    8.8880573566e-05    3.6410589031e-03
 587.0000000000    8.8881287119e-05    3.6414592609e-03
 587.5000000000    8.8882331379e-05    3.6418631112e-03
 588.0000000000    8.8883704365e-05    3.6422698764e-03
 588.5000000000    8.8885318070e-05    3.6426785023e-03
 589.0000000000    8.8887060543e-05    3.6430877003e-03
 589.5000000000    8.8888821656e-05    3.6434961762e-03
 590.0000000000    8.8890429250e-05    3.6439029281e-03
 590.5000000000    8.8891899076e-05    3.6443073113e-03
 591.0000000000    8.8893190814e-05    3.6447090350e-03
 591.5000000000    8.8894420543e-05    3.6451081002e-03
 592.0000000000    8.8895685298e-05    3.6455048957e-03
 592.5000000000    8.8897166679e-05    3.6459000104e-03
 593.0000000000    8.8898926220e-05    3.6462940239e-03
 593.5000000000    8.8900902755e-05    3.6466875161e-03
 594.0000000000    8.8903014897e-05    3.6470810257e-03
 594.5000000000    8.8905109061e-05    3.6474749268e-03
 595.0000000000    8.8907052896e-05    3.6478692799e-03
 595.5000000000    8.8908789771e-05    3.6482640385e-03
 596.0000000000    8.8910424865e-05    3.6486592083e-03
 596.5000000000    8.8912095071e-05    3.6490545244e-03
 597.0000000000    8.8913892323e-05    3.6494494971e-03
 597.5000000000    8.8915827808e-05    3.6498436115e-03
 598.0000000000    8.8917860428e-05    3.6502363397e-03
 598.5000000000    8.8919779735e-05    3.6506270327e-03
 599.0000000000    8.8921712239e-05    3.6510149531e-03
 599.5000000000    8.8923282206e-05    3.6513992949e-03
 600.0000000000    8.8924783098e-05    3.6517790727e-03
 600.5000000000    8.8926302320e-05    3.6521531888e-03
 601.0000000000    8.8927892958e-05    3.6525204241e-03
 601.5000000000    8.8929300321e-05    3.6528794233e-03
 602.0000000000    8.8930781814e-05    3.6532285570e-03
 602.5000000000    8.8932124983e-05    3.6535661082e-03
 603.0000000000    8.8933294719e-05    3.6538903195e-03
 603.5000000000    8.8934393270e-05    3.6541996720e-03
 604.0000000000    8.8935438877e-05    3.6544928604e-03
 604.5000000000    8.8936647917e-05    3.6547687793e-03
 605.0000000000    8.8937903940e-05    3.6550270471e-03
 605.5000000000    8.8939298579e-05    3.6552681017e-03
 606.0000000000    8.8940886812e-05    3.6554934926e-03
 606.5000000000    8.8942585504e-05    3.6557059134e-03
 607.0000000000    8.8944400068e-05    3.6559091714e-03
 607.5000000000    8.8946349656e-05    3.6561082334e-03
 608.0000000000    8.8948374201e-05    3.6563088427e-03
 608.5000000000    8.8950446286e-05    3.6565173180e-03
 609.0000000000    8.8952485814e-05    3.6567420079e-03
 609.5000000000    8.8954344288e-05    3.6569865543e-03
 610.0000000000    8.8955972708e-05    3.6572551783e-03
 610.5000000000    8.8957340655e-05    3.6575601297e-03
 611.0000000000    8.8958349673e-05    3.6579005685e-03
 611.5000000000    8.8958927777e-05    3.6582788588e-03
 612.0000000000    8.8959084793e-05    3.6587044199e-03
 612.5000000000    8.8958709880e-05    3.6591728002e-03
 613.0000000000    8.8957833295e-05    3.6596831297e-03
 613.5000000000    8.8956548814e-05    3.6602389002e-03
 614.0000000000    8.8955000817e-05    3.6608352254e-03
 614.5000000000    8.8953316463e-05    3.6614681397e-03
 615.0000000000    8.8951771490e-05    3.6621327308e-03
 615.5000000000    8.8950657024e-05    3.6628218900e-03
 616.0000000000    8.8950235285e-05    3.6635282212e-03
 616.5000000000    8.8950785715e-05    3.6642426705e-03
 617.0000000000    8.8952570430e-05    3.6649564425e-03
 617.5000000000    8.8955770803e-05    3.6656598671e-03
 618.0000000000    8.8960461337e-05    3.6663437012e-03
 618.5000000000    8.8966665747e-05    3.6669989133e-03
 619.0000000000    8.8974185575e-05    3.6676173535e-03
 619.5000000000    8.8982820826e-05    3.6681919463e-03
 620.0000000000    8.8992318957e-05    3.6687168925e-03
 620.5000000000    8.9002286327e-05    3.6691879062e-03
 621.0000000000    8.9012284103e-05    3.6696023937e-03
 621.5000000000    8.9021833812e-05    3.6699596149e-03
 622.0000000000    8.9030507698e-05    3.6702607957e-03
 622.5000000000    8.9037870922e-05    3.6705090747e-03
 623.0000000000    8.9043553874e-05    3.6707093493e-03
 623.5000000000    8.9047276099e-05    3.6708680411e-03
 624.0000000000    8.9049117305e-05    3.6709928185e-03
 624.5000000000    8.9048930920e-05    3.6710922218e-03
 625.0000000000    8.9046868261e-05    3.6711750510e-03
 625.5000000000    8.9043195721e-05    3.6712498338e-03
 626.0000000000    8.9038482574e-05    3.6713243341e-03
 626.5000000000    8.9033095136e-05    3.6714051436e-03
 627.0000000000    8.9027530305e-05    3.6714974848e-03
 627.5000000000    8.9022276575e-05    3.6716052643e-03
 628.0000000000    8.9017728002e-05    3.6717312503e-03
 628.5000000000    8.9014145849e-05    3.6718774818e-03
 629.0000000000    8.9011593677e-05    3.6720457767e-03
 629.5000000000    8.9010031277e-05    3.6722381157e-03
 630.0000000000    8.9009278505e-05    3.6724569863e-03
 630.5000000000    8.9008964361e-05    3.6727054229e-03
 631.0000000000    8.9008927014e-05    3.6729868717e-03
 631.5000000000    8.9008610955e-05    3.6733048161e-03
 632.0000000000    8.9007879192e-05    3.6736621474e-03
 632.5000000000    8.9006821888e-05    3.6740605841e-03
 633.0000000000    8.9005082874e-05    3.6745000722e-03
 633.5000000000    8.9003141430e-05    3.6749784109e-03
 634.0000000000    8.9001281417e-05    3.6754911842e-03
 634.5000000000    8.8999817361e-05    3.6760318996e-03
 635.0000000000    8.8999210396e-05    3.6765924779e-03
 635.5000000000    8.8999852496e-05    3.6771638986e-03
 636.0000000000    8.9002077730e-05    3.6777368492e-03
 636.5000000000    8.9006052907e-05    3.6783024745e-03
 637.0000000000    8.9011765744e-05    3.6788529433e-03
 637.5000000000    8.9019122270e-05    3.6793818289e-03
 638.0000000000    8.9027714906e-05    3.6798843317e-03
 638.5000000000    8.9037169265e-05    3.6803573411e-03
 639.0000000000    8.9046966510e-05    3.6807994668e-03
 639.5000000000    8.9056642228e-05    3.6812110173e-03
 640.0000000000    8.9065695876e-05    3.6815938967e-03
 640.5000000000    8.9073806854e-05    3.6819514322e-03
 641.0000000000    8.9080547099e-05    3.6822881749e-03
 641.5000000000    8.9085703656e-05    3.6826095177e-03
 642.0000000000    8.9089180581e-05    3.6829212313e-03
 642.5000000000    8.9090812534e-05    3.6832288749e-03
 643.0000000000    8.9090761071e-05    3.6835372366e-03
 643.5000000000    8.9089423480e-05    3.6838498655e-03
 644.0000000000    8.9087082381e-05    3.6841688020e-03
 644.5000000000    8.9084383882e-05    3.6844945715e-03
 645.0000000000    8.9081821645e-05    3.6848265546e-03
 645.5000000000    8.9079897746e-05    3.6851635874e-03
 646.0000000000    8.9078873555e-05    3.6855046647e-03
 646.5000000000    8.9078792553e-05    3.6858496511e-03
 647.0000000000    8.9079650440e-05    3.6861999082e-03
 647.5000000000    8.9081218418e-05    3.6865586470e-03
 648.0000000000    8.9083199487e-05    3.6869308574e-03
 648.5000000000    8.9085351098e-05    3.6873227595e-03
 649.0000000000    8.9087366091e-05    3.6877410655e-03
 649.5000000000    8.9089073754e-05    3.6881919976e-03
 650.0000000000    8.9090260770e-05    3.6886803079e-03
 650.5000000000    8.9090937587e-05    3.6892083537e-03
 651.0000000000    8.9091160921e-05    3.6897755015e-03
 651.5000000000    8.9090997017e-05    3.6903778775e-03
 652.0000000000    8.9090700359e-05    3.6910084136e-03
 652.5000000000    8.9090411674e-05    3.6916571847e-03
 653.0000000000    8.9090290748e-05    3.6923119089e-03
 653.5000000000    8.9090594837e-05    3.6929585421e-03
 654.0000000000    8.9091251572e-05    3.6935820143e-03
 654.5000000000    8.9092543026e-05    3.6941669367e-03
 655.0000000000    8.9094709778e-05    3.6946982919e-03
 655.5000000000    8.9097589560e-05    3.6951620816e-03
 656.0000000000    8.9101486189e-05    3.6955459204e-03
 656.5000000000    8.9106578105e-05    3.6958396564e-03
 657.0000000000    8.9112618204e-05    3.6960359685e-03
 657.5000000000    8.9119747250e-05    3.6961309259e-03
 658.0000000000    8.9127820546e-05    3.6961244947e-03
 658.5000000000    8.9136585683e-05    3.6960208956e-03
 659.0000000000    8.9145707949e-05    3.6958287742e-03
 659.5000000000    8.9154655970e-05    3.6955611477e-03
 660.0000000000    8.9162931997e-05    3.6952350209e-03
 660.5000000000    8.9169997306e-05    3.6948706793e-03
 661.0000000000    8.9175173141e-05    3.6944906984e-03
 661.5000000000    8.9178083140e-05    3.6941187911e-03
 662.0000000000    8.9178482110e-05    3.6937784849e-03
 662.5000000000    8.9176056152e-05    3.6934919990e-03
 663.0000000000    8.9171049323e-05    3.6932792036e-03
 663.5000000000    8.9163762267e-05    3.6931568012e-03
 664.0000000000    8.9154539255e-05    3.6931380213e-03
 664.5000000000    8.9144078819e-05    3.6932324309e-03
 665.0000000000    8.9133016356e-05    3.6934460308e-03
 665.5000000000    8.9121902622e-05    3.6937815735e-03
 666.0000000000    8.9111364679e-05    3.6942388930e-03
 666.5000000000    8.9101813864e-05    3.6948152567e-03
 667.0000000000    8.9093582637e-05    3.6955055969e-03
 667.5000000000    8.9087036951e-05    3.6963025042e-03
 668.0000000000    8.9082311747e-05    3.6971961442e-03
 668.5000000000    8.9079539693e-05    3.6981739785e-03
 669.0000000000    8.9079027703e-05    3.6992204798e-03
 669.5000000000    8.9080952088e-05    3.7003168905e-03
 670.0000000000    8.9085515024e-05    3.7014411369e-03
 670.5000000000    8.9093117273e-05    3.7025680750e-03
 671.0000000000    8.9104025905e-05    3.7036701163e-03
 671.5000000000    8.9118418997e-05    3.7047182393e-03
 672.0000000000    8.9136498088e-05    3.7056863521e-03
 672.5000000000    8.9157921061e-05    3.7065395001e-03
 673.0000000000    8.9182469961e-05    3.7072588948e-03
 673.5000000000    8.9209361739e-05    3.7078263776e-03
 674.0000000000    8.9237970257e-05    3.7082281810e-03
 674.5000000000    8.9266574692e-05    3.7084600311e-03
 675.0000000000    8.9293956138e-05    3.7085254427e-03
 675.5000000000    8.9318849969e-05    3.7084348344e-03
 676.0000000000    8.9339306658e-05    3.7082064619e-03
 676.5000000000    8.9354165554e-05    3.7078639958e-03
 677.0000000000    8.9362472114e-05    3.7074347807e-03
 677.5000000000    8.9363391324e-05    3.7069474278e-03
 678.0000000000    8.9356710161e-05    3.7064316282e-03
 678.5000000000    8.9342685312e-05    3.7059138056e-03
 679.0000000000    8.9321810157e-05    3.7054182772e-03
 679.5000000000    8.9294898034e-05    3.7049641194e-03
 680.0000000000    8.9262996846e-05    3.7045655452e-03
 680.5000000000    8.9227258241e-05    3.7042320993e-03
 681.0000000000    8.9188767937e-05    3.7039681140e-03
 681.5000000000    8.9148503220e-05    3.7037749647e-03
 682.0000000000    8.9107242594e-05    3.7036508054e-03
 682.5000000000    8.9065614093e-05    3.7035927101e-03
 683.0000000000    8.9024103042e-05    3.7035976601e-03
 683.5000000000    8.8983111873e-05    3.7036633789e-03
 684.0000000000    8.8943138675e-05    3.7037899352e-03
 684.5000000000    8.8904705904e-05    3.7039794544e-03
 685.0000000000    8.8868410556e-05    3.7042369248e-03
 685.5000000000    8.8834966274e-05    3.7045693739e-03
 686.0000000000    8.8805071641e-05    3.7049851206e-03
 686.5000000000    8.8779484533e-05    3.7054928127e-03
 687.0000000000    8.8758992330e-05    3.7060994745e-03
 687.5000000000    8.8744427817e-05    3.7068093387e-03
 688.0000000000    8.8736706456e-05    3.7076218458e-03
 688.5000000000    8.8736696700e-05    3.7085305323e-03
 689.0000000000    8.8745125859e-05    3.7095222347e-03
 689.5000000000    8.8762370328e-05    3.7105768906e-03
 690.0000000000    8.8788313760e-05    3.7116715924e-03
 690.5000000000    8.8821999660e-05    3.7127664313e-03
 691.0000000000    8.8862470065e-05    3.7138440870e-03
 691.5000000000    8.8908251200e-05    3.7148450506e-03
 692.0000000000    8.8958077834e-05    3.7157620397e-03
 692.5000000000    8.9011035339e-05    3.7165672909e-03
 693.0000000000    8.9066583399e-05    3.7172453677e-03
 693.5000000000    8.9124294472e-05    3.7177903722e-03
 694.0000000000    8.9183927603e-05    3.7182095386e-03
 694.5000000000    8.9244911734e-05    3.7185187068e-03
 695.0000000000    8.9306464933e-05    3.7187404617e-03
 695.5000000000    8.9367347955e-05    3.7189017017e-03
 696.0000000000    8.9426208683e-05    3.7190300057e-03
 696.5000000000    8.9481541927e-05    3.7191490969e-03
 697.0000000000    8.9531668364e-05    3.7192771060e-03
 697.5000000000    8.9574819490e-05    3.7194228456e-03
 698.0000000000    8.9609201643e-05    3.7195862434e-03
 698.5000000000    8.9633206308e-05    3.7197587522e-03
 699.0000000000    8.9645664703e-05    3.7199268097e-03
 699.5000000000    8.9645789691e-05    3.7200682927e-03
 700.0000000000    8.9634110729e-05    3.7201701120e-03
