#          time               M_ADM
   0.0000000000    9.7604371418e-02
   0.5000000000    9.7590074888e-02
   1.0000000000    9.7555019655e-02
   1.5000000000    9.7508891719e-02
   2.0000000000    9.7459964325e-02
   2.5000000000    9.7412544655e-02
   3.0000000000    9.7367693788e-02
   3.5000000000    9.7324826231e-02
   4.0000000000    9.7282893823e-02
   4.5000000000    9.7240968181e-02
   5.0000000000    9.7198422724e-02
   5.5000000000    9.7154920359e-02
   6.0000000000    9.7110333276e-02
   6.5000000000    9.7064657162e-02
   7.0000000000    9.7017946205e-02
   7.5000000000    9.6970276382e-02
   8.0000000000    9.6921732528e-02
   8.5000000000    9.6872407187e-02
   9.0000000000    9.6822398948e-02
   9.5000000000    9.6771804747e-02
  10.0000000000    9.6720709897e-02
  10.5000000000    9.6669183716e-02
  11.0000000000    9.6617285094e-02
  11.5000000000    9.6565071897e-02
  12.0000000000    9.6512609354e-02
  12.5000000000    9.6459969508e-02
  13.0000000000    9.6407221252e-02
  13.5000000000    9.6354414835e-02
  14.0000000000    9.6301585626e-02
  14.5000000000    9.6248764163e-02
  15.0000000000    9.6195986668e-02
  15.5000000000    9.6143300240e-02
  16.0000000000    9.6090757666e-02
  16.5000000000    9.6038406613e-02
  17.0000000000    9.5986278863e-02
  17.5000000000    9.5934385712e-02
  18.0000000000    9.5882736543e-02
  18.5000000000    9.5831356131e-02
  19.0000000000    9.5780283028e-02
  19.5000000000    9.5729555193e-02
  20.0000000000    9.5679205547e-02
  20.5000000000    9.5629234195e-02
  21.0000000000    9.5579670126e-02
  21.5000000000    9.5530504857e-02
  22.0000000000    9.5481753826e-02
  22.5000000000    9.5433452921e-02
  23.0000000000    9.5385636239e-02
  23.5000000000    9.5338313931e-02
  24.0000000000    9.5291494638e-02
  24.5000000000    9.5245174761e-02
  25.0000000000    9.5199352703e-02
  25.5000000000    9.5154036060e-02
  26.0000000000    9.5109241383e-02
  26.5000000000    9.5064998478e-02
  27.0000000000    9.5021323644e-02
  27.5000000000    9.4978217914e-02
  28.0000000000    9.4935672920e-02
  28.5000000000    9.4893680590e-02
  29.0000000000    9.4852243495e-02
  29.5000000000    9.4811376100e-02
  30.0000000000    9.4771097241e-02
  30.5000000000    9.4731419112e-02
  31.0000000000    9.4692345649e-02
  31.5000000000    9.4653873321e-02
  32.0000000000    9.4615988077e-02
  32.5000000000    9.4578674383e-02
  33.0000000000    9.4541940475e-02
  33.5000000000    9.4505807968e-02
  34.0000000000    9.4470286196e-02
  34.5000000000    9.4435363190e-02
  35.0000000000    9.4401027004e-02
  35.5000000000    9.4367270272e-02
  36.0000000000    9.4334082479e-02
  36.5000000000    9.4301473826e-02
  37.0000000000    9.4269456491e-02
  37.5000000000    9.4238036050e-02
  38.0000000000    9.4207206293e-02
  38.5000000000    9.4176950749e-02
  39.0000000000    9.4147253020e-02
  39.5000000000    9.4118105911e-02
  40.0000000000    9.4089513546e-02
  40.5000000000    9.4061485578e-02
  41.0000000000    9.4034026792e-02
  41.5000000000    9.4007129760e-02
  42.0000000000    9.3980777697e-02
  42.5000000000    9.3954954207e-02
  43.0000000000    9.3929650224e-02
  43.5000000000    9.3904867154e-02
  44.0000000000    9.3880614483e-02
  44.5000000000    9.3856896118e-02
  45.0000000000    9.3833701841e-02
  45.5000000000    9.3811012298e-02
  46.0000000000    9.3788810990e-02
  46.5000000000    9.3767090723e-02
  47.0000000000    9.3745850615e-02
  47.5000000000    9.3725092491e-02
  48.0000000000    9.3704819133e-02
  48.5000000000    9.3685027903e-02
  49.0000000000    9.3665705172e-02
  49.5000000000    9.3646829891e-02
  50.0000000000    9.3628385196e-02
  50.5000000000    9.3610365866e-02
  51.0000000000    9.3592773391e-02
  51.5000000000    9.3575603172e-02
  52.0000000000    9.3558836559e-02
  52.5000000000    9.3542434544e-02
  53.0000000000    9.3526338804e-02
  53.5000000000    9.3510473175e-02
  54.0000000000    9.3494735423e-02
  54.5000000000    9.3478986251e-02
  55.0000000000    9.3463036821e-02
  55.5000000000    9.3446652238e-02
  56.0000000000    9.3429591057e-02
  56.5000000000    9.3411687602e-02
  57.0000000000    9.3392964308e-02
  57.5000000000    9.3373726239e-02
  58.0000000000    9.3354570890e-02
  58.5000000000    9.3336261505e-02
  59.0000000000    9.3319492151e-02
  59.5000000000    9.3304665472e-02
  60.0000000000    9.3291806778e-02
  60.5000000000    9.3280638904e-02
  61.0000000000    9.3270740504e-02
  61.5000000000    9.3261686466e-02
  62.0000000000    9.3253121720e-02
  62.5000000000    9.3244780320e-02
  63.0000000000    9.3236495928e-02
  63.5000000000    9.3228216323e-02
  64.0000000000    9.3219982052e-02
  64.5000000000    9.3211858618e-02
  65.0000000000    9.3203884460e-02
  65.5000000000    9.3196080716e-02
  66.0000000000    9.3188473374e-02
  66.5000000000    9.3181080988e-02
  67.0000000000    9.3173902799e-02
  67.5000000000    9.3166931054e-02
  68.0000000000    9.3160167691e-02
  68.5000000000    9.3153619420e-02
  69.0000000000    9.3147293908e-02
  69.5000000000    9.3141196729e-02
  70.0000000000    9.3135326373e-02
  70.5000000000    9.3129675174e-02
  71.0000000000    9.3124228388e-02
  71.5000000000    9.3118975079e-02
  72.0000000000    9.3113918481e-02
  72.5000000000    9.3109065225e-02
  73.0000000000    9.3104421933e-02
  73.5000000000    9.3099987402e-02
  74.0000000000    9.3095752855e-02
  74.5000000000    9.3091705725e-02
  75.0000000000    9.3087837900e-02
  75.5000000000    9.3084148339e-02
  76.0000000000    9.3080640041e-02
  76.5000000000    9.3077315043e-02
  77.0000000000    9.3074171556e-02
  77.5000000000    9.3071206228e-02
  78.0000000000    9.3068415861e-02
  78.5000000000    9.3065795810e-02
  79.0000000000    9.3063338637e-02
  79.5000000000    9.3061037422e-02
  80.0000000000    9.3058893165e-02
  80.5000000000    9.3056915928e-02
  81.0000000000    9.3055116564e-02
  81.5000000000    9.3053497016e-02
  82.0000000000    9.3052041635e-02
  82.5000000000    9.3050720113e-02
  83.0000000000    9.3049510783e-02
  83.5000000000    9.3048423473e-02
  84.0000000000    9.3047489490e-02
  84.5000000000    9.3046726661e-02
  85.0000000000    9.3046126397e-02
  85.5000000000    9.3045669055e-02
  86.0000000000    9.3045342545e-02
  86.5000000000    9.3045146162e-02
  87.0000000000    9.3045084935e-02
  87.5000000000    9.3045164173e-02
  88.0000000000    9.3045383311e-02
  88.5000000000    9.3045735448e-02
  89.0000000000    9.3046210674e-02
  89.5000000000    9.3046803863e-02
  90.0000000000    9.3047516810e-02
  90.5000000000    9.3048355969e-02
  91.0000000000    9.3049326873e-02
  91.5000000000    9.3050429130e-02
  92.0000000000    9.3051656325e-02
  92.5000000000    9.3052999279e-02
  93.0000000000    9.3054451464e-02
  93.5000000000    9.3056012826e-02
  94.0000000000    9.3057689606e-02
  94.5000000000    9.3059488045e-02
  95.0000000000    9.3061409223e-02
  95.5000000000    9.3063448019e-02
  96.0000000000    9.3065595003e-02
  96.5000000000    9.3067842410e-02
  97.0000000000    9.3070189651e-02
  97.5000000000    9.3072642096e-02
  98.0000000000    9.3075205452e-02
  98.5000000000    9.3077882474e-02
  99.0000000000    9.3080670321e-02
  99.5000000000    9.3083561343e-02
 100.0000000000    9.3086548952e-02
 100.5000000000    9.3089631322e-02
 101.0000000000    9.3092809810e-02
 101.5000000000    9.3096084994e-02
 102.0000000000    9.3099457043e-02
 102.5000000000    9.3102927985e-02
 103.0000000000    9.3106498115e-02
 103.5000000000    9.3110161345e-02
 104.0000000000    9.3113910214e-02
 104.5000000000    9.3117744654e-02
 105.0000000000    9.3121672402e-02
 105.5000000000    9.3125698702e-02
 106.0000000000    9.3129821075e-02
 106.5000000000    9.3134031834e-02
 107.0000000000    9.3138322797e-02
 107.5000000000    9.3142690286e-02
 108.0000000000    9.3147137589e-02
 108.5000000000    9.3151671439e-02
 109.0000000000    9.3156296691e-02
 109.5000000000    9.3161013249e-02
 110.0000000000    9.3165816756e-02
 110.5000000000    9.3170700880e-02
 111.0000000000    9.3175661456e-02
 111.5000000000    9.3180700068e-02
 112.0000000000    9.3185822530e-02
 112.5000000000    9.3191034106e-02
 113.0000000000    9.3196335298e-02
 113.5000000000    9.3201720867e-02
 114.0000000000    9.3207182558e-02
 114.5000000000    9.3212713736e-02
 115.0000000000    9.3218312743e-02
 115.5000000000    9.3223983616e-02
 116.0000000000    9.3229732020e-02
 116.5000000000    9.3235559967e-02
 117.0000000000    9.3241464014e-02
 117.5000000000    9.3247438176e-02
 118.0000000000    9.3253478607e-02
 118.5000000000    9.3259586608e-02
 119.0000000000    9.3265768430e-02
 119.5000000000    9.3272030030e-02
 120.0000000000    9.3278371126e-02
 120.5000000000    9.3284783667e-02
 121.0000000000    9.3291256981e-02
 121.5000000000    9.3297784473e-02
 122.0000000000    9.3304367360e-02
 122.5000000000    9.3311013218e-02
 123.0000000000    9.3317730677e-02
 123.5000000000    9.3324524618e-02
 124.0000000000    9.3331393898e-02
 124.5000000000    9.3338331552e-02
 125.0000000000    9.3345329658e-02
 125.5000000000    9.3352386657e-02
 126.0000000000    9.3359508008e-02
 126.5000000000    9.3366698677e-02
 127.0000000000    9.3373960290e-02
 127.5000000000    9.3381294329e-02
 128.0000000000    9.3388700513e-02
 128.5000000000    9.3396172723e-02
 129.0000000000    9.3403703516e-02
 129.5000000000    9.3411293277e-02
 130.0000000000    9.3418949285e-02
 130.5000000000    9.3426677312e-02
 131.0000000000    9.3434479229e-02
 131.5000000000    9.3442354350e-02
 132.0000000000    9.3450297177e-02
 132.5000000000    9.3458299958e-02
 133.0000000000    9.3466362203e-02
 133.5000000000    9.3474491860e-02
 134.0000000000    9.3482694655e-02
 134.5000000000    9.3490969232e-02
 135.0000000000    9.3499311904e-02
 135.5000000000    9.3507719162e-02
 136.0000000000    9.3516186463e-02
 136.5000000000    9.3524711940e-02
 137.0000000000    9.3533300978e-02
 137.5000000000    9.3541960441e-02
 138.0000000000    9.3550693309e-02
 138.5000000000    9.3559498195e-02
 139.0000000000    9.3568372135e-02
 139.5000000000    9.3577312155e-02
 140.0000000000    9.3586317797e-02
 140.5000000000    9.3595392821e-02
 141.0000000000    9.3604541656e-02
 141.5000000000    9.3613767621e-02
 142.0000000000    9.3623072855e-02
 142.5000000000    9.3632457334e-02
 143.0000000000    9.3641917909e-02
 143.5000000000    9.3651451087e-02
 144.0000000000    9.3661056828e-02
 144.5000000000    9.3670738402e-02
 145.0000000000    9.3680500391e-02
 145.5000000000    9.3690346118e-02
 146.0000000000    9.3700275537e-02
 146.5000000000    9.3710285423e-02
 147.0000000000    9.3720371193e-02
 147.5000000000    9.3730529854e-02
 148.0000000000    9.3740763069e-02
 148.5000000000    9.3751076856e-02
 149.0000000000    9.3761475800e-02
 149.5000000000    9.3771958935e-02
 150.0000000000    9.3782521601e-02
 150.5000000000    9.3793158998e-02
 151.0000000000    9.3803868167e-02
 151.5000000000    9.3814650746e-02
 152.0000000000    9.3825513168e-02
 152.5000000000    9.3836461499e-02
 153.0000000000    9.3847496305e-02
 153.5000000000    9.3858613164e-02
 154.0000000000    9.3869806859e-02
 154.5000000000    9.3881075282e-02
 155.0000000000    9.3892421498e-02
 155.5000000000    9.3903852092e-02
 156.0000000000    9.3915372947e-02
 156.5000000000    9.3926984580e-02
 157.0000000000    9.3938682776e-02
 157.5000000000    9.3950464205e-02
 158.0000000000    9.3962330963e-02
 158.5000000000    9.3974290775e-02
 159.0000000000    9.3986352169e-02
 159.5000000000    9.3998517639e-02
 160.0000000000    9.4010780177e-02
 160.5000000000    9.4023129604e-02
 161.0000000000    9.4035562379e-02
 161.5000000000    9.4048084718e-02
 162.0000000000    9.4060706877e-02
 162.5000000000    9.4073435584e-02
 163.0000000000    9.4086270920e-02
 163.5000000000    9.4099208804e-02
 164.0000000000    9.4112245693e-02
 164.5000000000    9.4125381392e-02
 165.0000000000    9.4138618200e-02
 165.5000000000    9.4151958462e-02
 166.0000000000    9.4165403594e-02
 166.5000000000    9.4178954328e-02
 167.0000000000    9.4192611018e-02
 167.5000000000    9.4206373772e-02
 168.0000000000    9.4220242417e-02
 168.5000000000    9.4234216763e-02
 169.0000000000    9.4248296805e-02
 169.5000000000    9.4262482807e-02
 170.0000000000    9.4276775484e-02
 170.5000000000    9.4291176367e-02
 171.0000000000    9.4305687279e-02
 171.5000000000    9.4320309395e-02
 172.0000000000    9.4335042256e-02
 172.5000000000    9.4349884100e-02
 173.0000000000    9.4364833549e-02
 173.5000000000    9.4379891370e-02
 174.0000000000    9.4395060792e-02
 174.5000000000    9.4410346491e-02
 175.0000000000    9.4425752284e-02
 175.5000000000    9.4441278802e-02
 176.0000000000    9.4456924119e-02
 176.5000000000    9.4472686997e-02
 177.0000000000    9.4488569631e-02
 177.5000000000    9.4504577876e-02
 178.0000000000    9.4520719099e-02
 178.5000000000    9.4536998497e-02
 179.0000000000    9.4553416568e-02
 179.5000000000    9.4569969962e-02
 180.0000000000    9.4586655849e-02
 180.5000000000    9.4603475796e-02
 181.0000000000    9.4620436134e-02
 181.5000000000    9.4637544232e-02
 182.0000000000    9.4654803720e-02
 182.5000000000    9.4672212062e-02
 183.0000000000    9.4689762720e-02
 183.5000000000    9.4707450502e-02
 184.0000000000    9.4725276023e-02
 184.5000000000    9.4743246087e-02
 185.0000000000    9.4761369772e-02
 185.5000000000    9.4779653513e-02
 186.0000000000    9.4798098829e-02
 186.5000000000    9.4816705215e-02
 187.0000000000    9.4835475329e-02
 187.5000000000    9.4854417552e-02
 188.0000000000    9.4873544398e-02
 188.5000000000    9.4892868121e-02
 189.0000000000    9.4912395631e-02
 189.5000000000    9.4932125779e-02
 190.0000000000    9.4952051854e-02
 190.5000000000    9.4972167369e-02
 191.0000000000    9.4992470441e-02
 191.5000000000    9.5012964357e-02
 192.0000000000    9.5033654439e-02
 192.5000000000    9.5054543600e-02
 193.0000000000    9.5075630865e-02
 193.5000000000    9.5096914208e-02
 194.0000000000    9.5118393931e-02
 194.5000000000    9.5140073671e-02
 195.0000000000    9.5161960001e-02
 195.5000000000    9.5184060638e-02
 196.0000000000    9.5206380852e-02
 196.5000000000    9.5228921746e-02
 197.0000000000    9.5251683161e-02
 197.5000000000    9.5274667369e-02
 198.0000000000    9.5297879277e-02
 198.5000000000    9.5321324991e-02
 199.0000000000    9.5345010771e-02
 199.5000000000    9.5368941893e-02
 200.0000000000    9.5393121380e-02
 200.5000000000    9.5417550946e-02
 201.0000000000    9.5442233687e-02
 201.5000000000    9.5467174867e-02
 202.0000000000    9.5492380247e-02
 202.5000000000    9.5517854529e-02
 203.0000000000    9.5543601097e-02
 203.5000000000    9.5569622154e-02
 204.0000000000    9.5595919246e-02
 204.5000000000    9.5622494686e-02
 205.0000000000    9.5649352258e-02
 205.5000000000    9.5676496668e-02
 206.0000000000    9.5703933082e-02
 206.5000000000    9.5731667487e-02
 207.0000000000    9.5759706949e-02
 207.5000000000    9.5788059015e-02
 208.0000000000    9.5816730875e-02
 208.5000000000    9.5845728498e-02
 209.0000000000    9.5875055415e-02
 209.5000000000    9.5904713144e-02
 210.0000000000    9.5934703969e-02
 210.5000000000    9.5965033121e-02
 211.0000000000    9.5995708468e-02
 211.5000000000    9.6026738253e-02
 212.0000000000    9.6058129022e-02
 212.5000000000    9.6089884421e-02
 213.0000000000    9.6122006039e-02
 213.5000000000    9.6154496358e-02
 214.0000000000    9.6187361780e-02
 214.5000000000    9.6220612750e-02
 215.0000000000    9.6254260325e-02
 215.5000000000    9.6288312413e-02
 216.0000000000    9.6322772728e-02
 216.5000000000    9.6357642473e-02
 217.0000000000    9.6392923533e-02
 217.5000000000    9.6428621550e-02
 218.0000000000    9.6464746152e-02
 218.5000000000    9.6501307780e-02
 219.0000000000    9.6538314322e-02
 219.5000000000    9.6575771161e-02
 220.0000000000    9.6613684048e-02
 220.5000000000    9.6652062303e-02
 221.0000000000    9.6690920042e-02
 221.5000000000    9.6730273424e-02
 222.0000000000    9.6770134636e-02
 222.5000000000    9.6810507438e-02
 223.0000000000    9.6851388485e-02
 223.5000000000    9.6892773831e-02
 224.0000000000    9.6934666822e-02
 224.5000000000    9.6977082232e-02
 225.0000000000    9.7020043834e-02
 225.5000000000    9.7063575991e-02
 226.0000000000    9.7107694895e-02
 226.5000000000    9.7152405786e-02
 227.0000000000    9.7197707689e-02
 227.5000000000    9.7243602042e-02
 228.0000000000    9.7290099281e-02
 228.5000000000    9.7337219103e-02
 229.0000000000    9.7384984207e-02
 229.5000000000    9.7433411919e-02
 230.0000000000    9.7482509870e-02
 230.5000000000    9.7532278570e-02
 231.0000000000    9.7582719058e-02
 231.5000000000    9.7633840756e-02
 232.0000000000    9.7685664297e-02
 232.5000000000    9.7738218111e-02
 233.0000000000    9.7791531412e-02
 233.5000000000    9.7845628011e-02
 234.0000000000    9.7900524277e-02
 234.5000000000    9.7956231334e-02
 235.0000000000    9.8012758668e-02
 235.5000000000    9.8070116273e-02
 236.0000000000    9.8128314475e-02
 236.5000000000    9.8187362939e-02
 237.0000000000    9.8247270759e-02
 237.5000000000    9.8308048322e-02
 238.0000000000    9.8369710009e-02
 238.5000000000    9.8432275792e-02
 239.0000000000    9.8495770402e-02
 239.5000000000    9.8560220900e-02
 240.0000000000    9.8625655034e-02
 240.5000000000    9.8692101598e-02
 241.0000000000    9.8759591526e-02
 241.5000000000    9.8828157133e-02
 242.0000000000    9.8897827860e-02
 242.5000000000    9.8968624043e-02
 243.0000000000    9.9040552873e-02
 243.5000000000    9.9113611415e-02
 244.0000000000    9.9187797459e-02
 244.5000000000    9.9263122847e-02
 245.0000000000    9.9339621126e-02
 245.5000000000    9.9417344166e-02
 246.0000000000    9.9496348811e-02
 246.5000000000    9.9576680667e-02
 247.0000000000    9.9658364723e-02
 247.5000000000    9.9741408476e-02
 248.0000000000    9.9825815440e-02
 248.5000000000    9.9911600719e-02
 249.0000000000    9.9998799292e-02
 249.5000000000    1.0008746222e-01
 250.0000000000    1.0017764373e-01
 250.5000000000    1.0026938833e-01
 251.0000000000    1.0036272633e-01
 251.5000000000    1.0045767937e-01
 252.0000000000    1.0055427148e-01
 252.5000000000    1.0065253756e-01
 253.0000000000    1.0075252416e-01
 253.5000000000    1.0085428302e-01
 254.0000000000    1.0095786313e-01
 254.5000000000    1.0106330697e-01
 255.0000000000    1.0117065294e-01
 255.5000000000    1.0127994185e-01
 256.0000000000    1.0139122219e-01
 256.5000000000    1.0150455042e-01
 257.0000000000    1.0161998646e-01
 257.5000000000    1.0173758869e-01
 258.0000000000    1.0185741175e-01
 258.5000000000    1.0197950691e-01
 259.0000000000    1.0210392348e-01
 259.5000000000    1.0223071094e-01
 260.0000000000    1.0235992070e-01
 260.5000000000    1.0249160833e-01
 261.0000000000    1.0262583616e-01
 261.5000000000    1.0276267574e-01
 262.0000000000    1.0290220850e-01
 262.5000000000    1.0304452272e-01
 263.0000000000    1.0318970747e-01
 263.5000000000    1.0333784626e-01
 264.0000000000    1.0348901347e-01
 264.5000000000    1.0364327517e-01
 265.0000000000    1.0380069451e-01
 265.5000000000    1.0396134013e-01
 266.0000000000    1.0412529339e-01
 266.5000000000    1.0429265027e-01
 267.0000000000    1.0446351741e-01
 267.5000000000    1.0463800544e-01
 268.0000000000    1.0481622264e-01
 268.5000000000    1.0499827118e-01
 269.0000000000    1.0518424713e-01
 269.5000000000    1.0537424390e-01
 270.0000000000    1.0556835726e-01
 270.5000000000    1.0576668949e-01
 271.0000000000    1.0596935246e-01
 271.5000000000    1.0617646935e-01
 272.0000000000    1.0638817484e-01
 272.5000000000    1.0660461259e-01
 273.0000000000    1.0682592860e-01
 273.5000000000    1.0705226011e-01
 274.0000000000    1.0728372390e-01
 274.5000000000    1.0752041135e-01
 275.0000000000    1.0776239765e-01
 275.5000000000    1.0800976682e-01
 276.0000000000    1.0826264109e-01
 276.5000000000    1.0852119542e-01
 277.0000000000    1.0878564232e-01
 277.5000000000    1.0905618922e-01
 278.0000000000    1.0933298968e-01
 278.5000000000    1.0961611889e-01
 279.0000000000    1.0990559297e-01
 279.5000000000    1.1020142236e-01
 280.0000000000    1.1050366394e-01
 280.5000000000    1.1081243451e-01
 281.0000000000    1.1112787347e-01
 281.5000000000    1.1145007763e-01
 282.0000000000    1.1177905120e-01
 282.5000000000    1.1211470264e-01
 283.0000000000    1.1245688240e-01
 283.5000000000    1.1280542487e-01
 284.0000000000    1.1316015445e-01
 284.5000000000    1.1352084422e-01
 285.0000000000    1.1388715336e-01
 285.5000000000    1.1425858172e-01
 286.0000000000    1.1463445830e-01
 286.5000000000    1.1501394799e-01
 287.0000000000    1.1539604184e-01
 287.5000000000    1.1577950666e-01
 288.0000000000    1.1616279980e-01
 288.5000000000    1.1654397621e-01
 289.0000000000    1.1692060582e-01
 289.5000000000    1.1728969244e-01
 290.0000000000    1.1764756601e-01
 290.5000000000    1.1798972150e-01
 291.0000000000    1.1831059606e-01
 291.5000000000    1.1860329101e-01
 292.0000000000    1.1885924170e-01
 292.5000000000    1.1906781804e-01
 293.0000000000    1.1921582131e-01
 293.5000000000    1.1928683672e-01
 294.0000000000    1.1926040112e-01
 294.5000000000    1.1911095005e-01
 295.0000000000    1.1880651423e-01
 295.5000000000    1.1830714149e-01
 296.0000000000    1.1756304500e-01
 296.5000000000    1.1651253716e-01
 297.0000000000    1.1507993698e-01
 297.5000000000    1.1317390205e-01
 298.0000000000    1.1068706678e-01
 298.5000000000    1.0749848338e-01
 299.0000000000    1.0348110126e-01
 299.5000000000    9.8517011290e-02
 300.0000000000    9.2522654488e-02
 300.5000000000    8.5483480837e-02
 301.0000000000    7.7491736053e-02
 301.5000000000    6.8773431403e-02
 302.0000000000    5.9686114916e-02
 302.5000000000    5.0674753614e-02
 303.0000000000    4.2190866463e-02
 303.5000000000    3.4600768702e-02
 304.0000000000    2.8117729145e-02
 304.5000000000    2.2783475029e-02
 305.0000000000    1.8501316009e-02
 305.5000000000    1.5098575155e-02
 306.0000000000    1.2386894911e-02
 306.5000000000    1.0200576338e-02
 307.0000000000    8.4112537184e-03
 307.5000000000    6.9271246701e-03
 308.0000000000    5.6854353513e-03
 308.5000000000    4.6436214072e-03
 309.0000000000    3.7716457189e-03
 309.5000000000    3.0464051969e-03
 310.0000000000    2.4482993480e-03
 310.5000000000    1.9595712535e-03
 311.0000000000    1.5637945214e-03
 311.5000000000    1.2458713028e-03
 312.0000000000    9.9228273462e-04
 312.5000000000    7.9108970605e-04
 313.0000000000    6.3244939809e-04
 313.5000000000    5.0695119896e-04
 314.0000000000    4.0831446076e-04
 314.5000000000    3.3125181211e-04
 315.0000000000    2.7074364833e-04
 315.5000000000    2.2277376738e-04
 316.0000000000    1.8445085638e-04
 316.5000000000    1.5371077934e-04
 317.0000000000    1.2900558387e-04
 317.5000000000    1.0910928785e-04
 318.0000000000    9.3024833302e-05
 318.5000000000    7.9942753065e-05
 319.0000000000    6.9216466907e-05
 319.5000000000    6.0339381996e-05
 320.0000000000    5.2920809913e-05
 320.5000000000    4.6662129719e-05
 321.0000000000    4.1335318034e-05
 321.5000000000    3.6765288966e-05
 322.0000000000    3.2816418750e-05
 322.5000000000    2.9382719606e-05
 323.0000000000    2.6380668243e-05
 323.5000000000    2.3743743503e-05
 324.0000000000    2.1418110666e-05
 324.5000000000    1.9359302279e-05
 325.0000000000    1.7529928357e-05
 325.5000000000    1.5898336371e-05
 326.0000000000    1.4437889669e-05
 326.5000000000    1.3126405920e-05
 327.0000000000    1.1945440813e-05
 327.5000000000    1.0879422935e-05
 328.0000000000    9.9148896246e-06
 328.5000000000    9.0400547983e-06
 329.0000000000    8.2447083879e-06
 329.5000000000    7.5202261985e-06
 330.0000000000    6.8594468485e-06
 330.5000000000    6.2563490549e-06
 331.0000000000    5.7056616525e-06
 331.5000000000    5.2025991142e-06
 332.0000000000    4.7428020947e-06
 332.5000000000    4.3224029080e-06
 333.0000000000    3.9380642538e-06
 333.5000000000    3.5869004262e-06
 334.0000000000    3.2663131188e-06
 334.5000000000    2.9738469167e-06
 335.0000000000    2.7071447504e-06
 335.5000000000    2.4639963653e-06
 336.0000000000    2.2424051928e-06
 336.5000000000    2.0406022522e-06
 337.0000000000    1.8569938487e-06
 337.5000000000    1.6900865953e-06
 338.0000000000    1.5384448239e-06
 338.5000000000    1.4007003990e-06
 339.0000000000    1.2755920098e-06
 339.5000000000    1.1619926517e-06
 340.0000000000    1.0589013830e-06
 340.5000000000    9.6540745669e-07
 341.0000000000    8.8065454145e-07
 341.5000000000    8.0382830057e-07
 342.0000000000    7.3416894367e-07
 342.5000000000    6.7099177306e-07
 343.0000000000    6.1369553958e-07
 343.5000000000    5.6175040805e-07
 344.0000000000    5.1467407890e-07
 344.5000000000    4.7201271370e-07
 345.0000000000    4.3333800261e-07
 345.5000000000    3.9825792982e-07
 346.0000000000    3.6642850152e-07
 346.5000000000    3.3755428451e-07
 347.0000000000    3.1137568520e-07
 347.5000000000    2.8765193569e-07
 348.0000000000    2.6615192501e-07
 348.5000000000    2.4665767004e-07
 349.0000000000    2.2897483235e-07
 349.5000000000    2.1293869033e-07
 350.0000000000    1.9840892465e-07
 350.5000000000    1.8525691447e-07
 351.0000000000    1.7335598951e-07
 351.5000000000    1.6258203885e-07
 352.0000000000    1.5282203358e-07
 352.5000000000    1.4398091742e-07
 353.0000000000    1.3597946319e-07
 353.5000000000    1.2874497170e-07
 354.0000000000    1.2220359377e-07
 354.5000000000    1.1628105703e-07
 355.0000000000    1.1090994650e-07
 355.5000000000    1.0603542919e-07
 356.0000000000    1.0161334119e-07
 356.5000000000    9.7602524365e-08
 357.0000000000    9.3958994259e-08
 357.5000000000    9.0637473169e-08
 358.0000000000    8.7598221437e-08
 358.5000000000    8.4811917725e-08
 359.0000000000    8.2257454370e-08
 359.5000000000    7.9914604958e-08
 360.0000000000    7.7758611953e-08
 360.5000000000    7.5761769190e-08
 361.0000000000    7.3900239507e-08
 361.5000000000    7.2159309490e-08
 362.0000000000    7.0531848508e-08
 362.5000000000    6.9011290134e-08
 363.0000000000    6.7585579940e-08
 363.5000000000    6.6237631766e-08
 364.0000000000    6.4951680485e-08
 364.5000000000    6.3719472334e-08
 365.0000000000    6.2540514067e-08
 365.5000000000    6.1416172154e-08
 366.0000000000    6.0342995306e-08
 366.5000000000    5.9311176739e-08
 367.0000000000    5.8309506996e-08
 367.5000000000    5.7331756056e-08
 368.0000000000    5.6379226321e-08
 368.5000000000    5.5456949586e-08
 369.0000000000    5.4567082644e-08
 369.5000000000    5.3705615473e-08
 370.0000000000    5.2864753982e-08
 370.5000000000    5.2038608745e-08
 371.0000000000    5.1227355934e-08
 371.5000000000    5.0436030871e-08
 372.0000000000    4.9669407218e-08
 372.5000000000    4.8927476010e-08
 373.0000000000    4.8205283735e-08
 373.5000000000    4.7496956113e-08
 374.0000000000    4.6800268462e-08
 374.5000000000    4.6117918953e-08
 375.0000000000    4.5454648500e-08
 375.5000000000    4.4812839085e-08
 376.0000000000    4.4190319525e-08
 376.5000000000    4.3582046592e-08
 377.0000000000    4.2984048991e-08
 377.5000000000    4.2396280133e-08
 378.0000000000    4.1822080401e-08
 378.5000000000    4.1264883132e-08
 379.0000000000    4.0724920575e-08
 379.5000000000    4.0198769530e-08
 380.0000000000    3.9681902159e-08
 380.5000000000    3.9172051975e-08
 381.0000000000    3.8670568274e-08
 381.5000000000    3.8180684944e-08
 382.0000000000    3.7704266814e-08
 382.5000000000    3.7239852098e-08
 383.0000000000    3.6783606415e-08
 383.5000000000    3.6332285446e-08
 384.0000000000    3.5885646952e-08
 384.5000000000    3.5446264813e-08
 385.0000000000    3.5016967097e-08
 385.5000000000    3.4598160613e-08
 386.0000000000    3.4187358414e-08
 386.5000000000    3.3781230107e-08
 387.0000000000    3.3378324170e-08
 387.5000000000    3.2980098053e-08
 388.0000000000    3.2589380841e-08
 388.5000000000    3.2207679518e-08
 389.0000000000    3.1833735931e-08
 389.5000000000    3.1464575669e-08
 390.0000000000    3.1098045124e-08
 390.5000000000    3.0734565495e-08
 391.0000000000    3.0376583190e-08
 391.5000000000    3.0026249890e-08
 392.0000000000    2.9683448354e-08
 392.5000000000    2.9345920847e-08
 393.0000000000    2.9011315144e-08
 393.5000000000    2.8679263572e-08
 394.0000000000    2.8351639060e-08
 394.5000000000    2.8030805749e-08
 395.0000000000    2.7717478218e-08
 395.5000000000    2.7410128298e-08
 396.0000000000    2.7106438832e-08
 396.5000000000    2.6805435899e-08
 397.0000000000    2.6508364594e-08
 397.5000000000    2.6217546616e-08
 398.0000000000    2.5934294060e-08
 398.5000000000    2.5657774812e-08
 399.0000000000    2.5385829251e-08
 399.5000000000    2.5116960407e-08
 400.0000000000    2.4851685950e-08
 400.5000000000    2.4592039620e-08
 401.0000000000    2.4339709380e-08
 401.5000000000    2.4094511187e-08
 402.0000000000    2.3854554451e-08
 402.5000000000    2.3617917828e-08
 403.0000000000    2.3384332771e-08
 403.5000000000    2.3155369003e-08
 404.0000000000    2.2932965332e-08
 404.5000000000    2.2717633142e-08
 405.0000000000    2.2507939529e-08
 405.5000000000    2.2301713836e-08
 406.0000000000    2.2097890654e-08
 406.5000000000    2.1897364949e-08
 407.0000000000    2.1702112856e-08
 407.5000000000    2.1513348250e-08
 408.0000000000    2.1330349001e-08
 408.5000000000    2.1150993398e-08
 409.0000000000    2.0973526711e-08
 409.5000000000    2.0798006600e-08
 410.0000000000    2.0626161509e-08
 410.5000000000    2.0459785683e-08
 411.0000000000    2.0299067096e-08
 411.5000000000    2.0142316809e-08
 412.0000000000    1.9987344266e-08
 412.5000000000    1.9833278955e-08
 413.0000000000    1.9681250437e-08
 413.5000000000    1.9533330491e-08
 414.0000000000    1.9390646857e-08
 414.5000000000    1.9252306669e-08
 415.0000000000    1.9116078423e-08
 415.5000000000    1.8980247874e-08
 416.0000000000    1.8845037225e-08
 416.5000000000    1.8712349387e-08
 417.0000000000    1.8584051994e-08
 417.5000000000    1.8460279367e-08
 418.0000000000    1.8339229659e-08
 418.5000000000    1.8218650888e-08
 419.0000000000    1.8097731240e-08
 419.5000000000    1.7977751476e-08
 420.0000000000    1.7860770770e-08
 420.5000000000    1.7748289393e-08
 421.0000000000    1.7639218334e-08
 421.5000000000    1.7531262399e-08
 422.0000000000    1.7422701879e-08
 422.5000000000    1.7313846537e-08
 423.0000000000    1.7206738060e-08
 423.5000000000    1.7103369048e-08
 424.0000000000    1.7003889345e-08
 424.5000000000    1.6906486899e-08
 425.0000000000    1.6808920674e-08
 425.5000000000    1.6710386515e-08
 426.0000000000    1.6612228967e-08
 426.5000000000    1.6516746957e-08
 427.0000000000    1.6425192236e-08
 427.5000000000    1.6336672859e-08
 428.0000000000    1.6248904767e-08
 428.5000000000    1.6160160435e-08
 429.0000000000    1.6070747322e-08
 429.5000000000    1.5982679580e-08
 430.0000000000    1.5897980430e-08
 430.5000000000    1.5816889228e-08
 431.0000000000    1.5737657687e-08
 431.5000000000    1.5658037736e-08
 432.0000000000    1.5577191477e-08
 432.5000000000    1.5496383868e-08
 433.0000000000    1.5417872017e-08
 433.5000000000    1.5342951713e-08
 434.0000000000    1.5270837922e-08
 434.5000000000    1.5199332329e-08
 435.0000000000    1.5126692405e-08
 435.5000000000    1.5053097554e-08
 436.0000000000    1.4980464962e-08
 436.5000000000    1.4910784472e-08
 437.0000000000    1.4844402871e-08
 437.5000000000    1.4779720726e-08
 438.0000000000    1.4714550383e-08
 438.5000000000    1.4647964112e-08
 439.0000000000    1.4581055407e-08
 439.5000000000    1.4515974448e-08
 440.0000000000    1.4454071925e-08
 440.5000000000    1.4394738725e-08
 441.0000000000    1.4335921834e-08
 441.5000000000    1.4275864042e-08
 442.0000000000    1.4214578804e-08
 442.5000000000    1.4153807187e-08
 443.0000000000    1.4095507548e-08
 443.5000000000    1.4040171738e-08
 444.0000000000    1.3986401739e-08
 444.5000000000    1.3932097013e-08
 445.0000000000    1.3876227913e-08
 445.5000000000    1.3819685267e-08
 446.0000000000    1.3764491907e-08
 446.5000000000    1.3712057623e-08
 447.0000000000    1.3661971338e-08
 447.5000000000    1.3612351929e-08
 448.0000000000    1.3561445038e-08
 448.5000000000    1.3509098850e-08
 449.0000000000    1.3456865416e-08
 449.5000000000    1.3406653686e-08
 450.0000000000    1.3359089208e-08
 450.5000000000    1.3313005924e-08
 451.0000000000    1.3266416513e-08
 451.5000000000    1.3218219268e-08
 452.0000000000    1.3169109672e-08
 452.5000000000    1.3120964090e-08
 453.0000000000    1.3075228789e-08
 453.5000000000    1.3031692334e-08
 454.0000000000    1.2988677084e-08
 454.5000000000    1.2944471746e-08
 455.0000000000    1.2898773532e-08
 455.5000000000    1.2852923370e-08
 456.0000000000    1.2808743312e-08
 456.5000000000    1.2766980792e-08
 457.0000000000    1.2726681838e-08
 457.5000000000    1.2686013544e-08
 458.0000000000    1.2643820134e-08
 458.5000000000    1.2600586416e-08
 459.0000000000    1.2558001412e-08
 459.5000000000    1.2517509159e-08
 460.0000000000    1.2479084170e-08
 460.5000000000    1.2441265580e-08
 461.0000000000    1.2402405088e-08
 461.5000000000    1.2362057718e-08
 462.0000000000    1.2321337789e-08
 462.5000000000    1.2281952101e-08
 463.0000000000    1.2244743976e-08
 463.5000000000    1.2208985509e-08
 464.0000000000    1.2173008370e-08
 464.5000000000    1.2135622776e-08
 465.0000000000    1.2097113153e-08
 465.5000000000    1.2058973963e-08
 466.0000000000    1.2022626066e-08
 466.5000000000    1.1988213155e-08
 467.0000000000    1.1954494881e-08
 467.5000000000    1.1919912145e-08
 468.0000000000    1.1883906056e-08
 468.5000000000    1.1847372152e-08
 469.0000000000    1.1811879655e-08
 469.5000000000    1.1778335141e-08
 470.0000000000    1.1746225159e-08
 470.5000000000    1.1714068232e-08
 471.0000000000    1.1680675704e-08
 471.5000000000    1.1646144775e-08
 472.0000000000    1.1611753778e-08
 472.5000000000    1.1578862942e-08
 473.0000000000    1.1547763383e-08
 473.5000000000    1.1517444911e-08
 474.0000000000    1.1486455576e-08
 474.5000000000    1.1454133180e-08
 475.0000000000    1.1421142162e-08
 475.5000000000    1.1388891975e-08
 476.0000000000    1.1358333592e-08
 476.5000000000    1.1329159931e-08
 477.0000000000    1.1300078747e-08
 477.5000000000    1.1269912655e-08
 478.0000000000    1.1238586871e-08
 478.5000000000    1.1207173019e-08
 479.0000000000    1.1176965531e-08
 479.5000000000    1.1148383113e-08
 480.0000000000    1.1120632152e-08
 480.5000000000    1.1092387504e-08
 481.0000000000    1.1062919953e-08
 481.5000000000    1.1032697384e-08
 482.0000000000    1.1002971036e-08
 482.5000000000    1.0974704786e-08
 483.0000000000    1.0947774571e-08
 483.5000000000    1.0921087109e-08
 484.0000000000    1.0893515478e-08
 484.5000000000    1.0864845036e-08
 485.0000000000    1.0835937609e-08
 485.5000000000    1.0807989096e-08
 486.0000000000    1.0781518922e-08
 486.5000000000    1.0755944240e-08
 487.0000000000    1.0730085500e-08
 487.5000000000    1.0703164952e-08
 488.0000000000    1.0675452462e-08
 488.5000000000    1.0648021252e-08
 489.0000000000    1.0621831770e-08
 489.5000000000    1.0596924203e-08
 490.0000000000    1.0572397569e-08
 490.5000000000    1.0547180501e-08
 491.0000000000    1.0520933006e-08
 491.5000000000    1.0494318608e-08
 492.0000000000    1.0468427366e-08
 492.5000000000    1.0443849689e-08
 493.0000000000    1.0420187840e-08
 493.5000000000    1.0396407396e-08
 494.0000000000    1.0371716238e-08
 494.5000000000    1.0346222210e-08
 495.0000000000    1.0320823044e-08
 495.5000000000    1.0296437322e-08
 496.0000000000    1.0273234725e-08
 496.5000000000    1.0250509998e-08
 497.0000000000    1.0227290786e-08
 497.5000000000    1.0203154416e-08
 498.0000000000    1.0178568671e-08
 498.5000000000    1.0154484089e-08
 499.0000000000    1.0131533507e-08
 499.5000000000    1.0109512421e-08
 500.0000000000    1.0087565894e-08
 500.5000000000    1.0064913073e-08
 501.0000000000    1.0041496860e-08
 501.5000000000    1.0018020007e-08
 502.0000000000    9.9953477814e-09
 502.5000000000    9.9737847626e-09
 503.0000000000    9.9528298314e-09
 503.5000000000    9.9316060301e-09
 504.0000000000    9.9095981733e-09
 504.5000000000    9.8870792116e-09
 505.0000000000    9.8649492279e-09
 505.5000000000    9.8437081327e-09
 506.0000000000    9.8233166582e-09
 506.5000000000    9.8032363747e-09
 507.0000000000    9.7826101847e-09
 507.5000000000    9.7612391234e-09
 508.0000000000    9.7396544438e-09
 508.5000000000    9.7186563244e-09
 509.0000000000    9.6986323790e-09
 509.5000000000    9.6792483607e-09
 510.0000000000    9.6597370658e-09
 510.5000000000    9.6395499462e-09
 511.0000000000    9.6188096295e-09
 511.5000000000    9.5981939730e-09
 512.0000000000    9.5783613289e-09
 512.5000000000    9.5594074963e-09
 513.0000000000    9.5408013848e-09
 513.5000000000    9.5218411890e-09
 514.0000000000    9.5022385238e-09
 514.5000000000    9.4823475339e-09
 515.0000000000    9.4628555305e-09
 515.5000000000    9.4442089447e-09
 516.0000000000    9.4262489435e-09
 516.5000000000    9.4083542976e-09
 517.0000000000    9.3899608283e-09
 517.5000000000    9.3710274175e-09
 518.0000000000    9.3520592055e-09
 518.5000000000    9.3336814623e-09
 519.0000000000    9.3161208799e-09
 519.5000000000    9.2990242475e-09
 520.0000000000    9.2817599561e-09
 520.5000000000    9.2639460775e-09
 521.0000000000    9.2457639919e-09
 521.5000000000    9.2278003927e-09
 522.0000000000    9.2105550426e-09
 522.5000000000    9.1940278726e-09
 523.0000000000    9.1777271629e-09
 523.5000000000    9.1610861883e-09
 524.0000000000    9.1439356227e-09
 524.5000000000    9.1266381346e-09
 525.0000000000    9.1097786903e-09
 525.5000000000    9.0936755885e-09
 526.0000000000    9.0781215551e-09
 526.5000000000    9.0625651005e-09
 527.0000000000    9.0465731663e-09
 527.5000000000    9.0301862135e-09
 528.0000000000    9.0138746180e-09
 528.5000000000    8.9981406564e-09
 529.0000000000    8.9831801989e-09
 529.5000000000    8.9684811995e-09
 530.0000000000    8.9535918351e-09
 530.5000000000    8.9382472967e-09
 531.0000000000    8.9226587075e-09
 531.5000000000    8.9073308320e-09
 532.0000000000    8.8925658338e-09
 532.5000000000    8.8784629149e-09
 533.0000000000    8.8645109185e-09
 533.5000000000    8.8502587687e-09
 534.0000000000    8.8356115297e-09
 534.5000000000    8.8209062665e-09
 535.0000000000    8.8065657469e-09
 535.5000000000    8.7929934465e-09
 536.0000000000    8.7799106285e-09
 536.5000000000    8.7668165272e-09
 537.0000000000    8.7533623448e-09
 537.5000000000    8.7396183032e-09
 538.0000000000    8.7260042890e-09
 538.5000000000    8.7129545706e-09
 539.0000000000    8.7005565101e-09
 539.5000000000    8.6884764632e-09
 540.0000000000    8.6762349137e-09
 540.5000000000    8.6636024978e-09
 541.0000000000    8.6507869828e-09
 541.5000000000    8.6382556110e-09
 542.0000000000    8.6263419777e-09
 542.5000000000    8.6149663755e-09
 543.0000000000    8.6037020524e-09
 543.5000000000    8.5921294338e-09
 544.0000000000    8.5801813268e-09
 544.5000000000    8.5681927264e-09
 545.0000000000    8.5566174539e-09
 545.5000000000    8.5456506004e-09
 546.0000000000    8.5350698618e-09
 546.5000000000    8.5244237925e-09
 547.0000000000    8.5134081646e-09
 547.5000000000    8.5021193573e-09
 548.0000000000    8.4909777568e-09
 548.5000000000    8.4803866935e-09
 549.0000000000    8.4704077059e-09
 549.5000000000    8.4607170968e-09
 550.0000000000    8.4508777853e-09
 550.5000000000    8.4407025649e-09
 551.0000000000    8.4304103548e-09
 551.5000000000    8.4204461458e-09
 552.0000000000    8.4111113453e-09
 552.5000000000    8.4023078914e-09
 553.0000000000    8.3936098933e-09
 553.5000000000    8.3846088249e-09
 554.0000000000    8.3753176994e-09
 554.5000000000    8.3659445663e-09
 555.0000000000    8.3570166063e-09
 555.5000000000    8.3487235210e-09
 556.0000000000    8.3408230349e-09
 556.5000000000    8.3328393008e-09
 557.0000000000    8.3243924711e-09
 557.5000000000    8.3157317728e-09
 558.0000000000    8.3072425458e-09
 558.5000000000    8.2993374379e-09
 559.0000000000    8.2920288143e-09
 559.5000000000    8.2849082096e-09
 560.0000000000    8.2775700101e-09
 560.5000000000    8.2698569369e-09
 561.0000000000    8.2619440682e-09
 561.5000000000    8.2543954791e-09
 562.0000000000    8.2475152547e-09
 562.5000000000    8.2411469271e-09
 563.0000000000    8.2348019814e-09
 563.5000000000    8.2280691952e-09
 564.0000000000    8.2209623506e-09
 564.5000000000    8.2139130350e-09
 565.0000000000    8.2074115331e-09
 565.5000000000    8.2015949587e-09
 566.0000000000    8.1961282937e-09
 566.5000000000    8.1904817889e-09
 567.0000000000    8.1843377543e-09
 567.5000000000    8.1779746193e-09
 568.0000000000    8.1719140673e-09
 568.5000000000    8.1664844392e-09
 569.0000000000    8.1616639421e-09
 569.5000000000    8.1569783623e-09
 570.0000000000    8.1519311291e-09
 570.5000000000    8.1464197910e-09
 571.0000000000    8.1408235868e-09
 571.5000000000    8.1356879951e-09
 572.0000000000    8.1312659031e-09
 572.5000000000    8.1273003033e-09
 573.0000000000    8.1232336300e-09
 573.5000000000    8.1186721826e-09
 574.0000000000    8.1137186964e-09
 574.5000000000    8.1088905754e-09
 575.0000000000    8.1046887059e-09
 575.5000000000    8.1011749388e-09
 576.0000000000    8.0979143406e-09
 576.5000000000    8.0943358009e-09
 577.0000000000    8.0902131084e-09
 577.5000000000    8.0858619643e-09
 578.0000000000    8.0818820715e-09
 578.5000000000    8.0786550640e-09
 579.0000000000    8.0760187818e-09
 579.5000000000    8.0733972046e-09
 580.0000000000    8.0702836735e-09
 580.5000000000    8.0666733131e-09
 581.0000000000    8.0630760060e-09
 581.5000000000    8.0600919603e-09
 582.0000000000    8.0579025963e-09
 582.5000000000    8.0561104066e-09
 583.0000000000    8.0540687917e-09
 583.5000000000    8.0514293624e-09
 584.0000000000    8.0484428811e-09
 584.5000000000    8.0457520623e-09
 585.0000000000    8.0438475464e-09
 585.5000000000    8.0426458162e-09
 586.0000000000    8.0415523472e-09
 586.5000000000    8.0399613201e-09
 587.0000000000    8.0377700366e-09
 587.5000000000    8.0354685972e-09
 588.0000000000    8.0337251770e-09
 588.5000000000    8.0328168853e-09
 589.0000000000    8.0323896200e-09
 589.5000000000    8.0317533950e-09
 590.0000000000    8.0304651520e-09
 590.5000000000    8.0287052016e-09
 591.0000000000    8.0271274787e-09
 591.5000000000    8.0263072017e-09
 592.0000000000    8.0262529212e-09
 592.5000000000    8.0263960813e-09
 593.0000000000    8.0260697129e-09
 593.5000000000    8.0250734028e-09
 594.0000000000    8.0238466558e-09
 594.5000000000    8.0231018852e-09
 595.0000000000    8.0232235582e-09
 595.5000000000    8.0239404788e-09
 596.0000000000    8.0245503610e-09
 596.5000000000    8.0245117659e-09
 597.0000000000    8.0239048158e-09
 597.5000000000    8.0233684133e-09
 598.0000000000    8.0235626488e-09
 598.5000000000    8.0246077950e-09
 599.0000000000    8.0259757753e-09
 599.5000000000    8.0269310916e-09
 600.0000000000    8.0271524863e-09
 600.5000000000    8.0270087618e-09
 601.0000000000    8.0272503613e-09
 601.5000000000    8.0283727539e-09
 602.0000000000    8.0301905058e-09
 602.5000000000    8.0319868878e-09
 603.0000000000    8.0331176890e-09
 603.5000000000    8.0335594032e-09
 604.0000000000    8.0339340447e-09
 604.5000000000    8.0349842914e-09
 605.0000000000    8.0369409302e-09
 605.5000000000    8.0393214926e-09
 606.0000000000    8.0413349682e-09
 606.5000000000    8.0425535976e-09
 607.0000000000    8.0432804617e-09
 607.5000000000    8.0442972156e-09
 608.0000000000    8.0462014221e-09
 608.5000000000    8.0488957961e-09
 609.0000000000    8.0516143178e-09
 609.5000000000    8.0537855921e-09
 610.0000000000    8.0550820358e-09
 610.5000000000    8.0562514027e-09
 611.0000000000    8.0580972154e-09
 611.5000000000    8.0607945927e-09
 612.0000000000    8.0640713648e-09
 612.5000000000    8.0671003444e-09
 613.0000000000    8.0692006705e-09
 613.5000000000    8.0707525013e-09
 614.0000000000    8.0724893929e-09
 614.5000000000    8.0750910373e-09
 615.0000000000    8.0785516039e-09
 615.5000000000    8.0821809959e-09
 616.0000000000    8.0851885367e-09
 616.5000000000    8.0873547730e-09
 617.0000000000    8.0892203549e-09
 617.5000000000    8.0916297121e-09
 618.0000000000    8.0950146760e-09
 618.5000000000    8.0990255727e-09
 619.0000000000    8.1028247886e-09
 619.5000000000    8.1057964668e-09
 620.0000000000    8.1080708587e-09
 620.5000000000    8.1104172881e-09
 621.0000000000    8.1135930346e-09
 621.5000000000    8.1176987925e-09
 622.0000000000    8.1220885496e-09
 622.5000000000    8.1259141670e-09
 623.0000000000    8.1288451440e-09
 623.5000000000    8.1313523750e-09
 624.0000000000    8.1343114314e-09
 624.5000000000    8.1382584969e-09
 625.0000000000    8.1429305840e-09
 625.5000000000    8.1474838021e-09
 626.0000000000    8.1512080291e-09
 626.5000000000    8.1541317282e-09
 627.0000000000    8.1570007249e-09
 627.5000000000    8.1606447084e-09
 628.0000000000    8.1652685759e-09
 628.5000000000    8.1702726277e-09
 629.0000000000    8.1747580143e-09
 629.5000000000    8.1782897811e-09
 630.0000000000    8.1812676095e-09
 630.5000000000    8.1845864443e-09
 631.0000000000    8.1888738373e-09
 631.5000000000    8.1939525494e-09
 632.0000000000    8.1989874719e-09
 632.5000000000    8.2031939102e-09
 633.0000000000    8.2065051479e-09
 633.5000000000    8.2096306269e-09
 634.0000000000    8.2134538567e-09
 634.5000000000    8.2182811486e-09
 635.0000000000    8.2235801339e-09
 635.5000000000    8.2284312628e-09
 636.0000000000    8.2323096602e-09
 636.5000000000    8.2355331511e-09
 637.0000000000    8.2389950544e-09
 637.5000000000    8.2434074771e-09
 638.0000000000    8.2486966472e-09
 638.5000000000    8.2540640853e-09
 639.0000000000    8.2586635326e-09
 639.5000000000    8.2623203675e-09
 640.0000000000    8.2656829402e-09
 640.5000000000    8.2696745042e-09
 641.0000000000    8.2747091646e-09
 641.5000000000    8.2803370642e-09
 642.0000000000    8.2856225905e-09
 642.5000000000    8.2899377418e-09
 643.0000000000    8.2934977603e-09
 643.5000000000    8.2971811879e-09
 644.0000000000    8.3017838631e-09
 644.5000000000    8.3073389956e-09
 645.0000000000    8.3130844949e-09
 645.5000000000    8.3181075371e-09
 646.0000000000    8.3221209811e-09
 646.5000000000    8.3257098508e-09
 647.0000000000    8.3298341365e-09
 647.5000000000    8.3350097977e-09
 648.0000000000    8.3408651538e-09
 648.5000000000    8.3464525256e-09
 649.0000000000    8.3510531027e-09
 649.5000000000    8.3547883043e-09
 650.0000000000    8.3585162786e-09
 650.5000000000    8.3630999987e-09
 651.0000000000    8.3686695319e-09
 651.5000000000    8.3745083637e-09
 652.0000000000    8.3796615411e-09
 652.5000000000    8.3837478564e-09
 653.0000000000    8.3872842873e-09
 653.5000000000    8.3912461903e-09
 654.0000000000    8.3962378175e-09
 654.5000000000    8.4019790460e-09
 655.0000000000    8.4075446089e-09
 655.5000000000    8.4121517908e-09
 656.0000000000    8.4158269220e-09
 656.5000000000    8.4193848056e-09
 657.0000000000    8.4237390854e-09
 657.5000000000    8.4291288987e-09
 658.0000000000    8.4349175680e-09
 658.5000000000    8.4401339359e-09
 659.0000000000    8.4442975388e-09
 659.5000000000    8.4478283644e-09
 660.0000000000    8.4516933206e-09
 660.5000000000    8.4565879954e-09
 661.0000000000    8.4623463723e-09
 661.5000000000    8.4680798445e-09
 662.0000000000    8.4729294239e-09
 662.5000000000    8.4767945209e-09
 663.0000000000    8.4804197580e-09
 663.5000000000    8.4847640118e-09
 664.0000000000    8.4901847017e-09
 664.5000000000    8.4961292796e-09
 665.0000000000    8.5015979887e-09
 665.5000000000    8.5059879809e-09
 666.0000000000    8.5096030319e-09
 666.5000000000    8.5133942031e-09
 667.0000000000    8.5181487539e-09
 667.5000000000    8.5238146413e-09
 668.0000000000    8.5295359505e-09
 668.5000000000    8.5343725068e-09
 669.0000000000    8.5380941112e-09
 669.5000000000    8.5413740272e-09
 670.0000000000    8.5452146220e-09
 670.5000000000    8.5500915398e-09
 671.0000000000    8.5555441373e-09
 671.5000000000    8.5605621023e-09
 672.0000000000    8.5644491724e-09
 672.5000000000    8.5673881406e-09
 673.0000000000    8.5703210375e-09
 673.5000000000    8.5741238104e-09
 674.0000000000    8.5788710591e-09
 674.5000000000    8.5837734508e-09
 675.0000000000    8.5878498122e-09
 675.5000000000    8.5907638190e-09
 676.0000000000    8.5931147500e-09
 676.5000000000    8.5959267016e-09
 677.0000000000    8.5998090048e-09
 677.5000000000    8.6044105150e-09
 678.0000000000    8.6087480355e-09
 678.5000000000    8.6120406801e-09
 679.0000000000    8.6143809334e-09
 679.5000000000    8.6166622331e-09
 680.0000000000    8.6198228177e-09
 680.5000000000    8.6240491091e-09
 681.0000000000    8.6286183839e-09
 681.5000000000    8.6325163437e-09
 682.0000000000    8.6353036313e-09
 682.5000000000    8.6374918012e-09
 683.0000000000    8.6401072390e-09
 683.5000000000    8.6438151171e-09
 684.0000000000    8.6483518170e-09
 684.5000000000    8.6527511130e-09
 685.0000000000    8.6561708346e-09
 685.5000000000    8.6586135155e-09
 686.0000000000    8.6609249046e-09
 686.5000000000    8.6640713137e-09
 687.0000000000    8.6683127819e-09
 687.5000000000    8.6729781791e-09
 688.0000000000    8.6770343085e-09
 688.5000000000    8.6799631398e-09
 689.0000000000    8.6821980368e-09
 689.5000000000    8.6847437793e-09
 690.0000000000    8.6883264101e-09
 690.5000000000    8.6927328676e-09
 691.0000000000    8.6970272709e-09
 691.5000000000    8.7003128133e-09
 692.0000000000    8.7025140908e-09
 692.5000000000    8.7044334659e-09
 693.0000000000    8.7070646879e-09
 693.5000000000    8.7107683035e-09
 694.0000000000    8.7149389356e-09
 694.5000000000    8.7185453629e-09
 695.0000000000    8.7210067862e-09
 695.5000000000    8.7226909369e-09
 696.0000000000    8.7246014142e-09
 696.5000000000    8.7275200610e-09
 697.0000000000    8.7313362942e-09
 697.5000000000    8.7351369512e-09
 698.0000000000    8.7379814130e-09
 698.5000000000    8.7397009728e-09
 699.0000000000    8.7410461849e-09
 699.5000000000    8.7430250825e-09
 700.0000000000    8.7460619396e-09
