#          time               M_ADM
   0.0000000000    1.0214828661e-01
   0.5000000000    1.0212849934e-01
   1.0000000000    1.0208083853e-01
   1.5000000000    1.0202151152e-01
   2.0000000000    1.0196219681e-01
   2.5000000000    1.0190722523e-01
   3.0000000000    1.0185638573e-01
   3.5000000000    1.0180793369e-01
   4.0000000000    1.0176016612e-01
   4.5000000000    1.0171191880e-01
   5.0000000000    1.0166256588e-01
   5.5000000000    1.0161186698e-01
   6.0000000000    1.0155980840e-01
   6.5000000000    1.0150648362e-01
   7.0000000000    1.0145201921e-01
   7.5000000000    1.0139654071e-01
   8.0000000000    1.0134016706e-01
   8.5000000000    1.0128301707e-01
   9.0000000000    1.0122521306e-01
   9.5000000000    1.0116687469e-01
  10.0000000000    1.0110810789e-01
  10.5000000000    1.0104899909e-01
  11.0000000000    1.0098961880e-01
  11.5000000000    1.0093003296e-01
  12.0000000000    1.0087031693e-01
  12.5000000000    1.0081055376e-01
  13.0000000000    1.0075082449e-01
  13.5000000000    1.0069118818e-01
  14.0000000000    1.0063168558e-01
  14.5000000000    1.0057234998e-01
  15.0000000000    1.0051321867e-01
  15.5000000000    1.0045434123e-01
  16.0000000000    1.0039577560e-01
  16.5000000000    1.0033757695e-01
  17.0000000000    1.0027977937e-01
  17.5000000000    1.0022240399e-01
  18.0000000000    1.0016544607e-01
  18.5000000000    1.0010893665e-01
  19.0000000000    1.0005291133e-01
  19.5000000000    9.9997410812e-02
  20.0000000000    9.9942470596e-02
  20.5000000000    9.9888104348e-02
  21.0000000000    9.9834322903e-02
  21.5000000000    9.9781125679e-02
  22.0000000000    9.9728518336e-02
  22.5000000000    9.9676534876e-02
  23.0000000000    9.9625212144e-02
  23.5000000000    9.9574560631e-02
  24.0000000000    9.9524593122e-02
  24.5000000000    9.9475304166e-02
  25.0000000000    9.9426685188e-02
  25.5000000000    9.9378735129e-02
  26.0000000000    9.9331464858e-02
  26.5000000000    9.9284900309e-02
  27.0000000000    9.9239063064e-02
  27.5000000000    9.9193958671e-02
  28.0000000000    9.9149576372e-02
  28.5000000000    9.9105900148e-02
  29.0000000000    9.9062921463e-02
  29.5000000000    9.9020645201e-02
  30.0000000000    9.8979086361e-02
  30.5000000000    9.8938259924e-02
  31.0000000000    9.8898176280e-02
  31.5000000000    9.8858835740e-02
  32.0000000000    9.8820215330e-02
  32.5000000000    9.8782281207e-02
  33.0000000000    9.8745029318e-02
  33.5000000000    9.8708481232e-02
  34.0000000000    9.8672647742e-02
  34.5000000000    9.8637525207e-02
  35.0000000000    9.8603096588e-02
  35.5000000000    9.8569350807e-02
  36.0000000000    9.8536267506e-02
  36.5000000000    9.8503839880e-02
  37.0000000000    9.8472077352e-02
  37.5000000000    9.8440986755e-02
  38.0000000000    9.8410568135e-02
  38.5000000000    9.8380808339e-02
  39.0000000000    9.8351686167e-02
  39.5000000000    9.8323182467e-02
  40.0000000000    9.8295288376e-02
  40.5000000000    9.8268006561e-02
  41.0000000000    9.8241342808e-02
  41.5000000000    9.8215296708e-02
  42.0000000000    9.8189855340e-02
  42.5000000000    9.8165000573e-02
  43.0000000000    9.8140712827e-02
  43.5000000000    9.8116980684e-02
  44.0000000000    9.8093807009e-02
  44.5000000000    9.8071199127e-02
  45.0000000000    9.8049151009e-02
  45.5000000000    9.8027644207e-02
  46.0000000000    9.8006662145e-02
  46.5000000000    9.7986194322e-02
  47.0000000000    9.7966230372e-02
  47.5000000000    9.7946761905e-02
  48.0000000000    9.7927788539e-02
  48.5000000000    9.7909313610e-02
  49.0000000000    9.7891332610e-02
  49.5000000000    9.7873828083e-02
  50.0000000000    9.7856776756e-02
  50.5000000000    9.7840162108e-02
  51.0000000000    9.7823977819e-02
  51.5000000000    9.7808223503e-02
  52.0000000000    9.7792889530e-02
  52.5000000000    9.7777953892e-02
  53.0000000000    9.7763372749e-02
  53.5000000000    9.7749074998e-02
  54.0000000000    9.7734963358e-02
  54.5000000000    9.7720894287e-02
  55.0000000000    9.7706663282e-02
  55.5000000000    9.7691991329e-02
  56.0000000000    9.7676542504e-02
  56.5000000000    9.7660007189e-02
  57.0000000000    9.7642263135e-02
  57.5000000000    9.7623564720e-02
  58.0000000000    9.7604647452e-02
  58.5000000000    9.7586603171e-02
  59.0000000000    9.7570497327e-02
  59.5000000000    9.7556938357e-02
  60.0000000000    9.7545901646e-02
  60.5000000000    9.7536884840e-02
  61.0000000000    9.7529215474e-02
  61.5000000000    9.7522297726e-02
  62.0000000000    9.7515704596e-02
  62.5000000000    9.7509150501e-02
  63.0000000000    9.7502465253e-02
  63.5000000000    9.7495633713e-02
  64.0000000000    9.7488793517e-02
  64.5000000000    9.7482095700e-02
  65.0000000000    9.7475577219e-02
  65.5000000000    9.7469217674e-02
  66.0000000000    9.7463045547e-02
  66.5000000000    9.7457110679e-02
  67.0000000000    9.7451418457e-02
  67.5000000000    9.7445952285e-02
  68.0000000000    9.7440710688e-02
  68.5000000000    9.7435692797e-02
  69.0000000000    9.7430893604e-02
  69.5000000000    9.7426317150e-02
  70.0000000000    9.7421977640e-02
  70.5000000000    9.7417880774e-02
  71.0000000000    9.7414018544e-02
  71.5000000000    9.7410372081e-02
  72.0000000000    9.7406927568e-02
  72.5000000000    9.7403688697e-02
  73.0000000000    9.7400660001e-02
  73.5000000000    9.7397850852e-02
  74.0000000000    9.7395266433e-02
  74.5000000000    9.7392902636e-02
  75.0000000000    9.7390748906e-02
  75.5000000000    9.7388794963e-02
  76.0000000000    9.7387033823e-02
  76.5000000000    9.7385461848e-02
  77.0000000000    9.7384079927e-02
  77.5000000000    9.7382894291e-02
  78.0000000000    9.7381915413e-02
  78.5000000000    9.7381150084e-02
  79.0000000000    9.7380589320e-02
  79.5000000000    9.7380207759e-02
  80.0000000000    9.7379984791e-02
  80.5000000000    9.7379927505e-02
  81.0000000000    9.7380071273e-02
  81.5000000000    9.7380455764e-02
  82.0000000000    9.7381083390e-02
  82.5000000000    9.7381893244e-02
  83.0000000000    9.7382807929e-02
  83.5000000000    9.7383824153e-02
  84.0000000000    9.7385015856e-02
  84.5000000000    9.7386437816e-02
  85.0000000000    9.7388083080e-02
  85.5000000000    9.7389924668e-02
  86.0000000000    9.7391943708e-02
  86.5000000000    9.7394128376e-02
  87.0000000000    9.7396474635e-02
  87.5000000000    9.7398986455e-02
  88.0000000000    9.7401673036e-02
  88.5000000000    9.7404543270e-02
  89.0000000000    9.7407598237e-02
  89.5000000000    9.7410830977e-02
  90.0000000000    9.7414234357e-02
  90.5000000000    9.7417804495e-02
  91.0000000000    9.7421542516e-02
  91.5000000000    9.7425454848e-02
  92.0000000000    9.7429549026e-02
  92.5000000000    9.7433826964e-02
  93.0000000000    9.7438284478e-02
  93.5000000000    9.7442914952e-02
  94.0000000000    9.7447714402e-02
  94.5000000000    9.7452683686e-02
  95.0000000000    9.7457828981e-02
  95.5000000000    9.7463158153e-02
  96.0000000000    9.7468673843e-02
  96.5000000000    9.7474372887e-02
  97.0000000000    9.7480250236e-02
  97.5000000000    9.7486301674e-02
  98.0000000000    9.7492527138e-02
  98.5000000000    9.7498932991e-02
  99.0000000000    9.7505527969e-02
  99.5000000000    9.7512317680e-02
 100.0000000000    9.7519303934e-02
 100.5000000000    9.7526485043e-02
 101.0000000000    9.7533854720e-02
 101.5000000000    9.7541402914e-02
 102.0000000000    9.7549124749e-02
 102.5000000000    9.7557032456e-02
 103.0000000000    9.7565150128e-02
 103.5000000000    9.7573489235e-02
 104.0000000000    9.7582037805e-02
 104.5000000000    9.7590780250e-02
 105.0000000000    9.7599717435e-02
 105.5000000000    9.7608859852e-02
 106.0000000000    9.7618216540e-02
 106.5000000000    9.7627792169e-02
 107.0000000000    9.7637589507e-02
 107.5000000000    9.7647609450e-02
 108.0000000000    9.7657851330e-02
 108.5000000000    9.7668315849e-02
 109.0000000000    9.7679005823e-02
 109.5000000000    9.7689929637e-02
 110.0000000000    9.7701101429e-02
 110.5000000000    9.7712531677e-02
 111.0000000000    9.7724221816e-02
 111.5000000000    9.7736169872e-02
 112.0000000000    9.7748374923e-02
 112.5000000000    9.7760839736e-02
 113.0000000000    9.7773572752e-02
 113.5000000000    9.7786585690e-02
 114.0000000000    9.7799887880e-02
 114.5000000000    9.7813483413e-02
 115.0000000000    9.7827371317e-02
 115.5000000000    9.7841550079e-02
 116.0000000000    9.7856022871e-02
 116.5000000000    9.7870799032e-02
 117.0000000000    9.7885892140e-02
 117.5000000000    9.7901316027e-02
 118.0000000000    9.7917079271e-02
 118.5000000000    9.7933182640e-02
 119.0000000000    9.7949623981e-02
 119.5000000000    9.7966405259e-02
 120.0000000000    9.7983534529e-02
 120.5000000000    9.8001024604e-02
 121.0000000000    9.8018891854e-02
 121.5000000000    9.8037151273e-02
 122.0000000000    9.8055812759e-02
 122.5000000000    9.8074882018e-02
 123.0000000000    9.8094363873e-02
 123.5000000000    9.8114266875e-02
 124.0000000000    9.8134604649e-02
 124.5000000000    9.8155390861e-02
 125.0000000000    9.8176636907e-02
 125.5000000000    9.8198359767e-02
 126.0000000000    9.8220580883e-02
 126.5000000000    9.8243306448e-02
 127.0000000000    9.8266526580e-02
 127.5000000000    9.8290249110e-02
 128.0000000000    9.8314507302e-02
 128.5000000000    9.8339325445e-02
 129.0000000000    9.8364709719e-02
 129.5000000000    9.8390671485e-02
 130.0000000000    9.8417226658e-02
 130.5000000000    9.8444381390e-02
 131.0000000000    9.8472145444e-02
 131.5000000000    9.8500547093e-02
 132.0000000000    9.8529614682e-02
 132.5000000000    9.8559360065e-02
 133.0000000000    9.8589796071e-02
 133.5000000000    9.8620948062e-02
 134.0000000000    9.8652834879e-02
 134.5000000000    9.8685465166e-02
 135.0000000000    9.8718861857e-02
 135.5000000000    9.8753062204e-02
 136.0000000000    9.8788092752e-02
 136.5000000000    9.8823970975e-02
 137.0000000000    9.8860721146e-02
 137.5000000000    9.8898369421e-02
 138.0000000000    9.8936936514e-02
 138.5000000000    9.8976448030e-02
 139.0000000000    9.9016937480e-02
 139.5000000000    9.9058436165e-02
 140.0000000000    9.9100975145e-02
 140.5000000000    9.9144586813e-02
 141.0000000000    9.9189299855e-02
 141.5000000000    9.9235139299e-02
 142.0000000000    9.9282136717e-02
 142.5000000000    9.9330332115e-02
 143.0000000000    9.9379765413e-02
 143.5000000000    9.9430474475e-02
 144.0000000000    9.9482499364e-02
 144.5000000000    9.9535879440e-02
 145.0000000000    9.9590651521e-02
 145.5000000000    9.9646855397e-02
 146.0000000000    9.9704537346e-02
 146.5000000000    9.9763750031e-02
 147.0000000000    9.9824549447e-02
 147.5000000000    9.9886988351e-02
 148.0000000000    9.9951116146e-02
 148.5000000000    1.0001698537e-01
 149.0000000000    1.0008465114e-01
 149.5000000000    1.0015416931e-01
 150.0000000000    1.0022560466e-01
 150.5000000000    1.0029903347e-01
 151.0000000000    1.0037453145e-01
 151.5000000000    1.0045216749e-01
 152.0000000000    1.0053200979e-01
 152.5000000000    1.0061413504e-01
 153.0000000000    1.0069863066e-01
 153.5000000000    1.0078558102e-01
 154.0000000000    1.0087505787e-01
 154.5000000000    1.0096713727e-01
 155.0000000000    1.0106191862e-01
 155.5000000000    1.0115952138e-01
 156.0000000000    1.0126005887e-01
 156.5000000000    1.0136362733e-01
 157.0000000000    1.0147032841e-01
 157.5000000000    1.0158028268e-01
 158.0000000000    1.0169361618e-01
 158.5000000000    1.0181045186e-01
 159.0000000000    1.0193091898e-01
 159.5000000000    1.0205515677e-01
 160.0000000000    1.0218330778e-01
 160.5000000000    1.0231552307e-01
 161.0000000000    1.0245196762e-01
 161.5000000000    1.0259281195e-01
 162.0000000000    1.0273822826e-01
 162.5000000000    1.0288839655e-01
 163.0000000000    1.0304350682e-01
 163.5000000000    1.0320375698e-01
 164.0000000000    1.0336935351e-01
 164.5000000000    1.0354051455e-01
 165.0000000000    1.0371747157e-01
 165.5000000000    1.0390046827e-01
 166.0000000000    1.0408975669e-01
 166.5000000000    1.0428559648e-01
 167.0000000000    1.0448825736e-01
 167.5000000000    1.0469801776e-01
 168.0000000000    1.0491516464e-01
 168.5000000000    1.0514000044e-01
 169.0000000000    1.0537284560e-01
 169.5000000000    1.0561403007e-01
 170.0000000000    1.0586388662e-01
 170.5000000000    1.0612274843e-01
 171.0000000000    1.0639094649e-01
 171.5000000000    1.0666880866e-01
 172.0000000000    1.0695666104e-01
 172.5000000000    1.0725482641e-01
 173.0000000000    1.0756361526e-01
 173.5000000000    1.0788330603e-01
 174.0000000000    1.0821412256e-01
 174.5000000000    1.0855621586e-01
 175.0000000000    1.0890964297e-01
 175.5000000000    1.0927433826e-01
 176.0000000000    1.0965007705e-01
 176.5000000000    1.1003642205e-01
 177.0000000000    1.1043264034e-01
 177.5000000000    1.1083758874e-01
 178.0000000000    1.1124957245e-01
 178.5000000000    1.1166616909e-01
 179.0000000000    1.1208398760e-01
 179.5000000000    1.1249833181e-01
 180.0000000000    1.1290274637e-01
 180.5000000000    1.1328838906e-01
 181.0000000000    1.1364314349e-01
 181.5000000000    1.1395039446e-01
 182.0000000000    1.1418734491e-01
 182.5000000000    1.1432266408e-01
 183.0000000000    1.1431321117e-01
 183.5000000000    1.1409953715e-01
 184.0000000000    1.1359982218e-01
 184.5000000000    1.1270203306e-01
 185.0000000000    1.1125460075e-01
 185.5000000000    1.0905721374e-01
 186.0000000000    1.0585617071e-01
 186.5000000000    1.0135382132e-01
 187.0000000000    9.5248086588e-02
 187.5000000000    8.7320358924e-02
 188.0000000000    7.7575030670e-02
 188.5000000000    6.6387733382e-02
 189.0000000000    5.4557954856e-02
 189.5000000000    4.3157312430e-02
 190.0000000000    3.3185302390e-02
 190.5000000000    2.5219065272e-02
 191.0000000000    1.9288262139e-02
 191.5000000000    1.5037250818e-02
 192.0000000000    1.2001294127e-02
 192.5000000000    9.7893297284e-03
 193.0000000000    8.1298652895e-03
 193.5000000000    6.8481114609e-03
 194.0000000000    5.8325988698e-03
 194.5000000000    5.0107877529e-03
 195.0000000000    4.3341662536e-03
 195.5000000000    3.7694341742e-03
 196.0000000000    3.2931223388e-03
 196.5000000000    2.8881743303e-03
 197.0000000000    2.5417454560e-03
 197.5000000000    2.2438166406e-03
 198.0000000000    1.9863621437e-03
 198.5000000000    1.7628696427e-03
 199.0000000000    1.5680514216e-03
 199.5000000000    1.3976328587e-03
 200.0000000000    1.2481582080e-03
 200.5000000000    1.1168002250e-03
 201.0000000000    1.0011887317e-03
 201.5000000000    8.9928004843e-04
 202.0000000000    8.0927890677e-04
 202.5000000000    7.2960656597e-04
 203.0000000000    6.5889467954e-04
 203.5000000000    5.9598132455e-04
 204.0000000000    5.3989362192e-04
 204.5000000000    4.8981478005e-04
 205.0000000000    4.4504440505e-04
 205.5000000000    4.0496473775e-04
 206.0000000000    3.6902136060e-04
 206.5000000000    3.3671851276e-04
 207.0000000000    3.0762220423e-04
 207.5000000000    2.8136233093e-04
 208.0000000000    2.5762790925e-04
 208.5000000000    2.3615529106e-04
 209.0000000000    2.1671373347e-04
 209.5000000000    1.9909398886e-04
 210.0000000000    1.8310327061e-04
 210.5000000000    1.6856612556e-04
 211.0000000000    1.5532776237e-04
 211.5000000000    1.4325580588e-04
 212.0000000000    1.3223827861e-04
 212.5000000000    1.2217836439e-04
 213.0000000000    1.1298849322e-04
 213.5000000000    1.0458646534e-04
 214.0000000000    9.6894821334e-05
 214.5000000000    8.9842669457e-05
 215.0000000000    8.3367902125e-05
 215.5000000000    7.7417868637e-05
 216.0000000000    7.1947860450e-05
 216.5000000000    6.6918220762e-05
 217.0000000000    6.2291687592e-05
 217.5000000000    5.8032260680e-05
 218.0000000000    5.4105806661e-05
 218.5000000000    5.0481522414e-05
 219.0000000000    4.7132987585e-05
 219.5000000000    4.4037991214e-05
 220.0000000000    4.1177207214e-05
 220.5000000000    3.8532549843e-05
 221.0000000000    3.6086160019e-05
 221.5000000000    3.3820465134e-05
 222.0000000000    3.1719039861e-05
 222.5000000000    2.9767528781e-05
 223.0000000000    2.7953951277e-05
 223.5000000000    2.6268198641e-05
 224.0000000000    2.4701077793e-05
 224.5000000000    2.3243521987e-05
 225.0000000000    2.1886394026e-05
 225.5000000000    2.0620899229e-05
 226.0000000000    1.9439222239e-05
 226.5000000000    1.8334909905e-05
 227.0000000000    1.7302738853e-05
 227.5000000000    1.6338167457e-05
 228.0000000000    1.5436739212e-05
 228.5000000000    1.4593796098e-05
 229.0000000000    1.3804628402e-05
 229.5000000000    1.3064882955e-05
 230.0000000000    1.2370908409e-05
 230.5000000000    1.1719793543e-05
 231.0000000000    1.1109085409e-05
 231.5000000000    1.0536393457e-05
 232.0000000000    9.9991394953e-06
 232.5000000000    9.4945869968e-06
 233.0000000000    9.0200976076e-06
 233.5000000000    8.5734105730e-06
 234.0000000000    8.1527494810e-06
 234.5000000000    7.7566932054e-06
 235.0000000000    7.3839153345e-06
 235.5000000000    7.0329694882e-06
 236.0000000000    6.7022531449e-06
 236.5000000000    6.3901583735e-06
 237.0000000000    6.0952810844e-06
 237.5000000000    5.8165374270e-06
 238.0000000000    5.5531088004e-06
 238.5000000000    5.3042667259e-06
 239.0000000000    5.0692011428e-06
 239.5000000000    4.8469693138e-06
 240.0000000000    4.6365793957e-06
 240.5000000000    4.4371407668e-06
 241.0000000000    4.2479695600e-06
 241.5000000000    4.0685797823e-06
 242.0000000000    3.8985695278e-06
 242.5000000000    3.7374805280e-06
 243.0000000000    3.5847365891e-06
 243.5000000000    3.4397049176e-06
 244.0000000000    3.3018186153e-06
 244.5000000000    3.1706543404e-06
 245.0000000000    3.0459137199e-06
 245.5000000000    2.9273494742e-06
 246.0000000000    2.8147005044e-06
 246.5000000000    2.7076585503e-06
 247.0000000000    2.6058650948e-06
 247.5000000000    2.5089422502e-06
 248.0000000000    2.4165578284e-06
 248.5000000000    2.3284831114e-06
 249.0000000000    2.2445801957e-06
 249.5000000000    2.1647122140e-06
 250.0000000000    2.0886510153e-06
 250.5000000000    2.0160703776e-06
 251.0000000000    1.9466382294e-06
 251.5000000000    1.8801196487e-06
 252.0000000000    1.8163944618e-06
 252.5000000000    1.7553838698e-06
 253.0000000000    1.6969643556e-06
 253.5000000000    1.6409494362e-06
 254.0000000000    1.5871428005e-06
 254.5000000000    1.5353984994e-06
 255.0000000000    1.4856312510e-06
 255.5000000000    1.4377816815e-06
 256.0000000000    1.3917849427e-06
 256.5000000000    1.3475724549e-06
 257.0000000000    1.3050899710e-06
 257.5000000000    1.2642977555e-06
 258.0000000000    1.2251461225e-06
 258.5000000000    1.1875591336e-06
 259.0000000000    1.1514543468e-06
 259.5000000000    1.1167835306e-06
 260.0000000000    1.0835477057e-06
 260.5000000000    1.0517619085e-06
 261.0000000000    1.0213992726e-06
 261.5000000000    9.9237018626e-07
 262.0000000000    9.6456099229e-07
 262.5000000000    9.3789694526e-07
 263.0000000000    9.1236990570e-07
 263.5000000000    8.8800486256e-07
 264.0000000000    8.6479742620e-07
 264.5000000000    8.4267978596e-07
 265.0000000000    8.2154371084e-07
 265.5000000000    8.0129687217e-07
 266.0000000000    7.8190176787e-07
 266.5000000000    7.6336647321e-07
 267.0000000000    7.4569978462e-07
 267.5000000000    7.2887087941e-07
 268.0000000000    7.1280554815e-07
 268.5000000000    6.9741787493e-07
 269.0000000000    6.8264859865e-07
 269.5000000000    6.6848027327e-07
 270.0000000000    6.5491907505e-07
 270.5000000000    6.4196108391e-07
 271.0000000000    6.2956954661e-07
 271.5000000000    6.1768048216e-07
 272.0000000000    6.0623113664e-07
 272.5000000000    5.9518720468e-07
 273.0000000000    5.8454615277e-07
 273.5000000000    5.7431460097e-07
 274.0000000000    5.6447993258e-07
 274.5000000000    5.5500164984e-07
 275.0000000000    5.4582973836e-07
 275.5000000000    5.3693228061e-07
 276.0000000000    5.2830542058e-07
 276.5000000000    5.1995706463e-07
 277.0000000000    5.1188112935e-07
 277.5000000000    5.0404868480e-07
 278.0000000000    4.9642474894e-07
 278.5000000000    4.8899283531e-07
 279.0000000000    4.8176068114e-07
 279.5000000000    4.7474029127e-07
 280.0000000000    4.6792209780e-07
 280.5000000000    4.6127087881e-07
 281.0000000000    4.5475107594e-07
 281.5000000000    4.4835713374e-07
 282.0000000000    4.4211668482e-07
 282.5000000000    4.3605958998e-07
 283.0000000000    4.3018159012e-07
 283.5000000000    4.2443718886e-07
 284.0000000000    4.1877152772e-07
 284.5000000000    4.1316697892e-07
 285.0000000000    4.0766083348e-07
 285.5000000000    4.0231150437e-07
 286.0000000000    3.9714247306e-07
 286.5000000000    3.9211673968e-07
 287.0000000000    3.8716045054e-07
 287.5000000000    3.8221557387e-07
 288.0000000000    3.7728133907e-07
 288.5000000000    3.7241568619e-07
 289.0000000000    3.6768931858e-07
 289.5000000000    3.6312390015e-07
 290.0000000000    3.5867071205e-07
 290.5000000000    3.5425208774e-07
 291.0000000000    3.4982394101e-07
 291.5000000000    3.4540252047e-07
 292.0000000000    3.4103852779e-07
 292.5000000000    3.3677121608e-07
 293.0000000000    3.3259971914e-07
 293.5000000000    3.2848249202e-07
 294.0000000000    3.2435887041e-07
 294.5000000000    3.2018295985e-07
 295.0000000000    3.1595021856e-07
 295.5000000000    3.1169393826e-07
 296.0000000000    3.0744979052e-07
 296.5000000000    3.0322356635e-07
 297.0000000000    2.9899373527e-07
 297.5000000000    2.9474066966e-07
 298.0000000000    2.9046632108e-07
 298.5000000000    2.8618370727e-07
 299.0000000000    2.8189340143e-07
 299.5000000000    2.7757723560e-07
 300.0000000000    2.7321475526e-07
 300.5000000000    2.6880024649e-07
 301.0000000000    2.6433784707e-07
 301.5000000000    2.5982126655e-07
 302.0000000000    2.5522244205e-07
 302.5000000000    2.5050058722e-07
 303.0000000000    2.4561556215e-07
 303.5000000000    2.4053319932e-07
 304.0000000000    2.3522641080e-07
 304.5000000000    2.2968676510e-07
 305.0000000000    2.2393816791e-07
 305.5000000000    2.1803153675e-07
 306.0000000000    2.1201793169e-07
 306.5000000000    2.0593050406e-07
 307.0000000000    1.9979559460e-07
 307.5000000000    1.9366147990e-07
 308.0000000000    1.8761164999e-07
 308.5000000000    1.8174541952e-07
 309.0000000000    1.7614371551e-07
 309.5000000000    1.7085032265e-07
 310.0000000000    1.6588212230e-07
 310.5000000000    1.6125450454e-07
 311.0000000000    1.5699580699e-07
 311.5000000000    1.5313334239e-07
 312.0000000000    1.4966708826e-07
 312.5000000000    1.4655693683e-07
 313.0000000000    1.4373891881e-07
 313.5000000000    1.4115827116e-07
 314.0000000000    1.3879318767e-07
 314.5000000000    1.3663730898e-07
 315.0000000000    1.3467070457e-07
 315.5000000000    1.3285438611e-07
 316.0000000000    1.3114629593e-07
 316.5000000000    1.2952382154e-07
 317.0000000000    1.2798714741e-07
 317.5000000000    1.2654361511e-07
 318.0000000000    1.2518411583e-07
 318.5000000000    1.2387660412e-07
 319.0000000000    1.2258753632e-07
 319.5000000000    1.2130959024e-07
 320.0000000000    1.2006255512e-07
 320.5000000000    1.1886568770e-07
 321.0000000000    1.1771349875e-07
 321.5000000000    1.1658156957e-07
 322.0000000000    1.1545242011e-07
 322.5000000000    1.1433234527e-07
 323.0000000000    1.1324296156e-07
 323.5000000000    1.1219794121e-07
 324.0000000000    1.1118798016e-07
 324.5000000000    1.1018750017e-07
 325.0000000000    1.0917675274e-07
 325.5000000000    1.0815977410e-07
 326.0000000000    1.0716186367e-07
 326.5000000000    1.0620627789e-07
 327.0000000000    1.0529212956e-07
 327.5000000000    1.0439479665e-07
 328.0000000000    1.0349035053e-07
 328.5000000000    1.0258030359e-07
 329.0000000000    1.0169154528e-07
 329.5000000000    1.0085087714e-07
 330.0000000000    1.0005888300e-07
 330.5000000000    9.9288286811e-08
 331.0000000000    9.8508222212e-08
 331.5000000000    9.7711535895e-08
 332.0000000000    9.6919692778e-08
 332.5000000000    9.6160883594e-08
 333.0000000000    9.5442235697e-08
 333.5000000000    9.4742006608e-08
 334.0000000000    9.4028345943e-08
 334.5000000000    9.3287179605e-08
 335.0000000000    9.2533783238e-08
 335.5000000000    9.1797497234e-08
 336.0000000000    9.1094011557e-08
 336.5000000000    9.0411312817e-08
 337.0000000000    8.9721586838e-08
 337.5000000000    8.9006670880e-08
 338.0000000000    8.8273556008e-08
 338.5000000000    8.7547185112e-08
 339.0000000000    8.6848065395e-08
 339.5000000000    8.6174561023e-08
 340.0000000000    8.5505069779e-08
 340.5000000000    8.4817761010e-08
 341.0000000000    8.4109936598e-08
 341.5000000000    8.3400158431e-08
 342.0000000000    8.2711035065e-08
 342.5000000000    8.2050461798e-08
 343.0000000000    8.1406744995e-08
 343.5000000000    8.0760672085e-08
 344.0000000000    8.0102378444e-08
 344.5000000000    7.9438794706e-08
 345.0000000000    7.8786876944e-08
 345.5000000000    7.8159407944e-08
 346.0000000000    7.7555026641e-08
 346.5000000000    7.6959975127e-08
 347.0000000000    7.6359699792e-08
 347.5000000000    7.5750769275e-08
 348.0000000000    7.5143389132e-08
 348.5000000000    7.4552705701e-08
 349.0000000000    7.3986488205e-08
 349.5000000000    7.3439492675e-08
 350.0000000000    7.2898621288e-08
 350.5000000000    7.2353858047e-08
 351.0000000000    7.1805982476e-08
 351.5000000000    7.1265492705e-08
 352.0000000000    7.0744151377e-08
 352.5000000000    7.0245773890e-08
 353.0000000000    6.9763064762e-08
 353.5000000000    6.9282843995e-08
 354.0000000000    6.8796015219e-08
 354.5000000000    6.8304755425e-08
 355.0000000000    6.7820896190e-08
 355.5000000000    6.7356199471e-08
 356.0000000000    6.6912141653e-08
 356.5000000000    6.6477853291e-08
 357.0000000000    6.6037620269e-08
 357.5000000000    6.5586818498e-08
 358.0000000000    6.5132445458e-08
 358.5000000000    6.4690549105e-08
 359.0000000000    6.4271697110e-08
 359.5000000000    6.3871521294e-08
 360.0000000000    6.3474069011e-08
 360.5000000000    6.3065469472e-08
 361.0000000000    6.2646111344e-08
 361.5000000000    6.2230585176e-08
 362.0000000000    6.1835226651e-08
 362.5000000000    6.1463883223e-08
 363.0000000000    6.1104278140e-08
 363.5000000000    6.0738358100e-08
 364.0000000000    6.0357877720e-08
 364.5000000000    5.9971701106e-08
 365.0000000000    5.9598419148e-08
 365.5000000000    5.9250361184e-08
 366.0000000000    5.8923101669e-08
 366.5000000000    5.8599390020e-08
 367.0000000000    5.8264134271e-08
 367.5000000000    5.7917423544e-08
 368.0000000000    5.7574428262e-08
 368.5000000000    5.7252365851e-08
 369.0000000000    5.6955743179e-08
 369.5000000000    5.6672474471e-08
 370.0000000000    5.6384125203e-08
 370.5000000000    5.6081503813e-08
 371.0000000000    5.5772333665e-08
 371.5000000000    5.5474534245e-08
 372.0000000000    5.5200891634e-08
 372.5000000000    5.4948171874e-08
 373.0000000000    5.4699869702e-08
 373.5000000000    5.4440168715e-08
 374.0000000000    5.4167226168e-08
 374.5000000000    5.3894568271e-08
 375.0000000000    5.3639541316e-08
 375.5000000000    5.3408656328e-08
 376.0000000000    5.3192132727e-08
 376.5000000000    5.2972119984e-08
 377.0000000000    5.2737641118e-08
 377.5000000000    5.2493742086e-08
 378.0000000000    5.2257208655e-08
 378.5000000000    5.2042437862e-08
 379.0000000000    5.1849252666e-08
 379.5000000000    5.1662855202e-08
 380.0000000000    5.1466042998e-08
 380.5000000000    5.1253537442e-08
 381.0000000000    5.1036392820e-08
 381.5000000000    5.0832664510e-08
 382.0000000000    5.0652033311e-08
 382.5000000000    5.0487375409e-08
 383.0000000000    5.0320491852e-08
 383.5000000000    5.0137326978e-08
 384.0000000000    4.9939898282e-08
 384.5000000000    4.9744707021e-08
 385.0000000000    4.9568785058e-08
 385.5000000000    4.9415159856e-08
 386.0000000000    4.9270077224e-08
 386.5000000000    4.9114477802e-08
 387.0000000000    4.8940167274e-08
 387.5000000000    4.8756907744e-08
 388.0000000000    4.8584261323e-08
 388.5000000000    4.8434975525e-08
 389.0000000000    4.8303979008e-08
 389.5000000000    4.8172502913e-08
 390.0000000000    4.8023979900e-08
 390.5000000000    4.7858227239e-08
 391.0000000000    4.7691807465e-08
 391.5000000000    4.7544120688e-08
 392.0000000000    4.7420881492e-08
 392.5000000000    4.7309043093e-08
 393.0000000000    4.7187714359e-08
 393.5000000000    4.7045888210e-08
 394.0000000000    4.6891793115e-08
 394.5000000000    4.6745869497e-08
 395.0000000000    4.6623380016e-08
 395.5000000000    4.6521392402e-08
 396.0000000000    4.6421169762e-08
 396.5000000000    4.6304061950e-08
 397.0000000000    4.6167523775e-08
 397.5000000000    4.6027485841e-08
 398.0000000000    4.5904787493e-08
 398.5000000000    4.5807216036e-08
 399.0000000000    4.5722637700e-08
 399.5000000000    4.5629161690e-08
 400.0000000000    4.5513643363e-08
 400.5000000000    4.5382846984e-08
 401.0000000000    4.5257754113e-08
 401.5000000000    4.5155880106e-08
 402.0000000000    4.5076448393e-08
 402.5000000000    4.5000979095e-08
 403.0000000000    4.4908955166e-08
 403.5000000000    4.4795293160e-08
 404.0000000000    4.4674808922e-08
 404.5000000000    4.4569622899e-08
 405.0000000000    4.4490188101e-08
 405.5000000000    4.4426151813e-08
 406.0000000000    4.4354960751e-08
 406.5000000000    4.4260941513e-08
 407.0000000000    4.4148620171e-08
 407.5000000000    4.4038927452e-08
 408.0000000000    4.3951476389e-08
 408.5000000000    4.3887904217e-08
 409.0000000000    4.3830417801e-08
 409.5000000000    4.3756853482e-08
 410.0000000000    4.3659563058e-08
 410.5000000000    4.3552084417e-08
 411.0000000000    4.3457781297e-08
 411.5000000000    4.3389956071e-08
 412.0000000000    4.3340344462e-08
 412.5000000000    4.3285926925e-08
 413.0000000000    4.3208408333e-08
 413.5000000000    4.3109824516e-08
 414.0000000000    4.3010902801e-08
 414.5000000000    4.2933418920e-08
 415.0000000000    4.2881516301e-08
 415.5000000000    4.2838020028e-08
 416.0000000000    4.2778992312e-08
 416.5000000000    4.2694128932e-08
 417.0000000000    4.2595645157e-08
 417.5000000000    4.2508083920e-08
 418.0000000000    4.2447543705e-08
 418.5000000000    4.2407863464e-08
 419.0000000000    4.2365678070e-08
 419.5000000000    4.2300249096e-08
 420.0000000000    4.2211155430e-08
 420.5000000000    4.2118739221e-08
 421.0000000000    4.2046815487e-08
 421.5000000000    4.2002544205e-08
 422.0000000000    4.1970108155e-08
 422.5000000000    4.1924031210e-08
 423.0000000000    4.1850889000e-08
 423.5000000000    4.1760829876e-08
 424.0000000000    4.1678869948e-08
 424.5000000000    4.1623446815e-08
 425.0000000000    4.1590662448e-08
 425.5000000000    4.1557598913e-08
 426.0000000000    4.1501833941e-08
 426.5000000000    4.1420648329e-08
 427.0000000000    4.1333595978e-08
 427.5000000000    4.1266029956e-08
 428.0000000000    4.1227431455e-08
 428.5000000000    4.1203095652e-08
 429.0000000000    4.1166468164e-08
 429.5000000000    4.1101688996e-08
 430.0000000000    4.1017098313e-08
 430.5000000000    4.0938176587e-08
 431.0000000000    4.0885920325e-08
 431.5000000000    4.0858993825e-08
 432.0000000000    4.0834812036e-08
 432.5000000000    4.0788717131e-08
 433.0000000000    4.0715030432e-08
 433.5000000000    4.0632023081e-08
 434.0000000000    4.0566423982e-08
 434.5000000000    4.0530572651e-08
 435.0000000000    4.0511739026e-08
 435.5000000000    4.0482832291e-08
 436.0000000000    4.0425440456e-08
 436.5000000000    4.0345580045e-08
 437.0000000000    4.0268693186e-08
 437.5000000000    4.0218065610e-08
 438.0000000000    4.0194972252e-08
 438.5000000000    4.0177492299e-08
 439.0000000000    4.0139112052e-08
 439.5000000000    4.0071341369e-08
 440.0000000000    3.9991061924e-08
 440.5000000000    3.9926255301e-08
 441.0000000000    3.9892154494e-08
 441.5000000000    3.9878125369e-08
 442.0000000000    3.9856585419e-08
 442.5000000000    3.9806475543e-08
 443.0000000000    3.9731263942e-08
 443.5000000000    3.9656061496e-08
 444.0000000000    3.9606269203e-08
 444.5000000000    3.9585933669e-08
 445.0000000000    3.9574237804e-08
 445.5000000000    3.9543168993e-08
 446.0000000000    3.9481401695e-08
 446.5000000000    3.9404048289e-08
 447.0000000000    3.9339865690e-08
 447.5000000000    3.9306743380e-08
 448.0000000000    3.9296366312e-08
 448.5000000000    3.9281199225e-08
 449.0000000000    3.9237894014e-08
 449.5000000000    3.9167237445e-08
 450.0000000000    3.9093608033e-08
 450.5000000000    3.9044302081e-08
 451.0000000000    3.9026236779e-08
 451.5000000000    3.9019916355e-08
 452.0000000000    3.8995934949e-08
 452.5000000000    3.8940035938e-08
 453.0000000000    3.8865338840e-08
 453.5000000000    3.8801216737e-08
 454.0000000000    3.8768263380e-08
 454.5000000000    3.8760691458e-08
 455.0000000000    3.8751204915e-08
 455.5000000000    3.8714238243e-08
 456.0000000000    3.8647795668e-08
 456.5000000000    3.8575253393e-08
 457.0000000000    3.8525508879e-08
 457.5000000000    3.8508331813e-08
 458.0000000000    3.8505950014e-08
 458.5000000000    3.8488112720e-08
 459.0000000000    3.8437848709e-08
 459.5000000000    3.8365986016e-08
 460.0000000000    3.8302021722e-08
 460.5000000000    3.8269035902e-08
 461.0000000000    3.8263977566e-08
 461.5000000000    3.8260170062e-08
 462.0000000000    3.8229989606e-08
 462.5000000000    3.8168430123e-08
 463.0000000000    3.8097448640e-08
 463.5000000000    3.8047325233e-08
 464.0000000000    3.8030864339e-08
 464.5000000000    3.8032407679e-08
 465.0000000000    3.8021081175e-08
 465.5000000000    3.7977080106e-08
 466.0000000000    3.7908609287e-08
 466.5000000000    3.7844982078e-08
 467.0000000000    3.7811676177e-08
 467.5000000000    3.7808557378e-08
 468.0000000000    3.7809891083e-08
 468.5000000000    3.7786208125e-08
 469.0000000000    3.7729444389e-08
 469.5000000000    3.7659885175e-08
 470.0000000000    3.7608935462e-08
 470.5000000000    3.7592355350e-08
 471.0000000000    3.7596781128e-08
 471.5000000000    3.7591054004e-08
 472.0000000000    3.7552755410e-08
 472.5000000000    3.7487363514e-08
 473.0000000000    3.7423668571e-08
 473.5000000000    3.7389289647e-08
 474.0000000000    3.7387096262e-08
 474.5000000000    3.7392666148e-08
 475.0000000000    3.7375023998e-08
 475.5000000000    3.7323029382e-08
 476.0000000000    3.7254940753e-08
 476.5000000000    3.7202888408e-08
 477.0000000000    3.7185555426e-08
 477.5000000000    3.7192158225e-08
 478.0000000000    3.7191620326e-08
 478.5000000000    3.7159020837e-08
 479.0000000000    3.7096863023e-08
 479.5000000000    3.7033043061e-08
 480.0000000000    3.6997141921e-08
 480.5000000000    3.6995206107e-08
 481.0000000000    3.7004518901e-08
 481.5000000000    3.6992880581e-08
 482.0000000000    3.6946036671e-08
 482.5000000000    3.6879886334e-08
 483.0000000000    3.6827008391e-08
 483.5000000000    3.6808900827e-08
 484.0000000000    3.6817610781e-08
 484.5000000000    3.6822417245e-08
 485.0000000000    3.6795969025e-08
 485.5000000000    3.6737634749e-08
 486.0000000000    3.6674103387e-08
 486.5000000000    3.6636704790e-08
 487.0000000000    3.6634717011e-08
 487.5000000000    3.6647408602e-08
 488.0000000000    3.6641630665e-08
 488.5000000000    3.6600052148e-08
 489.0000000000    3.6535997649e-08
 489.5000000000    3.6482152971e-08
 490.0000000000    3.6462733352e-08
 490.5000000000    3.6472805764e-08
 491.0000000000    3.6482422069e-08
 491.5000000000    3.6462073054e-08
 492.0000000000    3.6407856420e-08
 492.5000000000    3.6344866818e-08
 493.0000000000    3.6305845583e-08
 493.5000000000    3.6303241846e-08
 494.0000000000    3.6318556083e-08
 494.5000000000    3.6318087157e-08
 495.0000000000    3.6281628121e-08
 495.5000000000    3.6219713532e-08
 496.0000000000    3.6164723212e-08
 496.5000000000    3.6143311275e-08
 497.0000000000    3.6153673905e-08
 497.5000000000    3.6166984975e-08
 498.0000000000    3.6151916185e-08
 498.5000000000    3.6101329831e-08
 499.0000000000    3.6038414237e-08
 499.5000000000    3.5997026057e-08
 500.0000000000    3.5992949678e-08
 500.5000000000    3.6010400035e-08
 501.0000000000    3.6015386753e-08
 501.5000000000    3.5984591864e-08
 502.0000000000    3.5925248609e-08
 502.5000000000    3.5869033217e-08
 503.0000000000    3.5845121117e-08
 503.5000000000    3.5855314064e-08
 504.0000000000    3.5872504707e-08
 504.5000000000    3.5863703960e-08
 505.0000000000    3.5818119293e-08
 505.5000000000    3.5756374692e-08
 506.0000000000    3.5713007608e-08
 506.5000000000    3.5707065623e-08
 507.0000000000    3.5725799374e-08
 507.5000000000    3.5735403247e-08
 508.0000000000    3.5709740057e-08
 508.5000000000    3.5652607743e-08
 509.0000000000    3.5594571144e-08
 509.5000000000    3.5567027651e-08
 510.0000000000    3.5575528984e-08
 510.5000000000    3.5595041796e-08
 511.0000000000    3.5591225230e-08
 511.5000000000    3.5549670302e-08
 512.0000000000    3.5488223821e-08
 512.5000000000    3.5441867971e-08
 513.0000000000    3.5432948048e-08
 513.5000000000    3.5452047040e-08
 514.0000000000    3.5465871237e-08
 514.5000000000    3.5445538367e-08
 515.0000000000    3.5391206241e-08
 515.5000000000    3.5331988743e-08
 516.0000000000    3.5301195340e-08
 516.5000000000    3.5307970831e-08
 517.0000000000    3.5329487253e-08
 517.5000000000    3.5330358865e-08
 518.0000000000    3.5292796848e-08
 518.5000000000    3.5231812580e-08
 519.0000000000    3.5182489905e-08
 519.5000000000    3.5170125537e-08
 520.0000000000    3.5188653125e-08
 520.5000000000    3.5205742814e-08
 521.0000000000    3.5190290275e-08
 521.5000000000    3.5138926902e-08
 522.0000000000    3.5078943307e-08
 522.5000000000    3.5045059780e-08
 523.0000000000    3.5049825839e-08
 523.5000000000    3.5072888585e-08
 524.0000000000    3.5078304787e-08
 524.5000000000    3.5045175115e-08
 525.0000000000    3.4985498247e-08
 525.5000000000    3.4934014579e-08
 526.0000000000    3.4918639476e-08
 526.5000000000    3.4936653986e-08
 527.0000000000    3.4956960230e-08
 527.5000000000    3.4946524912e-08
 528.0000000000    3.4898518909e-08
 528.5000000000    3.4838177958e-08
 529.0000000000    3.4801338394e-08
 529.5000000000    3.4803879401e-08
 530.0000000000    3.4828115568e-08
 530.5000000000    3.4837796918e-08
 531.0000000000    3.4808981275e-08
 531.5000000000    3.4750469525e-08
 532.0000000000    3.4696354678e-08
 532.5000000000    3.4676988321e-08
 533.0000000000    3.4693085019e-08
 533.5000000000    3.4715061257e-08
 534.0000000000    3.4708223244e-08
 534.5000000000    3.4662245828e-08
 535.0000000000    3.4600374700e-08
 535.5000000000    3.4559247582e-08
 536.0000000000    3.4557818571e-08
 536.5000000000    3.4581408829e-08
 537.0000000000    3.4593841027e-08
 537.5000000000    3.4568544481e-08
 538.0000000000    3.4511131808e-08
 538.5000000000    3.4454724011e-08
 539.0000000000    3.4431739048e-08
 539.5000000000    3.4446216170e-08
 540.0000000000    3.4470303009e-08
 540.5000000000    3.4467963427e-08
 541.0000000000    3.4425720799e-08
 541.5000000000    3.4364180830e-08
 542.0000000000    3.4320449895e-08
 542.5000000000    3.4316431562e-08
 543.0000000000    3.4340073566e-08
 543.5000000000    3.4355599791e-08
 544.0000000000    3.4334024299e-08
 544.5000000000    3.4277921201e-08
 545.0000000000    3.4219290227e-08
 545.5000000000    3.4192292609e-08
 546.0000000000    3.4204095316e-08
 546.5000000000    3.4228723935e-08
 547.0000000000    3.4229225425e-08
 547.5000000000    3.4189266448e-08
 548.0000000000    3.4127176918e-08
 548.5000000000    3.4080376111e-08
 549.0000000000    3.4073421977e-08
 549.5000000000    3.4096989977e-08
 550.0000000000    3.4115796707e-08
 550.5000000000    3.4098725040e-08
 551.0000000000    3.4045391717e-08
 551.5000000000    3.3986444926e-08
 552.0000000000    3.3957357562e-08
 552.5000000000    3.3968117612e-08
 553.0000000000    3.3994680202e-08
 553.5000000000    3.3999439077e-08
 554.0000000000    3.3963231859e-08
 554.5000000000    3.3901620880e-08
 555.0000000000    3.3851622493e-08
 555.5000000000    3.3840215268e-08
 556.0000000000    3.3861412744e-08
 556.5000000000    3.3881343921e-08
 557.0000000000    3.3867100598e-08
 557.5000000000    3.3814314538e-08
 558.0000000000    3.3751092499e-08
 558.5000000000    3.3714180728e-08
 559.0000000000    3.3717365597e-08
 559.5000000000    3.3741524896e-08
 560.0000000000    3.3746168215e-08
 560.5000000000    3.3709907539e-08
 561.0000000000    3.3642708756e-08
 561.5000000000    3.3583392629e-08
 562.0000000000    3.3560785134e-08
 562.5000000000    3.3573638730e-08
 563.0000000000    3.3590398432e-08
 563.5000000000    3.3576054572e-08
 564.0000000000    3.3522191417e-08
 564.5000000000    3.3454448060e-08
 565.0000000000    3.3410824942e-08
 565.5000000000    3.3409206547e-08
 566.0000000000    3.3431945461e-08
 566.5000000000    3.3440924922e-08
 567.0000000000    3.3410310631e-08
 567.5000000000    3.3348800817e-08
 568.0000000000    3.3291992027e-08
 568.5000000000    3.3271910500e-08
 569.0000000000    3.3288824175e-08
 569.5000000000    3.3311189096e-08
 570.0000000000    3.3302629329e-08
 570.5000000000    3.3252867345e-08
 571.0000000000    3.3186724279e-08
 571.5000000000    3.3142557481e-08
 572.0000000000    3.3139465995e-08
 572.5000000000    3.3161085345e-08
 573.0000000000    3.3169334798e-08
 573.5000000000    3.3137425454e-08
 574.0000000000    3.3072747568e-08
 574.5000000000    3.3010489255e-08
 575.0000000000    3.2983817932e-08
 575.5000000000    3.2995469678e-08
 576.0000000000    3.3015407617e-08
 576.5000000000    3.3006544077e-08
 577.0000000000    3.2956520779e-08
 577.5000000000    3.2888301405e-08
 578.0000000000    3.2840485306e-08
 578.5000000000    3.2834227325e-08
 579.0000000000    3.2855125197e-08
 579.5000000000    3.2865563377e-08
 580.0000000000    3.2836885794e-08
 580.5000000000    3.2773846456e-08
 581.0000000000    3.2710470020e-08
 581.5000000000    3.2680927848e-08
 582.0000000000    3.2690248784e-08
 582.5000000000    3.2710318602e-08
 583.0000000000    3.2703487851e-08
 583.5000000000    3.2654967406e-08
 584.0000000000    3.2585324236e-08
 584.5000000000    3.2532905373e-08
 585.0000000000    3.2521108508e-08
 585.5000000000    3.2538423293e-08
 586.0000000000    3.2548267819e-08
 586.5000000000    3.2520228047e-08
 587.0000000000    3.2456128198e-08
 587.5000000000    3.2388221504e-08
 588.0000000000    3.2352054334e-08
 588.5000000000    3.2355851977e-08
 589.0000000000    3.2373586663e-08
 589.5000000000    3.2367212816e-08
 590.0000000000    3.2319177073e-08
 590.5000000000    3.2247430703e-08
 591.0000000000    3.2190102344e-08
 591.5000000000    3.2172917341e-08
 592.0000000000    3.2187209752e-08
 592.5000000000    3.2197291040e-08
 593.0000000000    3.2171061900e-08
 593.5000000000    3.2107306954e-08
 594.0000000000    3.2036806318e-08
 594.5000000000    3.1996066332e-08
 595.0000000000    3.1995964173e-08
 595.5000000000    3.2012614780e-08
 596.0000000000    3.2007674444e-08
 596.5000000000    3.1961201165e-08
 597.0000000000    3.1888759270e-08
 597.5000000000    3.1827832814e-08
 598.0000000000    3.1806107913e-08
 598.5000000000    3.1817529181e-08
 599.0000000000    3.1827573410e-08
 599.5000000000    3.1802778332e-08
 600.0000000000    3.1739335857e-08
 600.5000000000    3.1666308799e-08
 601.0000000000    3.1620755143e-08
 601.5000000000    3.1616046480e-08
 602.0000000000    3.1630374509e-08
 602.5000000000    3.1625682108e-08
 603.0000000000    3.1579825703e-08
 603.5000000000    3.1505757991e-08
 604.0000000000    3.1440339271e-08
 604.5000000000    3.1412842326e-08
 605.0000000000    3.1419971716e-08
 605.5000000000    3.1428723284e-08
 606.0000000000    3.1404615930e-08
 606.5000000000    3.1341160429e-08
 607.0000000000    3.1265383314e-08
 607.5000000000    3.1214702039e-08
 608.0000000000    3.1204941529e-08
 608.5000000000    3.1216836980e-08
 609.0000000000    3.1212534887e-08
 609.5000000000    3.1167952711e-08
 610.0000000000    3.1093335049e-08
 610.5000000000    3.1024461458e-08
 611.0000000000    3.0992049199e-08
 611.5000000000    3.0995511011e-08
 612.0000000000    3.1003482568e-08
 612.5000000000    3.0980646060e-08
 613.0000000000    3.0917899454e-08
 613.5000000000    3.0840095097e-08
 614.0000000000    3.0784760766e-08
 614.5000000000    3.0770017575e-08
 615.0000000000    3.0779121728e-08
 615.5000000000    3.0774816479e-08
 616.0000000000    3.0731194974e-08
 616.5000000000    3.0655824461e-08
 617.0000000000    3.0583237460e-08
 617.5000000000    3.0545389915e-08
 618.0000000000    3.0544357956e-08
 618.5000000000    3.0550606958e-08
 619.0000000000    3.0528272765e-08
 619.5000000000    3.0465815170e-08
 620.0000000000    3.0385839281e-08
 620.5000000000    3.0325723603e-08
 621.0000000000    3.0305655357e-08
 621.5000000000    3.0311407397e-08
 622.0000000000    3.0306551344e-08
 622.5000000000    3.0263622585e-08
 623.0000000000    3.0187573094e-08
 623.5000000000    3.0111484901e-08
 624.0000000000    3.0068254445e-08
 624.5000000000    3.0062493213e-08
 625.0000000000    3.0066648924e-08
 625.5000000000    3.0044612203e-08
 626.0000000000    2.9982587341e-08
 626.5000000000    2.9900838877e-08
 627.0000000000    2.9836316790e-08
 627.5000000000    2.9811062175e-08
 628.0000000000    2.9813412800e-08
 628.5000000000    2.9808036317e-08
 629.0000000000    2.9766157996e-08
 629.5000000000    2.9690126641e-08
 630.0000000000    2.9611345913e-08
 630.5000000000    2.9563388096e-08
 631.0000000000    2.9553302526e-08
 631.5000000000    2.9555639520e-08
 632.0000000000    2.9534253820e-08
 632.5000000000    2.9473203470e-08
 633.0000000000    2.9390324884e-08
 633.5000000000    2.9321918557e-08
 634.0000000000    2.9291693583e-08
 634.5000000000    2.9290538253e-08
 635.0000000000    2.9284377122e-08
 635.5000000000    2.9243342072e-08
 636.0000000000    2.9167282570e-08
 636.5000000000    2.9085824607e-08
 637.0000000000    2.9032984846e-08
 637.5000000000    2.9018094887e-08
 638.0000000000    2.9017890087e-08
 638.5000000000    2.8996468542e-08
 639.0000000000    2.8935995186e-08
 639.5000000000    2.8851891589e-08
 640.0000000000    2.8779571523e-08
 640.5000000000    2.8744131413e-08
 641.0000000000    2.8738936906e-08
 641.5000000000    2.8731375576e-08
 642.0000000000    2.8690786029e-08
 642.5000000000    2.8614643112e-08
 643.0000000000    2.8530635477e-08
 643.5000000000    2.8472926071e-08
 644.0000000000    2.8452951942e-08
 644.5000000000    2.8449717512e-08
 645.0000000000    2.8427823322e-08
 645.5000000000    2.8367749024e-08
 646.0000000000    2.8282484597e-08
 646.5000000000    2.8206341448e-08
 647.0000000000    2.8165580525e-08
 647.5000000000    2.8156003388e-08
 648.0000000000    2.8146629574e-08
 648.5000000000    2.8106243894e-08
 649.0000000000    2.8030069662e-08
 649.5000000000    2.7943776096e-08
 650.0000000000    2.7881459014e-08
 650.5000000000    2.7856482714e-08
 651.0000000000    2.7850123714e-08
 651.5000000000    2.7827672330e-08
 652.0000000000    2.7768147958e-08
 652.5000000000    2.7682190845e-08
 653.0000000000    2.7602868782e-08
 653.5000000000    2.7557349418e-08
 654.0000000000    2.7543710057e-08
 654.5000000000    2.7532686035e-08
 655.0000000000    2.7492776062e-08
 655.5000000000    2.7417166477e-08
 656.0000000000    2.7329461653e-08
 656.5000000000    2.7263408328e-08
 657.0000000000    2.7234031312e-08
 657.5000000000    2.7224869874e-08
 658.0000000000    2.7202158177e-08
 658.5000000000    2.7143731894e-08
 659.0000000000    2.7057914860e-08
 659.5000000000    2.6976295536e-08
 660.0000000000    2.6926661865e-08
 660.5000000000    2.6909284992e-08
 661.0000000000    2.6896796451e-08
 661.5000000000    2.6857673452e-08
 662.0000000000    2.6783183055e-08
 662.5000000000    2.6694757045e-08
 663.0000000000    2.6625571407e-08
 663.5000000000    2.6592166239e-08
 664.0000000000    2.6580385531e-08
 664.5000000000    2.6557589123e-08
 665.0000000000    2.6500601130e-08
 665.5000000000    2.6415461804e-08
 666.0000000000    2.6332144140e-08
 666.5000000000    2.6278849294e-08
 667.0000000000    2.6257919366e-08
 667.5000000000    2.6243936055e-08
 668.0000000000    2.6205539033e-08
 668.5000000000    2.6132229453e-08
 669.0000000000    2.6043245261e-08
 669.5000000000    2.5971005417e-08
 670.0000000000    2.5933368078e-08
 670.5000000000    2.5918440549e-08
 671.0000000000    2.5894861118e-08
 671.5000000000    2.5838667747e-08
 672.0000000000    2.5753755355e-08
 672.5000000000    2.5668391410e-08
 673.0000000000    2.5611039142e-08
 673.5000000000    2.5585983516e-08
 674.0000000000    2.5569771536e-08
 674.5000000000    2.5531359588e-08
 675.0000000000    2.5458673321e-08
 675.5000000000    2.5368828308e-08
 676.0000000000    2.5293415628e-08
 676.5000000000    2.5251359798e-08
 677.0000000000    2.5232856048e-08
 677.5000000000    2.5207884171e-08
 678.0000000000    2.5151971905e-08
 678.5000000000    2.5067077301e-08
 679.0000000000    2.4979779129e-08
 679.5000000000    2.4918463040e-08
 680.0000000000    2.4889114291e-08
 680.5000000000    2.4870376408e-08
 681.0000000000    2.4831954682e-08
 681.5000000000    2.4760516190e-08
 682.0000000000    2.4670967152e-08
 682.5000000000    2.4593597051e-08
 683.0000000000    2.4548190457e-08
 683.5000000000    2.4527230600e-08
 684.0000000000    2.4502446735e-08
 684.5000000000    2.4449002881e-08
 685.0000000000    2.4366632742e-08
 685.5000000000    2.4279727367e-08
 686.0000000000    2.4216397449e-08
 686.5000000000    2.4184670072e-08
 687.0000000000    2.4165033760e-08
 687.5000000000    2.4128104604e-08
 688.0000000000    2.4059050645e-08
 688.5000000000    2.3970159060e-08
 689.0000000000    2.3890861689e-08
 689.5000000000    2.3841637480e-08
 690.0000000000    2.3817103444e-08
 690.5000000000    2.3790730593e-08
 691.0000000000    2.3737400628e-08
 691.5000000000    2.3655108456e-08
 692.0000000000    2.3566329060e-08
 692.5000000000    2.3498848023e-08
 693.0000000000    2.3461972721e-08
 693.5000000000    2.3438715070e-08
 694.0000000000    2.3400499095e-08
 694.5000000000    2.3331689297e-08
 695.0000000000    2.3242909616e-08
 695.5000000000    2.3161867265e-08
 696.0000000000    2.3109515674e-08
 696.5000000000    2.3082272538e-08
 697.0000000000    2.3055064397e-08
 697.5000000000    2.3003144728e-08
 698.0000000000    2.2923119255e-08
 698.5000000000    2.2835764116e-08
 699.0000000000    2.2768020193e-08
 699.5000000000    2.2730028651e-08
 700.0000000000    2.2706324519e-08
