#          time               M_ADM
   0.0000000000    9.6686011676e-02
   0.5000000000    9.6672562562e-02
   1.0000000000    9.6639535355e-02
   1.5000000000    9.6595692918e-02
   2.0000000000    9.6548720576e-02
   2.5000000000    9.6502814400e-02
   3.0000000000    9.6459175490e-02
   3.5000000000    9.6417396267e-02
   4.0000000000    9.6376552964e-02
   4.5000000000    9.6335777923e-02
   5.0000000000    9.6294460732e-02
   5.5000000000    9.6252257175e-02
   6.0000000000    9.6209023832e-02
   6.5000000000    9.6164740378e-02
   7.0000000000    9.6119447992e-02
   7.5000000000    9.6073213264e-02
   8.0000000000    9.6026114459e-02
   8.5000000000    9.5978239091e-02
   9.0000000000    9.5929681283e-02
   9.5000000000    9.5880533771e-02
  10.0000000000    9.5830878154e-02
  10.5000000000    9.5780780833e-02
  11.0000000000    9.5730298556e-02
  11.5000000000    9.5679487524e-02
  12.0000000000    9.5628411246e-02
  12.5000000000    9.5577139566e-02
  13.0000000000    9.5525738928e-02
  13.5000000000    9.5474257693e-02
  14.0000000000    9.5422730108e-02
  14.5000000000    9.5371186170e-02
  15.0000000000    9.5319661790e-02
  15.5000000000    9.5268203466e-02
  16.0000000000    9.5216862802e-02
  16.5000000000    9.5165685872e-02
  17.0000000000    9.5114702318e-02
  17.5000000000    9.5063926354e-02
  18.0000000000    9.5013363162e-02
  18.5000000000    9.4963041043e-02
  19.0000000000    9.4912997530e-02
  19.5000000000    9.4863269637e-02
  20.0000000000    9.4813888952e-02
  20.5000000000    9.4764855853e-02
  21.0000000000    9.4716198975e-02
  21.5000000000    9.4667909937e-02
  22.0000000000    9.4620005464e-02
  22.5000000000    9.4572521601e-02
  23.0000000000    9.4525491431e-02
  23.5000000000    9.4478924741e-02
  24.0000000000    9.4432829525e-02
  24.5000000000    9.4387202544e-02
  25.0000000000    9.4342043298e-02
  25.5000000000    9.4297360588e-02
  26.0000000000    9.4253172173e-02
  26.5000000000    9.4209507139e-02
  27.0000000000    9.4166380948e-02
  27.5000000000    9.4123794003e-02
  28.0000000000    9.4081738442e-02
  28.5000000000    9.4040207669e-02
  29.0000000000    9.3999206026e-02
  29.5000000000    9.3958749165e-02
  30.0000000000    9.3918855947e-02
  30.5000000000    9.3879537659e-02
  31.0000000000    9.3840797164e-02
  31.5000000000    9.3802630748e-02
  32.0000000000    9.3765026320e-02
  32.5000000000    9.3727971245e-02
  33.0000000000    9.3691475495e-02
  33.5000000000    9.3655560128e-02
  34.0000000000    9.3620233361e-02
  34.5000000000    9.3585482046e-02
  35.0000000000    9.3551296159e-02
  35.5000000000    9.3517668536e-02
  36.0000000000    9.3484591580e-02
  36.5000000000    9.3452077556e-02
  37.0000000000    9.3420138289e-02
  37.5000000000    9.3388778506e-02
  38.0000000000    9.3357990810e-02
  38.5000000000    9.3327758890e-02
  39.0000000000    9.3298068120e-02
  39.5000000000    9.3268913865e-02
  40.0000000000    9.3240302179e-02
  40.5000000000    9.3212243046e-02
  41.0000000000    9.3184740164e-02
  41.5000000000    9.3157784826e-02
  42.0000000000    9.3131360215e-02
  42.5000000000    9.3105451371e-02
  43.0000000000    9.3080051809e-02
  43.5000000000    9.3055164983e-02
  44.0000000000    9.3030800610e-02
  44.5000000000    9.3006961455e-02
  45.0000000000    9.2983635997e-02
  45.5000000000    9.2960804959e-02
  46.0000000000    9.2938453098e-02
  46.5000000000    9.2916575101e-02
  47.0000000000    9.2895171873e-02
  47.5000000000    9.2874246246e-02
  48.0000000000    9.2853800536e-02
  48.5000000000    9.2833830458e-02
  49.0000000000    9.2814321142e-02
  49.5000000000    9.2795252065e-02
  50.0000000000    9.2776608750e-02
  50.5000000000    9.2758388150e-02
  51.0000000000    9.2740592076e-02
  51.5000000000    9.2723215285e-02
  52.0000000000    9.2706233889e-02
  52.5000000000    9.2689608756e-02
  53.0000000000    9.2673279102e-02
  53.5000000000    9.2657168642e-02
  54.0000000000    9.2641175743e-02
  54.5000000000    9.2625162394e-02
  55.0000000000    9.2608943463e-02
  55.5000000000    9.2592293635e-02
  56.0000000000    9.2574989742e-02
  56.5000000000    9.2556891099e-02
  57.0000000000    9.2538042110e-02
  57.5000000000    9.2518752185e-02
  58.0000000000    9.2499593746e-02
  58.5000000000    9.2481278403e-02
  59.0000000000    9.2464443838e-02
  59.5000000000    9.2449459039e-02
  60.0000000000    9.2436351023e-02
  60.5000000000    9.2424871478e-02
  61.0000000000    9.2414635883e-02
  61.5000000000    9.2405248233e-02
  62.0000000000    9.2396369910e-02
  62.5000000000    9.2387742526e-02
  63.0000000000    9.2379201982e-02
  63.5000000000    9.2370691370e-02
  64.0000000000    9.2362239908e-02
  64.5000000000    9.2353903277e-02
  65.0000000000    9.2345718307e-02
  65.5000000000    9.2337707730e-02
  66.0000000000    9.2329895248e-02
  66.5000000000    9.2322295311e-02
  67.0000000000    9.2314906571e-02
  67.5000000000    9.2307723289e-02
  68.0000000000    9.2300749485e-02
  68.5000000000    9.2293993389e-02
  69.0000000000    9.2287463240e-02
  69.5000000000    9.2281162648e-02
  70.0000000000    9.2275087830e-02
  70.5000000000    9.2269229700e-02
  71.0000000000    9.2263573766e-02
  71.5000000000    9.2258112799e-02
  72.0000000000    9.2252851503e-02
  72.5000000000    9.2247796748e-02
  73.0000000000    9.2242953359e-02
  73.5000000000    9.2238317522e-02
  74.0000000000    9.2233878869e-02
  74.5000000000    9.2229625366e-02
  75.0000000000    9.2225551089e-02
  75.5000000000    9.2221656930e-02
  76.0000000000    9.2217946506e-02
  76.5000000000    9.2214420873e-02
  77.0000000000    9.2211076386e-02
  77.5000000000    9.2207908122e-02
  78.0000000000    9.2204912112e-02
  78.5000000000    9.2202084179e-02
  79.0000000000    9.2199419005e-02
  79.5000000000    9.2196912140e-02
  80.0000000000    9.2194565439e-02
  80.5000000000    9.2192386540e-02
  81.0000000000    9.2190381990e-02
  81.5000000000    9.2188550477e-02
  82.0000000000    9.2186877358e-02
  82.5000000000    9.2185338259e-02
  83.0000000000    9.2183917746e-02
  83.5000000000    9.2182625192e-02
  84.0000000000    9.2181485278e-02
  84.5000000000    9.2180510161e-02
  85.0000000000    9.2179690997e-02
  85.5000000000    9.2179011116e-02
  86.0000000000    9.2178462092e-02
  86.5000000000    9.2178045266e-02
  87.0000000000    9.2177765486e-02
  87.5000000000    9.2177625711e-02
  88.0000000000    9.2177622514e-02
  88.5000000000    9.2177747377e-02
  89.0000000000    9.2177991428e-02
  89.5000000000    9.2178352394e-02
  90.0000000000    9.2178834244e-02
  90.5000000000    9.2179443998e-02
  91.0000000000    9.2180185263e-02
  91.5000000000    9.2181054746e-02
  92.0000000000    9.2182044151e-02
  92.5000000000    9.2183144966e-02
  93.0000000000    9.2184353196e-02
  93.5000000000    9.2185671355e-02
  94.0000000000    9.2187106681e-02
  94.5000000000    9.2188663875e-02
  95.0000000000    9.2190341164e-02
  95.5000000000    9.2192131187e-02
  96.0000000000    9.2194024648e-02
  96.5000000000    9.2196016076e-02
  97.0000000000    9.2198107723e-02
  97.5000000000    9.2200306322e-02
  98.0000000000    9.2202616528e-02
  98.5000000000    9.2205038499e-02
  99.0000000000    9.2207566883e-02
  99.5000000000    9.2210193438e-02
 100.0000000000    9.2212913275e-02
 100.5000000000    9.2215727204e-02
 101.0000000000    9.2218638326e-02
 101.5000000000    9.2221647328e-02
 102.0000000000    9.2224752951e-02
 102.5000000000    9.2227954481e-02
 103.0000000000    9.2231249855e-02
 103.5000000000    9.2234633658e-02
 104.0000000000    9.2238101980e-02
 104.5000000000    9.2241657684e-02
 105.0000000000    9.2245307888e-02
 105.5000000000    9.2249055519e-02
 106.0000000000    9.2252895550e-02
 106.5000000000    9.2256819145e-02
 107.0000000000    9.2260819055e-02
 107.5000000000    9.2264894101e-02
 108.0000000000    9.2269049872e-02
 108.5000000000    9.2273293280e-02
 109.0000000000    9.2277627367e-02
 109.5000000000    9.2282049489e-02
 110.0000000000    9.2286553501e-02
 110.5000000000    9.2291133487e-02
 111.0000000000    9.2295787576e-02
 111.5000000000    9.2300519656e-02
 112.0000000000    9.2305336174e-02
 112.5000000000    9.2310240854e-02
 113.0000000000    9.2315231470e-02
 113.5000000000    9.2320300757e-02
 114.0000000000    9.2325440512e-02
 114.5000000000    9.2330646218e-02
 115.0000000000    9.2335918907e-02
 115.5000000000    9.2341263827e-02
 116.0000000000    9.2346685325e-02
 116.5000000000    9.2352182647e-02
 117.0000000000    9.2357750071e-02
 117.5000000000    9.2363381330e-02
 118.0000000000    9.2369074380e-02
 118.5000000000    9.2374832934e-02
 119.0000000000    9.2380664223e-02
 119.5000000000    9.2386572891e-02
 120.0000000000    9.2392556339e-02
 120.5000000000    9.2398604852e-02
 121.0000000000    9.2404707950e-02
 121.5000000000    9.2410860615e-02
 122.0000000000    9.2417065971e-02
 122.5000000000    9.2423332406e-02
 123.0000000000    9.2429667652e-02
 123.5000000000    9.2436074256e-02
 124.0000000000    9.2442548346e-02
 124.5000000000    9.2449081673e-02
 125.0000000000    9.2455667388e-02
 125.5000000000    9.2462306080e-02
 126.0000000000    9.2469004599e-02
 126.5000000000    9.2475768204e-02
 127.0000000000    9.2482597556e-02
 127.5000000000    9.2489491317e-02
 128.0000000000    9.2496446560e-02
 128.5000000000    9.2503457566e-02
 129.0000000000    9.2510520112e-02
 129.5000000000    9.2517637481e-02
 130.0000000000    9.2524817311e-02
 130.5000000000    9.2532063369e-02
 131.0000000000    9.2539374208e-02
 131.5000000000    9.2546745959e-02
 132.0000000000    9.2554172513e-02
 132.5000000000    9.2561648926e-02
 133.0000000000    9.2569178110e-02
 133.5000000000    9.2576769038e-02
 134.0000000000    9.2584426361e-02
 134.5000000000    9.2592146625e-02
 135.0000000000    9.2599923532e-02
 135.5000000000    9.2607752368e-02
 136.0000000000    9.2615630140e-02
 136.5000000000    9.2623557986e-02
 137.0000000000    9.2631542123e-02
 137.5000000000    9.2639587834e-02
 138.0000000000    9.2647695287e-02
 138.5000000000    9.2655860254e-02
 139.0000000000    9.2664078865e-02
 139.5000000000    9.2672349161e-02
 140.0000000000    9.2680673002e-02
 140.5000000000    9.2689055502e-02
 141.0000000000    9.2697500887e-02
 141.5000000000    9.2706010783e-02
 142.0000000000    9.2714584767e-02
 142.5000000000    9.2723220995e-02
 143.0000000000    9.2731916536e-02
 143.5000000000    9.2740670260e-02
 144.0000000000    9.2749484627e-02
 144.5000000000    9.2758364019e-02
 145.0000000000    9.2767312140e-02
 145.5000000000    9.2776329716e-02
 146.0000000000    9.2785414201e-02
 146.5000000000    9.2794561742e-02
 147.0000000000    9.2803769592e-02
 147.5000000000    9.2813037943e-02
 148.0000000000    9.2822370692e-02
 148.5000000000    9.2831773130e-02
 149.0000000000    9.2841246609e-02
 149.5000000000    9.2850786946e-02
 150.0000000000    9.2860388192e-02
 150.5000000000    9.2870046806e-02
 151.0000000000    9.2879762898e-02
 151.5000000000    9.2889540649e-02
 152.0000000000    9.2899385899e-02
 152.5000000000    9.2909301118e-02
 153.0000000000    9.2919282729e-02
 153.5000000000    9.2929324472e-02
 154.0000000000    9.2939422272e-02
 154.5000000000    9.2949577142e-02
 155.0000000000    9.2959794385e-02
 155.5000000000    9.2970079951e-02
 156.0000000000    9.2980436310e-02
 156.5000000000    9.2990860142e-02
 157.0000000000    9.3001345603e-02
 157.5000000000    9.3011890539e-02
 158.0000000000    9.3022499773e-02
 158.5000000000    9.3033182496e-02
 159.0000000000    9.3043946162e-02
 159.5000000000    9.3054790392e-02
 160.0000000000    9.3065705805e-02
 160.5000000000    9.3076681878e-02
 161.0000000000    9.3087716342e-02
 161.5000000000    9.3098817330e-02
 162.0000000000    9.3109996657e-02
 162.5000000000    9.3121261652e-02
 163.0000000000    9.3132611503e-02
 163.5000000000    9.3144039990e-02
 164.0000000000    9.3155541148e-02
 164.5000000000    9.3167113113e-02
 165.0000000000    9.3178758203e-02
 165.5000000000    9.3190480253e-02
 166.0000000000    9.3202282277e-02
 166.5000000000    9.3214165333e-02
 167.0000000000    9.3226128551e-02
 167.5000000000    9.3238170343e-02
 168.0000000000    9.3250289577e-02
 168.5000000000    9.3262485883e-02
 169.0000000000    9.3274759409e-02
 169.5000000000    9.3287110492e-02
 170.0000000000    9.3299539552e-02
 170.5000000000    9.3312047036e-02
 171.0000000000    9.3324632857e-02
 171.5000000000    9.3337296038e-02
 172.0000000000    9.3350034662e-02
 172.5000000000    9.3362846700e-02
 173.0000000000    9.3375731424e-02
 173.5000000000    9.3388690196e-02
 174.0000000000    9.3401725490e-02
 174.5000000000    9.3414839446e-02
 175.0000000000    9.3428032407e-02
 175.5000000000    9.3441302424e-02
 176.0000000000    9.3454647095e-02
 176.5000000000    9.3468066523e-02
 177.0000000000    9.3481564332e-02
 177.5000000000    9.3495146012e-02
 178.0000000000    9.3508815919e-02
 178.5000000000    9.3522574929e-02
 179.0000000000    9.3536420351e-02
 179.5000000000    9.3550348702e-02
 180.0000000000    9.3564359481e-02
 180.5000000000    9.3578456643e-02
 181.0000000000    9.3592646409e-02
 181.5000000000    9.3606932758e-02
 182.0000000000    9.3621314405e-02
 182.5000000000    9.3635785474e-02
 183.0000000000    9.3650339691e-02
 183.5000000000    9.3664975001e-02
 184.0000000000    9.3679695103e-02
 184.5000000000    9.3694506838e-02
 185.0000000000    9.3709415549e-02
 185.5000000000    9.3724422307e-02
 186.0000000000    9.3739525050e-02
 186.5000000000    9.3754723481e-02
 187.0000000000    9.3770023262e-02
 187.5000000000    9.3785435620e-02
 188.0000000000    9.3800972798e-02
 188.5000000000    9.3816642958e-02
 189.0000000000    9.3832447276e-02
 189.5000000000    9.3848380767e-02
 190.0000000000    9.3864436807e-02
 190.5000000000    9.3880611873e-02
 191.0000000000    9.3896906936e-02
 191.5000000000    9.3913325027e-02
 192.0000000000    9.3929867354e-02
 192.5000000000    9.3946531104e-02
 193.0000000000    9.3963311191e-02
 193.5000000000    9.3980204727e-02
 194.0000000000    9.3997213641e-02
 194.5000000000    9.4014343367e-02
 195.0000000000    9.4031600033e-02
 195.5000000000    9.4048987650e-02
 196.0000000000    9.4066506216e-02
 196.5000000000    9.4084152773e-02
 197.0000000000    9.4101925684e-02
 197.5000000000    9.4119827547e-02
 198.0000000000    9.4137863777e-02
 198.5000000000    9.4156039447e-02
 199.0000000000    9.4174357655e-02
 199.5000000000    9.4192819318e-02
 200.0000000000    9.4211423562e-02
 200.5000000000    9.4230170056e-02
 201.0000000000    9.4249061346e-02
 201.5000000000    9.4268102271e-02
 202.0000000000    9.4287297184e-02
 202.5000000000    9.4306648188e-02
 203.0000000000    9.4326155379e-02
 203.5000000000    9.4345817695e-02
 204.0000000000    9.4365634216e-02
 204.5000000000    9.4385605542e-02
 205.0000000000    9.4405733938e-02
 205.5000000000    9.4426022385e-02
 206.0000000000    9.4446474011e-02
 206.5000000000    9.4467092495e-02
 207.0000000000    9.4487882249e-02
 207.5000000000    9.4508847872e-02
 208.0000000000    9.4529993466e-02
 208.5000000000    9.4551321814e-02
 209.0000000000    9.4572833805e-02
 209.5000000000    9.4594529461e-02
 210.0000000000    9.4616410037e-02
 210.5000000000    9.4638479074e-02
 211.0000000000    9.4660741140e-02
 211.5000000000    9.4683199787e-02
 212.0000000000    9.4705856525e-02
 212.5000000000    9.4728711144e-02
 213.0000000000    9.4751763542e-02
 213.5000000000    9.4775015923e-02
 214.0000000000    9.4798473592e-02
 214.5000000000    9.4822143202e-02
 215.0000000000    9.4846029404e-02
 215.5000000000    9.4870132991e-02
 216.0000000000    9.4894452375e-02
 216.5000000000    9.4918986475e-02
 217.0000000000    9.4943736925e-02
 217.5000000000    9.4968708363e-02
 218.0000000000    9.4993906217e-02
 218.5000000000    9.5019333368e-02
 219.0000000000    9.5044989188e-02
 219.5000000000    9.5070872473e-02
 220.0000000000    9.5096985683e-02
 220.5000000000    9.5123336980e-02
 221.0000000000    9.5149938354e-02
 221.5000000000    9.5176800414e-02
 222.0000000000    9.5203926361e-02
 222.5000000000    9.5231310178e-02
 223.0000000000    9.5258941286e-02
 223.5000000000    9.5286812529e-02
 224.0000000000    9.5314926339e-02
 224.5000000000    9.5343295147e-02
 225.0000000000    9.5371936070e-02
 225.5000000000    9.5400862419e-02
 226.0000000000    9.5430077934e-02
 226.5000000000    9.5459578148e-02
 227.0000000000    9.5489357297e-02
 227.5000000000    9.5519415436e-02
 228.0000000000    9.5549760937e-02
 228.5000000000    9.5580407083e-02
 229.0000000000    9.5611365031e-02
 229.5000000000    9.5642638170e-02
 230.0000000000    9.5674222321e-02
 230.5000000000    9.5706111405e-02
 231.0000000000    9.5738304421e-02
 231.5000000000    9.5770809027e-02
 232.0000000000    9.5803639829e-02
 232.5000000000    9.5836813099e-02
 233.0000000000    9.5870341909e-02
 233.5000000000    9.5904234712e-02
 234.0000000000    9.5938497363e-02
 234.5000000000    9.5973135731e-02
 235.0000000000    9.6008155924e-02
 235.5000000000    9.6043561812e-02
 236.0000000000    9.6079352404e-02
 236.5000000000    9.6115522100e-02
 237.0000000000    9.6152064673e-02
 237.5000000000    9.6188978726e-02
 238.0000000000    9.6226270967e-02
 238.5000000000    9.6263954950e-02
 239.0000000000    9.6302046177e-02
 239.5000000000    9.6340557563e-02
 240.0000000000    9.6379498877e-02
 240.5000000000    9.6418880387e-02
 241.0000000000    9.6458717028e-02
 241.5000000000    9.6499028445e-02
 242.0000000000    9.6539833102e-02
 242.5000000000    9.6581139344e-02
 243.0000000000    9.6622939882e-02
 243.5000000000    9.6665215254e-02
 244.0000000000    9.6707946182e-02
 244.5000000000    9.6751128093e-02
 245.0000000000    9.6794778690e-02
 245.5000000000    9.6838933256e-02
 246.0000000000    9.6883629656e-02
 246.5000000000    9.6928891731e-02
 247.0000000000    9.6974721227e-02
 247.5000000000    9.7021103000e-02
 248.0000000000    9.7068020133e-02
 248.5000000000    9.7115469267e-02
 249.0000000000    9.7163466832e-02
 249.5000000000    9.7212042529e-02
 250.0000000000    9.7261225010e-02
 250.5000000000    9.7311029772e-02
 251.0000000000    9.7361457076e-02
 251.5000000000    9.7412500073e-02
 252.0000000000    9.7464156722e-02
 252.5000000000    9.7516437235e-02
 253.0000000000    9.7569362452e-02
 253.5000000000    9.7622955262e-02
 254.0000000000    9.7677231988e-02
 254.5000000000    9.7732199849e-02
 255.0000000000    9.7787861450e-02
 255.5000000000    9.7844222547e-02
 256.0000000000    9.7901297366e-02
 256.5000000000    9.7959107726e-02
 257.0000000000    9.8017677133e-02
 257.5000000000    9.8077024710e-02
 258.0000000000    9.8137162703e-02
 258.5000000000    9.8198097692e-02
 259.0000000000    9.8259833936e-02
 259.5000000000    9.8322376820e-02
 260.0000000000    9.8385735021e-02
 260.5000000000    9.8449921130e-02
 261.0000000000    9.8514951668e-02
 261.5000000000    9.8580847143e-02
 262.0000000000    9.8647631752e-02
 262.5000000000    9.8715331803e-02
 263.0000000000    9.8783972740e-02
 263.5000000000    9.8853575898e-02
 264.0000000000    9.8924156279e-02
 264.5000000000    9.8995722465e-02
 265.0000000000    9.9068279446e-02
 265.5000000000    9.9141833767e-02
 266.0000000000    9.9216398250e-02
 266.5000000000    9.9291993548e-02
 267.0000000000    9.9368646227e-02
 267.5000000000    9.9446384725e-02
 268.0000000000    9.9525235041e-02
 268.5000000000    9.9605217858e-02
 269.0000000000    9.9686347971e-02
 269.5000000000    9.9768635755e-02
 270.0000000000    9.9852089661e-02
 270.5000000000    9.9936719329e-02
 271.0000000000    1.0002253914e-01
 271.5000000000    1.0010957127e-01
 272.0000000000    1.0019784643e-01
 272.5000000000    1.0028740021e-01
 273.0000000000    1.0037826463e-01
 273.5000000000    1.0047045744e-01
 274.0000000000    1.0056397472e-01
 274.5000000000    1.0065879282e-01
 275.0000000000    1.0075488155e-01
 275.5000000000    1.0085222434e-01
 276.0000000000    1.0095083444e-01
 276.5000000000    1.0105075622e-01
 277.0000000000    1.0115204791e-01
 277.5000000000    1.0125475263e-01
 278.0000000000    1.0135887340e-01
 278.5000000000    1.0146436704e-01
 279.0000000000    1.0157116263e-01
 279.5000000000    1.0167919423e-01
 280.0000000000    1.0178842722e-01
 280.5000000000    1.0189886076e-01
 281.0000000000    1.0201050441e-01
 281.5000000000    1.0212334385e-01
 282.0000000000    1.0223731863e-01
 282.5000000000    1.0235232571e-01
 283.0000000000    1.0246824357e-01
 283.5000000000    1.0258495629e-01
 284.0000000000    1.0270235803e-01
 284.5000000000    1.0282033436e-01
 285.0000000000    1.0293873501e-01
 285.5000000000    1.0305735741e-01
 286.0000000000    1.0317594942e-01
 286.5000000000    1.0329422281e-01
 287.0000000000    1.0341186070e-01
 287.5000000000    1.0352850849e-01
 288.0000000000    1.0364375250e-01
 288.5000000000    1.0375709917e-01
 289.0000000000    1.0386796342e-01
 289.5000000000    1.0397566360e-01
 290.0000000000    1.0407941388e-01
 290.5000000000    1.0417830671e-01
 291.0000000000    1.0427128735e-01
 291.5000000000    1.0435712643e-01
 292.0000000000    1.0443439423e-01
 292.5000000000    1.0450143330e-01
 293.0000000000    1.0455632355e-01
 293.5000000000    1.0459683746e-01
 294.0000000000    1.0462038819e-01
 294.5000000000    1.0462397520e-01
 295.0000000000    1.0460412828e-01
 295.5000000000    1.0455684655e-01
 296.0000000000    1.0447752831e-01
 296.5000000000    1.0436089144e-01
 297.0000000000    1.0420088874e-01
 297.5000000000    1.0399062487e-01
 298.0000000000    1.0372227924e-01
 298.5000000000    1.0338703915e-01
 299.0000000000    1.0297505088e-01
 299.5000000000    1.0247539998e-01
 300.0000000000    1.0187613523e-01
 300.5000000000    1.0116435127e-01
 301.0000000000    1.0032634470e-01
 301.5000000000    9.9347859356e-02
 302.0000000000    9.8214436357e-02
 302.5000000000    9.6911879340e-02
 303.0000000000    9.5426830151e-02
 303.5000000000    9.3747429493e-02
 304.0000000000    9.1864013817e-02
 304.5000000000    8.9769780821e-02
 305.0000000000    8.7461345644e-02
 305.5000000000    8.4939112746e-02
 306.0000000000    8.2207407470e-02
 306.5000000000    7.9274348356e-02
 307.0000000000    7.6151490751e-02
 307.5000000000    7.2853324027e-02
 308.0000000000    6.9396746567e-02
 308.5000000000    6.5800661224e-02
 309.0000000000    6.2085820309e-02
 309.5000000000    5.8274998441e-02
 310.0000000000    5.4393483833e-02
 310.5000000000    5.0469762231e-02
 311.0000000000    4.6536145311e-02
 311.5000000000    4.2629002467e-02
 312.0000000000    3.8788242565e-02
 312.5000000000    3.5055804602e-02
 313.0000000000    3.1473165019e-02
 313.5000000000    2.8078195580e-02
 314.0000000000    2.4901993494e-02
 314.5000000000    2.1966417005e-02
 315.0000000000    1.9282919620e-02
 315.5000000000    1.6852919872e-02
 316.0000000000    1.4669514094e-02
 316.5000000000    1.2720002746e-02
 317.0000000000    1.0988555301e-02
 317.5000000000    9.4583982863e-03
 318.0000000000    8.1131544089e-03
 318.5000000000    6.9373094441e-03
 319.0000000000    5.9160789741e-03
 319.5000000000    5.0350567445e-03
 320.0000000000    4.2799546339e-03
 320.5000000000    3.6365854153e-03
 321.0000000000    3.0910816978e-03
 321.5000000000    2.6302406165e-03
 322.0000000000    2.2418579974e-03
 322.5000000000    1.9149571987e-03
 323.0000000000    1.6398845460e-03
 323.5000000000    1.4082935204e-03
 324.0000000000    1.2130582722e-03
 324.5000000000    1.0481524435e-03
 325.0000000000    9.0851691340e-04
 325.5000000000    7.8992939035e-04
 326.0000000000    6.8888220848e-04
 326.5000000000    6.0247139398e-04
 327.0000000000    5.2829848577e-04
 327.5000000000    4.6438549312e-04
 328.0000000000    4.0910239386e-04
 328.5000000000    3.6110588801e-04
 329.0000000000    3.1928791213e-04
 329.5000000000    2.8273260127e-04
 330.0000000000    2.5068067145e-04
 330.5000000000    2.2250033048e-04
 331.0000000000    1.9766375797e-04
 331.5000000000    1.7572810119e-04
 332.0000000000    1.5631999505e-04
 332.5000000000    1.3912287409e-04
 333.0000000000    1.2386662867e-04
 333.5000000000    1.1031932667e-04
 334.0000000000    9.8280704945e-05
 334.5000000000    8.7577040402e-05
 335.0000000000    7.8056991013e-05
 335.5000000000    6.9588102989e-05
 336.0000000000    6.2053860283e-05
 336.5000000000    5.5351272053e-05
 337.0000000000    4.9388995821e-05
 337.5000000000    4.4085900198e-05
 338.0000000000    3.9369898320e-05
 338.5000000000    3.5176896657e-05
 339.0000000000    3.1449801853e-05
 339.5000000000    2.8137628210e-05
 340.0000000000    2.5194776486e-05
 340.5000000000    2.2580498493e-05
 341.0000000000    2.0258481883e-05
 341.5000000000    1.8196454245e-05
 342.0000000000    1.6365747454e-05
 342.5000000000    1.4740844600e-05
 343.0000000000    1.3298978774e-05
 343.5000000000    1.2019836564e-05
 344.0000000000    1.0885355983e-05
 344.5000000000    9.8795529995e-06
 345.0000000000    8.9883126346e-06
 345.5000000000    8.1991324220e-06
 346.0000000000    7.5008649573e-06
 346.5000000000    6.8835206956e-06
 347.0000000000    6.3381554992e-06
 347.5000000000    5.8568088343e-06
 348.0000000000    5.4324317966e-06
 348.5000000000    5.0587665655e-06
 349.0000000000    4.7301927876e-06
 349.5000000000    4.4415961500e-06
 350.0000000000    4.1883057362e-06
 350.5000000000    3.9660971131e-06
 351.0000000000    3.7712119780e-06
 351.5000000000    3.6003318168e-06
 352.0000000000    3.4504986701e-06
 352.5000000000    3.3190174527e-06
 353.0000000000    3.2034031196e-06
 353.5000000000    3.1013957902e-06
 354.0000000000    3.0110118524e-06
 354.5000000000    2.9305665494e-06
 355.0000000000    2.8586308133e-06
 355.5000000000    2.7939444124e-06
 356.0000000000    2.7353472602e-06
 356.5000000000    2.6817749851e-06
 357.0000000000    2.6323080936e-06
 357.5000000000    2.5862169312e-06
 358.0000000000    2.5429494387e-06
 358.5000000000    2.5020608931e-06
 359.0000000000    2.4631369354e-06
 359.5000000000    2.4257669788e-06
 360.0000000000    2.3895807853e-06
 360.5000000000    2.3543060864e-06
 361.0000000000    2.3197883688e-06
 361.5000000000    2.2859492757e-06
 362.0000000000    2.2527151770e-06
 362.5000000000    2.2199732776e-06
 363.0000000000    2.1875879471e-06
 363.5000000000    2.1554577217e-06
 364.0000000000    2.1235590919e-06
 364.5000000000    2.0919366664e-06
 365.0000000000    2.0606472309e-06
 365.5000000000    2.0297050895e-06
 366.0000000000    1.9990737041e-06
 366.5000000000    1.9687079478e-06
 367.0000000000    1.9386077810e-06
 367.5000000000    1.9088357048e-06
 368.0000000000    1.8794827806e-06
 368.5000000000    1.8506127388e-06
 369.0000000000    1.8222313498e-06
 369.5000000000    1.7943052517e-06
 370.0000000000    1.7668116300e-06
 370.5000000000    1.7397747520e-06
 371.0000000000    1.7132581226e-06
 371.5000000000    1.6873195139e-06
 372.0000000000    1.6619698350e-06
 372.5000000000    1.6371661320e-06
 373.0000000000    1.6128490764e-06
 373.5000000000    1.5889881652e-06
 374.0000000000    1.5655989280e-06
 374.5000000000    1.5427188676e-06
 375.0000000000    1.5203641301e-06
 375.5000000000    1.4985043955e-06
 376.0000000000    1.4770771760e-06
 376.5000000000    1.4560289981e-06
 377.0000000000    1.4353486029e-06
 377.5000000000    1.4150646296e-06
 378.0000000000    1.3952103913e-06
 378.5000000000    1.3757858944e-06
 379.0000000000    1.3567491196e-06
 379.5000000000    1.3380433389e-06
 380.0000000000    1.3196367386e-06
 380.5000000000    1.3015405685e-06
 381.0000000000    1.2837902503e-06
 381.5000000000    1.2664086556e-06
 382.0000000000    1.2493774972e-06
 382.5000000000    1.2326486545e-06
 383.0000000000    1.2161795379e-06
 383.5000000000    1.1999645072e-06
 384.0000000000    1.1840351951e-06
 384.5000000000    1.1684297946e-06
 385.0000000000    1.1531577676e-06
 385.5000000000    1.1381900397e-06
 386.0000000000    1.1234824412e-06
 386.5000000000    1.1090114814e-06
 387.0000000000    1.0947915844e-06
 387.5000000000    1.0808593725e-06
 388.0000000000    1.0672389139e-06
 388.5000000000    1.0539181244e-06
 389.0000000000    1.0408564775e-06
 389.5000000000    1.0280169391e-06
 390.0000000000    1.0153943018e-06
 390.5000000000    1.0030159163e-06
 391.0000000000    9.9091479896e-07
 391.5000000000    9.7909871638e-07
 392.0000000000    9.6754173061e-07
 392.5000000000    9.5620493196e-07
 393.0000000000    9.4506779550e-07
 393.5000000000    9.3414308462e-07
 394.0000000000    9.2346299185e-07
 394.5000000000    9.1304907749e-07
 395.0000000000    9.0289204764e-07
 395.5000000000    8.9295836235e-07
 396.0000000000    8.8321733699e-07
 396.5000000000    8.7366500082e-07
 397.0000000000    8.6432450954e-07
 397.5000000000    8.5522337259e-07
 398.0000000000    8.4636749161e-07
 398.5000000000    8.3773409562e-07
 399.0000000000    8.2928899680e-07
 399.5000000000    8.2101282044e-07
 400.0000000000    8.1291371235e-07
 400.5000000000    8.0501618688e-07
 401.0000000000    7.9733628733e-07
 401.5000000000    7.8986451856e-07
 402.0000000000    7.8257077938e-07
 402.5000000000    7.7542649535e-07
 403.0000000000    7.6842479845e-07
 403.5000000000    7.6158180726e-07
 404.0000000000    7.5491834590e-07
 404.5000000000    7.4843810325e-07
 405.0000000000    7.4212083914e-07
 405.5000000000    7.3593598845e-07
 406.0000000000    7.2986462334e-07
 406.5000000000    7.2391108264e-07
 407.0000000000    7.1809469718e-07
 407.5000000000    7.1242905788e-07
 408.0000000000    7.0690672403e-07
 408.5000000000    7.0150220407e-07
 409.0000000000    6.9619025457e-07
 409.5000000000    6.9096363170e-07
 410.0000000000    6.8583529732e-07
 410.5000000000    6.8082355124e-07
 411.0000000000    6.7593304758e-07
 411.5000000000    6.7114791212e-07
 412.0000000000    6.6644253022e-07
 412.5000000000    6.6180046063e-07
 413.0000000000    6.5722526012e-07
 413.5000000000    6.5273421705e-07
 414.0000000000    6.4834067460e-07
 414.5000000000    6.4404019960e-07
 415.0000000000    6.3981228306e-07
 415.5000000000    6.3563578792e-07
 416.0000000000    6.3150469424e-07
 416.5000000000    6.2743076743e-07
 417.0000000000    6.2343117313e-07
 417.5000000000    6.1951188652e-07
 418.0000000000    6.1566111320e-07
 418.5000000000    6.1185812482e-07
 419.0000000000    6.0808960390e-07
 419.5000000000    6.0435940636e-07
 420.0000000000    6.0068362247e-07
 420.5000000000    5.9707550001e-07
 421.0000000000    5.9353326029e-07
 421.5000000000    5.9003703472e-07
 422.0000000000    5.8657808677e-07
 422.5000000000    5.8314852041e-07
 423.0000000000    5.7975838012e-07
 423.5000000000    5.7642409246e-07
 424.0000000000    5.7315624380e-07
 424.5000000000    5.6993872266e-07
 425.0000000000    5.6675887971e-07
 425.5000000000    5.6360591501e-07
 426.0000000000    5.6048285988e-07
 426.5000000000    5.5740466671e-07
 427.0000000000    5.5438288038e-07
 427.5000000000    5.5141695715e-07
 428.0000000000    5.4849464536e-07
 428.5000000000    5.4560081727e-07
 429.0000000000    5.4273182505e-07
 429.5000000000    5.3989252884e-07
 430.0000000000    5.3710402660e-07
 430.5000000000    5.3436853087e-07
 431.0000000000    5.3167936458e-07
 431.5000000000    5.2902258706e-07
 432.0000000000    5.2638845191e-07
 432.5000000000    5.2377900290e-07
 433.0000000000    5.2120549747e-07
 433.5000000000    5.1867811403e-07
 434.0000000000    5.1619685488e-07
 434.5000000000    5.1375129961e-07
 435.0000000000    5.1132916513e-07
 435.5000000000    5.0892620360e-07
 436.0000000000    5.0654904523e-07
 436.5000000000    5.0420877291e-07
 437.0000000000    5.0191090000e-07
 437.5000000000    4.9965032238e-07
 438.0000000000    4.9741537181e-07
 438.5000000000    4.9519730092e-07
 439.0000000000    4.9299703653e-07
 439.5000000000    4.9082360609e-07
 440.0000000000    4.8868575297e-07
 440.5000000000    4.8658403054e-07
 441.0000000000    4.8451003796e-07
 441.5000000000    4.8245325470e-07
 442.0000000000    4.8040949487e-07
 442.5000000000    4.7838378547e-07
 443.0000000000    4.7638540857e-07
 443.5000000000    4.7441947359e-07
 444.0000000000    4.7248226426e-07
 444.5000000000    4.7056420458e-07
 445.0000000000    4.6865767704e-07
 445.5000000000    4.6676279816e-07
 446.0000000000    4.6488740729e-07
 446.5000000000    4.6303891934e-07
 447.0000000000    4.6121843195e-07
 447.5000000000    4.5941945436e-07
 448.0000000000    4.5763332474e-07
 448.5000000000    4.5585637269e-07
 449.0000000000    4.5409265755e-07
 449.5000000000    4.5235009175e-07
 450.0000000000    4.5063351193e-07
 450.5000000000    4.4894055774e-07
 451.0000000000    4.4726376676e-07
 451.5000000000    4.4559690354e-07
 452.0000000000    4.4394009392e-07
 452.5000000000    4.4229940565e-07
 453.0000000000    4.4068142055e-07
 453.5000000000    4.3908756162e-07
 454.0000000000    4.3751291326e-07
 454.5000000000    4.3595044121e-07
 455.0000000000    4.3439679011e-07
 455.5000000000    4.3285487811e-07
 456.0000000000    4.3133098578e-07
 456.5000000000    4.2982920759e-07
 457.0000000000    4.2834791204e-07
 457.5000000000    4.2688112270e-07
 458.0000000000    4.2542352355e-07
 458.5000000000    4.2397475661e-07
 459.0000000000    4.2253940656e-07
 459.5000000000    4.2112283756e-07
 460.0000000000    4.1972649922e-07
 460.5000000000    4.1834668533e-07
 461.0000000000    4.1697768320e-07
 461.5000000000    4.1561650706e-07
 462.0000000000    4.1426517810e-07
 462.5000000000    4.1292871012e-07
 463.0000000000    4.1161065382e-07
 463.5000000000    4.1031004267e-07
 464.0000000000    4.0902225853e-07
 464.5000000000    4.0774294307e-07
 465.0000000000    4.0647162050e-07
 465.5000000000    4.0521165241e-07
 466.0000000000    4.0396744999e-07
 466.5000000000    4.0274037363e-07
 467.0000000000    4.0152794242e-07
 467.5000000000    4.0032551505e-07
 468.0000000000    3.9913062776e-07
 468.5000000000    3.9794454130e-07
 469.0000000000    3.9677116486e-07
 469.5000000000    3.9561334015e-07
 470.0000000000    3.9447029764e-07
 470.5000000000    3.9333867772e-07
 471.0000000000    3.9221484788e-07
 471.5000000000    3.9109801051e-07
 472.0000000000    3.8999050615e-07
 472.5000000000    3.8889554708e-07
 473.0000000000    3.8781433832e-07
 473.5000000000    3.8674481513e-07
 474.0000000000    3.8568356839e-07
 474.5000000000    3.8462841053e-07
 475.0000000000    3.8358006899e-07
 475.5000000000    3.8254131670e-07
 476.0000000000    3.8151444984e-07
 476.5000000000    3.8049925816e-07
 477.0000000000    3.7949324256e-07
 477.5000000000    3.7849375998e-07
 478.0000000000    3.7750017849e-07
 478.5000000000    3.7651425661e-07
 479.0000000000    3.7553850068e-07
 479.5000000000    3.7457395213e-07
 480.0000000000    3.7361947616e-07
 480.5000000000    3.7267262015e-07
 481.0000000000    3.7173184518e-07
 481.5000000000    3.7079769526e-07
 482.0000000000    3.6987207235e-07
 482.5000000000    3.6895670098e-07
 483.0000000000    3.6805153846e-07
 483.5000000000    3.6715491425e-07
 484.0000000000    3.6626497053e-07
 484.5000000000    3.6538116192e-07
 485.0000000000    3.6450456480e-07
 485.5000000000    3.6363682357e-07
 486.0000000000    3.6277868921e-07
 486.5000000000    3.6192938637e-07
 487.0000000000    3.6108728530e-07
 487.5000000000    3.6025123791e-07
 488.0000000000    3.5942142454e-07
 488.5000000000    3.5859904159e-07
 489.0000000000    3.5778516015e-07
 489.5000000000    3.5697976272e-07
 490.0000000000    3.5618176222e-07
 490.5000000000    3.5538992483e-07
 491.0000000000    3.5460385236e-07
 491.5000000000    3.5382418302e-07
 492.0000000000    3.5305189496e-07
 492.5000000000    3.5228737941e-07
 493.0000000000    3.5153010255e-07
 493.5000000000    3.5077909617e-07
 494.0000000000    3.5003375694e-07
 494.5000000000    3.4929424625e-07
 495.0000000000    3.4856119960e-07
 495.5000000000    3.4783507474e-07
 496.0000000000    3.4711574493e-07
 496.5000000000    3.4640264783e-07
 497.0000000000    3.4569528736e-07
 497.5000000000    3.4499359475e-07
 498.0000000000    3.4429787435e-07
 498.5000000000    3.4360845746e-07
 499.0000000000    3.4292539746e-07
 499.5000000000    3.4224845259e-07
 500.0000000000    3.4157732330e-07
 500.5000000000    3.4091189404e-07
 501.0000000000    3.4025226163e-07
 501.5000000000    3.3959855768e-07
 502.0000000000    3.3895078315e-07
 502.5000000000    3.3830879408e-07
 503.0000000000    3.3767243561e-07
 503.5000000000    3.3704167846e-07
 504.0000000000    3.3641959806e-07
 504.5000000000    3.3580027293e-07
 505.0000000000    3.3518654909e-07
 505.5000000000    3.3457811997e-07
 506.0000000000    3.3397470774e-07
 506.5000000000    3.3337330742e-07
 507.0000000000    3.3277992033e-07
 507.5000000000    3.3219168787e-07
 508.0000000000    3.3160838748e-07
 508.5000000000    3.3102951395e-07
 509.0000000000    3.3045465721e-07
 509.5000000000    3.2988366275e-07
 510.0000000000    3.2931701689e-07
 510.5000000000    3.2875526674e-07
 511.0000000000    3.2819855955e-07
 511.5000000000    3.2764646512e-07
 512.0000000000    3.2709835885e-07
 512.5000000000    3.2655401396e-07
 513.0000000000    3.2601388944e-07
 513.5000000000    3.2547877345e-07
 514.0000000000    3.2494903915e-07
 514.5000000000    3.2442428810e-07
 515.0000000000    3.2390354391e-07
 515.5000000000    3.2338612163e-07
 516.0000000000    3.2287217641e-07
 516.5000000000    3.2236258856e-07
 517.0000000000    3.2185814679e-07
 517.5000000000    3.2135885011e-07
 518.0000000000    3.2086383626e-07
 518.5000000000    3.2037211286e-07
 519.0000000000    3.1988341662e-07
 519.5000000000    3.1939847746e-07
 520.0000000000    3.1891838884e-07
 520.5000000000    3.1844368238e-07
 521.0000000000    3.1797381784e-07
 521.5000000000    3.1750762185e-07
 522.0000000000    3.1704424979e-07
 522.5000000000    3.1658391996e-07
 523.0000000000    3.1612773927e-07
 523.5000000000    3.1567675415e-07
 524.0000000000    3.1523103185e-07
 524.5000000000    3.1478954834e-07
 525.0000000000    3.1435101843e-07
 525.5000000000    3.1391497556e-07
 526.0000000000    3.1348218604e-07
 526.5000000000    3.1305401222e-07
 527.0000000000    3.1263123370e-07
 527.5000000000    3.1221332852e-07
 528.0000000000    3.1179885893e-07
 528.5000000000    3.1138666293e-07
 529.0000000000    3.1097940253e-07
 529.5000000000    3.1057328009e-07
 530.0000000000    3.1017223317e-07
 530.5000000000    3.0977651081e-07
 531.0000000000    3.0938495762e-07
 531.5000000000    3.0899597135e-07
 532.0000000000    3.0860889467e-07
 532.5000000000    3.0822213116e-07
 533.0000000000    3.0784241328e-07
 533.5000000000    3.0746835849e-07
 534.0000000000    3.0709948914e-07
 534.5000000000    3.0673416164e-07
 535.0000000000    3.0636824047e-07
 535.5000000000    3.0600822646e-07
 536.0000000000    3.0565262932e-07
 536.5000000000    3.0530157424e-07
 537.0000000000    3.0495586884e-07
 537.5000000000    3.0461466013e-07
 538.0000000000    3.0427606108e-07
 538.5000000000    3.0393919387e-07
 539.0000000000    3.0360488403e-07
 539.5000000000    3.0327489331e-07
 540.0000000000    3.0295034795e-07
 540.5000000000    3.0263070502e-07
 541.0000000000    3.0231414414e-07
 541.5000000000    3.0199905077e-07
 542.0000000000    3.0168533541e-07
 542.5000000000    3.0137446373e-07
 543.0000000000    3.0106815709e-07
 543.5000000000    3.0076685761e-07
 544.0000000000    3.0046925076e-07
 544.5000000000    3.0017327158e-07
 545.0000000000    2.9987776902e-07
 545.5000000000    2.9958343364e-07
 546.0000000000    2.9929219198e-07
 546.5000000000    2.9900556449e-07
 547.0000000000    2.9872338048e-07
 547.5000000000    2.9844396986e-07
 548.0000000000    2.9816569934e-07
 548.5000000000    2.9788854603e-07
 549.0000000000    2.9761432739e-07
 549.5000000000    2.9734532915e-07
 550.0000000000    2.9708246893e-07
 550.5000000000    2.9682457415e-07
 551.0000000000    2.9656940874e-07
 551.5000000000    2.9631557760e-07
 552.0000000000    2.9606367194e-07
 552.5000000000    2.9581565114e-07
 553.0000000000    2.9557301593e-07
 553.5000000000    2.9533536783e-07
 554.0000000000    2.9510281242e-07
 554.5000000000    2.9486890281e-07
 555.0000000000    2.9463549113e-07
 555.5000000000    2.9440425054e-07
 556.0000000000    2.9417741605e-07
 556.5000000000    2.9395588257e-07
 557.0000000000    2.9373630489e-07
 557.5000000000    2.9352071449e-07
 558.0000000000    2.9330559339e-07
 558.5000000000    2.9309159148e-07
 559.0000000000    2.9288034496e-07
 559.5000000000    2.9267254271e-07
 560.0000000000    2.9247133060e-07
 560.5000000000    2.9227518940e-07
 561.0000000000    2.9207743854e-07
 561.5000000000    2.9187989957e-07
 562.0000000000    2.9168407940e-07
 562.5000000000    2.9149218002e-07
 563.0000000000    2.9130522304e-07
 563.5000000000    2.9112216684e-07
 564.0000000000    2.9094078753e-07
 564.5000000000    2.9075957702e-07
 565.0000000000    2.9057902730e-07
 565.5000000000    2.9040121042e-07
 566.0000000000    2.9022801620e-07
 566.5000000000    2.9005954609e-07
 567.0000000000    2.8989251281e-07
 567.5000000000    2.8972779607e-07
 568.0000000000    2.8956470081e-07
 568.5000000000    2.8940157054e-07
 569.0000000000    2.8924216781e-07
 569.5000000000    2.8908771851e-07
 570.0000000000    2.8893734266e-07
 570.5000000000    2.8878881370e-07
 571.0000000000    2.8864040356e-07
 571.5000000000    2.8849235294e-07
 572.0000000000    2.8834664427e-07
 572.5000000000    2.8820527791e-07
 573.0000000000    2.8806853876e-07
 573.5000000000    2.8793470571e-07
 574.0000000000    2.8780150097e-07
 574.5000000000    2.8766800165e-07
 575.0000000000    2.8753542157e-07
 575.5000000000    2.8740607360e-07
 576.0000000000    2.8728137873e-07
 576.5000000000    2.8716063895e-07
 577.0000000000    2.8704163475e-07
 577.5000000000    2.8692252789e-07
 578.0000000000    2.8680344876e-07
 578.5000000000    2.8668639930e-07
 579.0000000000    2.8657353878e-07
 579.5000000000    2.8646533338e-07
 580.0000000000    2.8636017661e-07
 580.5000000000    2.8625578918e-07
 581.0000000000    2.8615117822e-07
 581.5000000000    2.8604749850e-07
 582.0000000000    2.8594705047e-07
 582.5000000000    2.8585131621e-07
 583.0000000000    2.8575970083e-07
 583.5000000000    2.8567004005e-07
 584.0000000000    2.8558046330e-07
 584.5000000000    2.8549096703e-07
 585.0000000000    2.8540338513e-07
 585.5000000000    2.8531978281e-07
 586.0000000000    2.8524068180e-07
 586.5000000000    2.8516460195e-07
 587.0000000000    2.8508931896e-07
 587.5000000000    2.8501372717e-07
 588.0000000000    2.8493872854e-07
 588.5000000000    2.8486642214e-07
 589.0000000000    2.8479829531e-07
 589.5000000000    2.8473394677e-07
 590.0000000000    2.8467142421e-07
 590.5000000000    2.8460886443e-07
 591.0000000000    2.8454606738e-07
 591.5000000000    2.8448464390e-07
 592.0000000000    2.8442664334e-07
 592.5000000000    2.8437281369e-07
 593.0000000000    2.8432197443e-07
 593.5000000000    2.8427202776e-07
 594.0000000000    2.8422174112e-07
 594.5000000000    2.8417180292e-07
 595.0000000000    2.8412423690e-07
 595.5000000000    2.8408068587e-07
 596.0000000000    2.8404100856e-07
 596.5000000000    2.8400339856e-07
 597.0000000000    2.8396594020e-07
 597.5000000000    2.8392823617e-07
 598.0000000000    2.8389173173e-07
 598.5000000000    2.8385847079e-07
 599.0000000000    2.8382933755e-07
 599.5000000000    2.8380328327e-07
 600.0000000000    2.8377821210e-07
 600.5000000000    2.8375276416e-07
 601.0000000000    2.8372745499e-07
 601.5000000000    2.8370419417e-07
 602.0000000000    2.8368462213e-07
 602.5000000000    2.8366869214e-07
 603.0000000000    2.8365470663e-07
 603.5000000000    2.8364076391e-07
 604.0000000000    2.8362637094e-07
 604.5000000000    2.8361284443e-07
 605.0000000000    2.8360215448e-07
 605.5000000000    2.8359524542e-07
 606.0000000000    2.8359123847e-07
 606.5000000000    2.8358820727e-07
 607.0000000000    2.8358483179e-07
 607.5000000000    2.8357960883e-07
 608.0000000000    2.8357814248e-07
 608.5000000000    2.8358203080e-07
 609.0000000000    2.8358561145e-07
 609.5000000000    2.8359311596e-07
 610.0000000000    2.8360083071e-07
 610.5000000000    2.8360818450e-07
 611.0000000000    2.8361626032e-07
 611.5000000000    2.8362684193e-07
 612.0000000000    2.8364085267e-07
 612.5000000000    2.8365755770e-07
 613.0000000000    2.8367517663e-07
 613.5000000000    2.8369238085e-07
 614.0000000000    2.8370938503e-07
 614.5000000000    2.8372772446e-07
 615.0000000000    2.8374892448e-07
 615.5000000000    2.8377319853e-07
 616.0000000000    2.8379928263e-07
 616.5000000000    2.8382552533e-07
 617.0000000000    2.8385129936e-07
 617.5000000000    2.8387753187e-07
 618.0000000000    2.8390590958e-07
 618.5000000000    2.8393744418e-07
 619.0000000000    2.8397162573e-07
 619.5000000000    2.8400687322e-07
 620.0000000000    2.8404188869e-07
 620.5000000000    2.8407675709e-07
 621.0000000000    2.8411284708e-07
 621.5000000000    2.8415162053e-07
 622.0000000000    2.8419337303e-07
 622.5000000000    2.8423698369e-07
 623.0000000000    2.8428088264e-07
 623.5000000000    2.8432439568e-07
 624.0000000000    2.8436830431e-07
 624.5000000000    2.8441416597e-07
 625.0000000000    2.8446296595e-07
 625.5000000000    2.8451430185e-07
 626.0000000000    2.8456675461e-07
 626.5000000000    2.8461912124e-07
 627.0000000000    2.8467144308e-07
 627.5000000000    2.8472493534e-07
 628.0000000000    2.8478091346e-07
 628.5000000000    2.8483965210e-07
 629.0000000000    2.8490014960e-07
 629.5000000000    2.8496097933e-07
 630.0000000000    2.8502147600e-07
 630.5000000000    2.8508224281e-07
 631.0000000000    2.8514457081e-07
 631.5000000000    2.8520928880e-07
 632.0000000000    2.8527604050e-07
 632.5000000000    2.8534358569e-07
 633.0000000000    2.8541084514e-07
 633.5000000000    2.8547778734e-07
 634.0000000000    2.8554541035e-07
 634.5000000000    2.8561485914e-07
 635.0000000000    2.8568644720e-07
 635.5000000000    2.8575940634e-07
 636.0000000000    2.8583255663e-07
 636.5000000000    2.8590531614e-07
 637.0000000000    2.8597818208e-07
 637.5000000000    2.8605228805e-07
 638.0000000000    2.8612842883e-07
 638.5000000000    2.8620639309e-07
 639.0000000000    2.8628516020e-07
 639.5000000000    2.8636378727e-07
 640.0000000000    2.8644220008e-07
 640.5000000000    2.8652124181e-07
 641.0000000000    2.8660193226e-07
 641.5000000000    2.8668457690e-07
 642.0000000000    2.8676852276e-07
 642.5000000000    2.8685273346e-07
 643.0000000000    2.8693669883e-07
 643.5000000000    2.8702085826e-07
 644.0000000000    2.8710621975e-07
 644.5000000000    2.8719347520e-07
 645.0000000000    2.8728242313e-07
 645.5000000000    2.8737218333e-07
 646.0000000000    2.8746198165e-07
 646.5000000000    2.8755182377e-07
 647.0000000000    2.8764246475e-07
 647.5000000000    2.8773472481e-07
 648.0000000000    2.8782876911e-07
 648.5000000000    2.8792396662e-07
 649.0000000000    2.8801944440e-07
 649.5000000000    2.8811481882e-07
 650.0000000000    2.8821046468e-07
 650.5000000000    2.8830711726e-07
 651.0000000000    2.8840517487e-07
 651.5000000000    2.8850432380e-07
 652.0000000000    2.8860379678e-07
 652.5000000000    2.8870301445e-07
 653.0000000000    2.8880203866e-07
 653.5000000000    2.8890145906e-07
 654.0000000000    2.8900184078e-07
 654.5000000000    2.8910323289e-07
 655.0000000000    2.8920515152e-07
 655.5000000000    2.8930703328e-07
 656.0000000000    2.8940874607e-07
 656.5000000000    2.8951071156e-07
 657.0000000000    2.8961355252e-07
 657.5000000000    2.8971758414e-07
 658.0000000000    2.8982259629e-07
 658.5000000000    2.8992809808e-07
 659.0000000000    2.9003379641e-07
 659.5000000000    2.9013988877e-07
 660.0000000000    2.9024691712e-07
 660.5000000000    2.9035531438e-07
 661.0000000000    2.9046505161e-07
 661.5000000000    2.9057569749e-07
 662.0000000000    2.9068682605e-07
 662.5000000000    2.9079840757e-07
 663.0000000000    2.9091083032e-07
 663.5000000000    2.9102453129e-07
 664.0000000000    2.9113956934e-07
 664.5000000000    2.9125552775e-07
 665.0000000000    2.9137183653e-07
 665.5000000000    2.9148822702e-07
 666.0000000000    2.9160490248e-07
 666.5000000000    2.9172227034e-07
 667.0000000000    2.9184047510e-07
 667.5000000000    2.9195916625e-07
 668.0000000000    2.9207772864e-07
 668.5000000000    2.9219578036e-07
 669.0000000000    2.9231348380e-07
 669.5000000000    2.9243137848e-07
 670.0000000000    2.9254987608e-07
 670.5000000000    2.9266887518e-07
 671.0000000000    2.9278785966e-07
 671.5000000000    2.9290640729e-07
 672.0000000000    2.9302464163e-07
 672.5000000000    2.9314319571e-07
 673.0000000000    2.9326269655e-07
 673.5000000000    2.9338322510e-07
 674.0000000000    2.9350425075e-07
 674.5000000000    2.9362511483e-07
 675.0000000000    2.9374563887e-07
 675.5000000000    2.9386630093e-07
 676.0000000000    2.9398780032e-07
 676.5000000000    2.9411038854e-07
 677.0000000000    2.9423357150e-07
 677.5000000000    2.9435647456e-07
 678.0000000000    2.9447856838e-07
 678.5000000000    2.9460011323e-07
 679.0000000000    2.9472190255e-07
 679.5000000000    2.9484451043e-07
 680.0000000000    2.9496770141e-07
 680.5000000000    2.9509054274e-07
 681.0000000000    2.9521214349e-07
 681.5000000000    2.9533237964e-07
 682.0000000000    2.9545194755e-07
 682.5000000000    2.9557166985e-07
 683.0000000000    2.9569164966e-07
 683.5000000000    2.9581127807e-07
 684.0000000000    2.9592882762e-07
 684.5000000000    2.9604391044e-07
 685.0000000000    2.9615685315e-07
 685.5000000000    2.9626884057e-07
 686.0000000000    2.9638044573e-07
 686.5000000000    2.9649138586e-07
 687.0000000000    2.9660036688e-07
 687.5000000000    2.9670655285e-07
 688.0000000000    2.9681009003e-07
 688.5000000000    2.9691217515e-07
 689.0000000000    2.9701415470e-07
 689.5000000000    2.9711626692e-07
 690.0000000000    2.9721832433e-07
 690.5000000000    2.9731903326e-07
 691.0000000000    2.9741806017e-07
 691.5000000000    2.9751630806e-07
 692.0000000000    2.9761536123e-07
 692.5000000000    2.9771630521e-07
 693.0000000000    2.9781892410e-07
 693.5000000000    2.9792197741e-07
 694.0000000000    2.9802435389e-07
 694.5000000000    2.9812612304e-07
 695.0000000000    2.9822856380e-07
 695.5000000000    2.9833311770e-07
 696.0000000000    2.9844014486e-07
 696.5000000000    2.9854856918e-07
 697.0000000000    2.9865675690e-07
 697.5000000000    2.9876390931e-07
 698.0000000000    2.9887077169e-07
 698.5000000000    2.9897901274e-07
 699.0000000000    2.9908976525e-07
 699.5000000000    2.9920257823e-07
 700.0000000000    2.9931571086e-07
