#          time         max mod phi
   0.0000000000    8.5188875915e-02
   0.5000000000    8.5195542664e-02
   1.0000000000    8.5192735828e-02
   1.5000000000    8.5195359519e-02
   2.0000000000    8.5194439065e-02
   2.5000000000    8.5194561675e-02
   3.0000000000    8.5195409899e-02
   3.5000000000    8.5192944706e-02
   4.0000000000    8.5195785266e-02
   4.5000000000    8.5191736104e-02
   5.0000000000    8.5195934152e-02
   5.5000000000    8.5193649329e-02
   6.0000000000    8.5195405629e-02
   6.5000000000    8.5194747726e-02
   7.0000000000    8.5194361201e-02
   7.5000000000    8.5195646834e-02
   8.0000000000    8.5193338594e-02
   8.5000000000    8.5196365683e-02
   9.0000000000    8.5191884897e-02
   9.5000000000    8.5196324821e-02
  10.0000000000    8.5193279644e-02
  10.5000000000    8.5195970763e-02
  11.0000000000    8.5194695619e-02
  11.5000000000    8.5195747687e-02
  12.0000000000    8.5195921453e-02
  12.5000000000    8.5195040409e-02
  13.0000000000    8.5196398445e-02
  13.5000000000    8.5193817469e-02
  14.0000000000    8.5196707736e-02
  14.5000000000    8.5192806209e-02
  15.0000000000    8.5197203971e-02
  15.5000000000    8.5193553698e-02
  16.0000000000    8.5197200375e-02
  16.5000000000    8.5194529213e-02
  17.0000000000    8.5196740163e-02
  17.5000000000    8.5195410594e-02
  18.0000000000    8.5196549707e-02
  18.5000000000    8.5196542889e-02
  19.0000000000    8.5196304731e-02
  19.5000000000    8.5197140861e-02
  20.0000000000    8.5195515153e-02
  20.5000000000    8.5197333525e-02
  21.0000000000    8.5194641700e-02
  21.5000000000    8.5197800828e-02
  22.0000000000    8.5194145334e-02
  22.5000000000    8.5198255650e-02
  23.0000000000    8.5193744408e-02
  23.5000000000    8.5198120199e-02
  24.0000000000    8.5194473106e-02
  24.5000000000    8.5197987318e-02
  25.0000000000    8.5195505259e-02
  25.5000000000    8.5198228327e-02
  26.0000000000    8.5196525207e-02
  26.5000000000    8.5198041785e-02
  27.0000000000    8.5197009103e-02
  27.5000000000    8.5197512665e-02
  28.0000000000    8.5197455862e-02
  28.5000000000    8.5197290892e-02
  29.0000000000    8.5198234024e-02
  29.5000000000    8.5197159895e-02
  30.0000000000    8.5198715181e-02
  30.5000000000    8.5196542878e-02
  31.0000000000    8.5198798564e-02
  31.5000000000    8.5195872546e-02
  32.0000000000    8.5199149429e-02
  32.5000000000    8.5195553998e-02
  33.0000000000    8.5199625228e-02
  33.5000000000    8.5195016193e-02
  34.0000000000    8.5199641656e-02
  34.5000000000    8.5195390638e-02
  35.0000000000    8.5199523925e-02
  35.5000000000    8.5196257812e-02
  36.0000000000    8.5199797215e-02
  36.5000000000    8.5197294569e-02
  37.0000000000    8.5199866273e-02
  37.5000000000    8.5197911830e-02
  38.0000000000    8.5199522400e-02
  38.5000000000    8.5198395967e-02
  39.0000000000    8.5199360166e-02
  39.5000000000    8.5199214661e-02
  40.0000000000    8.5199377051e-02
  40.5000000000    8.5199899597e-02
  41.0000000000    8.5198990327e-02
  41.5000000000    8.5200173603e-02
  42.0000000000    8.5198408367e-02
  42.5000000000    8.5200582991e-02
  43.0000000000    8.5198117046e-02
  43.5000000000    8.5201201848e-02
  44.0000000000    8.5197706485e-02
  44.5000000000    8.5201450433e-02
  45.0000000000    8.5196866286e-02
  45.5000000000    8.5201477456e-02
  46.0000000000    8.5197323202e-02
  46.5000000000    8.5201755558e-02
  47.0000000000    8.5198625062e-02
  47.5000000000    8.5201999227e-02
  48.0000000000    8.5199585735e-02
  48.5000000000    8.5201746122e-02
  49.0000000000    8.5200274213e-02
  49.5000000000    8.5201537587e-02
  50.0000000000    8.5201247348e-02
  50.5000000000    8.5201499818e-02
  51.0000000000    8.5202158339e-02
  51.5000000000    8.5201112968e-02
  52.0000000000    8.5202653419e-02
  52.5000000000    8.5200388573e-02
  53.0000000000    8.5203093904e-02
  53.5000000000    8.5199796483e-02
  54.0000000000    8.5203728620e-02
  54.5000000000    8.5199144702e-02
  55.0000000000    8.5204054797e-02
  55.5000000000    8.5200253983e-02
  56.0000000000    8.5203991463e-02
  56.5000000000    8.5201438318e-02
  57.0000000000    8.5204030799e-02
  57.5000000000    8.5202805745e-02
  58.0000000000    8.5204108210e-02
  58.5000000000    8.5203854767e-02
  59.0000000000    8.5203745606e-02
  59.5000000000    8.5204481740e-02
  60.0000000000    8.5203239622e-02
  60.5000000000    8.5205246128e-02
  61.0000000000    8.5202884791e-02
  61.5000000000    8.5206063572e-02
  62.0000000000    8.5202241028e-02
  62.5000000000    8.5206438333e-02
  63.0000000000    8.5202031131e-02
  63.5000000000    8.5206583208e-02
  64.0000000000    8.5203605887e-02
  64.5000000000    8.5206868452e-02
  65.0000000000    8.5205247768e-02
  65.5000000000    8.5206905395e-02
  66.0000000000    8.5206442971e-02
  66.5000000000    8.5206418558e-02
  67.0000000000    8.5207343900e-02
  67.5000000000    8.5205852912e-02
  68.0000000000    8.5208362105e-02
  68.5000000000    8.5205273976e-02
  69.0000000000    8.5209153805e-02
  69.5000000000    8.5204608116e-02
  70.0000000000    8.5209379235e-02
  70.5000000000    8.5206341019e-02
  71.0000000000    8.5209456178e-02
  71.5000000000    8.5208158034e-02
  72.0000000000    8.5209509056e-02
  72.5000000000    8.5209757252e-02
  73.0000000000    8.5209031359e-02
  73.5000000000    8.5210750281e-02
  74.0000000000    8.5207998229e-02
  74.5000000000    8.5211491337e-02
  75.0000000000    8.5207003585e-02
  75.5000000000    8.5212205317e-02
  76.0000000000    8.5209472739e-02
  76.5000000000    8.5212410739e-02
  77.0000000000    8.5211275475e-02
  77.5000000000    8.5211892442e-02
  78.0000000000    8.5212627915e-02
  78.5000000000    8.5211177086e-02
  79.0000000000    8.5214007038e-02
  79.5000000000    8.5210277680e-02
  80.0000000000    8.5214865395e-02
  80.5000000000    8.5211534502e-02
  81.0000000000    8.5214885515e-02
  81.5000000000    8.5213608319e-02
  82.0000000000    8.5214634415e-02
  82.5000000000    8.5215559594e-02
  83.0000000000    8.5214040580e-02
  83.5000000000    8.5216941369e-02
  84.0000000000    8.5212575786e-02
  84.5000000000    8.5217458154e-02
  85.0000000000    8.5214825846e-02
  85.5000000000    8.5217547586e-02
  86.0000000000    8.5217306050e-02
  86.5000000000    8.5217239488e-02
  87.0000000000    8.5219139264e-02
  87.5000000000    8.5215959501e-02
  88.0000000000    8.5220014163e-02
  88.5000000000    8.5216737134e-02
  89.0000000000    8.5220299186e-02
  89.5000000000    8.5219566287e-02
  90.0000000000    8.5220086464e-02
  90.5000000000    8.5221720604e-02
  91.0000000000    8.5218850351e-02
  91.5000000000    8.5222780339e-02
  92.0000000000    8.5219568123e-02
  92.5000000000    8.5223059046e-02
  93.0000000000    8.5222561365e-02
  93.5000000000    8.5222724090e-02
  94.0000000000    8.5224791278e-02
  94.5000000000    8.5221265774e-02
  95.0000000000    8.5225790469e-02
  95.5000000000    8.5223370304e-02
  96.0000000000    8.5225801724e-02
  96.5000000000    8.5226257675e-02
  97.0000000000    8.5225044357e-02
  97.5000000000    8.5228262177e-02
  98.0000000000    8.5224605420e-02
  98.5000000000    8.5228864411e-02
  99.0000000000    8.5227944394e-02
  99.5000000000    8.5228244651e-02
 100.0000000000    8.5230403759e-02
 100.5000000000    8.5226757256e-02
 101.0000000000    8.5231839877e-02
 101.5000000000    8.5230218048e-02
 102.0000000000    8.5231551930e-02
 102.5000000000    8.5232879378e-02
 103.0000000000    8.5229928581e-02
 103.5000000000    8.5234453061e-02
 104.0000000000    8.5232618981e-02
 104.5000000000    8.5234721269e-02
 105.0000000000    8.5235950789e-02
 105.5000000000    8.5233241326e-02
 106.0000000000    8.5237512998e-02
 106.5000000000    8.5235585106e-02
 107.0000000000    8.5237580299e-02
 107.5000000000    8.5239059610e-02
 108.0000000000    8.5236172567e-02
 108.5000000000    8.5240878575e-02
 109.0000000000    8.5239433228e-02
 109.5000000000    8.5240624441e-02
 110.0000000000    8.5242519588e-02
 110.5000000000    8.5238558238e-02
 111.0000000000    8.5244013524e-02
 111.5000000000    8.5243600206e-02
 112.0000000000    8.5243606417e-02
 112.5000000000    8.5246539350e-02
 113.0000000000    8.5243636424e-02
 113.5000000000    8.5247228530e-02
 114.0000000000    8.5247984019e-02
 114.5000000000    8.5245985240e-02
 115.0000000000    8.5250451106e-02
 115.5000000000    8.5249265763e-02
 116.0000000000    8.5250492143e-02
 116.5000000000    8.5252825720e-02
 117.0000000000    8.5249659410e-02
 117.5000000000    8.5253978799e-02
 118.0000000000    8.5254708907e-02
 118.5000000000    8.5252867465e-02
 119.0000000000    8.5257385124e-02
 119.5000000000    8.5256492932e-02
 120.0000000000    8.5257131156e-02
 120.5000000000    8.5259986523e-02
 121.0000000000    8.5257681845e-02
 121.5000000000    8.5260876627e-02
 122.0000000000    8.5262648339e-02
 122.5000000000    8.5259309881e-02
 123.0000000000    8.5264661293e-02
 123.5000000000    8.5265158110e-02
 124.0000000000    8.5263317624e-02
 124.5000000000    8.5267839225e-02
 125.0000000000    8.5267522942e-02
 125.5000000000    8.5267611550e-02
 126.0000000000    8.5271460833e-02
 126.5000000000    8.5270416022e-02
 127.0000000000    8.5271780341e-02
 127.5000000000    8.5274736567e-02
 128.0000000000    8.5273013050e-02
 128.5000000000    8.5275616006e-02
 129.0000000000    8.5278275235e-02
 129.5000000000    8.5276344707e-02
 130.0000000000    8.5279850872e-02
 130.5000000000    8.5282020571e-02
 131.0000000000    8.5279635943e-02
 131.5000000000    8.5283573182e-02
 132.0000000000    8.5285605145e-02
 132.5000000000    8.5283340281e-02
 133.0000000000    8.5287743087e-02
 133.5000000000    8.5289834735e-02
 134.0000000000    8.5287560934e-02
 134.5000000000    8.5291702231e-02
 135.0000000000    8.5293784898e-02
 135.5000000000    8.5291773811e-02
 136.0000000000    8.5295703742e-02
 136.5000000000    8.5298312727e-02
 137.0000000000    8.5296844493e-02
 137.5000000000    8.5300011403e-02
 138.0000000000    8.5302909297e-02
 138.5000000000    8.5301840016e-02
 139.0000000000    8.5303904787e-02
 139.5000000000    8.5307547276e-02
 140.0000000000    8.5307425130e-02
 140.5000000000    8.5308250738e-02
 141.0000000000    8.5312674655e-02
 141.5000000000    8.5313273077e-02
 142.0000000000    8.5312106292e-02
 142.5000000000    8.5317325631e-02
 143.0000000000    8.5319010922e-02
 143.5000000000    8.5317215084e-02
 144.0000000000    8.5322355341e-02
 144.5000000000    8.5325221519e-02
 145.0000000000    8.5324521651e-02
 145.5000000000    8.5326792242e-02
 146.0000000000    8.5330778724e-02
 146.5000000000    8.5331484449e-02
 147.0000000000    8.5330896511e-02
 147.5000000000    8.5336482136e-02
 148.0000000000    8.5338747602e-02
 148.5000000000    8.5337703291e-02
 149.0000000000    8.5341396871e-02
 149.5000000000    8.5345085701e-02
 150.0000000000    8.5345749043e-02
 150.5000000000    8.5345603921e-02
 151.0000000000    8.5351229469e-02
 151.5000000000    8.5353805034e-02
 152.0000000000    8.5353335396e-02
 152.5000000000    8.5356292907e-02
 153.0000000000    8.5360600393e-02
 153.5000000000    8.5362128668e-02
 154.0000000000    8.5360962204e-02
 154.5000000000    8.5366720554e-02
 155.0000000000    8.5370482719e-02
 155.5000000000    8.5371467819e-02
 156.0000000000    8.5371360835e-02
 156.5000000000    8.5377137768e-02
 157.0000000000    8.5380370645e-02
 157.5000000000    8.5381149363e-02
 158.0000000000    8.5382451775e-02
 158.5000000000    8.5388190431e-02
 159.0000000000    8.5391408433e-02
 159.5000000000    8.5392153375e-02
 160.0000000000    8.5393685565e-02
 160.5000000000    8.5399350018e-02
 161.0000000000    8.5402781895e-02
 161.5000000000    8.5404024872e-02
 162.0000000000    8.5405326569e-02
 162.5000000000    8.5411431020e-02
 163.0000000000    8.5415290880e-02
 163.5000000000    8.5416989364e-02
 164.0000000000    8.5416817542e-02
 164.5000000000    8.5423476733e-02
 165.0000000000    8.5428169887e-02
 165.5000000000    8.5430909398e-02
 166.0000000000    8.5431688255e-02
 166.5000000000    8.5436102204e-02
 167.0000000000    8.5441612439e-02
 167.5000000000    8.5445263190e-02
 168.0000000000    8.5447167263e-02
 168.5000000000    8.5448242869e-02
 169.0000000000    8.5455086481e-02
 169.5000000000    8.5460188107e-02
 170.0000000000    8.5463546429e-02
 170.5000000000    8.5465207611e-02
 171.0000000000    8.5468061901e-02
 171.5000000000    8.5474502597e-02
 172.0000000000    8.5479473273e-02
 172.5000000000    8.5483009222e-02
 173.0000000000    8.5485097669e-02
 173.5000000000    8.5488476270e-02
 174.0000000000    8.5495101605e-02
 174.5000000000    8.5500293825e-02
 175.0000000000    8.5504179858e-02
 175.5000000000    8.5506867569e-02
 176.0000000000    8.5509086097e-02
 176.5000000000    8.5516473000e-02
 177.0000000000    8.5522568448e-02
 177.5000000000    8.5527383674e-02
 178.0000000000    8.5531001597e-02
 178.5000000000    8.5533553793e-02
 179.0000000000    8.5538262733e-02
 179.5000000000    8.5545475470e-02
 180.0000000000    8.5551684554e-02
 180.5000000000    8.5556846983e-02
 181.0000000000    8.5560959302e-02
 181.5000000000    8.5564093488e-02
 182.0000000000    8.5568785647e-02
 182.5000000000    8.5576313139e-02
 183.0000000000    8.5583084116e-02
 183.5000000000    8.5589083539e-02
 184.0000000000    8.5594262867e-02
 184.5000000000    8.5598604412e-02
 185.0000000000    8.5602164987e-02
 185.5000000000    8.5608982677e-02
 186.0000000000    8.5616671532e-02
 186.5000000000    8.5623803636e-02
 187.0000000000    8.5630371362e-02
 187.5000000000    8.5636322979e-02
 188.0000000000    8.5641628370e-02
 188.5000000000    8.5646328725e-02
 189.0000000000    8.5651397242e-02
 189.5000000000    8.5659880294e-02
 190.0000000000    8.5667972787e-02
 190.5000000000    8.5675676727e-02
 191.0000000000    8.5682945023e-02
 191.5000000000    8.5689740124e-02
 192.0000000000    8.5696084544e-02
 192.5000000000    8.5702068027e-02
 193.0000000000    8.5707808273e-02
 193.5000000000    8.5714233194e-02
 194.0000000000    8.5723421289e-02
 194.5000000000    8.5732326334e-02
 195.0000000000    8.5740903188e-02
 195.5000000000    8.5749155461e-02
 196.0000000000    8.5757153619e-02
 196.5000000000    8.5765003615e-02
 197.0000000000    8.5772794307e-02
 197.5000000000    8.5780556516e-02
 198.0000000000    8.5788264731e-02
 198.5000000000    8.5795873803e-02
 199.0000000000    8.5803369415e-02
 199.5000000000    8.5811207333e-02
 200.0000000000    8.5821082662e-02
 200.5000000000    8.5830949898e-02
 201.0000000000    8.5840851452e-02
 201.5000000000    8.5850774204e-02
 202.0000000000    8.5860674701e-02
 202.5000000000    8.5870522522e-02
 203.0000000000    8.5880333380e-02
 203.5000000000    8.5890171394e-02
 204.0000000000    8.5900117203e-02
 204.5000000000    8.5910225624e-02
 205.0000000000    8.5920498874e-02
 205.5000000000    8.5930897814e-02
 206.0000000000    8.5941378475e-02
 206.5000000000    8.5951929910e-02
 207.0000000000    8.5962588847e-02
 207.5000000000    8.5973421927e-02
 208.0000000000    8.5984489133e-02
 208.5000000000    8.5995809175e-02
 209.0000000000    8.6007350983e-02
 209.5000000000    8.6019058733e-02
 210.0000000000    8.6030893137e-02
 210.5000000000    8.6042863029e-02
 211.0000000000    8.6055018946e-02
 211.5000000000    8.6067419718e-02
 212.0000000000    8.6080092639e-02
 212.5000000000    8.6093016038e-02
 213.0000000000    8.6106128586e-02
 213.5000000000    8.6119367584e-02
 214.0000000000    8.6132708973e-02
 214.5000000000    8.6146180762e-02
 215.0000000000    8.6159837744e-02
 215.5000000000    8.6173714703e-02
 216.0000000000    8.6187794551e-02
 216.5000000000    8.6202009591e-02
 217.0000000000    8.6216276553e-02
 217.5000000000    8.6230541863e-02
 218.0000000000    8.6244806778e-02
 218.5000000000    8.6259112133e-02
 219.0000000000    8.6273493530e-02
 219.5000000000    8.6287940218e-02
 220.0000000000    8.6304839797e-02
 220.5000000000    8.6322163331e-02
 221.0000000000    8.6339448567e-02
 221.5000000000    8.6356664011e-02
 222.0000000000    8.6373835108e-02
 222.5000000000    8.6390996174e-02
 223.0000000000    8.6408139645e-02
 223.5000000000    8.6425189202e-02
 224.0000000000    8.6442024358e-02
 224.5000000000    8.6458530306e-02
 225.0000000000    8.6476109128e-02
 225.5000000000    8.6496448838e-02
 226.0000000000    8.6516587785e-02
 226.5000000000    8.6536517964e-02
 227.0000000000    8.6556161176e-02
 227.5000000000    8.6575380087e-02
 228.0000000000    8.6594028685e-02
 228.5000000000    8.6612005139e-02
 229.0000000000    8.6634403083e-02
 229.5000000000    8.6657001072e-02
 230.0000000000    8.6679065061e-02
 230.5000000000    8.6700512888e-02
 231.0000000000    8.6721191472e-02
 231.5000000000    8.6740921582e-02
 232.0000000000    8.6765470313e-02
 232.5000000000    8.6790107572e-02
 233.0000000000    8.6813749292e-02
 233.5000000000    8.6836367941e-02
 234.0000000000    8.6857873958e-02
 234.5000000000    8.6883556170e-02
 235.0000000000    8.6910454878e-02
 235.5000000000    8.6935881466e-02
 236.0000000000    8.6959710481e-02
 236.5000000000    8.6982951490e-02
 237.0000000000    8.7012401931e-02
 237.5000000000    8.7040259880e-02
 238.0000000000    8.7066341230e-02
 238.5000000000    8.7090435228e-02
 239.0000000000    8.7122105946e-02
 239.5000000000    8.7151563084e-02
 240.0000000000    8.7178691087e-02
 240.5000000000    8.7205920742e-02
 241.0000000000    8.7238871724e-02
 241.5000000000    8.7269323855e-02
 242.0000000000    8.7297001187e-02
 242.5000000000    8.7330273411e-02
 243.0000000000    8.7363308939e-02
 243.5000000000    8.7393091189e-02
 244.0000000000    8.7425677703e-02
 244.5000000000    8.7461008653e-02
 245.0000000000    8.7492827688e-02
 245.5000000000    8.7526772050e-02
 246.0000000000    8.7563877054e-02
 246.5000000000    8.7596761555e-02
 247.0000000000    8.7633191659e-02
 247.5000000000    8.7670968500e-02
 248.0000000000    8.7704118709e-02
 248.5000000000    8.7744911350e-02
 249.0000000000    8.7782869931e-02
 249.5000000000    8.7819526986e-02
 250.0000000000    8.7861892397e-02
 250.5000000000    8.7898440528e-02
 251.0000000000    8.7941653840e-02
 251.5000000000    8.7982083589e-02
 252.0000000000    8.8023297486e-02
 252.5000000000    8.8067542868e-02
 253.0000000000    8.8107647546e-02
 253.5000000000    8.8155158718e-02
 254.0000000000    8.8195071543e-02
 254.5000000000    8.8244976477e-02
 255.0000000000    8.8287135397e-02
 255.5000000000    8.8337666691e-02
 256.0000000000    8.8381792031e-02
 256.5000000000    8.8433792570e-02
 257.0000000000    8.8479136423e-02
 257.5000000000    8.8533079095e-02
 258.0000000000    8.8579117561e-02
 258.5000000000    8.8635264518e-02
 259.0000000000    8.8684678022e-02
 259.5000000000    8.8740567457e-02
 260.0000000000    8.8794100526e-02
 260.5000000000    8.8848743575e-02
 261.0000000000    8.8906730843e-02
 261.5000000000    8.8959238237e-02
 262.0000000000    8.9021579949e-02
 262.5000000000    8.9079536683e-02
 263.0000000000    8.9138046753e-02
 263.5000000000    8.9201977836e-02
 264.0000000000    8.9262158404e-02
 264.5000000000    8.9325301349e-02
 265.0000000000    8.9391954237e-02
 265.5000000000    8.9455674260e-02
 266.0000000000    8.9520718698e-02
 266.5000000000    8.9591450569e-02
 267.0000000000    8.9660243813e-02
 267.5000000000    8.9727516768e-02
 268.0000000000    8.9800665721e-02
 268.5000000000    8.9875471917e-02
 269.0000000000    8.9949313542e-02
 269.5000000000    9.0022571678e-02
 270.0000000000    9.0097913291e-02
 270.5000000000    9.0178695505e-02
 271.0000000000    9.0259537254e-02
 271.5000000000    9.0340724552e-02
 272.0000000000    9.0422494337e-02
 272.5000000000    9.0505069923e-02
 273.0000000000    9.0588693229e-02
 273.5000000000    9.0676350893e-02
 274.0000000000    9.0766332948e-02
 274.5000000000    9.0857520883e-02
 275.0000000000    9.0950069512e-02
 275.5000000000    9.1044066100e-02
 276.0000000000    9.1139552734e-02
 276.5000000000    9.1236557048e-02
 277.0000000000    9.1335108829e-02
 277.5000000000    9.1435232727e-02
 278.0000000000    9.1536920211e-02
 278.5000000000    9.1640097386e-02
 279.0000000000    9.1744606238e-02
 279.5000000000    9.1850207848e-02
 280.0000000000    9.1961329091e-02
 280.5000000000    9.2073956828e-02
 281.0000000000    9.2187492853e-02
 281.5000000000    9.2301535692e-02
 282.0000000000    9.2415612535e-02
 282.5000000000    9.2529736605e-02
 283.0000000000    9.2652121362e-02
 283.5000000000    9.2773401740e-02
 284.0000000000    9.2892663562e-02
 284.5000000000    9.3013629555e-02
 285.0000000000    9.3139652602e-02
 285.5000000000    9.3261397268e-02
 286.0000000000    9.3384867008e-02
 286.5000000000    9.3510947214e-02
 287.0000000000    9.3629380165e-02
 287.5000000000    9.3757380686e-02
 288.0000000000    9.3875004905e-02
 288.5000000000    9.3998001444e-02
 289.0000000000    9.4110407860e-02
 289.5000000000    9.4227668635e-02
 290.0000000000    9.4332215148e-02
 290.5000000000    9.4438336966e-02
 291.0000000000    9.4534097953e-02
 291.5000000000    9.4617710428e-02
 292.0000000000    9.4698969134e-02
 292.5000000000    9.4763624826e-02
 293.0000000000    9.4810325998e-02
 293.5000000000    9.4844027892e-02
 294.0000000000    9.4858448140e-02
 294.5000000000    9.4847015663e-02
 295.0000000000    9.4806306813e-02
 295.5000000000    9.4732195525e-02
 296.0000000000    9.4619793253e-02
 296.5000000000    9.4466549430e-02
 297.0000000000    9.4263016367e-02
 297.5000000000    9.4000674315e-02
 298.0000000000    9.3671127188e-02
 298.5000000000    9.3264899598e-02
 299.0000000000    9.2771348413e-02
 299.5000000000    9.2178591823e-02
 300.0000000000    9.1473473567e-02
 300.5000000000    9.0641567226e-02
 301.0000000000    8.9667212762e-02
 301.5000000000    8.8533565719e-02
 302.0000000000    8.7223146781e-02
 302.5000000000    8.5729055878e-02
 303.0000000000    8.4022725705e-02
 303.5000000000    8.6550895696e-02
 304.0000000000    9.1923975181e-02
 304.5000000000    9.7504942053e-02
 305.0000000000    1.0327513299e-01
 305.5000000000    1.0921222625e-01
 306.0000000000    1.1529072179e-01
 306.5000000000    1.2148250800e-01
 307.0000000000    1.2775740527e-01
 307.5000000000    1.3408355300e-01
 308.0000000000    1.4042752229e-01
 308.5000000000    1.4675408964e-01
 309.0000000000    1.5302568399e-01
 309.5000000000    1.5920163449e-01
 310.0000000000    1.6523743505e-01
 310.5000000000    1.7108430766e-01
 311.0000000000    1.7668930426e-01
 311.5000000000    1.8199603307e-01
 312.0000000000    1.8694581086e-01
 312.5000000000    1.9147868232e-01
 313.0000000000    1.9553341719e-01
 313.5000000000    1.9904539046e-01
 314.0000000000    2.0194105073e-01
 314.5000000000    2.0412664489e-01
 315.0000000000    2.0546574930e-01
 315.5000000000    2.0573761944e-01
 316.0000000000    2.0457896043e-01
 316.5000000000    2.0144587779e-01
 317.0000000000    1.9566339950e-01
 317.5000000000    1.8659911358e-01
 318.0000000000    1.7390430717e-01
 318.5000000000    1.5770057512e-01
 319.0000000000    1.3862047638e-01
 319.5000000000    1.1769847560e-01
 320.0000000000    9.6173360256e-02
 320.5000000000    7.5275221258e-02
 321.0000000000    5.9532224492e-02
 321.5000000000    5.4509863450e-02
 322.0000000000    4.9878481673e-02
 322.5000000000    4.5620127205e-02
 323.0000000000    4.1797294443e-02
 323.5000000000    3.8383055310e-02
 324.0000000000    3.5266616179e-02
 324.5000000000    3.2412841697e-02
 325.0000000000    2.9788831514e-02
 325.5000000000    2.7367072610e-02
 326.0000000000    2.5126426468e-02
 326.5000000000    2.3051546984e-02
 327.0000000000    2.1131457142e-02
 327.5000000000    1.9357891211e-02
 328.0000000000    1.7723810131e-02
 328.5000000000    1.6222311567e-02
 329.0000000000    1.4846010291e-02
 329.5000000000    1.3586858102e-02
 330.0000000000    1.2436299699e-02
 330.5000000000    1.1385621264e-02
 331.0000000000    1.0426343004e-02
 331.5000000000    9.5505342402e-03
 332.0000000000    8.7687093122e-03
 332.5000000000    8.3290430956e-03
 333.0000000000    7.9069494522e-03
 333.5000000000    7.5006377285e-03
 334.0000000000    7.1090157395e-03
 334.5000000000    6.7314070254e-03
 335.0000000000    6.3673175337e-03
 335.5000000000    6.0163126885e-03
 336.0000000000    5.6780064967e-03
 336.5000000000    5.3521118333e-03
 337.0000000000    5.0384830766e-03
 337.5000000000    4.7371040075e-03
 338.0000000000    4.4480185330e-03
 338.5000000000    4.1712408515e-03
 339.0000000000    3.9066922340e-03
 339.5000000000    3.6541908507e-03
 340.0000000000    3.4134863657e-03
 340.5000000000    3.1843065655e-03
 341.0000000000    2.9668159174e-03
 341.5000000000    2.7677886146e-03
 342.0000000000    2.5786732332e-03
 342.5000000000    2.3992491394e-03
 343.0000000000    2.2292603927e-03
 343.5000000000    2.0684086372e-03
 344.0000000000    1.9163665671e-03
 344.5000000000    1.7728018335e-03
 345.0000000000    1.6373972626e-03
 345.5000000000    1.5098567526e-03
 346.0000000000    1.3899067718e-03
 346.5000000000    1.2772959546e-03
 347.0000000000    1.1833440273e-03
 347.5000000000    1.0954591510e-03
 348.0000000000    1.0133933644e-03
 348.5000000000    9.3699536850e-04
 349.0000000000    8.6613663232e-04
 349.5000000000    8.0070863715e-04
 350.0000000000    7.4061678037e-04
 350.5000000000    6.8577465937e-04
 351.0000000000    6.3609920225e-04
 351.5000000000    6.0229023984e-04
 352.0000000000    5.7665939897e-04
 352.5000000000    5.5166934465e-04
 353.0000000000    5.2731330853e-04
 353.5000000000    5.0356191637e-04
 354.0000000000    4.8038065746e-04
 354.5000000000    4.5775300989e-04
 355.0000000000    4.3569142769e-04
 355.5000000000    4.1422759861e-04
 356.0000000000    3.9338915777e-04
 356.5000000000    3.8841525505e-04
 357.0000000000    3.9555044628e-04
 357.5000000000    4.0661057400e-04
 358.0000000000    4.1619668453e-04
 358.5000000000    4.2428231439e-04
 359.0000000000    4.3137108251e-04
 359.5000000000    4.3710631826e-04
 360.0000000000    4.4150239844e-04
 360.5000000000    4.4522018556e-04
 361.0000000000    4.4771649199e-04
 361.5000000000    4.4909119323e-04
 362.0000000000    4.4942665539e-04
 362.5000000000    4.4878238928e-04
 363.0000000000    4.4721202720e-04
 363.5000000000    4.4478684531e-04
 364.0000000000    4.4160464027e-04
 364.5000000000    4.3777483083e-04
 365.0000000000    4.3339085875e-04
 365.5000000000    4.2851243547e-04
 366.0000000000    4.2317283927e-04
 366.5000000000    4.1740577843e-04
 367.0000000000    4.1126954204e-04
 367.5000000000    4.0484780809e-04
 368.0000000000    3.9822561584e-04
 368.5000000000    3.9146019134e-04
 369.0000000000    3.8457137680e-04
 369.5000000000    3.7756047185e-04
 370.0000000000    3.7044227123e-04
 370.5000000000    3.6326334612e-04
 371.0000000000    3.5609059158e-04
 371.5000000000    3.4897882652e-04
 372.0000000000    3.4194433595e-04
 372.5000000000    3.3496702216e-04
 373.0000000000    3.2802019043e-04
 373.5000000000    3.2110352687e-04
 374.0000000000    3.1425158754e-04
 374.5000000000    3.0751025270e-04
 375.0000000000    3.0090057355e-04
 375.5000000000    2.9440079019e-04
 376.0000000000    2.8796270445e-04
 376.5000000000    2.8154976192e-04
 377.0000000000    2.7516549754e-04
 377.5000000000    2.6884838537e-04
 378.0000000000    2.6263692772e-04
 378.5000000000    2.5653416630e-04
 379.0000000000    2.5050211550e-04
 379.5000000000    2.4449184122e-04
 380.0000000000    2.3848441880e-04
 380.5000000000    2.3250814287e-04
 381.0000000000    2.2661665748e-04
 381.5000000000    2.2084551071e-04
 382.0000000000    2.1518398024e-04
 382.5000000000    2.0958703469e-04
 383.0000000000    2.0401797538e-04
 383.5000000000    1.9848537053e-04
 384.0000000000    1.9304199253e-04
 384.5000000000    1.8774551793e-04
 385.0000000000    1.8261417230e-04
 385.5000000000    1.7761616409e-04
 386.0000000000    1.7270282053e-04
 386.5000000000    1.6785692602e-04
 387.0000000000    1.6311396978e-04
 387.5000000000    1.5853720749e-04
 388.0000000000    1.5525624124e-04
 388.5000000000    1.5300663547e-04
 389.0000000000    1.5086307081e-04
 389.5000000000    1.4886337988e-04
 390.0000000000    1.4697682281e-04
 390.5000000000    1.4513311866e-04
 391.0000000000    1.4328682912e-04
 391.5000000000    1.4144918993e-04
 392.0000000000    1.3967115457e-04
 392.5000000000    1.3799361660e-04
 393.0000000000    1.3640578097e-04
 393.5000000000    1.3485939655e-04
 394.0000000000    1.3330909685e-04
 394.5000000000    1.3174898503e-04
 395.0000000000    1.3021266832e-04
 395.5000000000    1.2873996136e-04
 396.0000000000    1.2734172147e-04
 396.5000000000    1.2599214117e-04
 397.0000000000    1.2464942033e-04
 397.5000000000    1.2329448075e-04
 398.0000000000    1.2193908774e-04
 398.5000000000    1.2061726932e-04
 399.0000000000    1.1935228394e-04
 399.5000000000    1.1814090593e-04
 400.0000000000    1.1695390947e-04
 400.5000000000    1.1576333325e-04
 401.0000000000    1.1456358954e-04
 401.5000000000    1.1337446306e-04
 402.0000000000    1.1222346271e-04
 402.5000000000    1.1112301191e-04
 403.0000000000    1.1006109439e-04
 403.5000000000    1.0901201113e-04
 404.0000000000    1.0795779844e-04
 404.5000000000    1.0690167354e-04
 405.0000000000    1.0586421783e-04
 405.5000000000    1.0486757310e-04
 406.0000000000    1.0391551641e-04
 406.5000000000    1.0299332960e-04
 407.0000000000    1.0207719538e-04
 407.5000000000    1.0115616987e-04
 408.0000000000    1.0024005240e-04
 408.5000000000    9.9349446745e-05
 409.0000000000    9.8500390838e-05
 409.5000000000    9.7690225514e-05
 410.0000000000    9.6900076030e-05
 410.5000000000    9.6564592622e-05
 411.0000000000    9.6825494182e-05
 411.5000000000    9.7031890331e-05
 412.0000000000    9.7168109188e-05
 412.5000000000    9.7270364384e-05
 413.0000000000    9.7393657213e-05
 413.5000000000    9.7562783453e-05
 414.0000000000    9.7749612736e-05
 414.5000000000    9.7896217930e-05
 415.0000000000    9.7963497120e-05
 415.5000000000    9.7963352550e-05
 416.0000000000    9.7947236233e-05
 416.5000000000    9.7961041344e-05
 417.0000000000    9.8005000937e-05
 417.5000000000    9.8033165065e-05
 418.0000000000    9.8003367334e-05
 418.5000000000    9.7954352677e-05
 419.0000000000    9.7826511116e-05
 419.5000000000    9.7664593877e-05
 420.0000000000    9.7520814054e-05
 420.5000000000    9.7410510384e-05
 421.0000000000    9.7299710294e-05
 421.5000000000    9.7135095776e-05
 422.0000000000    9.6890247093e-05
 422.5000000000    9.6588658651e-05
 423.0000000000    9.6284334051e-05
 423.5000000000    9.6016591378e-05
 424.0000000000    9.5777597298e-05
 424.5000000000    9.5520389739e-05
 425.0000000000    9.5200173978e-05
 425.5000000000    9.4813319837e-05
 426.0000000000    9.4401159601e-05
 426.5000000000    9.4015714082e-05
 427.0000000000    9.3676457831e-05
 427.5000000000    9.3354935755e-05
 428.0000000000    9.3000215489e-05
 428.5000000000    9.2583059347e-05
 429.0000000000    9.2121239278e-05
 429.5000000000    9.1664922903e-05
 430.0000000000    9.1254634421e-05
 430.5000000000    9.0887433537e-05
 431.0000000000    9.0520155617e-05
 431.5000000000    9.0106702270e-05
 432.0000000000    8.9637346319e-05
 432.5000000000    8.9146945694e-05
 433.0000000000    8.8685453751e-05
 433.5000000000    8.8275716205e-05
 434.0000000000    8.7894398011e-05
 434.5000000000    8.7492219523e-05
 435.0000000000    8.7035923827e-05
 435.5000000000    8.6536264586e-05
 436.0000000000    8.6038692886e-05
 436.5000000000    8.5584776854e-05
 437.0000000000    8.5176985274e-05
 437.5000000000    8.4776812984e-05
 438.0000000000    8.4337654182e-05
 438.5000000000    8.3844172939e-05
 439.0000000000    8.3324955930e-05
 439.5000000000    8.2828068001e-05
 440.0000000000    8.2380194814e-05
 440.5000000000    8.1964043527e-05
 441.0000000000    8.1533239657e-05
 441.5000000000    8.1051718262e-05
 442.0000000000    8.0524017188e-05
 442.5000000000    7.9991133189e-05
 443.0000000000    7.9495623635e-05
 443.5000000000    7.9045474001e-05
 444.0000000000    7.8607511224e-05
 444.5000000000    7.8135841662e-05
 445.0000000000    7.7610782378e-05
 445.5000000000    7.7055339456e-05
 446.0000000000    7.6515613542e-05
 446.5000000000    7.6021756933e-05
 447.0000000000    7.5562617518e-05
 447.5000000000    7.5095673024e-05
 448.0000000000    7.4583493015e-05
 448.5000000000    7.4025525309e-05
 449.0000000000    7.3458528018e-05
 449.5000000000    7.2925539397e-05
 450.0000000000    7.2439610269e-05
 450.5000000000    7.1973177366e-05
 451.0000000000    7.1482038936e-05
 451.5000000000    7.0943123996e-05
 452.0000000000    7.0374035780e-05
 452.5000000000    6.9818225862e-05
 453.0000000000    6.9308355307e-05
 453.5000000000    6.8838922443e-05
 454.0000000000    6.8371502920e-05
 454.5000000000    6.7867803687e-05
 455.0000000000    6.7322224232e-05
 455.5000000000    6.6766603180e-05
 456.0000000000    6.6243337391e-05
 456.5000000000    6.5769635351e-05
 457.0000000000    6.5323289367e-05
 457.5000000000    6.4861996430e-05
 458.0000000000    6.4359442627e-05
 458.5000000000    6.3827451746e-05
 459.0000000000    6.3305926368e-05
 459.5000000000    6.2829002234e-05
 460.0000000000    6.2396221518e-05
 460.5000000000    6.1973232415e-05
 461.0000000000    6.1521045432e-05
 461.5000000000    6.1029067294e-05
 462.0000000000    6.0523757606e-05
 462.5000000000    6.0046091702e-05
 463.0000000000    5.9616674024e-05
 463.5000000000    5.9218328290e-05
 464.0000000000    5.8811101328e-05
 464.5000000000    5.8366095652e-05
 465.0000000000    5.7889723248e-05
 465.5000000000    5.7418088018e-05
 466.0000000000    5.6986256689e-05
 466.5000000000    5.6598505916e-05
 467.0000000000    5.6224842414e-05
 467.5000000000    5.5826793051e-05
 468.0000000000    5.5389801766e-05
 468.5000000000    5.4935451053e-05
 469.0000000000    5.4503056426e-05
 469.5000000000    5.4116013566e-05
 470.0000000000    5.3773467575e-05
 470.5000000000    5.3605054633e-05
 471.0000000000    5.3435643958e-05
 471.5000000000    5.3277316657e-05
 472.0000000000    5.3133457946e-05
 472.5000000000    5.2996821290e-05
 473.0000000000    5.2854852603e-05
 473.5000000000    5.2701151227e-05
 474.0000000000    5.2540143196e-05
 474.5000000000    5.2383713784e-05
 475.0000000000    5.2240500072e-05
 475.5000000000    5.2109425698e-05
 476.0000000000    5.1980119020e-05
 476.5000000000    5.1842036595e-05
 477.0000000000    5.1693691651e-05
 477.5000000000    5.1542846117e-05
 478.0000000000    5.1401043978e-05
 478.5000000000    5.1272756012e-05
 479.0000000000    5.1152489732e-05
 479.5000000000    5.1029397702e-05
 480.0000000000    5.0896141573e-05
 480.5000000000    5.0755234890e-05
 481.0000000000    5.0617127594e-05
 481.5000000000    5.0490600939e-05
 482.0000000000    5.0375997510e-05
 482.5000000000    5.0264833380e-05
 483.0000000000    5.0147095234e-05
 483.5000000000    5.0019477095e-05
 484.0000000000    4.9888262693e-05
 484.5000000000    4.9764061946e-05
 485.0000000000    4.9652377371e-05
 485.5000000000    4.9549418715e-05
 486.0000000000    4.9445194216e-05
 486.5000000000    4.9331984708e-05
 487.0000000000    4.9211107903e-05
 487.5000000000    4.9091144163e-05
 488.0000000000    4.8981035280e-05
 488.5000000000    4.8882523058e-05
 489.0000000000    4.8788611861e-05
 489.5000000000    4.8689523106e-05
 490.0000000000    4.8581125624e-05
 490.5000000000    4.8468221565e-05
 491.0000000000    4.8360530643e-05
 491.5000000000    4.8264107758e-05
 492.0000000000    4.8176521457e-05
 492.5000000000    4.8088970993e-05
 493.0000000000    4.7993682242e-05
 493.5000000000    4.7890449785e-05
 494.0000000000    4.7786905125e-05
 494.5000000000    4.7691414317e-05
 495.0000000000    4.7606547150e-05
 495.5000000000    4.7526795241e-05
 496.0000000000    4.7443241075e-05
 496.5000000000    4.7351084930e-05
 497.0000000000    4.7253729774e-05
 497.5000000000    4.7159612049e-05
 498.0000000000    4.7075032324e-05
 498.5000000000    4.6999055382e-05
 499.0000000000    4.6924250449e-05
 499.5000000000    4.6842947265e-05
 500.0000000000    4.6753660367e-05
 500.5000000000    4.6662345256e-05
 501.0000000000    4.6577259215e-05
 501.5000000000    4.6501854196e-05
 502.0000000000    4.6432145931e-05
 502.5000000000    4.6359965453e-05
 503.0000000000    4.6279876170e-05
 503.5000000000    4.6193740987e-05
 504.0000000000    4.6109109712e-05
 504.5000000000    4.6032790750e-05
 505.0000000000    4.5965086611e-05
 505.5000000000    4.5899613330e-05
 506.0000000000    4.5828744099e-05
 506.5000000000    4.5750136779e-05
 507.0000000000    4.5668655264e-05
 507.5000000000    4.5592015288e-05
 508.0000000000    4.5524476878e-05
 508.5000000000    4.5463212085e-05
 509.0000000000    4.5400768123e-05
 509.5000000000    4.5331413479e-05
 510.0000000000    4.5255999194e-05
 510.5000000000    4.5181104232e-05
 511.0000000000    4.5113494741e-05
 511.5000000000    4.5054413542e-05
 512.0000000000    4.4998579230e-05
 512.5000000000    4.4938725413e-05
 513.0000000000    4.4871753274e-05
 513.5000000000    4.4801311817e-05
 514.0000000000    4.4734643062e-05
 514.5000000000    4.4676437450e-05
 515.0000000000    4.4624899749e-05
 515.5000000000    4.4573436554e-05
 516.0000000000    4.4516009790e-05
 516.5000000000    4.4452464535e-05
 517.0000000000    4.4388517470e-05
 517.5000000000    4.4330875886e-05
 518.0000000000    4.4281541410e-05
 518.5000000000    4.4236152217e-05
 519.0000000000    4.4187766222e-05
 519.5000000000    4.4132719682e-05
 520.0000000000    4.4073699224e-05
 520.5000000000    4.4017389218e-05
 521.0000000000    4.3968760109e-05
 521.5000000000    4.3926918920e-05
 522.0000000000    4.3885885208e-05
 522.5000000000    4.3839773917e-05
 523.0000000000    4.3787679647e-05
 523.5000000000    4.3734418617e-05
 524.0000000000    4.3686343039e-05
 524.5000000000    4.3646070140e-05
 525.0000000000    4.3610211447e-05
 525.5000000000    4.3572246488e-05
 526.0000000000    4.3528125805e-05
 526.5000000000    4.3479601665e-05
 527.0000000000    4.3432666764e-05
 527.5000000000    4.3392438263e-05
 528.0000000000    4.3358823682e-05
 528.5000000000    4.3326725309e-05
 529.0000000000    4.3290230922e-05
 529.5000000000    4.3247621260e-05
 530.0000000000    4.3202909020e-05
 530.5000000000    4.3162311952e-05
 531.0000000000    4.3128944378e-05
 531.5000000000    4.3100207076e-05
 532.0000000000    4.3070025709e-05
 532.5000000000    4.3034092145e-05
 533.0000000000    4.2993428508e-05
 533.5000000000    4.2953547910e-05
 534.0000000000    4.2919768730e-05
 534.5000000000    4.2892637511e-05
 535.0000000000    4.2867487383e-05
 535.5000000000    4.2838498468e-05
 536.0000000000    4.2803662786e-05
 536.5000000000    4.2766467989e-05
 537.0000000000    4.2732855266e-05
 537.5000000000    4.2706138174e-05
 538.0000000000    4.2684163298e-05
 538.5000000000    4.2661247924e-05
 539.0000000000    4.2633087497e-05
 539.5000000000    4.2600332795e-05
 540.0000000000    4.2567954877e-05
 540.5000000000    4.2541051268e-05
 541.0000000000    4.2520426826e-05
 541.5000000000    4.2501993540e-05
 542.0000000000    4.2480473358e-05
 542.5000000000    4.2453569096e-05
 543.0000000000    4.2424106046e-05
 543.5000000000    4.2397555041e-05
 544.0000000000    4.2377317438e-05
 544.5000000000    4.2361909102e-05
 545.0000000000    4.2346453087e-05
 545.5000000000    4.2326368743e-05
 546.0000000000    4.2301755993e-05
 546.5000000000    4.2277090600e-05
 547.0000000000    4.2257342433e-05
 547.5000000000    4.2243926747e-05
 548.0000000000    4.2233268028e-05
 548.5000000000    4.2220011744e-05
 549.0000000000    4.2201651848e-05
 549.5000000000    4.2180591579e-05
 550.0000000000    4.2161988155e-05
 550.5000000000    4.2149393330e-05
 551.0000000000    4.2141616565e-05
 551.5000000000    4.2133814524e-05
 552.0000000000    4.2121853514e-05
 552.5000000000    4.2105320760e-05
 553.0000000000    4.2088332870e-05
 553.5000000000    4.2075714894e-05
 554.0000000000    4.2068876050e-05
 554.5000000000    4.2064777836e-05
 555.0000000000    4.2058451547e-05
 555.5000000000    4.2047196706e-05
 556.0000000000    4.2033042152e-05
 556.5000000000    4.2020842547e-05
 557.0000000000    4.2014222456e-05
 557.5000000000    4.2012387180e-05
 558.0000000000    4.2010834490e-05
 558.5000000000    4.2005356272e-05
 559.0000000000    4.1995447266e-05
 559.5000000000    4.1984762801e-05
 560.0000000000    4.1978052863e-05
 560.5000000000    4.1976940017e-05
 561.0000000000    4.1978625495e-05
 561.5000000000    4.1978332290e-05
 562.0000000000    4.1973221592e-05
 562.5000000000    4.1965111825e-05
 563.0000000000    4.1958713210e-05
 563.5000000000    4.1957574659e-05
 564.0000000000    4.1961116539e-05
 564.5000000000    4.1965018776e-05
 565.0000000000    4.1965181381e-05
 565.5000000000    4.1961225253e-05
 566.0000000000    4.1956501696e-05
 566.5000000000    4.1955508457e-05
 567.0000000000    4.1959811705e-05
 567.5000000000    4.1966793975e-05
 568.0000000000    4.1972162998e-05
 568.5000000000    4.1973070808e-05
 569.0000000000    4.1971080341e-05
 569.5000000000    4.1970526919e-05
 570.0000000000    4.1974812123e-05
 570.5000000000    4.1983558059e-05
 571.0000000000    4.1992803166e-05
 571.5000000000    4.1998708396e-05
 572.0000000000    4.2000614204e-05
 572.5000000000    4.2001574478e-05
 573.0000000000    4.2005933263e-05
 573.5000000000    4.2015412579e-05
 574.0000000000    4.2027903172e-05
 574.5000000000    4.2038884925e-05
 575.0000000000    4.2045752047e-05
 575.5000000000    4.2049887857e-05
 576.0000000000    4.2055329949e-05
 576.5000000000    4.2065500958e-05
 577.0000000000    4.2080059983e-05
 577.5000000000    4.2095554795e-05
 578.0000000000    4.2107697469e-05
 578.5000000000    4.2115818052e-05
 579.0000000000    4.2122975717e-05
 579.5000000000    4.2133329027e-05
 580.0000000000    4.2148600783e-05
 580.5000000000    4.2166486737e-05
 581.0000000000    4.2182993953e-05
 581.5000000000    4.2195197228e-05
 582.0000000000    4.2204403857e-05
 582.5000000000    4.2214683293e-05
 583.0000000000    4.2229462882e-05
 583.5000000000    4.2248402786e-05
 584.0000000000    4.2267856129e-05
 584.5000000000    4.2284175219e-05
 585.0000000000    4.2296576507e-05
 585.5000000000    4.2307881748e-05
 586.0000000000    4.2322244638e-05
 586.5000000000    4.2341437144e-05
 587.0000000000    4.2363571452e-05
 587.5000000000    4.2384371263e-05
 588.0000000000    4.2401255521e-05
 588.5000000000    4.2415412096e-05
 589.0000000000    4.2430697866e-05
 589.5000000000    4.2450543832e-05
 590.0000000000    4.2474786721e-05
 590.5000000000    4.2500157678e-05
 591.0000000000    4.2522409643e-05
 591.5000000000    4.2540771306e-05
 592.0000000000    4.2558094957e-05
 592.5000000000    4.2578582425e-05
 593.0000000000    4.2604091785e-05
 593.5000000000    4.2632411094e-05
 594.0000000000    4.2659410447e-05
 594.5000000000    4.2682015174e-05
 595.0000000000    4.2701579768e-05
 595.5000000000    4.2722245362e-05
 596.0000000000    4.2747397502e-05
 596.5000000000    4.2776723644e-05
 597.0000000000    4.2806384218e-05
 597.5000000000    4.2832756326e-05
 598.0000000000    4.2854725829e-05
 598.5000000000    4.2875479058e-05
 599.0000000000    4.2899324515e-05
 599.5000000000    4.2928091789e-05
 600.0000000000    4.2959364298e-05
 600.5000000000    4.2988779666e-05
 601.0000000000    4.3014108614e-05
 601.5000000000    4.3036346122e-05
 602.0000000000    4.3059699046e-05
 602.5000000000    4.3087589008e-05
 603.0000000000    4.3119919788e-05
 603.5000000000    4.3152891674e-05
 604.0000000000    4.3182627485e-05
 604.5000000000    4.3208381118e-05
 605.0000000000    4.3232975228e-05
 605.5000000000    4.3260825227e-05
 606.0000000000    4.3293980729e-05
 606.5000000000    4.3330296316e-05
 607.0000000000    4.3365124893e-05
 607.5000000000    4.3395864918e-05
 608.0000000000    4.3423249407e-05
 608.5000000000    4.3451690817e-05
 609.0000000000    4.3485059908e-05
 609.5000000000    4.3523415486e-05
 610.0000000000    4.3562572963e-05
 610.5000000000    4.3598108897e-05
 611.0000000000    4.3628957768e-05
 611.5000000000    4.3658237830e-05
 612.0000000000    4.3690912990e-05
 612.5000000000    4.3729141716e-05
 613.0000000000    4.3770595754e-05
 613.5000000000    4.3809978279e-05
 614.0000000000    4.3844223401e-05
 614.5000000000    4.3874765107e-05
 615.0000000000    4.3906361432e-05
 615.5000000000    4.3943121724e-05
 616.0000000000    4.3984694186e-05
 616.5000000000    4.4026879287e-05
 617.0000000000    4.4064798054e-05
 617.5000000000    4.4097655337e-05
 618.0000000000    4.4129153735e-05
 618.5000000000    4.4164310452e-05
 619.0000000000    4.4205275285e-05
 619.5000000000    4.4249278289e-05
 620.0000000000    4.4291481917e-05
 620.5000000000    4.4328352821e-05
 621.0000000000    4.4361616377e-05
 621.5000000000    4.4396129070e-05
 622.0000000000    4.4436056790e-05
 622.5000000000    4.4481190283e-05
 623.0000000000    4.4527083671e-05
 623.5000000000    4.4569049315e-05
 624.0000000000    4.4605561759e-05
 624.5000000000    4.4640444817e-05
 625.0000000000    4.4678905277e-05
 625.5000000000    4.4723535208e-05
 626.0000000000    4.4771763252e-05
 626.5000000000    4.4818149942e-05
 627.0000000000    4.4858956987e-05
 627.5000000000    4.4895143735e-05
 628.0000000000    4.4932191281e-05
 628.5000000000    4.4974995028e-05
 629.0000000000    4.5023758441e-05
 629.5000000000    4.5073639751e-05
 630.0000000000    4.5119107158e-05
 630.5000000000    4.5158370322e-05
 631.0000000000    4.5195176436e-05
 631.5000000000    4.5235856346e-05
 632.0000000000    4.5283687015e-05
 632.5000000000    4.5335856136e-05
 633.0000000000    4.5385911529e-05
 633.5000000000    4.5429732612e-05
 634.0000000000    4.5468211824e-05
 634.5000000000    4.5507447771e-05
 635.0000000000    4.5553166536e-05
 635.5000000000    4.5605720155e-05
 636.0000000000    4.5659590320e-05
 636.5000000000    4.5708373723e-05
 637.0000000000    4.5750286352e-05
 637.5000000000    4.5789343664e-05
 638.0000000000    4.5832557557e-05
 638.5000000000    4.5883564350e-05
 639.0000000000    4.5939422155e-05
 639.5000000000    4.5993058148e-05
 640.0000000000    4.6039782057e-05
 640.5000000000    4.6080639367e-05
 641.0000000000    4.6122090130e-05
 641.5000000000    4.6170422183e-05
 642.0000000000    4.6226309219e-05
 642.5000000000    4.6283945639e-05
 643.0000000000    4.6336244602e-05
 643.5000000000    4.6381105786e-05
 644.0000000000    4.6422536758e-05
 644.5000000000    4.6468151848e-05
 645.0000000000    4.6522213530e-05
 645.5000000000    4.6582029733e-05
 646.0000000000    4.6639917559e-05
 646.5000000000    4.6690295686e-05
 647.0000000000    4.6734000826e-05
 647.5000000000    4.6777845118e-05
 648.0000000000    4.6829008144e-05
 648.5000000000    4.6888617702e-05
 649.0000000000    4.6950769760e-05
 649.5000000000    4.7007245532e-05
 650.0000000000    4.7055286593e-05
 650.5000000000    4.7099003284e-05
 651.0000000000    4.7146815458e-05
 651.5000000000    4.7203813671e-05
 652.0000000000    4.7267266170e-05
 652.5000000000    4.7328982149e-05
 653.0000000000    4.7381926813e-05
 653.5000000000    4.7427104603e-05
 654.0000000000    4.7471717838e-05
 654.5000000000    4.7523935650e-05
 655.0000000000    4.7585309448e-05
 655.5000000000    4.7649312162e-05
 656.0000000000    4.7707414250e-05
 656.5000000000    4.7755503617e-05
 657.0000000000    4.7798471437e-05
 657.5000000000    4.7845688053e-05
 658.0000000000    4.7902937341e-05
 658.5000000000    4.7967544776e-05
 659.0000000000    4.8030468762e-05
 659.5000000000    4.8084542813e-05
 660.0000000000    4.8129948446e-05
 660.5000000000    4.8174794883e-05
 661.0000000000    4.8228122980e-05
 661.5000000000    4.8292115688e-05
 662.0000000000    4.8359990774e-05
 662.5000000000    4.8421876572e-05
 663.0000000000    4.8473804445e-05
 663.5000000000    4.8519927003e-05
 664.0000000000    4.8570272329e-05
 664.5000000000    4.8631566586e-05
 665.0000000000    4.8701591256e-05
 665.5000000000    4.8770633322e-05
 666.0000000000    4.8830129135e-05
 666.5000000000    4.8879951797e-05
 667.0000000000    4.8928116914e-05
 667.5000000000    4.8984693766e-05
 668.0000000000    4.9052683299e-05
 668.5000000000    4.9125593628e-05
 669.0000000000    4.9192527096e-05
 669.5000000000    4.9247882854e-05
 670.0000000000    4.9296074483e-05
 670.5000000000    4.9347701734e-05
 671.0000000000    4.9410900207e-05
 671.5000000000    4.9483888570e-05
 672.0000000000    4.9556613289e-05
 672.5000000000    4.9619012129e-05
 673.0000000000    4.9669756150e-05
 673.5000000000    4.9717806170e-05
 674.0000000000    4.9774290367e-05
 674.5000000000    4.9843399834e-05
 675.0000000000    4.9918254842e-05
 675.5000000000    4.9986776654e-05
 676.0000000000    5.0042461889e-05
 676.5000000000    5.0089064626e-05
 677.0000000000    5.0138571956e-05
 677.5000000000    5.0200449810e-05
 678.0000000000    5.0273400768e-05
 678.5000000000    5.0346701710e-05
 679.0000000000    5.0408961793e-05
 679.5000000000    5.0458143347e-05
 680.0000000000    5.0503738380e-05
 680.5000000000    5.0558102954e-05
 681.0000000000    5.0626537413e-05
 681.5000000000    5.0702241790e-05
 682.0000000000    5.0772082520e-05
 682.5000000000    5.0828299826e-05
 683.0000000000    5.0874189691e-05
 683.5000000000    5.0922367455e-05
 684.0000000000    5.0983658282e-05
 684.5000000000    5.1057659037e-05
 685.0000000000    5.1133174196e-05
 685.5000000000    5.1197560189e-05
 686.0000000000    5.1247346767e-05
 686.5000000000    5.1291801251e-05
 687.0000000000    5.1344676800e-05
 687.5000000000    5.1412738420e-05
 688.0000000000    5.1489765382e-05
 688.5000000000    5.1561678982e-05
 689.0000000000    5.1618847700e-05
 689.5000000000    5.1664068589e-05
 690.0000000000    5.1710380677e-05
 690.5000000000    5.1770326787e-05
 691.0000000000    5.1844811894e-05
 691.5000000000    5.1922270332e-05
 692.0000000000    5.1988850357e-05
 692.5000000000    5.2039465961e-05
 693.0000000000    5.2083275015e-05
 693.5000000000    5.2135413389e-05
 694.0000000000    5.2204129165e-05
 694.5000000000    5.2283586774e-05
 695.0000000000    5.2358617115e-05
 695.5000000000    5.2418183138e-05
 696.0000000000    5.2464211252e-05
 696.5000000000    5.2510620467e-05
 697.0000000000    5.2571398438e-05
 697.5000000000    5.2648231238e-05
 698.0000000000    5.2729199685e-05
 698.5000000000    5.2798634550e-05
 699.0000000000    5.2850745274e-05
 699.5000000000    5.2895056839e-05
 700.0000000000    5.2947599374e-05
