#          time             Min_Chi
   0.0000000000    8.3246541178e-01
   0.5000000000    8.3244569238e-01
   1.0000000000    8.3240873508e-01
   1.5000000000    8.3235534451e-01
   2.0000000000    8.3228865770e-01
   2.5000000000    8.3221195178e-01
   3.0000000000    8.3212802302e-01
   3.5000000000    8.3203880968e-01
   4.0000000000    8.3194663470e-01
   4.5000000000    8.3185301500e-01
   5.0000000000    8.3175882405e-01
   5.5000000000    8.3166441244e-01
   6.0000000000    8.3156920320e-01
   6.5000000000    8.3147398594e-01
   7.0000000000    8.3137865254e-01
   7.5000000000    8.3128183843e-01
   8.0000000000    8.3118441636e-01
   8.5000000000    8.3108593780e-01
   9.0000000000    8.3098565571e-01
   9.5000000000    8.3088454826e-01
  10.0000000000    8.3078124276e-01
  10.5000000000    8.3067687258e-01
  11.0000000000    8.3057068093e-01
  11.5000000000    8.3046300035e-01
  12.0000000000    8.3035387382e-01
  12.5000000000    8.3024305505e-01
  13.0000000000    8.3013116569e-01
  13.5000000000    8.3001749877e-01
  14.0000000000    8.2990303323e-01
  14.5000000000    8.2978675687e-01
  15.0000000000    8.2966979129e-01
  15.5000000000    8.2955129363e-01
  16.0000000000    8.2943227964e-01
  16.5000000000    8.2931170025e-01
  17.0000000000    8.2919078483e-01
  17.5000000000    8.2906851486e-01
  18.0000000000    8.2894586867e-01
  18.5000000000    8.2882204295e-01
  19.0000000000    8.2869789733e-01
  19.5000000000    8.2857289901e-01
  20.0000000000    8.2844722451e-01
  20.5000000000    8.2832151837e-01
  21.0000000000    8.2819486492e-01
  21.5000000000    8.2806802840e-01
  22.0000000000    8.2794042999e-01
  22.5000000000    8.2781306690e-01
  23.0000000000    8.2768460428e-01
  23.5000000000    8.2755667030e-01
  24.0000000000    8.2742739506e-01
  24.5000000000    8.2729866592e-01
  25.0000000000    8.2717027669e-01
  25.5000000000    8.2704099223e-01
  26.0000000000    8.2691185430e-01
  26.5000000000    8.2678235676e-01
  27.0000000000    8.2665349020e-01
  27.5000000000    8.2652373962e-01
  28.0000000000    8.2639456858e-01
  28.5000000000    8.2626521282e-01
  29.0000000000    8.2613602363e-01
  29.5000000000    8.2600684748e-01
  30.0000000000    8.2587661103e-01
  30.5000000000    8.2574837579e-01
  31.0000000000    8.2562087872e-01
  31.5000000000    8.2549208640e-01
  32.0000000000    8.2536332405e-01
  32.5000000000    8.2523535728e-01
  33.0000000000    8.2510793841e-01
  33.5000000000    8.2498005377e-01
  34.0000000000    8.2485291100e-01
  34.5000000000    8.2472609057e-01
  35.0000000000    8.2459933645e-01
  35.5000000000    8.2447345322e-01
  36.0000000000    8.2434712562e-01
  36.5000000000    8.2422178224e-01
  37.0000000000    8.2409684103e-01
  37.5000000000    8.2397186418e-01
  38.0000000000    8.2384789333e-01
  38.5000000000    8.2372383247e-01
  39.0000000000    8.2360049758e-01
  39.5000000000    8.2347786035e-01
  40.0000000000    8.2335515378e-01
  40.5000000000    8.2323352556e-01
  41.0000000000    8.2311197775e-01
  41.5000000000    8.2299101815e-01
  42.0000000000    8.2287110123e-01
  42.5000000000    8.2275088310e-01
  43.0000000000    8.2263182082e-01
  43.5000000000    8.2251323475e-01
  44.0000000000    8.2239500207e-01
  44.5000000000    8.2227779233e-01
  45.0000000000    8.2216035769e-01
  45.5000000000    8.2204401643e-01
  46.0000000000    8.2192857543e-01
  46.5000000000    8.2181302259e-01
  47.0000000000    8.2169860287e-01
  47.5000000000    8.2158439141e-01
  48.0000000000    8.2147068653e-01
  48.5000000000    8.2135805730e-01
  49.0000000000    8.2124493876e-01
  49.5000000000    8.2113277631e-01
  50.0000000000    8.2102085180e-01
  50.5000000000    8.2090874607e-01
  51.0000000000    8.2079724556e-01
  51.5000000000    8.2068493714e-01
  52.0000000000    8.2057267805e-01
  52.5000000000    8.2046013347e-01
  53.0000000000    8.2034646364e-01
  53.5000000000    8.2023271286e-01
  54.0000000000    8.2011763376e-01
  54.5000000000    8.2000221906e-01
  55.0000000000    8.1988670457e-01
  55.5000000000    8.1977064826e-01
  56.0000000000    8.1965568916e-01
  56.5000000000    8.1954133126e-01
  57.0000000000    8.1942847755e-01
  57.5000000000    8.1931802232e-01
  58.0000000000    8.1920885200e-01
  58.5000000000    8.1910242475e-01
  59.0000000000    8.1899846328e-01
  59.5000000000    8.1889603977e-01
  60.0000000000    8.1879609537e-01
  60.5000000000    8.1869759142e-01
  61.0000000000    8.1860047375e-01
  61.5000000000    8.1850530588e-01
  62.0000000000    8.1841055566e-01
  62.5000000000    8.1831730731e-01
  63.0000000000    8.1822516473e-01
  63.5000000000    8.1813342115e-01
  64.0000000000    8.1804310569e-01
  64.5000000000    8.1795310978e-01
  65.0000000000    8.1786402525e-01
  65.5000000000    8.1777610608e-01
  66.0000000000    8.1768825282e-01
  66.5000000000    8.1760171506e-01
  67.0000000000    8.1751558863e-01
  67.5000000000    8.1743019483e-01
  68.0000000000    8.1734601106e-01
  68.5000000000    8.1726175350e-01
  69.0000000000    8.1717893785e-01
  69.5000000000    8.1709642178e-01
  70.0000000000    8.1701476958e-01
  70.5000000000    8.1693424435e-01
  71.0000000000    8.1685365247e-01
  71.5000000000    8.1677442942e-01
  72.0000000000    8.1669569485e-01
  72.5000000000    8.1661763490e-01
  73.0000000000    8.1654076468e-01
  73.5000000000    8.1646398988e-01
  74.0000000000    8.1638829950e-01
  74.5000000000    8.1631326174e-01
  75.0000000000    8.1623887747e-01
  75.5000000000    8.1616565142e-01
  76.0000000000    8.1609251410e-01
  76.5000000000    8.1602073719e-01
  77.0000000000    8.1594908548e-01
  77.5000000000    8.1587848938e-01
  78.0000000000    8.1580873267e-01
  78.5000000000    8.1573920663e-01
  79.0000000000    8.1567128693e-01
  79.5000000000    8.1560312945e-01
  80.0000000000    8.1553628207e-01
  80.5000000000    8.1546982699e-01
  81.0000000000    8.1540424384e-01
  81.5000000000    8.1533953749e-01
  82.0000000000    8.1527500362e-01
  82.5000000000    8.1521192188e-01
  83.0000000000    8.1514879369e-01
  83.5000000000    8.1508684587e-01
  84.0000000000    8.1502523881e-01
  84.5000000000    8.1496444180e-01
  85.0000000000    8.1490488082e-01
  85.5000000000    8.1484531239e-01
  86.0000000000    8.1478698141e-01
  86.5000000000    8.1472857573e-01
  87.0000000000    8.1467161551e-01
  87.5000000000    8.1461482786e-01
  88.0000000000    8.1455887643e-01
  88.5000000000    8.1450366515e-01
  89.0000000000    8.1444896329e-01
  89.5000000000    8.1439537997e-01
  90.0000000000    8.1434162701e-01
  90.5000000000    8.1428928355e-01
  91.0000000000    8.1423705536e-01
  91.5000000000    8.1418615467e-01
  92.0000000000    8.1413499044e-01
  92.5000000000    8.1408491334e-01
  93.0000000000    8.1403568993e-01
  93.5000000000    8.1398689191e-01
  94.0000000000    8.1393864200e-01
  94.5000000000    8.1389097404e-01
  95.0000000000    8.1384446909e-01
  95.5000000000    8.1379778227e-01
  96.0000000000    8.1375248371e-01
  96.5000000000    8.1370700610e-01
  97.0000000000    8.1366293248e-01
  97.5000000000    8.1361865417e-01
  98.0000000000    8.1357564674e-01
  98.5000000000    8.1353269079e-01
  99.0000000000    8.1349081924e-01
  99.5000000000    8.1344911387e-01
 100.0000000000    8.1340827511e-01
 100.5000000000    8.1336783903e-01
 101.0000000000    8.1332811595e-01
 101.5000000000    8.1328886239e-01
 102.0000000000    8.1325019592e-01
 102.5000000000    8.1321215615e-01
 103.0000000000    8.1317455462e-01
 103.5000000000    8.1313766744e-01
 104.0000000000    8.1310112500e-01
 104.5000000000    8.1306537272e-01
 105.0000000000    8.1302990200e-01
 105.5000000000    8.1299523440e-01
 106.0000000000    8.1296081792e-01
 106.5000000000    8.1292723973e-01
 107.0000000000    8.1289385317e-01
 107.5000000000    8.1286131878e-01
 108.0000000000    8.1282901208e-01
 108.5000000000    8.1279748262e-01
 109.0000000000    8.1276620011e-01
 109.5000000000    8.1273567566e-01
 110.0000000000    8.1270543504e-01
 110.5000000000    8.1267586095e-01
 111.0000000000    8.1264666372e-01
 111.5000000000    8.1261802882e-01
 112.0000000000    8.1258987150e-01
 112.5000000000    8.1256214604e-01
 113.0000000000    8.1253500513e-01
 113.5000000000    8.1250815186e-01
 114.0000000000    8.1248205146e-01
 114.5000000000    8.1245603536e-01
 115.0000000000    8.1243095636e-01
 115.5000000000    8.1240575945e-01
 116.0000000000    8.1238171033e-01
 116.5000000000    8.1235734187e-01
 117.0000000000    8.1233425323e-01
 117.5000000000    8.1231080464e-01
 118.0000000000    8.1228847494e-01
 118.5000000000    8.1226604383e-01
 119.0000000000    8.1224438582e-01
 119.5000000000    8.1222293163e-01
 120.0000000000    8.1220194102e-01
 120.5000000000    8.1218150611e-01
 121.0000000000    8.1216124236e-01
 121.5000000000    8.1214183489e-01
 122.0000000000    8.1212227700e-01
 122.5000000000    8.1210384797e-01
 123.0000000000    8.1208492542e-01
 123.5000000000    8.1206707158e-01
 124.0000000000    8.1204917792e-01
 124.5000000000    8.1203192138e-01
 125.0000000000    8.1201504437e-01
 125.5000000000    8.1199839055e-01
 126.0000000000    8.1198249668e-01
 126.5000000000    8.1196639581e-01
 127.0000000000    8.1195134727e-01
 127.5000000000    8.1193593774e-01
 128.0000000000    8.1192141717e-01
 128.5000000000    8.1190702931e-01
 129.0000000000    8.1189298011e-01
 129.5000000000    8.1187960168e-01
 130.0000000000    8.1186603796e-01
 130.5000000000    8.1185345619e-01
 131.0000000000    8.1184056161e-01
 131.5000000000    8.1182842827e-01
 132.0000000000    8.1181654845e-01
 132.5000000000    8.1180482957e-01
 133.0000000000    8.1179396322e-01
 133.5000000000    8.1178264400e-01
 134.0000000000    8.1177226669e-01
 134.5000000000    8.1176189809e-01
 135.0000000000    8.1175186934e-01
 135.5000000000    8.1174253782e-01
 136.0000000000    8.1173285444e-01
 136.5000000000    8.1172405599e-01
 137.0000000000    8.1171521054e-01
 137.5000000000    8.1170673789e-01
 138.0000000000    8.1169892765e-01
 138.5000000000    8.1169078040e-01
 139.0000000000    8.1168343884e-01
 139.5000000000    8.1167610170e-01
 140.0000000000    8.1166908563e-01
 140.5000000000    8.1166281167e-01
 141.0000000000    8.1165599324e-01
 141.5000000000    8.1165002064e-01
 142.0000000000    8.1164425077e-01
 142.5000000000    8.1163846717e-01
 143.0000000000    8.1163348315e-01
 143.5000000000    8.1162820830e-01
 144.0000000000    8.1162343256e-01
 144.5000000000    8.1161924338e-01
 145.0000000000    8.1161461941e-01
 145.5000000000    8.1161074800e-01
 146.0000000000    8.1160708803e-01
 146.5000000000    8.1160337263e-01
 147.0000000000    8.1160036149e-01
 147.5000000000    8.1159722195e-01
 148.0000000000    8.1159437212e-01
 148.5000000000    8.1159218022e-01
 149.0000000000    8.1158954038e-01
 149.5000000000    8.1158748892e-01
 150.0000000000    8.1158594827e-01
 150.5000000000    8.1158401353e-01
 151.0000000000    8.1158267245e-01
 151.5000000000    8.1158167999e-01
 152.0000000000    8.1158055227e-01
 152.5000000000    8.1157990252e-01
 153.0000000000    8.1157934944e-01
 153.5000000000    8.1157892585e-01
 154.0000000000    8.1157907640e-01
 154.5000000000    8.1157907910e-01
 155.0000000000    8.1157918969e-01
 155.5000000000    8.1158000937e-01
 156.0000000000    8.1158068070e-01
 156.5000000000    8.1158134160e-01
 157.0000000000    8.1158269264e-01
 157.5000000000    8.1158405391e-01
 158.0000000000    8.1158531238e-01
 158.5000000000    8.1158715705e-01
 159.0000000000    8.1158911178e-01
 159.5000000000    8.1159094051e-01
 160.0000000000    8.1159329791e-01
 160.5000000000    8.1159588555e-01
 161.0000000000    8.1159823614e-01
 161.5000000000    8.1160110658e-01
 162.0000000000    8.1160431589e-01
 162.5000000000    8.1160713726e-01
 163.0000000000    8.1161042865e-01
 163.5000000000    8.1161425333e-01
 164.0000000000    8.1161760702e-01
 164.5000000000    8.1162136902e-01
 165.0000000000    8.1162557613e-01
 165.5000000000    8.1162967568e-01
 166.0000000000    8.1163381348e-01
 166.5000000000    8.1163843654e-01
 167.0000000000    8.1164332265e-01
 167.5000000000    8.1164786490e-01
 168.0000000000    8.1165287799e-01
 168.5000000000    8.1165833019e-01
 169.0000000000    8.1166343623e-01
 169.5000000000    8.1166876514e-01
 170.0000000000    8.1167451913e-01
 170.5000000000    8.1168044213e-01
 171.0000000000    8.1168604986e-01
 171.5000000000    8.1169206583e-01
 172.0000000000    8.1169844541e-01
 172.5000000000    8.1170459575e-01
 173.0000000000    8.1171081720e-01
 173.5000000000    8.1171741486e-01
 174.0000000000    8.1172441259e-01
 174.5000000000    8.1173086387e-01
 175.0000000000    8.1173768471e-01
 175.5000000000    8.1174484159e-01
 176.0000000000    8.1175219665e-01
 176.5000000000    8.1175918871e-01
 177.0000000000    8.1176654375e-01
 177.5000000000    8.1177423742e-01
 178.0000000000    8.1178201614e-01
 178.5000000000    8.1178951124e-01
 179.0000000000    8.1179733876e-01
 179.5000000000    8.1180547738e-01
 180.0000000000    8.1181370024e-01
 180.5000000000    8.1182162941e-01
 181.0000000000    8.1182983236e-01
 181.5000000000    8.1183824647e-01
 182.0000000000    8.1184679969e-01
 182.5000000000    8.1185483707e-01
 183.0000000000    8.1186303004e-01
 183.5000000000    8.1187135095e-01
 184.0000000000    8.1187981654e-01
 184.5000000000    8.1188788711e-01
 185.0000000000    8.1189595563e-01
 185.5000000000    8.1190420365e-01
 186.0000000000    8.1191277145e-01
 186.5000000000    8.1192149926e-01
 187.0000000000    8.1193004701e-01
 187.5000000000    8.1193900930e-01
 188.0000000000    8.1194839598e-01
 188.5000000000    8.1195815745e-01
 189.0000000000    8.1196784768e-01
 189.5000000000    8.1197752316e-01
 190.0000000000    8.1198743587e-01
 190.5000000000    8.1199751493e-01
 191.0000000000    8.1200770012e-01
 191.5000000000    8.1201755533e-01
 192.0000000000    8.1202727727e-01
 192.5000000000    8.1203711590e-01
 193.0000000000    8.1204711614e-01
 193.5000000000    8.1205732319e-01
 194.0000000000    8.1206749609e-01
 194.5000000000    8.1207754763e-01
 195.0000000000    8.1208782829e-01
 195.5000000000    8.1209830387e-01
 196.0000000000    8.1210895371e-01
 196.5000000000    8.1211976018e-01
 197.0000000000    8.1213019613e-01
 197.5000000000    8.1214065897e-01
 198.0000000000    8.1215123252e-01
 198.5000000000    8.1216191177e-01
 199.0000000000    8.1217272312e-01
 199.5000000000    8.1218370487e-01
 200.0000000000    8.1219440072e-01
 200.5000000000    8.1220520824e-01
 201.0000000000    8.1221619571e-01
 201.5000000000    8.1222731291e-01
 202.0000000000    8.1223852961e-01
 202.5000000000    8.1224985161e-01
 203.0000000000    8.1226110870e-01
 203.5000000000    8.1227210387e-01
 204.0000000000    8.1228318000e-01
 204.5000000000    8.1229432892e-01
 205.0000000000    8.1230553573e-01
 205.5000000000    8.1231681179e-01
 206.0000000000    8.1232816691e-01
 206.5000000000    8.1233961278e-01
 207.0000000000    8.1235077253e-01
 207.5000000000    8.1236198433e-01
 208.0000000000    8.1237326818e-01
 208.5000000000    8.1238462546e-01
 209.0000000000    8.1239602569e-01
 209.5000000000    8.1240747302e-01
 210.0000000000    8.1241897708e-01
 210.5000000000    8.1243052555e-01
 211.0000000000    8.1244201416e-01
 211.5000000000    8.1245330885e-01
 212.0000000000    8.1246462754e-01
 212.5000000000    8.1247598284e-01
 213.0000000000    8.1248740334e-01
 213.5000000000    8.1249884534e-01
 214.0000000000    8.1251029808e-01
 214.5000000000    8.1252179927e-01
 215.0000000000    8.1253332041e-01
 215.5000000000    8.1254480534e-01
 216.0000000000    8.1255628814e-01
 216.5000000000    8.1256778305e-01
 217.0000000000    8.1257905979e-01
 217.5000000000    8.1259032680e-01
 218.0000000000    8.1260160965e-01
 218.5000000000    8.1261290449e-01
 219.0000000000    8.1262415110e-01
 219.5000000000    8.1263541192e-01
 220.0000000000    8.1264666773e-01
 220.5000000000    8.1265790493e-01
 221.0000000000    8.1266911694e-01
 221.5000000000    8.1268029411e-01
 222.0000000000    8.1269142690e-01
 222.5000000000    8.1270251896e-01
 223.0000000000    8.1271358646e-01
 223.5000000000    8.1272458953e-01
 224.0000000000    8.1273557422e-01
 224.5000000000    8.1274649790e-01
 225.0000000000    8.1275736036e-01
 225.5000000000    8.1276814205e-01
 226.0000000000    8.1277887517e-01
 226.5000000000    8.1278953191e-01
 227.0000000000    8.1280012500e-01
 227.5000000000    8.1281064827e-01
 228.0000000000    8.1282109319e-01
 228.5000000000    8.1283145122e-01
 229.0000000000    8.1284172219e-01
 229.5000000000    8.1285191912e-01
 230.0000000000    8.1286204145e-01
 230.5000000000    8.1287209147e-01
 231.0000000000    8.1288205776e-01
 231.5000000000    8.1289193621e-01
 232.0000000000    8.1290171351e-01
 232.5000000000    8.1291138709e-01
 233.0000000000    8.1292096137e-01
 233.5000000000    8.1293044495e-01
 234.0000000000    8.1293982384e-01
 234.5000000000    8.1294909112e-01
 235.0000000000    8.1295824396e-01
 235.5000000000    8.1296727278e-01
 236.0000000000    8.1297617934e-01
 236.5000000000    8.1298496752e-01
 237.0000000000    8.1299365572e-01
 237.5000000000    8.1300223746e-01
 238.0000000000    8.1301071799e-01
 238.5000000000    8.1301909917e-01
 239.0000000000    8.1302739146e-01
 239.5000000000    8.1303559407e-01
 240.0000000000    8.1304371471e-01
 240.5000000000    8.1305175724e-01
 241.0000000000    8.1305969681e-01
 241.5000000000    8.1306733942e-01
 242.0000000000    8.1307482848e-01
 242.5000000000    8.1308220116e-01
 243.0000000000    8.1308950277e-01
 243.5000000000    8.1309671353e-01
 244.0000000000    8.1310386869e-01
 244.5000000000    8.1311095480e-01
 245.0000000000    8.1311796340e-01
 245.5000000000    8.1312492056e-01
 246.0000000000    8.1313180593e-01
 246.5000000000    8.1313856124e-01
 247.0000000000    8.1314502888e-01
 247.5000000000    8.1315147116e-01
 248.0000000000    8.1315789385e-01
 248.5000000000    8.1316429955e-01
 249.0000000000    8.1317070461e-01
 249.5000000000    8.1317711626e-01
 250.0000000000    8.1318356070e-01
 250.5000000000    8.1319000249e-01
 251.0000000000    8.1319613488e-01
 251.5000000000    8.1320232793e-01
 252.0000000000    8.1320860029e-01
 252.5000000000    8.1321496120e-01
 253.0000000000    8.1322142534e-01
 253.5000000000    8.1322802758e-01
 254.0000000000    8.1323471752e-01
 254.5000000000    8.1324116893e-01
 255.0000000000    8.1324781168e-01
 255.5000000000    8.1325466318e-01
 256.0000000000    8.1326174281e-01
 256.5000000000    8.1326909948e-01
 257.0000000000    8.1327676627e-01
 257.5000000000    8.1328431562e-01
 258.0000000000    8.1329215329e-01
 258.5000000000    8.1330037360e-01
 259.0000000000    8.1330899077e-01
 259.5000000000    8.1331804076e-01
 260.0000000000    8.1332754883e-01
 260.5000000000    8.1333702613e-01
 261.0000000000    8.1334705590e-01
 261.5000000000    8.1335767047e-01
 262.0000000000    8.1336889694e-01
 262.5000000000    8.1338080199e-01
 263.0000000000    8.1339313263e-01
 263.5000000000    8.1340591082e-01
 264.0000000000    8.1341949968e-01
 264.5000000000    8.1343394700e-01
 265.0000000000    8.1344925056e-01
 265.5000000000    8.1346535902e-01
 266.0000000000    8.1348199979e-01
 266.5000000000    8.1349965578e-01
 267.0000000000    8.1351838636e-01
 267.5000000000    8.1353829097e-01
 268.0000000000    8.1355937528e-01
 268.5000000000    8.1358114061e-01
 269.0000000000    8.1360422204e-01
 269.5000000000    8.1362869269e-01
 270.0000000000    8.1365461206e-01
 270.5000000000    8.1368200273e-01
 271.0000000000    8.1371039698e-01
 271.5000000000    8.1374043810e-01
 272.0000000000    8.1377218052e-01
 272.5000000000    8.1380566744e-01
 273.0000000000    8.1384081080e-01
 273.5000000000    8.1387735465e-01
 274.0000000000    8.1391585011e-01
 274.5000000000    8.1395635639e-01
 275.0000000000    8.1399896503e-01
 275.5000000000    8.1404339550e-01
 276.0000000000    8.1408973168e-01
 276.5000000000    8.1413836826e-01
 277.0000000000    8.1418932053e-01
 277.5000000000    8.1424261020e-01
 278.0000000000    8.1429776929e-01
 278.5000000000    8.1435541472e-01
 279.0000000000    8.1441556934e-01
 279.5000000000    8.1447835546e-01
 280.0000000000    8.1454316702e-01
 280.5000000000    8.1461054859e-01
 281.0000000000    8.1468064731e-01
 281.5000000000    8.1475343029e-01
 282.0000000000    8.1482827372e-01
 282.5000000000    8.1490586404e-01
 283.0000000000    8.1498622128e-01
 283.5000000000    8.1506873700e-01
 284.0000000000    8.1515376219e-01
 284.5000000000    8.1524149360e-01
 285.0000000000    8.1533118317e-01
 285.5000000000    8.1542326025e-01
 286.0000000000    8.1551766709e-01
 286.5000000000    8.1561365838e-01
 287.0000000000    8.1571198205e-01
 287.5000000000    8.1581138679e-01
 288.0000000000    8.1591273292e-01
 288.5000000000    8.1601470102e-01
 289.0000000000    8.1611777035e-01
 289.5000000000    8.1622134080e-01
 290.0000000000    8.1632458190e-01
 290.5000000000    8.1556951365e-01
 291.0000000000    8.1329041621e-01
 291.5000000000    8.1097087201e-01
 292.0000000000    8.0861045636e-01
 292.5000000000    8.0620876029e-01
 293.0000000000    8.0376540136e-01
 293.5000000000    8.0128002191e-01
 294.0000000000    7.9875226016e-01
 294.5000000000    7.9618175158e-01
 295.0000000000    7.9356814335e-01
 295.5000000000    7.9091110997e-01
 296.0000000000    7.8821034896e-01
 296.5000000000    7.8546558199e-01
 297.0000000000    7.8267654180e-01
 297.5000000000    7.7984296411e-01
 298.0000000000    7.7696457981e-01
 298.5000000000    7.7404111934e-01
 299.0000000000    7.7107233072e-01
 299.5000000000    7.6805798779e-01
 300.0000000000    7.6499787803e-01
 300.5000000000    7.6189177549e-01
 301.0000000000    7.5873944538e-01
 301.5000000000    7.5554062305e-01
 302.0000000000    7.5229503462e-01
 302.5000000000    7.4900239907e-01
 303.0000000000    7.4566243577e-01
 303.5000000000    7.4227484924e-01
 304.0000000000    7.3883930876e-01
 304.5000000000    7.3535542110e-01
 305.0000000000    7.3182273725e-01
 305.5000000000    7.2824075690e-01
 306.0000000000    7.2460893732e-01
 306.5000000000    7.2092668696e-01
 307.0000000000    7.1719336038e-01
 307.5000000000    7.1340821939e-01
 308.0000000000    7.0957042307e-01
 308.5000000000    7.0567900668e-01
 309.0000000000    7.0173291710e-01
 309.5000000000    6.9773099295e-01
 310.0000000000    6.9367199024e-01
 310.5000000000    6.8955453633e-01
 311.0000000000    6.8537714098e-01
 311.5000000000    6.8113813378e-01
 312.0000000000    6.7683569774e-01
 312.5000000000    6.7246785565e-01
 313.0000000000    6.6803250497e-01
 313.5000000000    6.6352739459e-01
 314.0000000000    6.5895015529e-01
 314.5000000000    6.5429823363e-01
 315.0000000000    6.4956892321e-01
 315.5000000000    6.4475933935e-01
 316.0000000000    6.3986643334e-01
 316.5000000000    6.3488704642e-01
 317.0000000000    6.2981789816e-01
 317.5000000000    6.2465559216e-01
 318.0000000000    6.1939663221e-01
 318.5000000000    6.1403741982e-01
 319.0000000000    6.0857422754e-01
 319.5000000000    6.0300328085e-01
 320.0000000000    5.9732074916e-01
 320.5000000000    5.9152280176e-01
 321.0000000000    5.8560561421e-01
 321.5000000000    5.7956538600e-01
 322.0000000000    5.7339837285e-01
 322.5000000000    5.6710085986e-01
 323.0000000000    5.6066923916e-01
 323.5000000000    5.5410000268e-01
 324.0000000000    5.4738978139e-01
 324.5000000000    5.4053539613e-01
 325.0000000000    5.3353382674e-01
 325.5000000000    5.2638225644e-01
 326.0000000000    5.1907804806e-01
 326.5000000000    5.1161875139e-01
 327.0000000000    5.0400206832e-01
 327.5000000000    4.9622587085e-01
 328.0000000000    4.8828812900e-01
 328.5000000000    4.8018688586e-01
 329.0000000000    4.7192020900e-01
 329.5000000000    4.6348606742e-01
 330.0000000000    4.5488220449e-01
 330.5000000000    4.4610603099e-01
 331.0000000000    4.3715441745e-01
 331.5000000000    4.2802346739e-01
 332.0000000000    4.1870831928e-01
 332.5000000000    4.0920286603e-01
 333.0000000000    3.9949938228e-01
 333.5000000000    3.8958816063e-01
 334.0000000000    3.7945706659e-01
 334.5000000000    3.6909100257e-01
 335.0000000000    3.5847134668e-01
 335.5000000000    3.4757532885e-01
 336.0000000000    3.3637532030e-01
 336.5000000000    3.2483806590e-01
 337.0000000000    3.1292384594e-01
 337.5000000000    3.0058559890e-01
 338.0000000000    2.8776808802e-01
 338.5000000000    2.7440718930e-01
 339.0000000000    2.6042951418e-01
 339.5000000000    2.4575272584e-01
 340.0000000000    2.3028713596e-01
 340.5000000000    2.1393969197e-01
 341.0000000000    1.9662219856e-01
 341.5000000000    1.7826656642e-01
 342.0000000000    1.5885114506e-01
 342.5000000000    1.3844287401e-01
 343.0000000000    1.1725804566e-01
 343.5000000000    9.5736106159e-02
 344.0000000000    7.4601060320e-02
 344.5000000000    5.4855046494e-02
 345.0000000000    3.7632603535e-02
 345.5000000000    2.3892784516e-02
 346.0000000000    1.4061090438e-02
 346.5000000000    7.8495471161e-03
 347.0000000000    4.4078789906e-03
 347.5000000000    2.7146964048e-03
 348.0000000000    1.9426812576e-03
 348.5000000000    1.5915864571e-03
 349.0000000000    1.4182251983e-03
 349.5000000000    1.3195465418e-03
 350.0000000000    1.2543700520e-03
 350.5000000000    1.2060915682e-03
 351.0000000000    1.1676008330e-03
 351.5000000000    1.1355758710e-03
 352.0000000000    1.1083216061e-03
 352.5000000000    1.0848872513e-03
 353.0000000000    1.0646556274e-03
 353.5000000000    1.0471379070e-03
 354.0000000000    1.0318826943e-03
 354.5000000000    1.0184545310e-03
 355.0000000000    1.0064484671e-03
 355.5000000000    9.9551480693e-04
 356.0000000000    9.8537671057e-04
 356.5000000000    9.7583227247e-04
 357.0000000000    9.6674109013e-04
 357.5000000000    9.5800193454e-04
 358.0000000000    9.4953126890e-04
 358.5000000000    9.4125091167e-04
 359.0000000000    9.3308796241e-04
 359.5000000000    9.2498394536e-04
 360.0000000000    9.1690598286e-04
 360.5000000000    9.0885265174e-04
 361.0000000000    9.0085018335e-04
 361.5000000000    8.9293977104e-04
 362.0000000000    8.8516084967e-04
 362.5000000000    8.7753728966e-04
 363.0000000000    8.7007177489e-04
 363.5000000000    8.6274995900e-04
 364.0000000000    8.5555134845e-04
 364.5000000000    8.4846118346e-04
 365.0000000000    8.4147767865e-04
 365.5000000000    8.3461174468e-04
 366.0000000000    8.2788028579e-04
 366.5000000000    8.2129721060e-04
 367.0000000000    8.1486722861e-04
 367.5000000000    8.0858541901e-04
 368.0000000000    8.0244235839e-04
 368.5000000000    7.9643147374e-04
 369.0000000000    7.9055436132e-04
 369.5000000000    7.8482112259e-04
 370.0000000000    7.7924577923e-04
 370.5000000000    7.7383945420e-04
 371.0000000000    7.6860510433e-04
 371.5000000000    7.6353651388e-04
 372.0000000000    7.5862172103e-04
 372.5000000000    7.5384860532e-04
 373.0000000000    7.4920938780e-04
 373.5000000000    7.4470170703e-04
 374.0000000000    7.4032606310e-04
 374.5000000000    7.3608152423e-04
 375.0000000000    7.3196244678e-04
 375.5000000000    7.2795815660e-04
 376.0000000000    7.2405566277e-04
 376.5000000000    7.2024367048e-04
 377.0000000000    7.1651550535e-04
 377.5000000000    7.1286936033e-04
 378.0000000000    7.0930593532e-04
 378.5000000000    7.0582506066e-04
 379.0000000000    7.0242337862e-04
 379.5000000000    6.9909434717e-04
 380.0000000000    6.9583032445e-04
 380.5000000000    6.9262525046e-04
 381.0000000000    6.8947620511e-04
 381.5000000000    6.8638294207e-04
 382.0000000000    6.8334582531e-04
 382.5000000000    6.8036355867e-04
 383.0000000000    6.7743213068e-04
 383.5000000000    6.7454554383e-04
 384.0000000000    6.7169773759e-04
 384.5000000000    6.6888441749e-04
 385.0000000000    6.6610367285e-04
 385.5000000000    6.6335510427e-04
 386.0000000000    6.6063813233e-04
 386.5000000000    6.5795065741e-04
 387.0000000000    6.5528888069e-04
 387.5000000000    6.5264832695e-04
 388.0000000000    6.5002530505e-04
 388.5000000000    6.4741783433e-04
 389.0000000000    6.4482547951e-04
 389.5000000000    6.4224828109e-04
 390.0000000000    6.3968556994e-04
 390.5000000000    6.3713544726e-04
 391.0000000000    6.3459522083e-04
 391.5000000000    6.3206244598e-04
 392.0000000000    6.2953581164e-04
 392.5000000000    6.2701530318e-04
 393.0000000000    6.2450155652e-04
 393.5000000000    6.2199486624e-04
 394.0000000000    6.1949463788e-04
 394.5000000000    6.1699942114e-04
 395.0000000000    6.1450764645e-04
 395.5000000000    6.1201838150e-04
 396.0000000000    6.0953161877e-04
 396.5000000000    6.0704791816e-04
 397.0000000000    6.0456772986e-04
 397.5000000000    6.0209081605e-04
 398.0000000000    5.9961626227e-04
 398.5000000000    5.9714289110e-04
 399.0000000000    5.9466999236e-04
 399.5000000000    5.9219760280e-04
 400.0000000000    5.8972632460e-04
 400.5000000000    5.8725675213e-04
 401.0000000000    5.8478907342e-04
 401.5000000000    5.8232277207e-04
 402.0000000000    5.7985716776e-04
 402.5000000000    5.7739183626e-04
 403.0000000000    5.7492697293e-04
 403.5000000000    5.7246329417e-04
 404.0000000000    5.7000161897e-04
 404.5000000000    5.6754238513e-04
 405.0000000000    5.6508551781e-04
 405.5000000000    5.6263069701e-04
 406.0000000000    5.6017781159e-04
 406.5000000000    5.5772728037e-04
 407.0000000000    5.5528000159e-04
 407.5000000000    5.5283698957e-04
 408.0000000000    5.5039894785e-04
 408.5000000000    5.4796611343e-04
 409.0000000000    5.4553842334e-04
 409.5000000000    5.4311590874e-04
 410.0000000000    5.4069899279e-04
 410.5000000000    5.3828848460e-04
 411.0000000000    5.3588526936e-04
 411.5000000000    5.3348994886e-04
 412.0000000000    5.3110266295e-04
 412.5000000000    5.2872321653e-04
 413.0000000000    5.2635144424e-04
 413.5000000000    5.2398747693e-04
 414.0000000000    5.2163184168e-04
 414.5000000000    5.1928522990e-04
 415.0000000000    5.1694820686e-04
 415.5000000000    5.1462104156e-04
 416.0000000000    5.1230380110e-04
 416.5000000000    5.0999657214e-04
 417.0000000000    5.0769971050e-04
 417.5000000000    5.0541383939e-04
 418.0000000000    5.0313963843e-04
 418.5000000000    5.0087766679e-04
 419.0000000000    4.9862813885e-04
 419.5000000000    4.9639104288e-04
 420.0000000000    4.9416645409e-04
 420.5000000000    4.9195467929e-04
 421.0000000000    4.8975635179e-04
 421.5000000000    4.8757221022e-04
 422.0000000000    4.8540286296e-04
 422.5000000000    4.8324857217e-04
 423.0000000000    4.8110926095e-04
 423.5000000000    4.7898483906e-04
 424.0000000000    4.7687557749e-04
 424.5000000000    4.7478193530e-04
 425.0000000000    4.7270433826e-04
 425.5000000000    4.7064342692e-04
 426.0000000000    4.6859939909e-04
 426.5000000000    4.6657197725e-04
 427.0000000000    4.6456120724e-04
 427.5000000000    4.6256725817e-04
 428.0000000000    4.6059057441e-04
 428.5000000000    4.5863153489e-04
 429.0000000000    4.5669053893e-04
 429.5000000000    4.5476762900e-04
 430.0000000000    4.5286254192e-04
 430.5000000000    4.5097508767e-04
 431.0000000000    4.4910530280e-04
 431.5000000000    4.4725352506e-04
 432.0000000000    4.4542020162e-04
 432.5000000000    4.4360569790e-04
 433.0000000000    4.4181012421e-04
 433.5000000000    4.4003332862e-04
 434.0000000000    4.3827507480e-04
 434.5000000000    4.3653528978e-04
 435.0000000000    4.3481411990e-04
 435.5000000000    4.3311183300e-04
 436.0000000000    4.3142865243e-04
 436.5000000000    4.2976460503e-04
 437.0000000000    4.2811951927e-04
 437.5000000000    4.2649318026e-04
 438.0000000000    4.2488549366e-04
 438.5000000000    4.2329653957e-04
 439.0000000000    4.2172648884e-04
 439.5000000000    4.2017543998e-04
 440.0000000000    4.1864332092e-04
 440.5000000000    4.1712990255e-04
 441.0000000000    4.1563492121e-04
 441.5000000000    4.1415823746e-04
 442.0000000000    4.1269988652e-04
 442.5000000000    4.1125999844e-04
 443.0000000000    4.0983863219e-04
 443.5000000000    4.0843566444e-04
 444.0000000000    4.0705084441e-04
 444.5000000000    4.0568388357e-04
 445.0000000000    4.0433461046e-04
 445.5000000000    4.0300300868e-04
 446.0000000000    4.0168912779e-04
 446.5000000000    4.0039296723e-04
 447.0000000000    3.9911439581e-04
 447.5000000000    3.9785315045e-04
 448.0000000000    3.9660894845e-04
 448.5000000000    3.9538160227e-04
 449.0000000000    3.9417104341e-04
 449.5000000000    3.9297728347e-04
 450.0000000000    3.9180028517e-04
 450.5000000000    3.9063987609e-04
 451.0000000000    3.8949578474e-04
 451.5000000000    3.8836773103e-04
 452.0000000000    3.8725555072e-04
 452.5000000000    3.8615919432e-04
 453.0000000000    3.8507864923e-04
 453.5000000000    3.8401383671e-04
 454.0000000000    3.8296454975e-04
 454.5000000000    3.8193049432e-04
 455.0000000000    3.8091140145e-04
 455.5000000000    3.7990710196e-04
 456.0000000000    3.7891753618e-04
 456.5000000000    3.7794268839e-04
 457.0000000000    3.7698246535e-04
 457.5000000000    3.7603665886e-04
 458.0000000000    3.7510497768e-04
 458.5000000000    3.7418714875e-04
 459.0000000000    3.7328299147e-04
 459.5000000000    3.7239242347e-04
 460.0000000000    3.7151538565e-04
 460.5000000000    3.7065176758e-04
 461.0000000000    3.6980134118e-04
 461.5000000000    3.6896382383e-04
 462.0000000000    3.6813896362e-04
 462.5000000000    3.6732659890e-04
 463.0000000000    3.6652666507e-04
 463.5000000000    3.6573910036e-04
 464.0000000000    3.6496377426e-04
 464.5000000000    3.6420050125e-04
 465.0000000000    3.6344904471e-04
 465.5000000000    3.6270915271e-04
 466.0000000000    3.6198062125e-04
 466.5000000000    3.6126339298e-04
 467.0000000000    3.6055747979e-04
 467.5000000000    3.5986278673e-04
 468.0000000000    3.5917911401e-04
 468.5000000000    3.5850622990e-04
 469.0000000000    3.5784395068e-04
 469.5000000000    3.5719215656e-04
 470.0000000000    3.5655078309e-04
 470.5000000000    3.5591975287e-04
 471.0000000000    3.5529893009e-04
 471.5000000000    3.5468812141e-04
 472.0000000000    3.5408710189e-04
 472.5000000000    3.5349569904e-04
 473.0000000000    3.5291381933e-04
 473.5000000000    3.5234140105e-04
 474.0000000000    3.5177836246e-04
 474.5000000000    3.5122454182e-04
 475.0000000000    3.5067975520e-04
 475.5000000000    3.5014381836e-04
 476.0000000000    3.4961655638e-04
 476.5000000000    3.4909785467e-04
 477.0000000000    3.4858764807e-04
 477.5000000000    3.4808586532e-04
 478.0000000000    3.4759239043e-04
 478.5000000000    3.4710703265e-04
 479.0000000000    3.4662960624e-04
 479.5000000000    3.4615999758e-04
 480.0000000000    3.4569813986e-04
 480.5000000000    3.4524398235e-04
 481.0000000000    3.4479745288e-04
 481.5000000000    3.4435842124e-04
 482.0000000000    3.4392671907e-04
 482.5000000000    3.4350219030e-04
 483.0000000000    3.4308473352e-04
 483.5000000000    3.4267430454e-04
 484.0000000000    3.4227086814e-04
 484.5000000000    3.4187433745e-04
 485.0000000000    3.4148458048e-04
 485.5000000000    3.4110145187e-04
 486.0000000000    3.4072482908e-04
 486.5000000000    3.4035463278e-04
 487.0000000000    3.3999079551e-04
 487.5000000000    3.3963326798e-04
 488.0000000000    3.3928196957e-04
 488.5000000000    3.3893677290e-04
 489.0000000000    3.3859753258e-04
 489.5000000000    3.3826412263e-04
 490.0000000000    3.3793647527e-04
 490.5000000000    3.3761454087e-04
 491.0000000000    3.3729823763e-04
 491.5000000000    3.3698747027e-04
 492.0000000000    3.3668213469e-04
 492.5000000000    3.3638211956e-04
 493.0000000000    3.3608731932e-04
 493.5000000000    3.3579766855e-04
 494.0000000000    3.3551312513e-04
 494.5000000000    3.3523362029e-04
 495.0000000000    3.3495905968e-04
 495.5000000000    3.3468934234e-04
 496.0000000000    3.3442437710e-04
 496.5000000000    3.3416409111e-04
 497.0000000000    3.3390843912e-04
 497.5000000000    3.3365739418e-04
 498.0000000000    3.3341092043e-04
 498.5000000000    3.3316896936e-04
 499.0000000000    3.3293149478e-04
 499.5000000000    3.3269843304e-04
 500.0000000000    3.3246968309e-04
 500.5000000000    3.3224512295e-04
 501.0000000000    3.3202464058e-04
 501.5000000000    3.3180808454e-04
 502.0000000000    3.3159521177e-04
 502.5000000000    3.3138573909e-04
 503.0000000000    3.3117939001e-04
 503.5000000000    3.3097590577e-04
 504.0000000000    3.3077505446e-04
 504.5000000000    3.3057664925e-04
 505.0000000000    3.3038054922e-04
 505.5000000000    3.3018668529e-04
 506.0000000000    3.2999508186e-04
 506.5000000000    3.2980589374e-04
 507.0000000000    3.2961941155e-04
 507.5000000000    3.2943603428e-04
 508.0000000000    3.2925623098e-04
 508.5000000000    3.2908046540e-04
 509.0000000000    3.2890916343e-04
 509.5000000000    3.2874269417e-04
 510.0000000000    3.2858136044e-04
 510.5000000000    3.2842535847e-04
 511.0000000000    3.2827473681e-04
 511.5000000000    3.2812938879e-04
 512.0000000000    3.2798906558e-04
 512.5000000000    3.2785341630e-04
 513.0000000000    3.2772202605e-04
 513.5000000000    3.2759445356e-04
 514.0000000000    3.2747027153e-04
 514.5000000000    3.2734907841e-04
 515.0000000000    3.2723050773e-04
 515.5000000000    3.2711422551e-04
 516.0000000000    3.2699994843e-04
 516.5000000000    3.2688745749e-04
 517.0000000000    3.2677659847e-04
 517.5000000000    3.2666728443e-04
 518.0000000000    3.2655946283e-04
 518.5000000000    3.2645310617e-04
 519.0000000000    3.2634819647e-04
 519.5000000000    3.2624472031e-04
 520.0000000000    3.2614269942e-04
 520.5000000000    3.2604217699e-04
 521.0000000000    3.2594323355e-04
 521.5000000000    3.2584593023e-04
 522.0000000000    3.2575030981e-04
 522.5000000000    3.2565641744e-04
 523.0000000000    3.2556429920e-04
 523.5000000000    3.2547400946e-04
 524.0000000000    3.2538558650e-04
 524.5000000000    3.2529906394e-04
 525.0000000000    3.2521446674e-04
 525.5000000000    3.2513180060e-04
 526.0000000000    3.2505105066e-04
 526.5000000000    3.2497219194e-04
 527.0000000000    3.2489520105e-04
 527.5000000000    3.2482007179e-04
 528.0000000000    3.2474678315e-04
 528.5000000000    3.2467530359e-04
 529.0000000000    3.2460558038e-04
 529.5000000000    3.2453755858e-04
 530.0000000000    3.2447119056e-04
 530.5000000000    3.2440644082e-04
 531.0000000000    3.2434327752e-04
 531.5000000000    3.2428167243e-04
 532.0000000000    3.2422158922e-04
 532.5000000000    3.2416297998e-04
 533.0000000000    3.2410580657e-04
 533.5000000000    3.2405004524e-04
 534.0000000000    3.2399568080e-04
 534.5000000000    3.2394271433e-04
 535.0000000000    3.2389112926e-04
 535.5000000000    3.2384090493e-04
 536.0000000000    3.2379201080e-04
 536.5000000000    3.2374441665e-04
 537.0000000000    3.2369808709e-04
 537.5000000000    3.2365298163e-04
 538.0000000000    3.2360905404e-04
 538.5000000000    3.2356624029e-04
 539.0000000000    3.2352445826e-04
 539.5000000000    3.2348362344e-04
 540.0000000000    3.2344367019e-04
 540.5000000000    3.2340457094e-04
 541.0000000000    3.2336634909e-04
 541.5000000000    3.2332908921e-04
 542.0000000000    3.2329294252e-04
 542.5000000000    3.2325813612e-04
 543.0000000000    3.2322496801e-04
 543.5000000000    3.2319380434e-04
 544.0000000000    3.2316504569e-04
 544.5000000000    3.2313908146e-04
 545.0000000000    3.2311623700e-04
 545.5000000000    3.2309671886e-04
 546.0000000000    3.2308056285e-04
 546.5000000000    3.2306760851e-04
 547.0000000000    3.2305748601e-04
 547.5000000000    3.2304962244e-04
 548.0000000000    3.2304327147e-04
 548.5000000000    3.2303755448e-04
 549.0000000000    3.2303152210e-04
 549.5000000000    3.2302424355e-04
 550.0000000000    3.2301489893e-04
 550.5000000000    3.2300283704e-04
 551.0000000000    3.2298762189e-04
 551.5000000000    3.2296905882e-04
 552.0000000000    3.2294718375e-04
 552.5000000000    3.2292225670e-04
 553.0000000000    3.2289472235e-04
 553.5000000000    3.2286514116e-04
 554.0000000000    3.2283415144e-04
 554.5000000000    3.2280242361e-04
 555.0000000000    3.2277059062e-04
 555.5000000000    3.2273919810e-04
 556.0000000000    3.2270871544e-04
 556.5000000000    3.2267952901e-04
 557.0000000000    3.2265193479e-04
 557.5000000000    3.2262614646e-04
 558.0000000000    3.2260229238e-04
 558.5000000000    3.2258043985e-04
 559.0000000000    3.2256061308e-04
 559.5000000000    3.2254276414e-04
 560.0000000000    3.2252682543e-04
 560.5000000000    3.2251270938e-04
 561.0000000000    3.2250030149e-04
 561.5000000000    3.2248948593e-04
 562.0000000000    3.2248012468e-04
 562.5000000000    3.2247206593e-04
 563.0000000000    3.2246515838e-04
 563.5000000000    3.2245925670e-04
 564.0000000000    3.2245421446e-04
 564.5000000000    3.2244987881e-04
 565.0000000000    3.2244610023e-04
 565.5000000000    3.2244272724e-04
 566.0000000000    3.2243961678e-04
 566.5000000000    3.2243665061e-04
 567.0000000000    3.2243372293e-04
 567.5000000000    3.2243075759e-04
 568.0000000000    3.2242770790e-04
 568.5000000000    3.2242454984e-04
 569.0000000000    3.2242127897e-04
 569.5000000000    3.2241790757e-04
 570.0000000000    3.2241447150e-04
 570.5000000000    3.2241103313e-04
 571.0000000000    3.2240764921e-04
 571.5000000000    3.2240437632e-04
 572.0000000000    3.2240126532e-04
 572.5000000000    3.2239835866e-04
 573.0000000000    3.2239569483e-04
 573.5000000000    3.2239330682e-04
 574.0000000000    3.2239122222e-04
 574.5000000000    3.2238945721e-04
 575.0000000000    3.2238802323e-04
 575.5000000000    3.2238692597e-04
 576.0000000000    3.2238616327e-04
 576.5000000000    3.2238573119e-04
 577.0000000000    3.2238564250e-04
 577.5000000000    3.2238591470e-04
 578.0000000000    3.2238655427e-04
 578.5000000000    3.2238756493e-04
 579.0000000000    3.2238895153e-04
 579.5000000000    3.2239069574e-04
 580.0000000000    3.2239276049e-04
 580.5000000000    3.2239509716e-04
 581.0000000000    3.2239764527e-04
 581.5000000000    3.2240033611e-04
 582.0000000000    3.2240313014e-04
 582.5000000000    3.2240603782e-04
 583.0000000000    3.2240911689e-04
 583.5000000000    3.2241247312e-04
 584.0000000000    3.2241620638e-04
 584.5000000000    3.2242035578e-04
 585.0000000000    3.2242486881e-04
 585.5000000000    3.2242958349e-04
 586.0000000000    3.2243423849e-04
 586.5000000000    3.2243857711e-04
 587.0000000000    3.2244244902e-04
 587.5000000000    3.2244587633e-04
 588.0000000000    3.2244909225e-04
 588.5000000000    3.2245251071e-04
 589.0000000000    3.2245658608e-04
 589.5000000000    3.2246163759e-04
 590.0000000000    3.2246772797e-04
 590.5000000000    3.2247462675e-04
 591.0000000000    3.2248188045e-04
 591.5000000000    3.2248897474e-04
 592.0000000000    3.2249552941e-04
 592.5000000000    3.2250141553e-04
 593.0000000000    3.2250675410e-04
 593.5000000000    3.2251183070e-04
 594.0000000000    3.2251694158e-04
 594.5000000000    3.2252225485e-04
 595.0000000000    3.2252777209e-04
 595.5000000000    3.2253337334e-04
 596.0000000000    3.2253890955e-04
 596.5000000000    3.2254428399e-04
 597.0000000000    3.2254947193e-04
 597.5000000000    3.2255448581e-04
 598.0000000000    3.2255934116e-04
 598.5000000000    3.2256403272e-04
 599.0000000000    3.2256852108e-04
 599.5000000000    3.2257276071e-04
 600.0000000000    3.2257674226e-04
 600.5000000000    3.2258051807e-04
 601.0000000000    3.2258420097e-04
 601.5000000000    3.2258794880e-04
 602.0000000000    3.2259192604e-04
 602.5000000000    3.2259626562e-04
 603.0000000000    3.2260102976e-04
 603.5000000000    3.2260621938e-04
 604.0000000000    3.2261183051e-04
 604.5000000000    3.2261793054e-04
 605.0000000000    3.2262468054e-04
 605.5000000000    3.2263229150e-04
 606.0000000000    3.2264092260e-04
 606.5000000000    3.2265060962e-04
 607.0000000000    3.2266127580e-04
 607.5000000000    3.2267279476e-04
 608.0000000000    3.2268503972e-04
 608.5000000000    3.2269791678e-04
 609.0000000000    3.2271136048e-04
 609.5000000000    3.2272527237e-04
 610.0000000000    3.2273948069e-04
 610.5000000000    3.2275377803e-04
 611.0000000000    3.2276795045e-04
 611.5000000000    3.2278179420e-04
 612.0000000000    3.2279515135e-04
 612.5000000000    3.2280790296e-04
 613.0000000000    3.2281995136e-04
 613.5000000000    3.2283121759e-04
 614.0000000000    3.2284164300e-04
 614.5000000000    3.2285119618e-04
 615.0000000000    3.2285986653e-04
 615.5000000000    3.2286767908e-04
 616.0000000000    3.2287471278e-04
 616.5000000000    3.2288107627e-04
 617.0000000000    3.2288689216e-04
 617.5000000000    3.2289229791e-04
 618.0000000000    3.2289743337e-04
 618.5000000000    3.2290244600e-04
 619.0000000000    3.2290748944e-04
 619.5000000000    3.2291268897e-04
 620.0000000000    3.2291812825e-04
 620.5000000000    3.2292388017e-04
 621.0000000000    3.2293001813e-04
 621.5000000000    3.2293661747e-04
 622.0000000000    3.2294374188e-04
 622.5000000000    3.2295141998e-04
 623.0000000000    3.2295964121e-04
 623.5000000000    3.2296837707e-04
 624.0000000000    3.2297759664e-04
 624.5000000000    3.2298725603e-04
 625.0000000000    3.2299730712e-04
 625.5000000000    3.2300771681e-04
 626.0000000000    3.2301844895e-04
 626.5000000000    3.2302944165e-04
 627.0000000000    3.2304059862e-04
 627.5000000000    3.2305180647e-04
 628.0000000000    3.2306298283e-04
 628.5000000000    3.2307407357e-04
 629.0000000000    3.2308502404e-04
 629.5000000000    3.2309577397e-04
 630.0000000000    3.2310626843e-04
 630.5000000000    3.2311645239e-04
 631.0000000000    3.2312628457e-04
 631.5000000000    3.2313574749e-04
 632.0000000000    3.2314484997e-04
 632.5000000000    3.2315362958e-04
 633.0000000000    3.2316213406e-04
 633.5000000000    3.2317040746e-04
 634.0000000000    3.2317849448e-04
 634.5000000000    3.2318645125e-04
 635.0000000000    3.2319435753e-04
 635.5000000000    3.2320230658e-04
 636.0000000000    3.2321037831e-04
 636.5000000000    3.2321863793e-04
 637.0000000000    3.2322714279e-04
 637.5000000000    3.2323594187e-04
 638.0000000000    3.2324508583e-04
 638.5000000000    3.2325462362e-04
 639.0000000000    3.2326459553e-04
 639.5000000000    3.2327503258e-04
 640.0000000000    3.2328594875e-04
 640.5000000000    3.2329734355e-04
 641.0000000000    3.2330920739e-04
 641.5000000000    3.2332152049e-04
 642.0000000000    3.2333425432e-04
 642.5000000000    3.2334737108e-04
 643.0000000000    3.2336082177e-04
 643.5000000000    3.2337454160e-04
 644.0000000000    3.2338845830e-04
 644.5000000000    3.2340249256e-04
 645.0000000000    3.2341655224e-04
 645.5000000000    3.2343052873e-04
 646.0000000000    3.2344429735e-04
 646.5000000000    3.2345772756e-04
 647.0000000000    3.2347068850e-04
 647.5000000000    3.2348304415e-04
 648.0000000000    3.2349464896e-04
 648.5000000000    3.2350535469e-04
 649.0000000000    3.2351501799e-04
 649.5000000000    3.2352351295e-04
 650.0000000000    3.2353074898e-04
 650.5000000000    3.2353667092e-04
 651.0000000000    3.2354125997e-04
 651.5000000000    3.2354454478e-04
 652.0000000000    3.2354660137e-04
 652.5000000000    3.2354755141e-04
 653.0000000000    3.2354756667e-04
 653.5000000000    3.2354687071e-04
 654.0000000000    3.2354572944e-04
 654.5000000000    3.2354444048e-04
 655.0000000000    3.2354333869e-04
 655.5000000000    3.2354278301e-04
 656.0000000000    3.2354311671e-04
 656.5000000000    3.2354464230e-04
 657.0000000000    3.2354762283e-04
 657.5000000000    3.2355228571e-04
 658.0000000000    3.2355880991e-04
 658.5000000000    3.2356730435e-04
 659.0000000000    3.2357779599e-04
 659.5000000000    3.2359022958e-04
 660.0000000000    3.2360445872e-04
 660.5000000000    3.2362024691e-04
 661.0000000000    3.2363729423e-04
 661.5000000000    3.2365525906e-04
 662.0000000000    3.2367376977e-04
 662.5000000000    3.2369243771e-04
 663.0000000000    3.2371087224e-04
 663.5000000000    3.2372868962e-04
 664.0000000000    3.2374552600e-04
 664.5000000000    3.2376106231e-04
 665.0000000000    3.2377504778e-04
 665.5000000000    3.2378730925e-04
 666.0000000000    3.2379775373e-04
 666.5000000000    3.2380637276e-04
 667.0000000000    3.2381324794e-04
 667.5000000000    3.2381854537e-04
 668.0000000000    3.2382249818e-04
 668.5000000000    3.2382538473e-04
 669.0000000000    3.2382751055e-04
 669.5000000000    3.2382920048e-04
 670.0000000000    3.2383079361e-04
 670.5000000000    3.2383262240e-04
 671.0000000000    3.2383498176e-04
 671.5000000000    3.2383811366e-04
 672.0000000000    3.2384220923e-04
 672.5000000000    3.2384741147e-04
 673.0000000000    3.2385380611e-04
 673.5000000000    3.2386141493e-04
 674.0000000000    3.2387020497e-04
 674.5000000000    3.2388009568e-04
 675.0000000000    3.2389096475e-04
 675.5000000000    3.2390265875e-04
 676.0000000000    3.2391500411e-04
 676.5000000000    3.2392781153e-04
 677.0000000000    3.2394088331e-04
 677.5000000000    3.2395402654e-04
 678.0000000000    3.2396705895e-04
 678.5000000000    3.2397981872e-04
 679.0000000000    3.2399217298e-04
 679.5000000000    3.2400401788e-04
 680.0000000000    3.2401527318e-04
 680.5000000000    3.2402588784e-04
 681.0000000000    3.2403584048e-04
 681.5000000000    3.2404513644e-04
 682.0000000000    3.2405380973e-04
 682.5000000000    3.2406192055e-04
 683.0000000000    3.2406955489e-04
 683.5000000000    3.2407682084e-04
 684.0000000000    3.2408383965e-04
 684.5000000000    3.2409073754e-04
 685.0000000000    3.2409763748e-04
 685.5000000000    3.2410465071e-04
 686.0000000000    3.2411186950e-04
 686.5000000000    3.2411936063e-04
 687.0000000000    3.2412716589e-04
 687.5000000000    3.2413530846e-04
 688.0000000000    3.2414378798e-04
 688.5000000000    3.2415258280e-04
 689.0000000000    3.2416165367e-04
 689.5000000000    3.2417094936e-04
 690.0000000000    3.2418040986e-04
 690.5000000000    3.2418997420e-04
 691.0000000000    3.2419958216e-04
 691.5000000000    3.2420917397e-04
 692.0000000000    3.2421869534e-04
 692.5000000000    3.2422809989e-04
 693.0000000000    3.2423735373e-04
 693.5000000000    3.2424643550e-04
 694.0000000000    3.2425534239e-04
 694.5000000000    3.2426408633e-04
 695.0000000000    3.2427269067e-04
 695.5000000000    3.2428119038e-04
 696.0000000000    3.2428962933e-04
 696.5000000000    3.2429805418e-04
 697.0000000000    3.2430651225e-04
 697.5000000000    3.2431504491e-04
 698.0000000000    3.2432368342e-04
 698.5000000000    3.2433244477e-04
 699.0000000000    3.2434132253e-04
 699.5000000000    3.2435029412e-04
 700.0000000000    3.2435931637e-04
