#          time         max mod phi
   0.0000000000    1.5988959291e-01
   0.5000000000    1.5995454186e-01
   1.0000000000    1.5992999984e-01
   1.5000000000    1.5995100376e-01
   2.0000000000    1.5994532611e-01
   2.5000000000    1.5994101689e-01
   3.0000000000    1.5995489483e-01
   3.5000000000    1.5992566188e-01
   4.0000000000    1.5995885492e-01
   4.5000000000    1.5992255574e-01
   5.0000000000    1.5995782319e-01
   5.5000000000    1.5993996281e-01
   6.0000000000    1.5995243580e-01
   6.5000000000    1.5995227148e-01
   7.0000000000    1.5994319214e-01
   7.5000000000    1.5996029678e-01
   8.0000000000    1.5993102472e-01
   8.5000000000    1.5996490214e-01
   9.0000000000    1.5992392012e-01
   9.5000000000    1.5996648228e-01
  10.0000000000    1.5994042319e-01
  10.5000000000    1.5996561463e-01
  11.0000000000    1.5995413766e-01
  11.5000000000    1.5996298841e-01
  12.0000000000    1.5996544839e-01
  12.5000000000    1.5995872233e-01
  13.0000000000    1.5997440897e-01
  13.5000000000    1.5995313527e-01
  14.0000000000    1.5998189669e-01
  14.5000000000    1.5994725476e-01
  15.0000000000    1.5998884777e-01
  15.5000000000    1.5994922782e-01
  16.0000000000    1.5999499963e-01
  16.5000000000    1.5996648241e-01
  17.0000000000    1.6000027729e-01
  17.5000000000    1.5998281643e-01
  18.0000000000    1.6000593104e-01
  18.5000000000    1.5999983603e-01
  19.0000000000    1.6001289486e-01
  19.5000000000    1.6001747697e-01
  20.0000000000    1.6002049534e-01
  20.5000000000    1.6003514327e-01
  21.0000000000    1.6002885815e-01
  21.5000000000    1.6005399299e-01
  22.0000000000    1.6003950154e-01
  22.5000000000    1.6007561707e-01
  23.0000000000    1.6005346381e-01
  23.5000000000    1.6009996248e-01
  24.0000000000    1.6007005865e-01
  24.5000000000    1.6012669287e-01
  25.0000000000    1.6009732386e-01
  25.5000000000    1.6015738522e-01
  26.0000000000    1.6013914800e-01
  26.5000000000    1.6019403972e-01
  27.0000000000    1.6018696429e-01
  27.5000000000    1.6023663518e-01
  28.0000000000    1.6024081382e-01
  28.5000000000    1.6028587809e-01
  29.0000000000    1.6030209726e-01
  29.5000000000    1.6034388325e-01
  30.0000000000    1.6037351437e-01
  30.5000000000    1.6041320563e-01
  31.0000000000    1.6045703148e-01
  31.5000000000    1.6049490766e-01
  32.0000000000    1.6055361057e-01
  32.5000000000    1.6059122095e-01
  33.0000000000    1.6066628909e-01
  33.5000000000    1.6070531401e-01
  34.0000000000    1.6079897409e-01
  34.5000000000    1.6084109536e-01
  35.0000000000    1.6095522638e-01
  35.5000000000    1.6100216652e-01
  36.0000000000    1.6113892786e-01
  36.5000000000    1.6119292102e-01
  37.0000000000    1.6135549670e-01
  37.5000000000    1.6143643434e-01
  38.0000000000    1.6161159689e-01
  38.5000000000    1.6172331649e-01
  39.0000000000    1.6191465643e-01
  39.5000000000    1.6206186197e-01
  40.0000000000    1.6227379925e-01
  40.5000000000    1.6246160155e-01
  41.0000000000    1.6269946188e-01
  41.5000000000    1.6293495141e-01
  42.0000000000    1.6320554519e-01
  42.5000000000    1.6349641328e-01
  43.0000000000    1.6380743264e-01
  43.5000000000    1.6416371755e-01
  44.0000000000    1.6452516029e-01
  44.5000000000    1.6495893307e-01
  45.0000000000    1.6538245541e-01
  45.5000000000    1.6590827337e-01
  46.0000000000    1.6640843197e-01
  46.5000000000    1.6704452113e-01
  47.0000000000    1.6763952973e-01
  47.5000000000    1.6840917003e-01
  48.0000000000    1.6914113361e-01
  48.5000000000    1.7005446256e-01
  49.0000000000    1.7096168114e-01
  49.5000000000    1.7204549228e-01
  50.0000000000    1.7316842290e-01
  50.5000000000    1.7446602983e-01
  51.0000000000    1.7585796017e-01
  51.5000000000    1.7742610640e-01
  52.0000000000    1.7915745434e-01
  52.5000000000    1.8107035853e-01
  53.0000000000    1.8323435749e-01
  53.5000000000    1.8558959318e-01
  54.0000000000    1.8831197473e-01
  54.5000000000    1.9123950557e-01
  55.0000000000    1.9469295105e-01
  55.5000000000    1.9837176652e-01
  56.0000000000    2.0278630566e-01
  56.5000000000    2.0753554970e-01
  57.0000000000    2.1312891433e-01
  57.5000000000    2.1928377560e-01
  58.0000000000    2.2636387334e-01
  58.5000000000    2.3429147891e-01
  59.0000000000    2.4304301107e-01
  59.5000000000    2.5294734367e-01
  60.0000000000    2.6285313807e-01
  60.5000000000    2.7421877450e-01
  61.0000000000    2.8406872824e-01
  61.5000000000    2.9341803032e-01
  62.0000000000    3.0022300655e-01
  62.5000000000    2.9809164244e-01
  63.0000000000    2.9476415514e-01
  63.5000000000    2.6996739747e-01
  64.0000000000    2.3864472010e-01
  64.5000000000    2.0006998553e-01
  65.0000000000    1.5733895269e-01
  65.5000000000    1.3108037119e-01
  66.0000000000    1.0279514997e-01
  66.5000000000    8.7511175529e-02
  67.0000000000    7.3553084495e-02
  67.5000000000    6.3610174530e-02
  68.0000000000    5.7076743774e-02
  68.5000000000    5.0181621047e-02
  69.0000000000    4.6823066383e-02
  69.5000000000    4.1474055932e-02
  70.0000000000    3.8991124662e-02
  70.5000000000    3.4966126951e-02
  71.0000000000    3.2387593952e-02
  71.5000000000    2.9551911880e-02
  72.0000000000    2.7160861469e-02
  72.5000000000    2.5426238811e-02
  73.0000000000    2.3293364204e-02
  73.5000000000    2.2274669948e-02
  74.0000000000    2.0247210961e-02
  74.5000000000    1.9539752044e-02
  75.0000000000    1.7952383472e-02
  75.5000000000    1.7077959735e-02
  76.0000000000    1.5973587170e-02
  76.5000000000    1.5049647654e-02
  77.0000000000    1.4381307301e-02
  77.5000000000    1.3405897146e-02
  78.0000000000    1.3003859203e-02
  78.5000000000    1.2006854853e-02
  79.0000000000    1.1682515214e-02
  79.5000000000    1.0919546053e-02
  80.0000000000    1.0479812216e-02
  80.5000000000    9.9878605140e-03
  81.0000000000    9.4753969670e-03
  81.5000000000    9.1927165502e-03
  82.0000000000    8.5790198040e-03
  82.5000000000    8.4200583960e-03
  83.0000000000    7.8814716219e-03
  83.5000000000    7.6603322926e-03
  84.0000000000    7.2946036301e-03
  84.5000000000    7.0171267907e-03
  85.0000000000    6.7928778704e-03
  85.5000000000    6.4607662167e-03
  86.0000000000    6.3094868496e-03
  86.5000000000    5.9652835329e-03
  87.0000000000    5.8052088493e-03
  87.5000000000    5.5892992174e-03
  88.0000000000    5.4145760502e-03
  88.5000000000    5.2369917199e-03
  89.0000000000    5.0325894183e-03
  89.5000000000    4.8767206474e-03
  90.0000000000    4.6782835193e-03
  90.5000000000    4.5544575583e-03
  91.0000000000    4.4081854688e-03
  91.5000000000    4.2823035844e-03
  92.0000000000    4.1621794684e-03
  92.5000000000    4.0104215879e-03
  93.0000000000    3.9023590288e-03
  93.5000000000    3.7578569598e-03
  94.0000000000    3.6591763951e-03
  94.5000000000    3.5553562634e-03
  95.0000000000    3.4561181147e-03
  95.5000000000    3.3761560925e-03
  96.0000000000    3.2582338298e-03
  96.5000000000    3.1828508329e-03
  97.0000000000    3.0788257630e-03
  97.5000000000    2.9936729518e-03
  98.0000000000    2.9212693111e-03
  98.5000000000    2.8363772891e-03
  99.0000000000    2.7853055542e-03
  99.5000000000    2.7036399152e-03
 100.0000000000    2.6368806992e-03
 100.5000000000    2.5639901118e-03
 101.0000000000    2.4856759603e-03
 101.5000000000    2.4372305444e-03
 102.0000000000    2.3719666150e-03
 102.5000000000    2.3300168422e-03
 103.0000000000    2.2757912365e-03
 103.5000000000    2.2124744085e-03
 104.0000000000    2.1636383247e-03
 104.5000000000    2.0972466362e-03
 105.0000000000    2.0586321461e-03
 105.5000000000    2.0151659262e-03
 106.0000000000    1.9713130790e-03
 106.5000000000    1.9378261792e-03
 107.0000000000    1.8825603774e-03
 107.5000000000    1.8450475255e-03
 108.0000000000    1.7990873173e-03
 108.5000000000    1.7562860265e-03
 109.0000000000    1.7295940741e-03
 109.5000000000    1.6895174347e-03
 110.0000000000    1.6653522891e-03
 110.5000000000    1.6282919479e-03
 111.0000000000    1.5869950763e-03
 111.5000000000    1.5567600868e-03
 112.0000000000    1.5167126670e-03
 112.5000000000    1.4968065112e-03
 113.0000000000    1.4716316738e-03
 113.5000000000    1.4417223682e-03
 114.0000000000    1.4193111782e-03
 114.5000000000    1.3824617973e-03
 115.0000000000    1.3558052837e-03
 115.5000000000    1.3311925685e-03
 116.0000000000    1.3017322657e-03
 116.5000000000    1.2902664117e-03
 117.0000000000    1.2673417729e-03
 117.5000000000    1.2421136442e-03
 118.0000000000    1.2207380702e-03
 118.5000000000    1.1899535942e-03
 119.0000000000    1.1721265820e-03
 119.5000000000    1.1552450577e-03
 120.0000000000    1.1332405167e-03
 120.5000000000    1.1232447989e-03
 121.0000000000    1.1017149408e-03
 121.5000000000    1.0781959086e-03
 122.0000000000    1.0610778670e-03
 122.5000000000    1.0386899489e-03
 123.0000000000    1.0263412233e-03
 123.5000000000    1.0151554667e-03
 124.0000000000    9.9543900611e-04
 124.5000000000    9.8436366873e-04
 125.0000000000    9.6557319537e-04
 125.5000000000    9.4325402877e-04
 126.0000000000    9.3310090292e-04
 126.5000000000    9.1933111281e-04
 127.0000000000    9.0740550159e-04
 127.5000000000    8.9925125121e-04
 128.0000000000    8.8214814235e-04
 128.5000000000    8.6687856649e-04
 129.0000000000    8.5367238844e-04
 129.5000000000    8.3707180690e-04
 130.0000000000    8.2961835823e-04
 130.5000000000    8.2215241027e-04
 131.0000000000    8.0799369148e-04
 131.5000000000    7.9944462199e-04
 132.0000000000    7.8604602573e-04
 132.5000000000    7.6801719912e-04
 133.0000000000    7.6182786835e-04
 133.5000000000    7.5366118935e-04
 134.0000000000    7.4251748799e-04
 134.5000000000    7.3833426597e-04
 135.0000000000    7.2720070305e-04
 135.5000000000    7.1145264446e-04
 136.0000000000    7.0400919084e-04
 136.5000000000    6.9446884421e-04
 137.0000000000    6.8479615675e-04
 137.5000000000    6.8239333363e-04
 138.0000000000    6.7451158021e-04
 138.5000000000    6.6172614243e-04
 139.0000000000    6.5461360618e-04
 139.5000000000    6.4437750391e-04
 140.0000000000    6.3357749708e-04
 140.5000000000    6.3167211144e-04
 141.0000000000    6.2651402790e-04
 141.5000000000    6.1630554694e-04
 142.0000000000    6.1120130198e-04
 142.5000000000    6.0194311773e-04
 143.0000000000    5.9033530247e-04
 143.5000000000    5.8661774156e-04
 144.0000000000    5.8289686018e-04
 144.5000000000    5.7607775274e-04
 145.0000000000    5.7142269606e-04
 145.5000000000    5.6482488886e-04
 146.0000000000    5.5449369239e-04
 146.5000000000    5.4713317728e-04
 147.0000000000    5.4381180837e-04
 147.5000000000    5.3918556764e-04
 148.0000000000    5.3379297093e-04
 148.5000000000    5.3075498532e-04
 149.0000000000    5.2333701308e-04
 149.5000000000    5.1292288262e-04
 150.0000000000    5.0929315791e-04
 150.5000000000    5.0569602493e-04
 151.0000000000    5.0087104459e-04
 151.5000000000    4.9798789853e-04
 152.0000000000    4.9421914328e-04
 152.5000000000    4.8654807007e-04
 153.0000000000    4.7811772540e-04
 153.5000000000    4.7507431454e-04
 154.0000000000    4.7174806504e-04
 154.5000000000    4.6729620726e-04
 155.0000000000    4.6521493883e-04
 155.5000000000    4.6148867930e-04
 156.0000000000    4.5446695968e-04
 156.5000000000    4.4693565226e-04
 157.0000000000    4.4471874823e-04
 157.5000000000    4.4237369041e-04
 158.0000000000    4.3885034573e-04
 158.5000000000    4.3635347546e-04
 159.0000000000    4.3312994912e-04
 159.5000000000    4.2698122859e-04
 160.0000000000    4.1955608033e-04
 160.5000000000    4.1804776003e-04
 161.0000000000    4.1666308564e-04
 161.5000000000    4.1385963263e-04
 162.0000000000    4.0978612813e-04
 162.5000000000    4.0685897025e-04
 163.0000000000    4.0162543910e-04
 163.5000000000    3.9562006638e-04
 164.0000000000    3.9235129483e-04
 164.5000000000    3.9192128813e-04
 165.0000000000    3.9007089757e-04
 165.5000000000    3.8563878790e-04
 166.0000000000    3.8098582909e-04
 166.5000000000    3.7735865277e-04
 167.0000000000    3.7347550518e-04
 167.5000000000    3.7005991936e-04
 168.0000000000    3.6843599418e-04
 168.5000000000    3.6817258088e-04
 169.0000000000    3.6562754691e-04
 169.5000000000    3.6077974658e-04
 170.0000000000    3.5559785779e-04
 170.5000000000    3.5410271859e-04
 171.0000000000    3.5309616582e-04
 171.5000000000    3.5189407569e-04
 172.0000000000    3.4923368346e-04
 172.5000000000    3.4793664619e-04
 173.0000000000    3.4514858890e-04
 173.5000000000    3.4136910735e-04
 174.0000000000    3.3785847853e-04
 174.5000000000    3.3670719690e-04
 175.0000000000    3.3742187948e-04
 175.5000000000    3.3641082069e-04
 176.0000000000    3.3295935358e-04
 176.5000000000    3.2765978949e-04
 177.0000000000    3.2538597954e-04
 177.5000000000    3.2404784658e-04
 178.0000000000    3.2307217766e-04
 178.5000000000    3.2137489543e-04
 179.0000000000    3.1860732893e-04
 179.5000000000    3.1645972230e-04
 180.0000000000    3.1291397210e-04
 180.5000000000    3.0924806593e-04
 181.0000000000    3.0672766218e-04
 181.5000000000    3.0652326151e-04
 182.0000000000    3.0815058690e-04
 182.5000000000    3.0774283065e-04
 183.0000000000    3.0533347375e-04
 183.5000000000    3.0152798617e-04
 184.0000000000    2.9752067243e-04
 184.5000000000    2.9925676081e-04
 185.0000000000    3.0024007932e-04
 185.5000000000    2.9939353563e-04
 186.0000000000    2.9625206598e-04
 186.5000000000    2.9114260246e-04
 187.0000000000    2.8638104790e-04
 187.5000000000    2.8637790556e-04
 188.0000000000    2.8636078924e-04
 188.5000000000    2.8525404727e-04
 189.0000000000    2.8221063761e-04
 189.5000000000    2.7708281549e-04
 190.0000000000    2.7050898373e-04
 190.5000000000    2.6900448196e-04
 191.0000000000    2.6800455621e-04
 191.5000000000    2.6678163739e-04
 192.0000000000    2.6439677743e-04
 192.5000000000    2.6305618916e-04
 193.0000000000    2.6058158406e-04
 193.5000000000    2.5909036767e-04
 194.0000000000    2.5766531978e-04
 194.5000000000    2.5704095406e-04
 195.0000000000    2.5750201682e-04
 195.5000000000    2.5785811027e-04
 196.0000000000    2.5716941016e-04
 196.5000000000    2.5519627789e-04
 197.0000000000    2.5263135925e-04
 197.5000000000    2.5058337539e-04
 198.0000000000    2.5084767980e-04
 198.5000000000    2.5201162655e-04
 199.0000000000    2.5277833355e-04
 199.5000000000    2.5229710655e-04
 200.0000000000    2.5055819821e-04
 200.5000000000    2.4843877415e-04
 201.0000000000    2.4701372184e-04
 201.5000000000    2.4664529271e-04
 202.0000000000    2.4665635664e-04
 202.5000000000    2.4592386640e-04
 203.0000000000    2.4536494536e-04
 203.5000000000    2.4373847886e-04
 204.0000000000    2.4203680482e-04
 204.5000000000    2.4118802781e-04
 205.0000000000    2.4126166466e-04
 205.5000000000    2.4140155955e-04
 206.0000000000    2.4056368570e-04
 206.5000000000    2.3840283397e-04
 207.0000000000    2.3568324260e-04
 207.5000000000    2.3463695182e-04
 208.0000000000    2.3464171563e-04
 208.5000000000    2.3524447961e-04
 209.0000000000    2.3528180745e-04
 209.5000000000    2.3396783650e-04
 210.0000000000    2.3158907720e-04
 210.5000000000    2.2925891551e-04
 211.0000000000    2.2795776137e-04
 211.5000000000    2.2767769352e-04
 212.0000000000    2.2745873766e-04
 212.5000000000    2.2626867289e-04
 213.0000000000    2.2628145360e-04
 213.5000000000    2.2574803692e-04
 214.0000000000    2.2594153943e-04
 214.5000000000    2.2720714316e-04
 215.0000000000    2.2931261532e-04
 215.5000000000    2.3136341979e-04
 216.0000000000    2.3240904209e-04
 216.5000000000    2.3220620666e-04
 217.0000000000    2.3143497792e-04
 217.5000000000    2.3117951369e-04
 218.0000000000    2.3203222709e-04
 218.5000000000    2.3357101366e-04
 219.0000000000    2.3470478909e-04
 219.5000000000    2.3458329325e-04
 220.0000000000    2.3329759963e-04
 220.5000000000    2.3182784645e-04
 221.0000000000    2.3125018255e-04
 221.5000000000    2.3180349312e-04
 222.0000000000    2.3265137189e-04
 222.5000000000    2.3259967256e-04
 223.0000000000    2.3112093992e-04
 223.5000000000    2.2880377725e-04
 224.0000000000    2.2686135921e-04
 224.5000000000    2.2607865836e-04
 225.0000000000    2.2611161310e-04
 225.5000000000    2.2580649041e-04
 226.0000000000    2.2422317182e-04
 226.5000000000    2.2278721478e-04
 227.0000000000    2.2071046343e-04
 227.5000000000    2.1884756360e-04
 228.0000000000    2.1809376977e-04
 228.5000000000    2.1819777517e-04
 229.0000000000    2.1797121476e-04
 229.5000000000    2.1637949912e-04
 230.0000000000    2.1347114460e-04
 230.5000000000    2.1032231386e-04
 231.0000000000    2.0803735295e-04
 231.5000000000    2.0672236746e-04
 232.0000000000    2.0542012751e-04
 232.5000000000    2.0304684111e-04
 233.0000000000    2.0039573224e-04
 233.5000000000    1.9822571552e-04
 234.0000000000    1.9577802073e-04
 234.5000000000    1.9408209465e-04
 235.0000000000    1.9313088252e-04
 235.5000000000    1.9189604163e-04
 236.0000000000    1.8935536961e-04
 236.5000000000    1.8548539954e-04
 237.0000000000    1.8165360844e-04
 237.5000000000    1.7981997550e-04
 238.0000000000    1.7856516396e-04
 238.5000000000    1.7760358673e-04
 239.0000000000    1.7583083454e-04
 239.5000000000    1.7252384000e-04
 240.0000000000    1.6809500009e-04
 240.5000000000    1.6588597153e-04
 241.0000000000    1.6368781482e-04
 241.5000000000    1.6279414417e-04
 242.0000000000    1.6328656886e-04
 242.5000000000    1.6361693434e-04
 243.0000000000    1.6293512177e-04
 243.5000000000    1.6080664756e-04
 244.0000000000    1.6026994770e-04
 244.5000000000    1.5916127480e-04
 245.0000000000    1.5810139247e-04
 245.5000000000    1.5712795841e-04
 246.0000000000    1.5796439466e-04
 246.5000000000    1.5811627869e-04
 247.0000000000    1.5655735905e-04
 247.5000000000    1.5424762337e-04
 248.0000000000    1.5416139271e-04
 248.5000000000    1.5387360447e-04
 249.0000000000    1.5325870292e-04
 249.5000000000    1.5388763904e-04
 250.0000000000    1.5430118325e-04
 250.5000000000    1.5280453465e-04
 251.0000000000    1.5116918084e-04
 251.5000000000    1.5119907612e-04
 252.0000000000    1.5079741711e-04
 252.5000000000    1.5042745094e-04
 253.0000000000    1.5180673796e-04
 253.5000000000    1.5124804290e-04
 254.0000000000    1.4953275540e-04
 254.5000000000    1.4926944474e-04
 255.0000000000    1.4802679165e-04
 255.5000000000    1.4796273519e-04
 256.0000000000    1.4892787470e-04
 256.5000000000    1.4805538430e-04
 257.0000000000    1.4858046278e-04
 257.5000000000    1.4755270650e-04
 258.0000000000    1.4836984184e-04
 258.5000000000    1.4922915818e-04
 259.0000000000    1.4958225521e-04
 259.5000000000    1.5269806953e-04
 260.0000000000    1.5334786336e-04
 260.5000000000    1.5500520534e-04
 261.0000000000    1.5592285471e-04
 261.5000000000    1.5506940455e-04
 262.0000000000    1.5732523631e-04
 262.5000000000    1.5737671991e-04
 263.0000000000    1.6109542009e-04
 263.5000000000    1.6156738912e-04
 264.0000000000    1.6335445242e-04
 264.5000000000    1.6330545119e-04
 265.0000000000    1.6347967589e-04
 265.5000000000    1.6409187793e-04
 266.0000000000    1.6590573454e-04
 266.5000000000    1.6714319916e-04
 267.0000000000    1.6855869674e-04
 267.5000000000    1.6858646693e-04
 268.0000000000    1.6835771766e-04
 268.5000000000    1.6744526479e-04
 269.0000000000    1.6895590367e-04
 269.5000000000    1.6857615579e-04
 270.0000000000    1.7149088805e-04
 270.5000000000    1.7106394198e-04
 271.0000000000    1.7176842163e-04
 271.5000000000    1.7114199068e-04
 272.0000000000    1.6958298032e-04
 272.5000000000    1.7198202849e-04
 273.0000000000    1.7308043333e-04
 273.5000000000    1.7349305576e-04
 274.0000000000    1.7591963491e-04
 274.5000000000    1.7515402867e-04
 275.0000000000    1.7448621584e-04
 275.5000000000    1.7609272295e-04
 276.0000000000    1.7736496641e-04
 276.5000000000    1.7835059263e-04
 277.0000000000    1.8034437725e-04
 277.5000000000    1.8253570991e-04
 278.0000000000    1.8241409736e-04
 278.5000000000    1.8141728076e-04
 279.0000000000    1.8169858668e-04
 279.5000000000    1.8435774281e-04
 280.0000000000    1.8699086583e-04
 280.5000000000    1.8860801440e-04
 281.0000000000    1.8861011083e-04
 281.5000000000    1.8748364282e-04
 282.0000000000    1.8661798002e-04
 282.5000000000    1.8755504316e-04
 283.0000000000    1.8915795898e-04
 283.5000000000    1.9104574005e-04
 284.0000000000    1.9226602310e-04
 284.5000000000    1.9223137649e-04
 285.0000000000    1.9121090685e-04
 285.5000000000    1.9008239865e-04
 286.0000000000    1.8963252862e-04
 286.5000000000    1.8997453231e-04
 287.0000000000    1.9051964845e-04
 287.5000000000    1.9044085596e-04
 288.0000000000    1.8918807748e-04
 288.5000000000    1.8669095365e-04
 289.0000000000    1.8621023568e-04
 289.5000000000    1.8676524176e-04
 290.0000000000    1.8756403425e-04
 290.5000000000    1.8772021173e-04
 291.0000000000    1.8608999322e-04
 291.5000000000    1.8707857805e-04
 292.0000000000    1.8712116548e-04
 292.5000000000    1.8512086122e-04
 293.0000000000    1.8545483872e-04
 293.5000000000    1.8732902494e-04
 294.0000000000    1.8714647390e-04
 294.5000000000    1.9050756866e-04
 295.0000000000    1.8907083685e-04
 295.5000000000    1.9118866918e-04
 296.0000000000    1.8886800409e-04
 296.5000000000    1.9232905386e-04
 297.0000000000    1.9356605153e-04
 297.5000000000    1.9520959637e-04
 298.0000000000    1.9912087642e-04
 298.5000000000    1.9971454893e-04
 299.0000000000    1.9855967806e-04
 299.5000000000    2.0052399422e-04
 300.0000000000    2.0231575489e-04
 300.5000000000    2.0462312870e-04
 301.0000000000    2.0734958205e-04
 301.5000000000    2.0969585966e-04
 302.0000000000    2.1101083890e-04
 302.5000000000    2.1117911625e-04
 303.0000000000    2.1041259573e-04
 303.5000000000    2.0870356863e-04
 304.0000000000    2.0920932762e-04
 304.5000000000    2.1127838680e-04
 305.0000000000    2.1110105367e-04
 305.5000000000    2.0972371139e-04
 306.0000000000    2.0983851951e-04
 306.5000000000    2.0499715080e-04
 307.0000000000    2.0460405708e-04
 307.5000000000    2.0185675964e-04
 308.0000000000    1.9818501839e-04
 308.5000000000    1.9924141582e-04
 309.0000000000    1.9850805917e-04
 309.5000000000    1.9574098432e-04
 310.0000000000    1.9115835697e-04
 310.5000000000    1.8889954026e-04
 311.0000000000    1.8663915293e-04
 311.5000000000    1.8276498911e-04
 312.0000000000    1.7864571995e-04
 312.5000000000    1.7943227833e-04
 313.0000000000    1.8112345407e-04
 313.5000000000    1.8281524023e-04
 314.0000000000    1.8536001789e-04
 314.5000000000    1.8862574555e-04
 315.0000000000    1.9148965981e-04
 315.5000000000    1.9394749204e-04
 316.0000000000    1.9605361882e-04
 316.5000000000    1.9790330720e-04
 317.0000000000    2.0283015370e-04
 317.5000000000    2.0604135067e-04
 318.0000000000    2.1018730337e-04
 318.5000000000    2.0911750942e-04
 319.0000000000    1.9305091500e-04
 319.5000000000    1.7548525644e-04
 320.0000000000    1.6408278487e-04
 320.5000000000    1.5418016936e-04
 321.0000000000    1.4064470238e-04
 321.5000000000    1.2327387384e-04
 322.0000000000    1.0466576237e-04
 322.5000000000    9.7483692996e-05
 323.0000000000    9.2341102042e-05
 323.5000000000    8.9964423119e-05
 324.0000000000    8.7947775292e-05
 324.5000000000    8.7037378338e-05
 325.0000000000    8.6623073608e-05
 325.5000000000    8.6610168672e-05
 326.0000000000    8.6515928104e-05
 326.5000000000    8.5812788347e-05
 327.0000000000    8.4548551375e-05
 327.5000000000    8.3199784637e-05
 328.0000000000    8.2211855179e-05
 328.5000000000    8.1946201486e-05
 329.0000000000    8.1381572227e-05
 329.5000000000    8.0323293889e-05
 330.0000000000    7.9114066068e-05
 330.5000000000    7.8223177289e-05
 331.0000000000    7.7831212082e-05
 331.5000000000    7.7679893014e-05
 332.0000000000    7.7351978576e-05
 332.5000000000    7.6998962204e-05
 333.0000000000    7.6524034871e-05
 333.5000000000    7.6055270079e-05
 334.0000000000    7.6003634778e-05
 334.5000000000    7.6668677659e-05
 335.0000000000    7.7362069490e-05
 335.5000000000    7.7655816437e-05
 336.0000000000    7.7537516476e-05
 336.5000000000    7.7360233879e-05
 337.0000000000    7.7535309123e-05
 337.5000000000    7.8157767590e-05
 338.0000000000    7.8914351415e-05
 338.5000000000    7.9367167164e-05
 339.0000000000    7.9338881435e-05
 339.5000000000    7.9064276299e-05
 340.0000000000    7.8990056033e-05
 340.5000000000    7.9382409369e-05
 341.0000000000    8.0086929794e-05
 341.5000000000    8.0670326106e-05
 342.0000000000    8.0803117426e-05
 342.5000000000    8.0538571875e-05
 343.0000000000    8.1879689966e-05
 343.5000000000    8.3276595922e-05
 344.0000000000    8.4224309412e-05
 344.5000000000    8.4716861567e-05
 345.0000000000    8.5228287272e-05
 345.5000000000    8.6191410752e-05
 346.0000000000    8.7611178231e-05
 346.5000000000    8.9067072619e-05
 347.0000000000    9.0102770079e-05
 347.5000000000    9.0632974952e-05
 348.0000000000    9.1030772975e-05
 348.5000000000    9.1819679616e-05
 349.0000000000    9.3208524439e-05
 349.5000000000    9.4887305189e-05
 350.0000000000    9.6291683144e-05
 350.5000000000    9.7089836802e-05
 351.0000000000    9.7465713675e-05
 351.5000000000    9.7965133780e-05
 352.0000000000    9.9011577288e-05
 352.5000000000    1.0050760518e-04
 353.0000000000    1.0191086019e-04
 353.5000000000    1.0271442679e-04
 354.0000000000    1.0288693763e-04
 354.5000000000    1.0290540480e-04
 355.0000000000    1.0334842974e-04
 355.5000000000    1.0437826732e-04
 356.0000000000    1.0558859470e-04
 356.5000000000    1.0636952997e-04
 357.0000000000    1.0644025513e-04
 357.5000000000    1.0611065236e-04
 358.0000000000    1.0593710683e-04
 358.5000000000    1.0639204628e-04
 359.0000000000    1.0728431233e-04
 359.5000000000    1.0801741221e-04
 360.0000000000    1.0809757269e-04
 360.5000000000    1.0775500309e-04
 361.0000000000    1.0715116132e-04
 361.5000000000    1.0678868547e-04
 362.0000000000    1.0726533744e-04
 362.5000000000    1.0790534739e-04
 363.0000000000    1.0809492853e-04
 363.5000000000    1.0785110061e-04
 364.0000000000    1.0724735008e-04
 364.5000000000    1.0639136650e-04
 365.0000000000    1.0610898022e-04
 365.5000000000    1.0658344532e-04
 366.0000000000    1.0691455510e-04
 366.5000000000    1.0685369105e-04
 367.0000000000    1.0645797067e-04
 367.5000000000    1.0556814249e-04
 368.0000000000    1.0476067682e-04
 368.5000000000    1.0477876891e-04
 369.0000000000    1.0522401257e-04
 369.5000000000    1.0531464176e-04
 370.0000000000    1.0522960784e-04
 370.5000000000    1.0450237899e-04
 371.0000000000    1.0353124779e-04
 371.5000000000    1.0291754662e-04
 372.0000000000    1.0317494175e-04
 372.5000000000    1.0339857259e-04
 373.0000000000    1.0347041987e-04
 373.5000000000    1.0297718876e-04
 374.0000000000    1.0198493257e-04
 374.5000000000    1.0104285118e-04
 375.0000000000    1.0064909972e-04
 375.5000000000    1.0091112428e-04
 376.0000000000    1.0106797511e-04
 376.5000000000    1.0085512057e-04
 377.0000000000    1.0002254431e-04
 377.5000000000    9.8929340652e-05
 378.0000000000    9.8151010672e-05
 378.5000000000    9.7988152689e-05
 379.0000000000    9.8203865512e-05
 379.5000000000    9.8237516934e-05
 380.0000000000    9.7688855118e-05
 380.5000000000    9.6648005593e-05
 381.0000000000    9.5619052529e-05
 381.5000000000    9.5096586431e-05
 382.0000000000    9.5135752942e-05
 382.5000000000    9.5306374757e-05
 383.0000000000    9.5074424539e-05
 383.5000000000    9.4254397435e-05
 384.0000000000    9.3158677159e-05
 384.5000000000    9.2336393398e-05
 385.0000000000    9.2103097797e-05
 385.5000000000    9.2264196496e-05
 386.0000000000    9.2292854948e-05
 386.5000000000    9.1788130462e-05
 387.0000000000    9.0806326239e-05
 387.5000000000    8.9810886559e-05
 388.0000000000    8.9282688762e-05
 388.5000000000    8.9302834225e-05
 389.0000000000    8.9483771497e-05
 389.5000000000    8.9312992077e-05
 390.0000000000    8.8586770365e-05
 390.5000000000    8.7573957675e-05
 391.0000000000    8.6791209778e-05
 391.5000000000    8.6561452348e-05
 392.0000000000    8.6730373396e-05
 392.5000000000    8.6807260078e-05
 393.0000000000    8.6391888104e-05
 393.5000000000    8.5506037462e-05
 394.0000000000    8.4572345976e-05
 394.5000000000    8.4059112074e-05
 395.0000000000    8.4073336382e-05
 395.5000000000    8.4268044251e-05
 396.0000000000    8.4151778737e-05
 396.5000000000    8.3506855168e-05
 397.0000000000    8.2565577700e-05
 397.5000000000    8.1816045284e-05
 398.0000000000    8.1585769075e-05
 398.5000000000    8.1754053648e-05
 399.0000000000    8.1862803901e-05
 399.5000000000    8.1516663772e-05
 400.0000000000    8.0712097209e-05
 400.5000000000    7.9837245176e-05
 401.0000000000    7.9345182091e-05
 401.5000000000    7.9359499803e-05
 402.0000000000    7.9566384758e-05
 402.5000000000    7.9496166416e-05
 403.0000000000    7.8925203257e-05
 403.5000000000    7.8057626569e-05
 404.0000000000    7.7354155324e-05
 404.5000000000    7.7139154966e-05
 405.0000000000    7.7315495454e-05
 405.5000000000    7.7454212445e-05
 406.0000000000    7.7170491854e-05
 406.5000000000    7.6445177821e-05
 407.0000000000    7.5637663783e-05
 407.5000000000    7.5183150566e-05
 408.0000000000    7.5213616616e-05
 408.5000000000    7.5441788284e-05
 409.0000000000    7.5418999643e-05
 409.5000000000    7.4919992923e-05
 410.0000000000    7.4127088920e-05
 410.5000000000    7.3477305480e-05
 411.0000000000    7.3288976989e-05
 411.5000000000    7.3480974448e-05
 412.0000000000    7.3647898431e-05
 412.5000000000    7.3416569242e-05
 413.0000000000    7.2759171080e-05
 413.5000000000    7.2014108075e-05
 414.0000000000    7.1600693492e-05
 414.5000000000    7.1652589951e-05
 415.0000000000    7.1898733261e-05
 415.5000000000    7.1907128276e-05
 416.0000000000    7.1457225571e-05
 416.5000000000    7.0721506310e-05
 417.0000000000    7.0120384217e-05
 417.5000000000    6.9961060271e-05
 418.0000000000    7.0164668654e-05
 418.5000000000    7.0339620394e-05
 419.0000000000    7.0128159376e-05
 419.5000000000    6.9508378972e-05
 420.0000000000    6.8810376291e-05
 420.5000000000    6.8436739632e-05
 421.0000000000    6.8509289455e-05
 421.5000000000    6.8760483073e-05
 422.0000000000    6.8774847214e-05
 422.5000000000    6.8348007904e-05
 423.0000000000    6.7655176827e-05
 423.5000000000    6.7103027797e-05
 424.0000000000    6.6978886956e-05
 424.5000000000    6.7194726737e-05
 425.0000000000    6.7368704380e-05
 425.5000000000    6.7163037742e-05
 426.0000000000    6.6569007275e-05
 426.5000000000    6.5911998995e-05
 427.0000000000    6.5575499087e-05
 427.5000000000    6.5664778353e-05
 428.0000000000    6.5914248278e-05
 428.5000000000    6.5927420109e-05
 429.0000000000    6.5518753029e-05
 429.5000000000    6.4865929360e-05
 430.0000000000    6.4359565144e-05
 430.5000000000    6.4266222264e-05
 431.0000000000    6.4491567554e-05
 431.5000000000    6.4667774322e-05
 432.0000000000    6.4477494366e-05
 432.5000000000    6.3919533261e-05
 433.0000000000    6.3307062173e-05
 433.5000000000    6.3002873552e-05
 434.0000000000    6.3102950681e-05
 434.5000000000    6.3350540708e-05
 435.0000000000    6.3368982675e-05
 435.5000000000    6.2980755422e-05
 436.0000000000    6.2354438299e-05
 436.5000000000    6.1864465889e-05
 437.0000000000    6.1771426964e-05
 437.5000000000    6.1990512788e-05
 438.0000000000    6.2167593069e-05
 438.5000000000    6.1991009812e-05
 439.0000000000    6.1457530477e-05
 439.5000000000    6.0877868652e-05
 440.0000000000    6.0612053319e-05
 440.5000000000    6.0786621220e-05
 441.0000000000    6.1002450018e-05
 441.5000000000    6.1004657788e-05
 442.0000000000    6.0601262335e-05
 442.5000000000    6.0003562782e-05
 443.0000000000    5.9599935838e-05
 443.5000000000    5.9643725141e-05
 444.0000000000    5.9864754902e-05
 444.5000000000    5.9998320955e-05
 445.0000000000    5.9747994348e-05
 445.5000000000    5.9194820936e-05
 446.0000000000    5.8684295015e-05
 446.5000000000    5.8522786379e-05
 447.0000000000    5.8754694727e-05
 447.5000000000    5.8918500052e-05
 448.0000000000    5.8836937225e-05
 448.5000000000    5.8388386942e-05
 449.0000000000    5.7903636459e-05
 449.5000000000    5.7571027543e-05
 450.0000000000    5.7614861718e-05
 450.5000000000    5.7826000784e-05
 451.0000000000    5.8318137017e-05
 451.5000000000    5.8610990659e-05
 452.0000000000    5.8516819129e-05
 452.5000000000    5.8177650044e-05
 453.0000000000    5.7952058731e-05
 453.5000000000    5.8109442319e-05
 454.0000000000    5.8574600637e-05
 454.5000000000    5.9000796320e-05
 455.0000000000    5.9083300667e-05
 455.5000000000    5.8814642958e-05
 456.0000000000    5.8488202354e-05
 456.5000000000    5.8458432683e-05
 457.0000000000    5.8819847659e-05
 457.5000000000    5.9315091410e-05
 458.0000000000    5.9576317058e-05
 458.5000000000    5.9443053507e-05
 459.0000000000    5.9091091371e-05
 459.5000000000    5.8891858722e-05
 460.0000000000    5.9090715450e-05
 460.5000000000    5.9574757658e-05
 461.0000000000    5.9979200457e-05
 461.5000000000    6.0017390464e-05
 462.0000000000    5.9717060020e-05
 462.5000000000    5.9398408381e-05
 463.0000000000    5.9407518224e-05
 463.5000000000    5.9800718207e-05
 464.0000000000    6.0289534459e-05
 464.5000000000    6.0508750340e-05
 465.0000000000    6.0329558650e-05
 465.5000000000    5.9964263788e-05
 466.0000000000    5.9793275514e-05
 466.5000000000    6.0031965106e-05
 467.0000000000    6.0527768469e-05
 467.5000000000    6.0902875849e-05
 468.0000000000    6.0891987923e-05
 468.5000000000    6.0561505150e-05
 469.0000000000    6.0255368643e-05
 469.5000000000    6.0306792471e-05
 470.0000000000    6.0730668815e-05
 470.5000000000    6.1209024436e-05
 471.0000000000    6.1383641659e-05
 471.5000000000    6.1160775451e-05
 472.0000000000    6.0788809011e-05
 472.5000000000    6.0653236788e-05
 473.0000000000    6.0934982540e-05
 473.5000000000    6.1440082818e-05
 474.0000000000    6.1780008256e-05
 474.5000000000    6.1716715037e-05
 475.0000000000    6.1357655825e-05
 475.5000000000    6.1071416675e-05
 476.0000000000    6.1168787519e-05
 476.5000000000    6.1619006458e-05
 477.0000000000    6.2077905146e-05
 477.5000000000    6.2198930179e-05
 478.0000000000    6.1930884692e-05
 478.5000000000    6.1556930085e-05
 479.0000000000    6.1460631972e-05
 479.5000000000    6.1782726158e-05
 480.0000000000    6.2289380952e-05
 480.5000000000    6.2587767133e-05
 481.0000000000    6.2470764847e-05
 481.5000000000    6.2089822499e-05
 482.0000000000    6.1828755264e-05
 482.5000000000    6.1973113437e-05
 483.0000000000    6.2446901180e-05
 483.5000000000    6.2881239222e-05
 484.0000000000    6.2949496241e-05
 484.5000000000    6.2640920542e-05
 485.0000000000    6.2272978050e-05
 485.5000000000    6.2220769790e-05
 486.0000000000    6.2583320145e-05
 486.5000000000    6.3086817844e-05
 487.0000000000    6.3338685304e-05
 487.5000000000    6.3169227158e-05
 488.0000000000    6.2770660221e-05
 488.5000000000    6.2539812100e-05
 489.0000000000    6.2731829092e-05
 489.5000000000    6.3222180801e-05
 490.0000000000    6.3624825778e-05
 490.5000000000    6.3634676563e-05
 491.0000000000    6.3287994190e-05
 491.5000000000    6.2929899636e-05
 492.0000000000    6.2924059227e-05
 492.5000000000    6.3322312755e-05
 493.0000000000    6.3816610425e-05
 493.5000000000    6.4019902191e-05
 494.0000000000    6.3800223764e-05
 494.5000000000    6.3390794070e-05
 495.0000000000    6.3194803686e-05
 495.5000000000    6.3431830821e-05
 496.0000000000    6.3933334197e-05
 496.5000000000    6.4300058998e-05
 497.0000000000    6.4255166718e-05
 497.5000000000    6.3877760017e-05
 498.0000000000    6.3536441655e-05
 498.5000000000    6.3576212575e-05
 499.0000000000    6.4002517806e-05
 499.5000000000    6.4478409568e-05
 500.0000000000    6.4627815036e-05
 500.5000000000    6.4358984372e-05
 501.0000000000    6.3942836230e-05
 501.5000000000    6.3783746887e-05
 502.0000000000    6.4063148052e-05
 502.5000000000    6.4571572261e-05
 503.0000000000    6.4900074421e-05
 503.5000000000    6.4802624318e-05
 504.0000000000    6.4399333274e-05
 504.5000000000    6.4079594321e-05
 505.0000000000    6.4164931121e-05
 505.5000000000    6.4616482465e-05
 506.0000000000    6.5070967607e-05
 506.5000000000    6.5167539407e-05
 507.0000000000    6.4857904455e-05
 507.5000000000    6.4444125665e-05
 508.0000000000    6.4326768044e-05
 508.5000000000    6.4646523649e-05
 509.0000000000    6.5155138162e-05
 509.5000000000    6.5441094226e-05
 510.0000000000    6.5289204764e-05
 510.5000000000    6.4862555615e-05
 511.0000000000    6.4565782088e-05
 511.5000000000    6.4693442947e-05
 512.0000000000    6.5163294435e-05
 512.5000000000    6.5589633809e-05
 513.0000000000    6.5631858926e-05
 513.5000000000    6.5282249069e-05
 514.0000000000    6.4873817075e-05
 514.5000000000    6.4796878078e-05
 515.0000000000    6.5151625573e-05
 515.5000000000    6.5652722980e-05
 516.0000000000    6.5890928480e-05
 516.5000000000    6.5688569923e-05
 517.0000000000    6.5247719546e-05
 517.5000000000    6.4982497220e-05
 518.0000000000    6.5157314190e-05
 518.5000000000    6.5644263903e-05
 519.0000000000    6.6042166068e-05
 519.5000000000    6.6032434125e-05
 520.0000000000    6.5651027637e-05
 520.5000000000    6.5258468696e-05
 521.0000000000    6.5231301281e-05
 521.5000000000    6.5623451857e-05
 522.0000000000    6.6115722038e-05
 522.5000000000    6.6304254213e-05
 523.0000000000    6.6051028500e-05
 523.5000000000    6.5600091144e-05
 524.0000000000    6.5371578819e-05
 524.5000000000    6.5592969759e-05
 525.0000000000    6.6089716903e-05
 525.5000000000    6.6446278651e-05
 526.0000000000    6.6375167178e-05
 526.5000000000    6.5958887946e-05
 527.0000000000    6.5581618668e-05
 527.5000000000    6.5599436606e-05
 528.0000000000    6.6018069480e-05
 528.5000000000    6.6487986116e-05
 529.0000000000    6.6619710781e-05
 529.5000000000    6.6319610358e-05
 530.0000000000    6.5867789635e-05
 530.5000000000    6.5682475246e-05
 531.0000000000    6.5949428350e-05
 531.5000000000    6.6452584840e-05
 532.0000000000    6.6770538696e-05
 532.5000000000    6.6647180929e-05
 533.0000000000    6.6208811183e-05
 533.5000000000    6.5858771605e-05
 534.0000000000    6.5928243718e-05
 534.5000000000    6.6376624632e-05
 535.0000000000    6.6827799457e-05
 535.5000000000    6.6907192882e-05
 536.0000000000    6.6564566993e-05
 536.5000000000    6.6116956613e-05
 537.0000000000    6.5978360310e-05
 537.5000000000    6.6290648966e-05
 538.0000000000    6.6792155119e-05
 538.5000000000    6.7056617803e-05
 539.0000000000    6.6868810133e-05
 539.5000000000    6.6405374055e-05
 540.0000000000    6.6086397807e-05
 540.5000000000    6.6208433096e-05
 541.0000000000    6.6675243493e-05
 541.5000000000    6.7086440716e-05
 542.0000000000    6.7096932589e-05
 542.5000000000    6.6710445216e-05
 543.0000000000    6.6275631965e-05
 543.5000000000    6.6190274572e-05
 544.0000000000    6.6545232029e-05
 544.5000000000    6.7040215003e-05
 545.0000000000    6.7256503447e-05
 545.5000000000    6.7021349814e-05
 546.0000000000    6.6553777776e-05
 546.5000000000    6.6280472079e-05
 547.0000000000    6.6462308597e-05
 547.5000000000    6.6954034537e-05
 548.0000000000    6.7337242611e-05
 548.5000000000    6.7292404901e-05
 549.0000000000    6.6872647483e-05
 549.5000000000    6.6459945560e-05
 550.0000000000    6.6435079628e-05
 550.5000000000    6.6833536891e-05
 551.0000000000    6.7312353873e-05
 551.5000000000    6.7461458986e-05
 552.0000000000    6.7160598440e-05
 552.5000000000    6.6680345623e-05
 553.0000000000    6.6451599086e-05
 553.5000000000    6.6684481243e-05
 554.0000000000    6.7176565373e-05
 554.5000000000    6.7498718862e-05
 555.0000000000    6.7374949692e-05
 555.5000000000    6.6916984210e-05
 556.0000000000    6.6530206748e-05
 556.5000000000    6.6562135852e-05
 557.0000000000    6.6988297802e-05
 557.5000000000    6.7434958498e-05
 558.0000000000    6.7515810725e-05
 558.5000000000    6.7165354544e-05
 559.0000000000    6.6694041712e-05
 559.5000000000    6.6523873811e-05
 560.0000000000    6.6813264590e-05
 560.5000000000    6.7311199431e-05
 561.0000000000    6.7585955955e-05
 561.5000000000    6.7405034495e-05
 562.0000000000    6.6932490809e-05
 562.5000000000    6.6590617413e-05
 563.0000000000    6.6691218527e-05
 563.5000000000    6.7152686015e-05
 564.0000000000    6.7573786594e-05
 564.5000000000    6.7594734633e-05
 565.0000000000    6.7204307333e-05
 565.5000000000    6.6748638678e-05
 566.0000000000    6.6636721366e-05
 566.5000000000    6.6975120955e-05
 567.0000000000    6.7469299448e-05
 567.5000000000    6.7691114004e-05
 568.0000000000    6.7452174515e-05
 568.5000000000    6.6963655695e-05
 569.0000000000    6.6658153704e-05
 569.5000000000    6.6811057952e-05
 570.0000000000    6.7287514650e-05
 570.5000000000    6.7666479188e-05
 571.0000000000    6.7616822847e-05
 571.5000000000    6.7181068145e-05
 572.0000000000    6.6738406816e-05
 572.5000000000    6.6678352113e-05
 573.0000000000    6.7049376111e-05
 573.5000000000    6.7516313457e-05
 574.0000000000    6.7665025805e-05
 574.5000000000    6.7361548012e-05
 575.0000000000    6.6862914160e-05
 575.5000000000    6.6598859534e-05
 576.0000000000    6.6795318998e-05
 576.5000000000    6.7270142384e-05
 577.0000000000    6.7600233398e-05
 577.5000000000    6.7493886866e-05
 578.0000000000    6.7036706368e-05
 578.5000000000    6.6620463946e-05
 579.0000000000    6.6607662603e-05
 579.5000000000    6.7006854874e-05
 580.0000000000    6.7463998645e-05
 580.5000000000    6.7579423952e-05
 581.0000000000    6.7252091609e-05
 581.5000000000    6.6765187907e-05
 582.0000000000    6.6547465039e-05
 582.5000000000    6.6794795062e-05
 583.0000000000    6.7290059167e-05
 583.5000000000    6.7600082239e-05
 584.0000000000    6.7456955428e-05
 584.5000000000    6.6985313736e-05
 585.0000000000    6.6598386028e-05
 585.5000000000    6.6639741366e-05
 586.0000000000    6.7072078286e-05
 586.5000000000    6.7510785369e-05
 587.0000000000    6.7569690941e-05
 587.5000000000    6.7193797983e-05
 588.0000000000    6.6705442417e-05
 588.5000000000    6.6529442735e-05
 589.0000000000    6.6815125415e-05
 589.5000000000    6.7299469024e-05
 590.0000000000    6.7547477125e-05
 590.5000000000    6.7334132471e-05
 591.0000000000    6.6833977147e-05
 591.5000000000    6.6474944308e-05
 592.0000000000    6.6564430871e-05
 592.5000000000    6.7009657516e-05
 593.0000000000    6.7403043545e-05
 593.5000000000    6.7387581734e-05
 594.0000000000    6.6963350472e-05
 594.5000000000    6.6487366019e-05
 595.0000000000    6.6366511034e-05
 595.5000000000    6.6692837149e-05
 596.0000000000    6.7159635416e-05
 596.5000000000    6.7341667431e-05
 597.0000000000    6.7065786823e-05
 597.5000000000    6.6555987533e-05
 598.0000000000    6.6242822142e-05
 598.5000000000    6.6386428672e-05
 599.0000000000    6.6841565954e-05
 599.5000000000    6.7191661643e-05
 600.0000000000    6.7117689351e-05
 600.5000000000    6.6668056824e-05
 601.0000000000    6.6218181985e-05
 601.5000000000    6.6149952342e-05
 602.0000000000    6.6510863280e-05
 602.5000000000    6.6969732539e-05
 603.0000000000    6.7114444294e-05
 603.5000000000    6.6808920534e-05
 604.0000000000    6.6308844841e-05
 604.5000000000    6.6046779900e-05
 605.0000000000    6.6250824215e-05
 605.5000000000    6.6734503827e-05
 606.0000000000    6.7066445401e-05
 606.5000000000    6.6952641251e-05
 607.0000000000    6.6487228714e-05
 607.5000000000    6.6074150903e-05
 608.0000000000    6.6076494987e-05
 608.5000000000    6.6487318828e-05
 609.0000000000    6.6935707700e-05
 609.5000000000    6.7021679877e-05
 610.0000000000    6.6661611000e-05
 610.5000000000    6.6157622098e-05
 611.0000000000    6.5939964707e-05
 611.5000000000    6.6185708684e-05
 612.0000000000    6.6657358805e-05
 612.5000000000    6.6920394210e-05
 613.0000000000    6.6725314678e-05
 613.5000000000    6.6217557050e-05
 614.0000000000    6.5814521318e-05
 614.5000000000    6.5843592209e-05
 615.0000000000    6.6247507213e-05
 615.5000000000    6.6638738135e-05
 616.0000000000    6.6647064120e-05
 616.5000000000    6.6235535721e-05
 617.0000000000    6.5730434722e-05
 617.5000000000    6.5543825339e-05
 618.0000000000    6.5809469206e-05
 618.5000000000    6.6262280694e-05
 619.0000000000    6.6478805691e-05
 619.5000000000    6.6245781413e-05
 620.0000000000    6.5739075681e-05
 620.5000000000    6.5376769869e-05
 621.0000000000    6.5456621943e-05
 621.5000000000    6.5886587485e-05
 622.0000000000    6.6268187483e-05
 622.5000000000    6.6250847873e-05
 623.0000000000    6.5831189698e-05
 623.5000000000    6.5356505969e-05
 624.0000000000    6.5228700156e-05
 624.5000000000    6.5545435661e-05
 625.0000000000    6.6009564819e-05
 625.5000000000    6.6198017387e-05
 626.0000000000    6.5930537791e-05
 626.5000000000    6.5421689550e-05
 627.0000000000    6.5100138302e-05
 627.5000000000    6.5233037823e-05
 628.0000000000    6.5682492183e-05
 628.5000000000    6.6032000018e-05
 629.0000000000    6.5957007933e-05
 629.5000000000    6.5501424068e-05
 630.0000000000    6.5040686853e-05
 630.5000000000    6.4959310292e-05
 631.0000000000    6.5305977545e-05
 631.5000000000    6.5749136277e-05
 632.0000000000    6.5877009740e-05
 632.5000000000    6.5554727806e-05
 633.0000000000    6.5037390783e-05
 633.5000000000    6.4754375610e-05
 634.0000000000    6.4931322456e-05
 634.5000000000    6.5384278323e-05
 635.0000000000    6.5687857982e-05
 635.5000000000    6.5552202662e-05
 636.0000000000    6.5068513338e-05
 636.5000000000    6.4632342631e-05
 637.0000000000    6.4601992582e-05
 637.5000000000    6.4975485821e-05
 638.0000000000    6.5392600652e-05
 638.5000000000    6.5459814074e-05
 639.0000000000    6.5089768650e-05
 639.5000000000    6.4574051519e-05
 640.0000000000    6.4335286262e-05
 640.5000000000    6.4553039531e-05
 641.0000000000    6.4999858317e-05
 641.5000000000    6.5249552902e-05
 642.0000000000    6.5052360461e-05
 642.5000000000    6.4545556076e-05
 643.0000000000    6.4137607448e-05
 643.5000000000    6.4153770159e-05
 644.0000000000    6.4542334405e-05
 644.5000000000    6.4922875844e-05
 645.0000000000    6.4927686587e-05
 645.5000000000    6.4516937269e-05
 646.0000000000    6.4011333192e-05
 646.5000000000    6.3818816805e-05
 647.0000000000    6.4072424020e-05
 647.5000000000    6.4509135966e-05
 648.0000000000    6.4709520536e-05
 648.5000000000    6.4464381170e-05
 649.0000000000    6.3950336106e-05
 649.5000000000    6.3581186441e-05
 650.0000000000    6.3647936614e-05
 650.5000000000    6.4055422161e-05
 651.0000000000    6.4409297801e-05
 651.5000000000    6.4368420372e-05
 652.0000000000    6.3935040026e-05
 652.5000000000    6.3453507109e-05
 653.0000000000    6.3316625611e-05
 653.5000000000    6.3614023853e-05
 654.0000000000    6.4050676028e-05
 654.5000000000    6.4213839093e-05
 655.0000000000    6.3932353397e-05
 655.5000000000    6.3420648723e-05
 656.0000000000    6.3098313354e-05
 656.5000000000    6.3222581045e-05
 657.0000000000    6.3653427028e-05
 657.5000000000    6.3981649295e-05
 658.0000000000    6.3892565358e-05
 658.5000000000    6.3434079261e-05
 659.0000000000    6.2976757768e-05
 659.5000000000    6.2895115466e-05
 660.0000000000    6.3230716624e-05
 660.5000000000    6.3653550148e-05
 661.0000000000    6.3760973558e-05
 661.5000000000    6.3427081625e-05
 662.0000000000    6.2908315595e-05
 662.5000000000    6.2625883574e-05
 663.0000000000    6.2793849892e-05
 663.5000000000    6.3223234102e-05
 664.0000000000    6.3495813406e-05
 664.5000000000    6.3334652751e-05
 665.0000000000    6.2838731282e-05
 665.5000000000    6.2399051097e-05
 666.0000000000    6.2360063727e-05
 666.5000000000    6.2709108030e-05
 667.0000000000    6.3089127173e-05
 667.5000000000    6.3121134107e-05
 668.0000000000    6.2730718224e-05
 668.5000000000    6.2209401485e-05
 669.0000000000    6.1967086621e-05
 669.5000000000    6.2167629056e-05
 670.0000000000    6.2580987338e-05
 670.5000000000    6.2793816742e-05
 671.0000000000    6.2572676869e-05
 671.5000000000    6.2060231583e-05
 672.0000000000    6.1654770601e-05
 672.5000000000    6.1665062646e-05
 673.0000000000    6.2030711897e-05
 673.5000000000    6.2378860021e-05
 674.0000000000    6.2358659248e-05
 674.5000000000    6.1940946795e-05
 675.0000000000    6.1441935902e-05
 675.5000000000    6.1253947924e-05
 676.0000000000    6.1497078875e-05
 676.5000000000    6.1909694585e-05
 677.0000000000    6.2086323571e-05
 677.5000000000    6.1831444417e-05
 678.0000000000    6.1323553120e-05
 678.5000000000    6.0965316659e-05
 679.0000000000    6.1032903767e-05
 679.5000000000    6.1425239374e-05
 680.0000000000    6.1756408251e-05
 680.5000000000    6.1699361513e-05
 681.0000000000    6.1264812551e-05
 681.5000000000    6.0792293288e-05
 682.0000000000    6.0659719494e-05
 682.5000000000    6.0945255781e-05
 683.0000000000    6.1355283134e-05
 683.5000000000    6.1490702482e-05
 684.0000000000    6.1194170447e-05
 684.5000000000    6.0681671709e-05
 685.0000000000    6.0360268324e-05
 685.5000000000    6.0471459107e-05
 686.0000000000    6.0870528250e-05
 686.5000000000    6.1160214615e-05
 687.0000000000    6.1043741378e-05
 687.5000000000    6.0575785759e-05
 688.0000000000    6.0116324303e-05
 688.5000000000    6.0022533531e-05
 689.0000000000    6.0326454846e-05
 689.5000000000    6.0707174340e-05
 690.0000000000    6.0781309288e-05
 690.5000000000    6.0434476149e-05
 691.0000000000    5.9915187037e-05
 691.5000000000    5.9626445872e-05
 692.0000000000    5.9769102437e-05
 692.5000000000    6.0160182723e-05
 693.0000000000    6.0400641005e-05
 693.5000000000    6.0227615453e-05
 694.0000000000    5.9736205613e-05
 694.5000000000    5.9299344042e-05
 695.0000000000    5.9246472709e-05
 695.5000000000    5.9566698562e-05
 696.0000000000    5.9918878183e-05
 696.5000000000    5.9939975695e-05
 697.0000000000    5.9556641944e-05
 697.5000000000    5.9046133561e-05
 698.0000000000    5.8801105557e-05
 698.5000000000    5.8982422076e-05
 699.0000000000    5.9371709165e-05
 699.5000000000    5.9570706817e-05
 700.0000000000    5.9352688507e-05
