#          time             Min_Chi
   0.0000000000    5.0903724368e-01
   0.5000000000    5.0886074561e-01
   1.0000000000    5.0852061474e-01
   1.5000000000    5.0819239869e-01
   2.0000000000    5.0792353402e-01
   2.5000000000    5.0771342251e-01
   3.0000000000    5.0751898547e-01
   3.5000000000    5.0732860083e-01
   4.0000000000    5.0714144041e-01
   4.5000000000    5.0694092628e-01
   5.0000000000    5.0674911019e-01
   5.5000000000    5.0653707424e-01
   6.0000000000    5.0633790797e-01
   6.5000000000    5.0611937181e-01
   7.0000000000    5.0591162550e-01
   7.5000000000    5.0569082947e-01
   8.0000000000    5.0547615175e-01
   8.5000000000    5.0525408682e-01
   9.0000000000    5.0503411224e-01
   9.5000000000    5.0481188473e-01
  10.0000000000    5.0458840740e-01
  10.5000000000    5.0436715963e-01
  11.0000000000    5.0414182526e-01
  11.5000000000    5.0392257679e-01
  12.0000000000    5.0369652217e-01
  12.5000000000    5.0347981118e-01
  13.0000000000    5.0325476607e-01
  13.5000000000    5.0304116651e-01
  14.0000000000    5.0281789702e-01
  14.5000000000    5.0260834918e-01
  15.0000000000    5.0238773343e-01
  15.5000000000    5.0218235772e-01
  16.0000000000    5.0196516186e-01
  16.5000000000    5.0176305650e-01
  17.0000000000    5.0155114110e-01
  17.5000000000    5.0135522660e-01
  18.0000000000    5.0114681163e-01
  18.5000000000    5.0095582736e-01
  19.0000000000    5.0075225153e-01
  19.5000000000    5.0056630693e-01
  20.0000000000    5.0036821151e-01
  20.5000000000    5.0018740348e-01
  21.0000000000    4.9999473242e-01
  21.5000000000    4.9981928547e-01
  22.0000000000    4.9963231538e-01
  22.5000000000    4.9946104001e-01
  23.0000000000    4.9928208413e-01
  23.5000000000    4.9911586101e-01
  24.0000000000    4.9894123183e-01
  24.5000000000    4.9878154547e-01
  25.0000000000    4.9861250548e-01
  25.5000000000    4.9845821442e-01
  26.0000000000    4.9829486789e-01
  26.5000000000    4.9814543677e-01
  27.0000000000    4.9798827728e-01
  27.5000000000    4.9784390116e-01
  28.0000000000    4.9769268130e-01
  28.5000000000    4.9755330274e-01
  29.0000000000    4.9740788110e-01
  29.5000000000    4.9727332373e-01
  30.0000000000    4.9713359113e-01
  30.5000000000    4.9700357585e-01
  31.0000000000    4.9686855044e-01
  31.5000000000    4.9674356657e-01
  32.0000000000    4.9661596309e-01
  32.5000000000    4.9649586381e-01
  33.0000000000    4.9637121763e-01
  33.5000000000    4.9625559317e-01
  34.0000000000    4.9613716237e-01
  34.5000000000    4.9602564208e-01
  35.0000000000    4.9591160598e-01
  35.5000000000    4.9580478166e-01
  36.0000000000    4.9569550536e-01
  36.5000000000    4.9559279458e-01
  37.0000000000    4.9548790370e-01
  37.5000000000    4.9538938391e-01
  38.0000000000    4.9528877637e-01
  38.5000000000    4.9519446347e-01
  39.0000000000    4.9509786975e-01
  39.5000000000    4.9500763907e-01
  40.0000000000    4.9491487185e-01
  40.5000000000    4.9482853797e-01
  41.0000000000    4.9473935723e-01
  41.5000000000    4.9465706046e-01
  42.0000000000    4.9457123330e-01
  42.5000000000    4.9449283706e-01
  43.0000000000    4.9441029354e-01
  43.5000000000    4.9433570162e-01
  44.0000000000    4.9425595618e-01
  44.5000000000    4.9418544309e-01
  45.0000000000    4.9410873646e-01
  45.5000000000    4.9404174771e-01
  46.0000000000    4.9396719635e-01
  46.5000000000    4.9390408323e-01
  47.0000000000    4.9383218526e-01
  47.5000000000    4.9377290621e-01
  48.0000000000    4.9370286025e-01
  48.5000000000    4.9364711766e-01
  49.0000000000    4.9357911585e-01
  49.5000000000    4.9352733583e-01
  50.0000000000    4.9346106501e-01
  50.5000000000    4.9341296367e-01
  51.0000000000    4.9334811431e-01
  51.5000000000    4.9330370548e-01
  52.0000000000    4.9324016652e-01
  52.5000000000    4.9319706803e-01
  53.0000000000    4.9313700340e-01
  53.5000000000    4.9309459417e-01
  54.0000000000    4.9303799332e-01
  54.5000000000    4.9299573574e-01
  55.0000000000    4.9294161450e-01
  55.5000000000    4.9289727003e-01
  56.0000000000    4.9284246726e-01
  56.5000000000    4.9278983102e-01
  57.0000000000    4.9272532489e-01
  57.5000000000    4.9265362645e-01
  58.0000000000    4.9257508118e-01
  58.5000000000    4.9249556586e-01
  59.0000000000    4.9243135433e-01
  59.5000000000    4.9238032954e-01
  60.0000000000    4.9234823429e-01
  60.5000000000    4.9231673284e-01
  61.0000000000    4.9229474023e-01
  61.5000000000    4.9226314464e-01
  62.0000000000    4.9224373726e-01
  62.5000000000    4.9221059272e-01
  63.0000000000    4.9219101989e-01
  63.5000000000    4.9215133719e-01
  64.0000000000    4.9213063362e-01
  64.5000000000    4.9209400204e-01
  65.0000000000    4.9207498933e-01
  65.5000000000    4.9204064529e-01
  66.0000000000    4.9201870645e-01
  66.5000000000    4.9198811099e-01
  67.0000000000    4.9196575651e-01
  67.5000000000    4.9193846436e-01
  68.0000000000    4.9191441956e-01
  68.5000000000    4.9189156099e-01
  69.0000000000    4.9186605221e-01
  69.5000000000    4.9184701657e-01
  70.0000000000    4.9181993723e-01
  70.5000000000    4.9180523739e-01
  71.0000000000    4.9177682402e-01
  71.5000000000    4.9176634283e-01
  72.0000000000    4.9173607263e-01
  72.5000000000    4.9172390518e-01
  73.0000000000    4.9169773893e-01
  73.5000000000    4.9168365528e-01
  74.0000000000    4.9166212393e-01
  74.5000000000    4.9164600334e-01
  75.0000000000    4.9162909934e-01
  75.5000000000    4.9161082330e-01
  76.0000000000    4.9159866833e-01
  76.5000000000    4.9157810698e-01
  77.0000000000    4.9157070333e-01
  77.5000000000    4.9154739589e-01
  78.0000000000    4.9154168988e-01
  78.5000000000    4.9151945178e-01
  79.0000000000    4.9151131502e-01
  79.5000000000    4.9149431801e-01
  80.0000000000    4.9148306404e-01
  80.5000000000    4.9147092591e-01
  81.0000000000    4.9145625334e-01
  81.5000000000    4.9144947488e-01
  82.0000000000    4.9143318429e-01
  82.5000000000    4.9143389837e-01
  83.0000000000    4.9141397887e-01
  83.5000000000    4.9140863585e-01
  84.0000000000    4.9139236554e-01
  84.5000000000    4.9138561502e-01
  85.0000000000    4.9137700946e-01
  85.5000000000    4.9136653055e-01
  86.0000000000    4.9136348611e-01
  86.5000000000    4.9134948058e-01
  87.0000000000    4.9135126806e-01
  87.5000000000    4.9133427209e-01
  88.0000000000    4.9133237951e-01
  88.5000000000    4.9132202050e-01
  89.0000000000    4.9131611436e-01
  89.5000000000    4.9131228038e-01
  90.0000000000    4.9130227616e-01
  90.5000000000    4.9130512716e-01
  91.0000000000    4.9129097740e-01
  91.5000000000    4.9129225097e-01
  92.0000000000    4.9128222759e-01
  92.5000000000    4.9127922596e-01
  93.0000000000    4.9127641817e-01
  93.5000000000    4.9126880141e-01
  94.0000000000    4.9127324442e-01
  94.5000000000    4.9126103445e-01
  95.0000000000    4.9126376735e-01
  95.5000000000    4.9125608574e-01
  96.0000000000    4.9125412916e-01
  96.5000000000    4.9125416281e-01
  97.0000000000    4.9124717173e-01
  97.5000000000    4.9125488961e-01
  98.0000000000    4.9124317809e-01
  98.5000000000    4.9124551091e-01
  99.0000000000    4.9124206539e-01
  99.5000000000    4.9123929128e-01
 100.0000000000    4.9124447023e-01
 100.5000000000    4.9123654551e-01
 101.0000000000    4.9124260611e-01
 101.5000000000    4.9123660468e-01
 102.0000000000    4.9123676995e-01
 102.5000000000    4.9123985484e-01
 103.0000000000    4.9123467098e-01
 103.5000000000    4.9124326657e-01
 104.0000000000    4.9123611045e-01
 104.5000000000    4.9123858341e-01
 105.0000000000    4.9124082254e-01
 105.5000000000    4.9123751195e-01
 106.0000000000    4.9124754646e-01
 106.5000000000    4.9124019251e-01
 107.0000000000    4.9124403020e-01
 107.5000000000    4.9124665422e-01
 108.0000000000    4.9124418414e-01
 108.5000000000    4.9125478490e-01
 109.0000000000    4.9124840274e-01
 109.5000000000    4.9125249634e-01
 110.0000000000    4.9125676132e-01
 110.5000000000    4.9125443230e-01
 111.0000000000    4.9126467726e-01
 111.5000000000    4.9126067323e-01
 112.0000000000    4.9126423075e-01
 112.5000000000    4.9127149689e-01
 113.0000000000    4.9126829399e-01
 113.5000000000    4.9127741003e-01
 114.0000000000    4.9127717747e-01
 114.5000000000    4.9127935879e-01
 115.0000000000    4.9129105314e-01
 115.5000000000    4.9128604014e-01
 116.0000000000    4.9129289567e-01
 116.5000000000    4.9129783519e-01
 117.0000000000    4.9129746879e-01
 117.5000000000    4.9130876553e-01
 118.0000000000    4.9130729289e-01
 118.5000000000    4.9131110155e-01
 119.0000000000    4.9132260727e-01
 119.5000000000    4.9131910442e-01
 120.0000000000    4.9132707818e-01
 120.5000000000    4.9133350664e-01
 121.0000000000    4.9133362532e-01
 121.5000000000    4.9134449902e-01
 122.0000000000    4.9134534329e-01
 122.5000000000    4.9134844856e-01
 123.0000000000    4.9136255955e-01
 123.5000000000    4.9135937517e-01
 124.0000000000    4.9136550722e-01
 124.5000000000    4.9137682758e-01
 125.0000000000    4.9137483360e-01
 125.5000000000    4.9138314547e-01
 126.0000000000    4.9139091416e-01
 126.5000000000    4.9139143467e-01
 127.0000000000    4.9140189295e-01
 127.5000000000    4.9140641636e-01
 128.0000000000    4.9140858739e-01
 128.5000000000    4.9142096054e-01
 129.0000000000    4.9142334406e-01
 129.5000000000    4.9142677508e-01
 130.0000000000    4.9144019168e-01
 130.5000000000    4.9144086395e-01
 131.0000000000    4.9144539001e-01
 131.5000000000    4.9145950001e-01
 132.0000000000    4.9145911450e-01
 132.5000000000    4.9146470461e-01
 133.0000000000    4.9147919820e-01
 133.5000000000    4.9147789238e-01
 134.0000000000    4.9148400295e-01
 134.5000000000    4.9149896899e-01
 135.0000000000    4.9149766514e-01
 135.5000000000    4.9150364153e-01
 136.0000000000    4.9151854730e-01
 136.5000000000    4.9151811855e-01
 137.0000000000    4.9152365452e-01
 137.5000000000    4.9153787367e-01
 138.0000000000    4.9153889915e-01
 138.5000000000    4.9154387072e-01
 139.0000000000    4.9155711029e-01
 139.5000000000    4.9156028961e-01
 140.0000000000    4.9156429997e-01
 140.5000000000    4.9157640210e-01
 141.0000000000    4.9158237943e-01
 141.5000000000    4.9158506290e-01
 142.0000000000    4.9159553166e-01
 142.5000000000    4.9160507383e-01
 143.0000000000    4.9160627260e-01
 143.5000000000    4.9161502474e-01
 144.0000000000    4.9162892191e-01
 144.5000000000    4.9162815270e-01
 145.0000000000    4.9163471567e-01
 145.5000000000    4.9164861007e-01
 146.0000000000    4.9165085910e-01
 146.5000000000    4.9165515416e-01
 147.0000000000    4.9166655431e-01
 147.5000000000    4.9167505382e-01
 148.0000000000    4.9167662359e-01
 148.5000000000    4.9168506267e-01
 149.0000000000    4.9170037607e-01
 149.5000000000    4.9169948702e-01
 150.0000000000    4.9170489153e-01
 150.5000000000    4.9171690195e-01
 151.0000000000    4.9172423174e-01
 151.5000000000    4.9172631015e-01
 152.0000000000    4.9173468790e-01
 152.5000000000    4.9174936057e-01
 153.0000000000    4.9174975705e-01
 153.5000000000    4.9175446255e-01
 154.0000000000    4.9176517220e-01
 154.5000000000    4.9177591922e-01
 155.0000000000    4.9177664894e-01
 155.5000000000    4.9178312471e-01
 156.0000000000    4.9179530581e-01
 156.5000000000    4.9180182197e-01
 157.0000000000    4.9180401990e-01
 157.5000000000    4.9181164786e-01
 158.0000000000    4.9182455250e-01
 158.5000000000    4.9182812667e-01
 159.0000000000    4.9183090002e-01
 159.5000000000    4.9183921150e-01
 160.0000000000    4.9185277260e-01
 160.5000000000    4.9185570417e-01
 161.0000000000    4.9185846597e-01
 161.5000000000    4.9186583650e-01
 162.0000000000    4.9187817922e-01
 162.5000000000    4.9188165435e-01
 163.0000000000    4.9188450579e-01
 163.5000000000    4.9189174191e-01
 164.0000000000    4.9190320074e-01
 164.5000000000    4.9190890809e-01
 165.0000000000    4.9191036875e-01
 165.5000000000    4.9191614115e-01
 166.0000000000    4.9192605380e-01
 166.5000000000    4.9193624103e-01
 167.0000000000    4.9193620688e-01
 167.5000000000    4.9194021411e-01
 168.0000000000    4.9194812011e-01
 168.5000000000    4.9195980605e-01
 169.0000000000    4.9196284512e-01
 169.5000000000    4.9196462131e-01
 170.0000000000    4.9197000379e-01
 170.5000000000    4.9197893707e-01
 171.0000000000    4.9199095436e-01
 171.5000000000    4.9199016927e-01
 172.0000000000    4.9199276195e-01
 172.5000000000    4.9199862120e-01
 173.0000000000    4.9200758616e-01
 173.5000000000    4.9201794627e-01
 174.0000000000    4.9201730021e-01
 174.5000000000    4.9201964035e-01
 175.0000000000    4.9202490631e-01
 175.5000000000    4.9203303357e-01
 176.0000000000    4.9204386721e-01
 176.5000000000    4.9204372031e-01
 177.0000000000    4.9204497736e-01
 177.5000000000    4.9204887585e-01
 178.0000000000    4.9205525997e-01
 178.5000000000    4.9206402349e-01
 179.0000000000    4.9206976875e-01
 179.5000000000    4.9206940709e-01
 180.0000000000    4.9207126196e-01
 180.5000000000    4.9207525690e-01
 181.0000000000    4.9208135829e-01
 181.5000000000    4.9208946679e-01
 182.0000000000    4.9209390389e-01
 182.5000000000    4.9209314170e-01
 183.0000000000    4.9209421547e-01
 183.5000000000    4.9209698341e-01
 184.0000000000    4.9210133615e-01
 184.5000000000    4.9210720363e-01
 185.0000000000    4.9211454464e-01
 185.5000000000    4.9211266957e-01
 186.0000000000    4.9211145011e-01
 186.5000000000    4.9211160951e-01
 187.0000000000    4.9211312022e-01
 187.5000000000    4.9211601617e-01
 188.0000000000    4.9212023756e-01
 188.5000000000    4.9212571849e-01
 189.0000000000    4.9212624328e-01
 189.5000000000    4.9212436311e-01
 190.0000000000    4.9212369101e-01
 190.5000000000    4.9212410146e-01
 191.0000000000    4.9212547522e-01
 191.5000000000    4.9212769628e-01
 192.0000000000    4.9213071274e-01
 192.5000000000    4.9213448273e-01
 193.0000000000    4.9213834006e-01
 193.5000000000    4.9213504871e-01
 194.0000000000    4.9213254839e-01
 194.5000000000    4.9213076034e-01
 195.0000000000    4.9212948896e-01
 195.5000000000    4.9212874653e-01
 196.0000000000    4.9212862765e-01
 196.5000000000    4.9212892539e-01
 197.0000000000    4.9212952940e-01
 197.5000000000    4.9213046380e-01
 198.0000000000    4.9213169392e-01
 198.5000000000    4.9213300464e-01
 199.0000000000    4.9212870903e-01
 199.5000000000    4.9212475931e-01
 200.0000000000    4.9212111051e-01
 200.5000000000    4.9211762923e-01
 201.0000000000    4.9211425277e-01
 201.5000000000    4.9211100673e-01
 202.0000000000    4.9210784272e-01
 202.5000000000    4.9210472066e-01
 203.0000000000    4.9210162982e-01
 203.5000000000    4.9209854792e-01
 204.0000000000    4.9209535028e-01
 204.5000000000    4.9209192032e-01
 205.0000000000    4.9208823291e-01
 205.5000000000    4.9208428212e-01
 206.0000000000    4.9208005697e-01
 206.5000000000    4.9207556444e-01
 207.0000000000    4.9207082881e-01
 207.5000000000    4.9206581663e-01
 208.0000000000    4.9206044547e-01
 208.5000000000    4.9205469567e-01
 209.0000000000    4.9204859270e-01
 209.5000000000    4.9204209119e-01
 210.0000000000    4.9203515050e-01
 210.5000000000    4.9202781778e-01
 211.0000000000    4.9202009601e-01
 211.5000000000    4.9201194343e-01
 212.0000000000    4.9200333646e-01
 212.5000000000    4.9199429632e-01
 213.0000000000    4.9198484139e-01
 213.5000000000    4.9197497325e-01
 214.0000000000    4.9196469556e-01
 214.5000000000    4.9195405453e-01
 215.0000000000    4.9194310589e-01
 215.5000000000    4.9193179821e-01
 216.0000000000    4.9192012750e-01
 216.5000000000    4.9190816641e-01
 217.0000000000    4.9189596747e-01
 217.5000000000    4.9188355047e-01
 218.0000000000    4.9187099769e-01
 218.5000000000    4.9185833866e-01
 219.0000000000    4.9184551965e-01
 219.5000000000    4.9183251564e-01
 220.0000000000    4.9181943579e-01
 220.5000000000    4.9180641153e-01
 221.0000000000    4.9179358600e-01
 221.5000000000    4.9178113301e-01
 222.0000000000    4.9176331319e-01
 222.5000000000    4.9174477077e-01
 223.0000000000    4.9172625230e-01
 223.5000000000    4.9170774472e-01
 224.0000000000    4.9168932292e-01
 224.5000000000    4.9167113286e-01
 225.0000000000    4.9165342997e-01
 225.5000000000    4.9163648524e-01
 226.0000000000    4.9162043127e-01
 226.5000000000    4.9160194895e-01
 227.0000000000    4.9157762953e-01
 227.5000000000    4.9155389248e-01
 228.0000000000    4.9153084930e-01
 228.5000000000    4.9150873402e-01
 229.0000000000    4.9148786542e-01
 229.5000000000    4.9146843900e-01
 230.0000000000    4.9144684722e-01
 230.5000000000    4.9141790289e-01
 231.0000000000    4.9139015558e-01
 231.5000000000    4.9136371115e-01
 232.0000000000    4.9133882217e-01
 232.5000000000    4.9131582502e-01
 233.0000000000    4.9128762474e-01
 233.5000000000    4.9125454282e-01
 234.0000000000    4.9122388462e-01
 234.5000000000    4.9119589895e-01
 235.0000000000    4.9117079123e-01
 235.5000000000    4.9114014566e-01
 236.0000000000    4.9110425258e-01
 236.5000000000    4.9107105278e-01
 237.0000000000    4.9104067834e-01
 237.5000000000    4.9101209691e-01
 238.0000000000    4.9096997632e-01
 238.5000000000    4.9093158037e-01
 239.0000000000    4.9089731405e-01
 239.5000000000    4.9086620448e-01
 240.0000000000    4.9082046894e-01
 240.5000000000    4.9077895880e-01
 241.0000000000    4.9074209533e-01
 241.5000000000    4.9070245461e-01
 242.0000000000    4.9065490633e-01
 242.5000000000    4.9061353236e-01
 243.0000000000    4.9057851899e-01
 243.5000000000    4.9052722286e-01
 244.0000000000    4.9048052019e-01
 244.5000000000    4.9043959162e-01
 245.0000000000    4.9038584839e-01
 245.5000000000    4.9033340047e-01
 246.0000000000    4.9028903798e-01
 246.5000000000    4.9023310527e-01
 247.0000000000    4.9017988793e-01
 247.5000000000    4.9013536551e-01
 248.0000000000    4.9007301430e-01
 248.5000000000    4.9001750349e-01
 249.0000000000    4.8996351926e-01
 249.5000000000    4.8989788201e-01
 250.0000000000    4.8984314325e-01
 250.5000000000    4.8977819284e-01
 251.0000000000    4.8971572234e-01
 251.5000000000    4.8965614906e-01
 252.0000000000    4.8958482814e-01
 252.5000000000    4.8952573245e-01
 253.0000000000    4.8944827061e-01
 253.5000000000    4.8938256496e-01
 254.0000000000    4.8930692887e-01
 254.5000000000    4.8923560408e-01
 255.0000000000    4.8915946340e-01
 255.5000000000    4.8908243262e-01
 256.0000000000    4.8900353475e-01
 256.5000000000    4.8892197657e-01
 257.0000000000    4.8883951759e-01
 257.5000000000    4.8875528442e-01
 258.0000000000    4.8866795060e-01
 258.5000000000    4.8858214594e-01
 259.0000000000    4.8848818419e-01
 259.5000000000    4.8840195580e-01
 260.0000000000    4.8829985515e-01
 260.5000000000    4.8820926444e-01
 261.0000000000    4.8810298089e-01
 261.5000000000    4.8800149394e-01
 262.0000000000    4.8789837676e-01
 262.5000000000    4.8778544947e-01
 263.0000000000    4.8768082180e-01
 263.5000000000    4.8756369150e-01
 264.0000000000    4.8744617308e-01
 264.5000000000    4.8733471811e-01
 265.0000000000    4.8720672326e-01
 265.5000000000    4.8707984223e-01
 266.0000000000    4.8695647761e-01
 266.5000000000    4.8682053305e-01
 267.0000000000    4.8668043171e-01
 267.5000000000    4.8654246204e-01
 268.0000000000    4.8640512894e-01
 268.5000000000    4.8625062142e-01
 269.0000000000    4.8609654856e-01
 269.5000000000    4.8594190677e-01
 270.0000000000    4.8578572317e-01
 270.5000000000    4.8561962697e-01
 271.0000000000    4.8544455365e-01
 271.5000000000    4.8526668269e-01
 272.0000000000    4.8508538736e-01
 272.5000000000    4.8490009777e-01
 273.0000000000    4.8471033982e-01
 273.5000000000    4.8451565557e-01
 274.0000000000    4.8431285043e-01
 274.5000000000    4.8410085795e-01
 275.0000000000    4.8388276764e-01
 275.5000000000    4.8365760675e-01
 276.0000000000    4.8342473065e-01
 276.5000000000    4.8318403000e-01
 277.0000000000    4.8293587696e-01
 277.5000000000    4.8268080550e-01
 278.0000000000    4.8241902775e-01
 278.5000000000    4.8215008966e-01
 279.0000000000    4.8187246328e-01
 279.5000000000    4.8157833529e-01
 280.0000000000    4.8127322384e-01
 280.5000000000    4.8095777912e-01
 281.0000000000    4.8063331670e-01
 281.5000000000    4.8030107255e-01
 282.0000000000    4.7996150051e-01
 282.5000000000    4.7960189411e-01
 283.0000000000    4.7922802721e-01
 283.5000000000    4.7884473322e-01
 284.0000000000    4.7845336778e-01
 284.5000000000    4.7803259329e-01
 285.0000000000    4.7760556959e-01
 285.5000000000    4.7717077145e-01
 286.0000000000    4.7670548171e-01
 286.5000000000    4.7623509159e-01
 287.0000000000    4.7573835334e-01
 287.5000000000    4.7522935339e-01
 288.0000000000    4.7469832490e-01
 288.5000000000    4.7415358873e-01
 289.0000000000    4.7358167774e-01
 289.5000000000    4.7300066164e-01
 290.0000000000    4.7238241325e-01
 290.5000000000    4.7174907777e-01
 291.0000000000    4.7109916584e-01
 291.5000000000    4.7041306080e-01
 292.0000000000    4.6970386568e-01
 292.5000000000    4.6897015810e-01
 293.0000000000    4.6820857360e-01
 293.5000000000    4.6741585016e-01
 294.0000000000    4.6658850159e-01
 294.5000000000    4.6572254800e-01
 295.0000000000    4.6481348874e-01
 295.5000000000    4.6385632722e-01
 296.0000000000    4.6284539575e-01
 296.5000000000    4.6177399444e-01
 297.0000000000    4.6062725485e-01
 297.5000000000    4.5938035933e-01
 298.0000000000    4.5802789051e-01
 298.5000000000    4.5652951667e-01
 299.0000000000    4.5484854096e-01
 299.5000000000    4.5293893210e-01
 300.0000000000    4.5071620857e-01
 300.5000000000    4.4808599825e-01
 301.0000000000    4.4488285022e-01
 301.5000000000    4.4080917317e-01
 302.0000000000    4.3111481111e-01
 302.5000000000    4.1222648536e-01
 303.0000000000    3.9285780291e-01
 303.5000000000    3.7306415373e-01
 304.0000000000    3.5290911452e-01
 304.5000000000    3.3246345751e-01
 305.0000000000    3.1180390571e-01
 305.5000000000    2.9101184522e-01
 306.0000000000    2.7017227963e-01
 306.5000000000    2.4937333110e-01
 307.0000000000    2.2870652568e-01
 307.5000000000    2.0826799397e-01
 308.0000000000    1.8816054178e-01
 308.5000000000    1.6849629338e-01
 309.0000000000    1.4939928785e-01
 309.5000000000    1.3100708140e-01
 310.0000000000    1.1347018490e-01
 310.5000000000    9.6948165024e-02
 311.0000000000    8.1601636993e-02
 311.5000000000    6.7580238771e-02
 312.0000000000    5.5007887166e-02
 312.5000000000    4.3967828695e-02
 313.0000000000    3.4490715793e-02
 313.5000000000    2.6548683213e-02
 314.0000000000    2.0057114065e-02
 314.5000000000    1.4883863258e-02
 315.0000000000    1.0863877142e-02
 315.5000000000    7.8160759638e-03
 316.0000000000    5.5593276915e-03
 316.5000000000    3.9251425904e-03
 317.0000000000    2.7659163925e-03
 317.5000000000    1.9587271225e-03
 318.0000000000    1.4055502625e-03
 318.5000000000    1.0311259026e-03
 319.0000000000    7.7962221654e-04
 319.5000000000    6.1092236864e-04
 320.0000000000    4.9704918274e-04
 320.5000000000    4.1901945634e-04
 321.0000000000    3.6426573984e-04
 321.5000000000    3.2464758501e-04
 322.0000000000    2.9499337731e-04
 322.5000000000    2.7207253367e-04
 323.0000000000    2.5389144524e-04
 323.5000000000    2.3922167149e-04
 324.0000000000    2.2729104302e-04
 324.5000000000    2.1758805673e-04
 325.0000000000    2.0974407189e-04
 325.5000000000    2.0346726203e-04
 326.0000000000    1.9850904341e-04
 326.5000000000    1.9464918301e-04
 327.0000000000    1.9169040940e-04
 327.5000000000    1.8945701666e-04
 328.0000000000    1.8779458647e-04
 328.5000000000    1.8656959424e-04
 329.0000000000    1.8566855406e-04
 329.5000000000    1.8499675201e-04
 330.0000000000    1.8447671854e-04
 330.5000000000    1.8404657463e-04
 331.0000000000    1.8365835833e-04
 331.5000000000    1.8327636990e-04
 332.0000000000    1.8287555948e-04
 332.5000000000    1.8243997103e-04
 333.0000000000    1.8196124922e-04
 333.5000000000    1.8143721968e-04
 334.0000000000    1.8087055529e-04
 334.5000000000    1.8026755099e-04
 335.0000000000    1.7963701719e-04
 335.5000000000    1.7898930272e-04
 336.0000000000    1.7833545814e-04
 336.5000000000    1.7768653943e-04
 337.0000000000    1.7705306030e-04
 337.5000000000    1.7644458520e-04
 338.0000000000    1.7586945514e-04
 338.5000000000    1.7533463200e-04
 339.0000000000    1.7484564393e-04
 339.5000000000    1.7440661048e-04
 340.0000000000    1.7402032420e-04
 340.5000000000    1.7368836825e-04
 341.0000000000    1.7341125769e-04
 341.5000000000    1.7318858702e-04
 342.0000000000    1.7301917507e-04
 342.5000000000    1.7290119722e-04
 343.0000000000    1.7283230107e-04
 343.5000000000    1.7280970080e-04
 344.0000000000    1.7283025124e-04
 344.5000000000    1.7289050516e-04
 345.0000000000    1.7298675678e-04
 345.5000000000    1.7311507532e-04
 346.0000000000    1.7327133698e-04
 346.5000000000    1.7345125755e-04
 347.0000000000    1.7365042848e-04
 347.5000000000    1.7386435795e-04
 348.0000000000    1.7408852507e-04
 348.5000000000    1.7431844313e-04
 349.0000000000    1.7454973491e-04
 349.5000000000    1.7477820968e-04
 350.0000000000    1.7499994091e-04
 350.5000000000    1.7521134183e-04
 351.0000000000    1.7540923322e-04
 351.5000000000    1.7559089600e-04
 352.0000000000    1.7575411273e-04
 352.5000000000    1.7589720246e-04
 353.0000000000    1.7601904261e-04
 353.5000000000    1.7611908019e-04
 354.0000000000    1.7619732681e-04
 354.5000000000    1.7625432893e-04
 355.0000000000    1.7629111091e-04
 355.5000000000    1.7630909951e-04
 356.0000000000    1.7631004852e-04
 356.5000000000    1.7629597366e-04
 357.0000000000    1.7626910170e-04
 357.5000000000    1.7623182223e-04
 358.0000000000    1.7618662091e-04
 358.5000000000    1.7613598371e-04
 359.0000000000    1.7608229123e-04
 359.5000000000    1.7602773560e-04
 360.0000000000    1.7597428157e-04
 360.5000000000    1.7592366995e-04
 361.0000000000    1.7587744178e-04
 361.5000000000    1.7583694882e-04
 362.0000000000    1.7580333107e-04
 362.5000000000    1.7577747612e-04
 363.0000000000    1.7575999435e-04
 363.5000000000    1.7575123067e-04
 364.0000000000    1.7575131334e-04
 364.5000000000    1.7576020809e-04
 365.0000000000    1.7577774859e-04
 365.5000000000    1.7580363195e-04
 366.0000000000    1.7583740312e-04
 366.5000000000    1.7587845166e-04
 367.0000000000    1.7592603408e-04
 367.5000000000    1.7597931921e-04
 368.0000000000    1.7603743011e-04
 368.5000000000    1.7609946582e-04
 369.0000000000    1.7616450585e-04
 369.5000000000    1.7623161117e-04
 370.0000000000    1.7629983496e-04
 370.5000000000    1.7636824447e-04
 371.0000000000    1.7643594112e-04
 371.5000000000    1.7650207891e-04
 372.0000000000    1.7656587412e-04
 372.5000000000    1.7662661291e-04
 373.0000000000    1.7668366500e-04
 373.5000000000    1.7673650642e-04
 374.0000000000    1.7678474198e-04
 374.5000000000    1.7682812912e-04
 375.0000000000    1.7686659769e-04
 375.5000000000    1.7690026126e-04
 376.0000000000    1.7692941295e-04
 376.5000000000    1.7695450354e-04
 377.0000000000    1.7697609654e-04
 377.5000000000    1.7699480162e-04
 378.0000000000    1.7701119873e-04
 378.5000000000    1.7702576080e-04
 379.0000000000    1.7703878721e-04
 379.5000000000    1.7705035725e-04
 380.0000000000    1.7706032049e-04
 380.5000000000    1.7706832640e-04
 381.0000000000    1.7707389917e-04
 381.5000000000    1.7707656122e-04
 382.0000000000    1.7707598392e-04
 382.5000000000    1.7707213141e-04
 383.0000000000    1.7706537351e-04
 383.5000000000    1.7705654994e-04
 384.0000000000    1.7704696577e-04
 384.5000000000    1.7703831066e-04
 385.0000000000    1.7703250065e-04
 385.5000000000    1.7703146189e-04
 386.0000000000    1.7703689148e-04
 386.5000000000    1.7705002447e-04
 387.0000000000    1.7707145137e-04
 387.5000000000    1.7710102660e-04
 388.0000000000    1.7713788069e-04
 388.5000000000    1.7718053359e-04
 389.0000000000    1.7722709788e-04
 389.5000000000    1.7727553482e-04
 390.0000000000    1.7732392234e-04
 390.5000000000    1.7737069090e-04
 391.0000000000    1.7741479008e-04
 391.5000000000    1.7745575712e-04
 392.0000000000    1.7749367953e-04
 392.5000000000    1.7752906786e-04
 393.0000000000    1.7756266851e-04
 393.5000000000    1.7759525628e-04
 394.0000000000    1.7762744858e-04
 394.5000000000    1.7765957572e-04
 395.0000000000    1.7769162734e-04
 395.5000000000    1.7772327854e-04
 396.0000000000    1.7775398211e-04
 396.5000000000    1.7778310350e-04
 397.0000000000    1.7781006347e-04
 397.5000000000    1.7783445848e-04
 398.0000000000    1.7785613423e-04
 398.5000000000    1.7787520598e-04
 399.0000000000    1.7789202264e-04
 399.5000000000    1.7790709175e-04
 400.0000000000    1.7792098519e-04
 400.5000000000    1.7793424525e-04
 401.0000000000    1.7794731383e-04
 401.5000000000    1.7796049485e-04
 402.0000000000    1.7797395348e-04
 402.5000000000    1.7798774296e-04
 403.0000000000    1.7800185007e-04
 403.5000000000    1.7801624311e-04
 404.0000000000    1.7803091102e-04
 404.5000000000    1.7804588707e-04
 405.0000000000    1.7806125322e-04
 405.5000000000    1.7807712904e-04
 406.0000000000    1.7809364946e-04
 406.5000000000    1.7811093708e-04
 407.0000000000    1.7812907702e-04
 407.5000000000    1.7814809966e-04
 408.0000000000    1.7816797240e-04
 408.5000000000    1.7818860054e-04
 409.0000000000    1.7820983420e-04
 409.5000000000    1.7823147772e-04
 410.0000000000    1.7825330123e-04
 410.5000000000    1.7827505667e-04
 411.0000000000    1.7829649651e-04
 411.5000000000    1.7831739508e-04
 412.0000000000    1.7833757312e-04
 412.5000000000    1.7835691768e-04
 413.0000000000    1.7837539629e-04
 413.5000000000    1.7839306102e-04
 414.0000000000    1.7841004174e-04
 414.5000000000    1.7842652865e-04
 415.0000000000    1.7844274501e-04
 415.5000000000    1.7845891647e-04
 416.0000000000    1.7847524026e-04
 416.5000000000    1.7849185890e-04
 417.0000000000    1.7850884750e-04
 417.5000000000    1.7852621312e-04
 418.0000000000    1.7854390656e-04
 418.5000000000    1.7856184399e-04
 419.0000000000    1.7857993176e-04
 419.5000000000    1.7859808672e-04
 420.0000000000    1.7861625128e-04
 420.5000000000    1.7863440021e-04
 421.0000000000    1.7865253763e-04
 421.5000000000    1.7867068563e-04
 422.0000000000    1.7868886937e-04
 422.5000000000    1.7870710215e-04
 423.0000000000    1.7872537380e-04
 423.5000000000    1.7874364534e-04
 424.0000000000    1.7876185231e-04
 424.5000000000    1.7877991566e-04
 425.0000000000    1.7879775511e-04
 425.5000000000    1.7881530656e-04
 426.0000000000    1.7883253439e-04
 426.5000000000    1.7884944027e-04
 427.0000000000    1.7886606453e-04
 427.5000000000    1.7888248157e-04
 428.0000000000    1.7889878896e-04
 428.5000000000    1.7891509095e-04
 429.0000000000    1.7893148180e-04
 429.5000000000    1.7894802934e-04
 430.0000000000    1.7896476419e-04
 430.5000000000    1.7898167513e-04
 431.0000000000    1.7899871240e-04
 431.5000000000    1.7901579671e-04
 432.0000000000    1.7903283381e-04
 432.5000000000    1.7904973101e-04
 433.0000000000    1.7906641280e-04
 433.5000000000    1.7908283335e-04
 434.0000000000    1.7909898238e-04
 434.5000000000    1.7911488341e-04
 435.0000000000    1.7913058563e-04
 435.5000000000    1.7914615338e-04
 436.0000000000    1.7916165202e-04
 436.5000000000    1.7917713497e-04
 437.0000000000    1.7919263547e-04
 437.5000000000    1.7920816023e-04
 438.0000000000    1.7922368755e-04
 438.5000000000    1.7923917176e-04
 439.0000000000    1.7925455184e-04
 439.5000000000    1.7926976287e-04
 440.0000000000    1.7928474734e-04
 440.5000000000    1.7929946908e-04
 441.0000000000    1.7931391955e-04
 441.5000000000    1.7932812120e-04
 442.0000000000    1.7934212710e-04
 442.5000000000    1.7935601576e-04
 443.0000000000    1.7936988042e-04
 443.5000000000    1.7938381831e-04
 444.0000000000    1.7939791771e-04
 444.5000000000    1.7941224708e-04
 445.0000000000    1.7942684755e-04
 445.5000000000    1.7944172809e-04
 446.0000000000    1.7945686799e-04
 446.5000000000    1.7947221925e-04
 447.0000000000    1.7948771274e-04
 447.5000000000    1.7950326888e-04
 448.0000000000    1.7951880718e-04
 448.5000000000    1.7953425261e-04
 449.0000000000    1.7954954433e-04
 449.5000000000    1.7956464659e-04
 450.0000000000    1.7957954771e-04
 450.5000000000    1.7959425540e-04
 451.0000000000    1.7960879778e-04
 451.5000000000    1.7962321600e-04
 452.0000000000    1.7963755105e-04
 452.5000000000    1.7965183948e-04
 453.0000000000    1.7966610690e-04
 453.5000000000    1.7968035838e-04
 454.0000000000    1.7969458341e-04
 454.5000000000    1.7970876841e-04
 455.0000000000    1.7972289656e-04
 455.5000000000    1.7973694454e-04
 456.0000000000    1.7975088921e-04
 456.5000000000    1.7976471514e-04
 457.0000000000    1.7977841585e-04
 457.5000000000    1.7979199508e-04
 458.0000000000    1.7980546808e-04
 458.5000000000    1.7981885872e-04
 459.0000000000    1.7983219384e-04
 459.5000000000    1.7984549958e-04
 460.0000000000    1.7985879749e-04
 460.5000000000    1.7987209799e-04
 461.0000000000    1.7988540203e-04
 461.5000000000    1.7989870514e-04
 462.0000000000    1.7991200066e-04
 462.5000000000    1.7992528330e-04
 463.0000000000    1.7993854673e-04
 463.5000000000    1.7995178435e-04
 464.0000000000    1.7996499172e-04
 464.5000000000    1.7997816697e-04
 465.0000000000    1.7999131139e-04
 465.5000000000    1.8000442848e-04
 466.0000000000    1.8001752215e-04
 466.5000000000    1.8003059520e-04
 467.0000000000    1.8004364772e-04
 467.5000000000    1.8005667611e-04
 468.0000000000    1.8006967501e-04
 468.5000000000    1.8008264104e-04
 469.0000000000    1.8009556949e-04
 469.5000000000    1.8010845313e-04
 470.0000000000    1.8012128747e-04
 470.5000000000    1.8013406872e-04
 471.0000000000    1.8014679121e-04
 471.5000000000    1.8015944956e-04
 472.0000000000    1.8017203973e-04
 472.5000000000    1.8018456009e-04
 473.0000000000    1.8019701274e-04
 473.5000000000    1.8020940406e-04
 474.0000000000    1.8022174429e-04
 474.5000000000    1.8023404535e-04
 475.0000000000    1.8024631693e-04
 475.5000000000    1.8025856452e-04
 476.0000000000    1.8027078906e-04
 476.5000000000    1.8028298670e-04
 477.0000000000    1.8029515023e-04
 477.5000000000    1.8030727228e-04
 478.0000000000    1.8031934978e-04
 478.5000000000    1.8033138650e-04
 479.0000000000    1.8034339317e-04
 479.5000000000    1.8035538509e-04
 480.0000000000    1.8036737676e-04
 480.5000000000    1.8037937639e-04
 481.0000000000    1.8039138289e-04
 481.5000000000    1.8040338600e-04
 482.0000000000    1.8041537014e-04
 482.5000000000    1.8042732076e-04
 483.0000000000    1.8043923010e-04
 483.5000000000    1.8045109973e-04
 484.0000000000    1.8046293827e-04
 484.5000000000    1.8047475629e-04
 485.0000000000    1.8048656002e-04
 485.5000000000    1.8049834706e-04
 486.0000000000    1.8051010625e-04
 486.5000000000    1.8052182249e-04
 487.0000000000    1.8053348394e-04
 487.5000000000    1.8054508765e-04
 488.0000000000    1.8055664104e-04
 488.5000000000    1.8056815778e-04
 489.0000000000    1.8057965053e-04
 489.5000000000    1.8059112375e-04
 490.0000000000    1.8060257097e-04
 490.5000000000    1.8061397789e-04
 491.0000000000    1.8062532622e-04
 491.5000000000    1.8063660460e-04
 492.0000000000    1.8064781184e-04
 492.5000000000    1.8065895782e-04
 493.0000000000    1.8067005880e-04
 493.5000000000    1.8068113034e-04
 494.0000000000    1.8069218221e-04
 494.5000000000    1.8070321630e-04
 495.0000000000    1.8071422863e-04
 495.5000000000    1.8072521495e-04
 496.0000000000    1.8073617313e-04
 496.5000000000    1.8074710304e-04
 497.0000000000    1.8075800359e-04
 497.5000000000    1.8076886820e-04
 498.0000000000    1.8077968190e-04
 498.5000000000    1.8079042111e-04
 499.0000000000    1.8080105733e-04
 499.5000000000    1.8081156294e-04
 500.0000000000    1.8082191670e-04
 500.5000000000    1.8083210705e-04
 501.0000000000    1.8084213501e-04
 501.5000000000    1.8085201790e-04
 502.0000000000    1.8086179564e-04
 502.5000000000    1.8087153859e-04
 503.0000000000    1.8088135429e-04
 503.5000000000    1.8089138848e-04
 504.0000000000    1.8090181623e-04
 504.5000000000    1.8091282135e-04
 505.0000000000    1.8092456528e-04
 505.5000000000    1.8093715191e-04
 506.0000000000    1.8095059278e-04
 506.5000000000    1.8096477339e-04
 507.0000000000    1.8097943278e-04
 507.5000000000    1.8099416811e-04
 508.0000000000    1.8100844740e-04
 508.5000000000    1.8102163558e-04
 509.0000000000    1.8103305765e-04
 509.5000000000    1.8104207605e-04
 510.0000000000    1.8104817334e-04
 510.5000000000    1.8105104195e-04
 511.0000000000    1.8105066418e-04
 511.5000000000    1.8104736325e-04
 512.0000000000    1.8104180983e-04
 512.5000000000    1.8103497642e-04
 513.0000000000    1.8102803958e-04
 513.5000000000    1.8102223937e-04
 514.0000000000    1.8101871968e-04
 514.5000000000    1.8101838159e-04
 515.0000000000    1.8102177830e-04
 515.5000000000    1.8102906767e-04
 516.0000000000    1.8104002785e-04
 516.5000000000    1.8105412926e-04
 517.0000000000    1.8107064526e-04
 517.5000000000    1.8108877888e-04
 518.0000000000    1.8110778335e-04
 518.5000000000    1.8112705678e-04
 519.0000000000    1.8114619579e-04
 519.5000000000    1.8116500115e-04
 520.0000000000    1.8118343899e-04
 520.5000000000    1.8120156872e-04
 521.0000000000    1.8121946174e-04
 521.5000000000    1.8123713385e-04
 522.0000000000    1.8125451079e-04
 522.5000000000    1.8127143393e-04
 523.0000000000    1.8128769986e-04
 523.5000000000    1.8130311657e-04
 524.0000000000    1.8131755597e-04
 524.5000000000    1.8133098805e-04
 525.0000000000    1.8134348598e-04
 525.5000000000    1.8135520368e-04
 526.0000000000    1.8136633984e-04
 526.5000000000    1.8137709477e-04
 527.0000000000    1.8138763256e-04
 527.5000000000    1.8139805370e-04
 528.0000000000    1.8140838963e-04
 528.5000000000    1.8141861169e-04
 529.0000000000    1.8142865523e-04
 529.5000000000    1.8143844907e-04
 530.0000000000    1.8144794232e-04
 530.5000000000    1.8145712116e-04
 531.0000000000    1.8146601070e-04
 531.5000000000    1.8147466502e-04
 532.0000000000    1.8148315513e-04
 532.5000000000    1.8149156046e-04
 533.0000000000    1.8149995502e-04
 533.5000000000    1.8150840130e-04
 534.0000000000    1.8151694953e-04
 534.5000000000    1.8152563469e-04
 535.0000000000    1.8153447289e-04
 535.5000000000    1.8154346124e-04
 536.0000000000    1.8155258131e-04
 536.5000000000    1.8156180520e-04
 537.0000000000    1.8157110295e-04
 537.5000000000    1.8158045102e-04
 538.0000000000    1.8158984121e-04
 538.5000000000    1.8159928970e-04
 539.0000000000    1.8160884521e-04
 539.5000000000    1.8161859374e-04
 540.0000000000    1.8162865784e-04
 540.5000000000    1.8163918502e-04
 541.0000000000    1.8165032062e-04
 541.5000000000    1.8166217219e-04
 542.0000000000    1.8167477619e-04
 542.5000000000    1.8168805917e-04
 543.0000000000    1.8170180374e-04
 543.5000000000    1.8171563866e-04
 544.0000000000    1.8172905178e-04
 544.5000000000    1.8174141829e-04
 545.0000000000    1.8175205705e-04
 545.5000000000    1.8176032413e-04
 546.0000000000    1.8176571858e-04
 546.5000000000    1.8176798904e-04
 547.0000000000    1.8176723493e-04
 547.5000000000    1.8176397879e-04
 548.0000000000    1.8175919052e-04
 548.5000000000    1.8175425302e-04
 549.0000000000    1.8175086893e-04
 549.5000000000    1.8175090929e-04
 550.0000000000    1.8175621264e-04
 550.5000000000    1.8176835135e-04
 551.0000000000    1.8178840241e-04
 551.5000000000    1.8181675155e-04
 552.0000000000    1.8185297007e-04
 552.5000000000    1.8189579284e-04
 553.0000000000    1.8194321813e-04
 553.5000000000    1.8199271270e-04
 554.0000000000    1.8204150267e-04
 554.5000000000    1.8208689417e-04
 555.0000000000    1.8212658522e-04
 555.5000000000    1.8215892007e-04
 556.0000000000    1.8218304215e-04
 556.5000000000    1.8219892948e-04
 557.0000000000    1.8220730531e-04
 557.5000000000    1.8220943954e-04
 558.0000000000    1.8220688023e-04
 558.5000000000    1.8220116650e-04
 559.0000000000    1.8219358534e-04
 559.5000000000    1.8218502587e-04
 560.0000000000    1.8217595315e-04
 560.5000000000    1.8216649766e-04
 561.0000000000    1.8215662135e-04
 561.5000000000    1.8214630204e-04
 562.0000000000    1.8213568303e-04
 562.5000000000    1.8212514365e-04
 563.0000000000    1.8211527645e-04
 563.5000000000    1.8210678402e-04
 564.0000000000    1.8210033019e-04
 564.5000000000    1.8209638973e-04
 565.0000000000    1.8209513858e-04
 565.5000000000    1.8209641514e-04
 566.0000000000    1.8209976041e-04
 566.5000000000    1.8210453073e-04
 567.0000000000    1.8211005760e-04
 567.5000000000    1.8211580431e-04
 568.0000000000    1.8212147488e-04
 568.5000000000    1.8212705880e-04
 569.0000000000    1.8213279938e-04
 569.5000000000    1.8213910339e-04
 570.0000000000    1.8214642212e-04
 570.5000000000    1.8215512834e-04
 571.0000000000    1.8216543083e-04
 571.5000000000    1.8217733638e-04
 572.0000000000    1.8219064807e-04
 572.5000000000    1.8220500019e-04
 573.0000000000    1.8221991859e-04
 573.5000000000    1.8223488812e-04
 574.0000000000    1.8224941830e-04
 574.5000000000    1.8226309923e-04
 575.0000000000    1.8227563988e-04
 575.5000000000    1.8228688586e-04
 576.0000000000    1.8229682009e-04
 576.5000000000    1.8230554586e-04
 577.0000000000    1.8231326557e-04
 577.5000000000    1.8232024380e-04
 578.0000000000    1.8232676822e-04
 578.5000000000    1.8233311105e-04
 579.0000000000    1.8233949133e-04
 579.5000000000    1.8234604783e-04
 580.0000000000    1.8235283005e-04
 580.5000000000    1.8235980444e-04
 581.0000000000    1.8236688068e-04
 581.5000000000    1.8237394381e-04
 582.0000000000    1.8238088898e-04
 582.5000000000    1.8238765012e-04
 583.0000000000    1.8239421335e-04
 583.5000000000    1.8240061551e-04
 584.0000000000    1.8240693330e-04
 584.5000000000    1.8241326052e-04
 585.0000000000    1.8241968824e-04
 585.5000000000    1.8242628541e-04
 586.0000000000    1.8243309072e-04
 586.5000000000    1.8244010633e-04
 587.0000000000    1.8244730970e-04
 587.5000000000    1.8245465885e-04
 588.0000000000    1.8246210501e-04
 588.5000000000    1.8246960281e-04
 589.0000000000    1.8247711838e-04
 589.5000000000    1.8248463035e-04
 590.0000000000    1.8249212774e-04
 590.5000000000    1.8249961125e-04
 591.0000000000    1.8250708656e-04
 591.5000000000    1.8251455828e-04
 592.0000000000    1.8252203502e-04
 592.5000000000    1.8252952813e-04
 593.0000000000    1.8253704510e-04
 593.5000000000    1.8254458839e-04
 594.0000000000    1.8255215890e-04
 594.5000000000    1.8255975762e-04
 595.0000000000    1.8256738146e-04
 595.5000000000    1.8257501822e-04
 596.0000000000    1.8258265392e-04
 596.5000000000    1.8259027575e-04
 597.0000000000    1.8259786874e-04
 597.5000000000    1.8260541906e-04
 598.0000000000    1.8261291606e-04
 598.5000000000    1.8262034971e-04
 599.0000000000    1.8262770770e-04
 599.5000000000    1.8263497640e-04
 600.0000000000    1.8264213733e-04
 600.5000000000    1.8264916679e-04
 601.0000000000    1.8265603439e-04
 601.5000000000    1.8266270304e-04
 602.0000000000    1.8266913224e-04
 602.5000000000    1.8267528007e-04
 603.0000000000    1.8268111435e-04
 603.5000000000    1.8268661262e-04
 604.0000000000    1.8269176609e-04
 604.5000000000    1.8269658354e-04
 605.0000000000    1.8270109344e-04
 605.5000000000    1.8270534080e-04
 606.0000000000    1.8270938906e-04
 606.5000000000    1.8271331993e-04
 607.0000000000    1.8271722523e-04
 607.5000000000    1.8272120940e-04
 608.0000000000    1.8272538326e-04
 608.5000000000    1.8272985723e-04
 609.0000000000    1.8273473793e-04
 609.5000000000    1.8274012155e-04
 610.0000000000    1.8274608704e-04
 610.5000000000    1.8275269372e-04
 611.0000000000    1.8275997784e-04
 611.5000000000    1.8276794963e-04
 612.0000000000    1.8277659504e-04
 612.5000000000    1.8278588072e-04
 613.0000000000    1.8279575667e-04
 613.5000000000    1.8280616118e-04
 614.0000000000    1.8281703039e-04
 614.5000000000    1.8282829929e-04
 615.0000000000    1.8283990711e-04
 615.5000000000    1.8285179850e-04
 616.0000000000    1.8286391979e-04
 616.5000000000    1.8287621782e-04
 617.0000000000    1.8288863404e-04
 617.5000000000    1.8290110131e-04
 618.0000000000    1.8291353876e-04
 618.5000000000    1.8292584792e-04
 619.0000000000    1.8293790942e-04
 619.5000000000    1.8294958819e-04
 620.0000000000    1.8296073312e-04
 620.5000000000    1.8297118708e-04
 621.0000000000    1.8298079500e-04
 621.5000000000    1.8298941666e-04
 622.0000000000    1.8299693693e-04
 622.5000000000    1.8300327905e-04
 623.0000000000    1.8300841276e-04
 623.5000000000    1.8301235972e-04
 624.0000000000    1.8301519726e-04
 624.5000000000    1.8301705752e-04
 625.0000000000    1.8301812148e-04
 625.5000000000    1.8301861014e-04
 626.0000000000    1.8301877110e-04
 626.5000000000    1.8301886220e-04
 627.0000000000    1.8301913184e-04
 627.5000000000    1.8301980128e-04
 628.0000000000    1.8302105456e-04
 628.5000000000    1.8302302481e-04
 629.0000000000    1.8302578773e-04
 629.5000000000    1.8302936741e-04
 630.0000000000    1.8303374038e-04
 630.5000000000    1.8303884391e-04
 631.0000000000    1.8304459345e-04
 631.5000000000    1.8305089879e-04
 632.0000000000    1.8305767592e-04
 632.5000000000    1.8306486232e-04
 633.0000000000    1.8307242281e-04
 633.5000000000    1.8308034929e-04
 634.0000000000    1.8308865537e-04
 634.5000000000    1.8309736371e-04
 635.0000000000    1.8310649602e-04
 635.5000000000    1.8311606254e-04
 636.0000000000    1.8312604680e-04
 636.5000000000    1.8313640011e-04
 637.0000000000    1.8314704096e-04
 637.5000000000    1.8315785459e-04
 638.0000000000    1.8316869907e-04
 638.5000000000    1.8317941457e-04
 639.0000000000    1.8318983509e-04
 639.5000000000    1.8319980203e-04
 640.0000000000    1.8320917814e-04
 640.5000000000    1.8321785815e-04
 641.0000000000    1.8322577931e-04
 641.5000000000    1.8323292779e-04
 642.0000000000    1.8323934030e-04
 642.5000000000    1.8324510481e-04
 643.0000000000    1.8325035459e-04
 643.5000000000    1.8325525388e-04
 644.0000000000    1.8325998522e-04
 644.5000000000    1.8326473303e-04
 645.0000000000    1.8326966548e-04
 645.5000000000    1.8327492320e-04
 646.0000000000    1.8328061088e-04
 646.5000000000    1.8328679316e-04
 647.0000000000    1.8329349901e-04
 647.5000000000    1.8330072734e-04
 648.0000000000    1.8330846012e-04
 648.5000000000    1.8331666928e-04
 649.0000000000    1.8332532783e-04
 649.5000000000    1.8333441089e-04
 650.0000000000    1.8334389560e-04
 650.5000000000    1.8335375425e-04
 651.0000000000    1.8336394682e-04
 651.5000000000    1.8337440991e-04
 652.0000000000    1.8338504907e-04
 652.5000000000    1.8339573463e-04
 653.0000000000    1.8340630198e-04
 653.5000000000    1.8341655730e-04
 654.0000000000    1.8342628472e-04
 654.5000000000    1.8343526206e-04
 655.0000000000    1.8344327103e-04
 655.5000000000    1.8345011328e-04
 656.0000000000    1.8345562108e-04
 656.5000000000    1.8345966545e-04
 657.0000000000    1.8346216490e-04
 657.5000000000    1.8346308702e-04
 658.0000000000    1.8346245168e-04
 658.5000000000    1.8346033043e-04
 659.0000000000    1.8345684349e-04
 659.5000000000    1.8345215844e-04
 660.0000000000    1.8344649213e-04
 660.5000000000    1.8344010302e-04
 661.0000000000    1.8343328970e-04
 661.5000000000    1.8342638571e-04
 662.0000000000    1.8341974640e-04
 662.5000000000    1.8341373817e-04
 663.0000000000    1.8340872132e-04
 663.5000000000    1.8340503228e-04
 664.0000000000    1.8340296556e-04
 664.5000000000    1.8340275816e-04
 665.0000000000    1.8340457553e-04
 665.5000000000    1.8340850551e-04
 666.0000000000    1.8341455466e-04
 666.5000000000    1.8342265366e-04
 667.0000000000    1.8343266819e-04
 667.5000000000    1.8344441245e-04
 668.0000000000    1.8345766518e-04
 668.5000000000    1.8347218543e-04
 669.0000000000    1.8348772745e-04
 669.5000000000    1.8350405064e-04
 670.0000000000    1.8352092504e-04
 670.5000000000    1.8353813157e-04
 671.0000000000    1.8355545675e-04
 671.5000000000    1.8357268469e-04
 672.0000000000    1.8358958850e-04
 672.5000000000    1.8360592284e-04
 673.0000000000    1.8362141976e-04
 673.5000000000    1.8363579004e-04
 674.0000000000    1.8364873366e-04
 674.5000000000    1.8365995316e-04
 675.0000000000    1.8366917513e-04
 675.5000000000    1.8367617690e-04
 676.0000000000    1.8368080868e-04
 676.5000000000    1.8368301573e-04
 677.0000000000    1.8368285598e-04
 677.5000000000    1.8368050636e-04
 678.0000000000    1.8367625868e-04
 678.5000000000    1.8367050798e-04
 679.0000000000    1.8366372683e-04
 679.5000000000    1.8365643289e-04
 680.0000000000    1.8364915423e-04
 680.5000000000    1.8364238734e-04
 681.0000000000    1.8363656108e-04
 681.5000000000    1.8363200714e-04
 682.0000000000    1.8362893695e-04
 682.5000000000    1.8362743132e-04
 683.0000000000    1.8362744299e-04
 683.5000000000    1.8362880711e-04
 684.0000000000    1.8363126292e-04
 684.5000000000    1.8363448108e-04
 685.0000000000    1.8363809446e-04
 685.5000000000    1.8364172858e-04
 686.0000000000    1.8364502813e-04
 686.5000000000    1.8364767828e-04
 687.0000000000    1.8364941854e-04
 687.5000000000    1.8365004963e-04
 688.0000000000    1.8364943232e-04
 688.5000000000    1.8364748140e-04
 689.0000000000    1.8364415600e-04
 689.5000000000    1.8363944860e-04
 690.0000000000    1.8363337226e-04
 690.5000000000    1.8362595066e-04
 691.0000000000    1.8361720949e-04
 691.5000000000    1.8360717231e-04
 692.0000000000    1.8359586206e-04
 692.5000000000    1.8358330762e-04
 693.0000000000    1.8356955693e-04
 693.5000000000    1.8355469243e-04
 694.0000000000    1.8353884811e-04
 694.5000000000    1.8352222682e-04
 695.0000000000    1.8350511563e-04
 695.5000000000    1.8348789597e-04
 696.0000000000    1.8347104868e-04
 696.5000000000    1.8345514994e-04
 697.0000000000    1.8344085682e-04
 697.5000000000    1.8342888285e-04
 698.0000000000    1.8341996321e-04
 698.5000000000    1.8341481469e-04
 699.0000000000    1.8341409126e-04
 699.5000000000    1.8341834091e-04
 700.0000000000    1.8342796672e-04
