#          time               M_ADM
   0.0000000000    9.7275113926e-02
   0.5000000000    9.7261129304e-02
   1.0000000000    9.7226817956e-02
   1.5000000000    9.7181523021e-02
   2.0000000000    9.7133302845e-02
   2.5000000000    9.7086427261e-02
   3.0000000000    9.7042011209e-02
   3.5000000000    9.6999535119e-02
   4.0000000000    9.6957995992e-02
   4.5000000000    9.6916486969e-02
   5.0000000000    9.6874386772e-02
   5.5000000000    9.6831355331e-02
   6.0000000000    9.6787258959e-02
   6.5000000000    9.6742087446e-02
   7.0000000000    9.6695890244e-02
   7.5000000000    9.6648739940e-02
   8.0000000000    9.6600718994e-02
   8.5000000000    9.6551918147e-02
   9.0000000000    9.6502434373e-02
   9.5000000000    9.6452363094e-02
  10.0000000000    9.6401788279e-02
  10.5000000000    9.6350778182e-02
  11.0000000000    9.6299390912e-02
  11.5000000000    9.6247683734e-02
  12.0000000000    9.6195721256e-02
  12.5000000000    9.6143574731e-02
  13.0000000000    9.6091312173e-02
  13.5000000000    9.6038983149e-02
  14.0000000000    9.5986622624e-02
  14.5000000000    9.5934260947e-02
  15.0000000000    9.5881934230e-02
  15.5000000000    9.5829689357e-02
  16.0000000000    9.5777578697e-02
  16.5000000000    9.5725649350e-02
  17.0000000000    9.5673932398e-02
  17.5000000000    9.5622440037e-02
  18.0000000000    9.5571180182e-02
  18.5000000000    9.5520178934e-02
  19.0000000000    9.5469474478e-02
  19.5000000000    9.5419104451e-02
  20.0000000000    9.5369101381e-02
  20.5000000000    9.5319465190e-02
  21.0000000000    9.5270224950e-02
  21.5000000000    9.5221372262e-02
  22.0000000000    9.5172922957e-02
  22.5000000000    9.5124913002e-02
  23.0000000000    9.5077376142e-02
  23.5000000000    9.5030322409e-02
  24.0000000000    9.4983760190e-02
  24.5000000000    9.4937686034e-02
  25.0000000000    9.4892098738e-02
  25.5000000000    9.4847006350e-02
  26.0000000000    9.4802425851e-02
  26.5000000000    9.4758386831e-02
  27.0000000000    9.4714905288e-02
  27.5000000000    9.4671982011e-02
  28.0000000000    9.4629608814e-02
  28.5000000000    9.4587778163e-02
  29.0000000000    9.4546493280e-02
  29.5000000000    9.4505769081e-02
  30.0000000000    9.4465624436e-02
  30.5000000000    9.4426071217e-02
  31.0000000000    9.4387112964e-02
  31.5000000000    9.4348746061e-02
  32.0000000000    9.4310957157e-02
  32.5000000000    9.4273731790e-02
  33.0000000000    9.4237078869e-02
  33.5000000000    9.4201019824e-02
  34.0000000000    9.4165563606e-02
  34.5000000000    9.4130697794e-02
  35.0000000000    9.4096411078e-02
  35.5000000000    9.4062696221e-02
  36.0000000000    9.4029543715e-02
  36.5000000000    9.3996964551e-02
  37.0000000000    9.3964970816e-02
  37.5000000000    9.3933567803e-02
  38.0000000000    9.3902748851e-02
  38.5000000000    9.3872497525e-02
  39.0000000000    9.3842798042e-02
  39.5000000000    9.3813644126e-02
  40.0000000000    9.3785040640e-02
  40.5000000000    9.3756997394e-02
  41.0000000000    9.3729518803e-02
  41.5000000000    9.3702596959e-02
  42.0000000000    9.3676215019e-02
  42.5000000000    9.3650357053e-02
  43.0000000000    9.3625014949e-02
  43.5000000000    9.3600190912e-02
  44.0000000000    9.3575894471e-02
  44.5000000000    9.3552129190e-02
  45.0000000000    9.3528884480e-02
  45.5000000000    9.3506140782e-02
  46.0000000000    9.3483882040e-02
  46.5000000000    9.3462101903e-02
  47.0000000000    9.3440800128e-02
  47.5000000000    9.3419978890e-02
  48.0000000000    9.3399640817e-02
  48.5000000000    9.3379782591e-02
  49.0000000000    9.3360390059e-02
  49.5000000000    9.3341442380e-02
  50.0000000000    9.3322923591e-02
  50.5000000000    9.3304829297e-02
  51.0000000000    9.3287161166e-02
  51.5000000000    9.3269914342e-02
  52.0000000000    9.3253068320e-02
  52.5000000000    9.3236584166e-02
  53.0000000000    9.3220402431e-02
  53.5000000000    9.3204446885e-02
  54.0000000000    9.3188615468e-02
  54.5000000000    9.3172769329e-02
  55.0000000000    9.3156720926e-02
  55.5000000000    9.3140238790e-02
  56.0000000000    9.3123088059e-02
  56.5000000000    9.3105112156e-02
  57.0000000000    9.3086341651e-02
  57.5000000000    9.3067083384e-02
  58.0000000000    9.3047925803e-02
  58.5000000000    9.3029613217e-02
  59.0000000000    9.3012818904e-02
  59.5000000000    9.2997933151e-02
  60.0000000000    9.2984982019e-02
  60.5000000000    9.2973699131e-02
  61.0000000000    9.2963676780e-02
  61.5000000000    9.2954500511e-02
  62.0000000000    9.2945821176e-02
  62.5000000000    9.2937375483e-02
  63.0000000000    9.2928997833e-02
  63.5000000000    9.2920634201e-02
  64.0000000000    9.2912320832e-02
  64.5000000000    9.2904119497e-02
  65.0000000000    9.2896068098e-02
  65.5000000000    9.2888188522e-02
  66.0000000000    9.2880505991e-02
  66.5000000000    9.2873037523e-02
  67.0000000000    9.2865782104e-02
  67.5000000000    9.2858732683e-02
  68.0000000000    9.2851891929e-02
  68.5000000000    9.2845267132e-02
  69.0000000000    9.2838866225e-02
  69.5000000000    9.2832694146e-02
  70.0000000000    9.2826748525e-02
  70.5000000000    9.2821021129e-02
  71.0000000000    9.2815497207e-02
  71.5000000000    9.2810167169e-02
  72.0000000000    9.2805034856e-02
  72.5000000000    9.2800107001e-02
  73.0000000000    9.2795389659e-02
  73.5000000000    9.2790880647e-02
  74.0000000000    9.2786570566e-02
  74.5000000000    9.2782446971e-02
  75.0000000000    9.2778502518e-02
  75.5000000000    9.2774736887e-02
  76.0000000000    9.2771153376e-02
  76.5000000000    9.2767753721e-02
  77.0000000000    9.2764535469e-02
  77.5000000000    9.2761494662e-02
  78.0000000000    9.2758627752e-02
  78.5000000000    9.2755930182e-02
  79.0000000000    9.2753395294e-02
  79.5000000000    9.2751017128e-02
  80.0000000000    9.2748797116e-02
  80.5000000000    9.2746744471e-02
  81.0000000000    9.2744868447e-02
  81.5000000000    9.2743169650e-02
  82.0000000000    9.2741632683e-02
  82.5000000000    9.2740229447e-02
  83.0000000000    9.2738940693e-02
  83.5000000000    9.2737776187e-02
  84.0000000000    9.2736764805e-02
  84.5000000000    9.2735922224e-02
  85.0000000000    9.2735239691e-02
  85.5000000000    9.2734698588e-02
  86.0000000000    9.2734288149e-02
  86.5000000000    9.2734008479e-02
  87.0000000000    9.2733864658e-02
  87.5000000000    9.2733861210e-02
  88.0000000000    9.2733996495e-02
  88.5000000000    9.2734262927e-02
  89.0000000000    9.2734650853e-02
  89.5000000000    9.2735156153e-02
  90.0000000000    9.2735781462e-02
  90.5000000000    9.2736533556e-02
  91.0000000000    9.2737417370e-02
  91.5000000000    9.2738431454e-02
  92.0000000000    9.2739568623e-02
  92.5000000000    9.2740819805e-02
  93.0000000000    9.2742179334e-02
  93.5000000000    9.2743648117e-02
  94.0000000000    9.2745232870e-02
  94.5000000000    9.2746939391e-02
  95.0000000000    9.2748767761e-02
  95.5000000000    9.2750711965e-02
  96.0000000000    9.2752762491e-02
  96.5000000000    9.2754912315e-02
  97.0000000000    9.2757161888e-02
  97.5000000000    9.2759517187e-02
  98.0000000000    9.2761983656e-02
  98.5000000000    9.2764563152e-02
  99.0000000000    9.2767251870e-02
  99.5000000000    9.2770041814e-02
 100.0000000000    9.2772926897e-02
 100.5000000000    9.2775906225e-02
 101.0000000000    9.2778981881e-02
 101.5000000000    9.2782154610e-02
 102.0000000000    9.2785424149e-02
 102.5000000000    9.2788791513e-02
 103.0000000000    9.2792256007e-02
 103.5000000000    9.2795811620e-02
 104.0000000000    9.2799452151e-02
 104.5000000000    9.2803178676e-02
 105.0000000000    9.2806998838e-02
 105.5000000000    9.2810917123e-02
 106.0000000000    9.2814930111e-02
 106.5000000000    9.2819029592e-02
 107.0000000000    9.2823207591e-02
 107.5000000000    9.2827461266e-02
 108.0000000000    9.2831794784e-02
 108.5000000000    9.2836215048e-02
 109.0000000000    9.2840726383e-02
 109.5000000000    9.2845327773e-02
 110.0000000000    9.2850014105e-02
 110.5000000000    9.2854779071e-02
 111.0000000000    9.2859619248e-02
 111.5000000000    9.2864537075e-02
 112.0000000000    9.2869538696e-02
 112.5000000000    9.2874628921e-02
 113.0000000000    9.2879807294e-02
 113.5000000000    9.2885067757e-02
 114.0000000000    9.2890401943e-02
 114.5000000000    9.2895803891e-02
 115.0000000000    9.2901272904e-02
 115.5000000000    9.2906813574e-02
 116.0000000000    9.2912431201e-02
 116.5000000000    9.2918126848e-02
 117.0000000000    9.2923896162e-02
 117.5000000000    9.2929732921e-02
 118.0000000000    9.2935633842e-02
 118.5000000000    9.2941601092e-02
 119.0000000000    9.2947641397e-02
 119.5000000000    9.2953760361e-02
 120.0000000000    9.2959956905e-02
 120.5000000000    9.2966222279e-02
 121.0000000000    9.2972545707e-02
 121.5000000000    9.2978921050e-02
 122.0000000000    9.2985350221e-02
 122.5000000000    9.2991841179e-02
 123.0000000000    9.2998402320e-02
 123.5000000000    9.3005037725e-02
 124.0000000000    9.3011745227e-02
 124.5000000000    9.3018517286e-02
 125.0000000000    9.3025346263e-02
 125.5000000000    9.3032231327e-02
 126.0000000000    9.3039178479e-02
 126.5000000000    9.3046192883e-02
 127.0000000000    9.3053275883e-02
 127.5000000000    9.3060427881e-02
 128.0000000000    9.3067647426e-02
 128.5000000000    9.3074928358e-02
 129.0000000000    9.3082264337e-02
 129.5000000000    9.3089656890e-02
 130.0000000000    9.3097113655e-02
 130.5000000000    9.3104639923e-02
 131.0000000000    9.3112236491e-02
 131.5000000000    9.3119901492e-02
 132.0000000000    9.3127629123e-02
 132.5000000000    9.3135412623e-02
 133.0000000000    9.3143252736e-02
 133.5000000000    9.3151157722e-02
 134.0000000000    9.3159132765e-02
 134.5000000000    9.3167175614e-02
 135.0000000000    9.3175281499e-02
 135.5000000000    9.3183446377e-02
 136.0000000000    9.3191666222e-02
 136.5000000000    9.3199940304e-02
 137.0000000000    9.3208274458e-02
 137.5000000000    9.3216675105e-02
 138.0000000000    9.3225144297e-02
 138.5000000000    9.3233679508e-02
 139.0000000000    9.3242277270e-02
 139.5000000000    9.3250934830e-02
 140.0000000000    9.3259652529e-02
 140.5000000000    9.3268434734e-02
 141.0000000000    9.3277285948e-02
 141.5000000000    9.3286208998e-02
 142.0000000000    9.3295205067e-02
 142.5000000000    9.3304273327e-02
 143.0000000000    9.3313410515e-02
 143.5000000000    9.3322613904e-02
 144.0000000000    9.3331884412e-02
 144.5000000000    9.3341225858e-02
 145.0000000000    9.3350642661e-02
 145.5000000000    9.3360137243e-02
 146.0000000000    9.3369708518e-02
 146.5000000000    9.3379352785e-02
 147.0000000000    9.3389065943e-02
 147.5000000000    9.3398846129e-02
 148.0000000000    9.3408695956e-02
 148.5000000000    9.3418621371e-02
 149.0000000000    9.3428625873e-02
 149.5000000000    9.3438707211e-02
 150.0000000000    9.3448859988e-02
 150.5000000000    9.3459079599e-02
 151.0000000000    9.3469364114e-02
 151.5000000000    9.3479716231e-02
 152.0000000000    9.3490142381e-02
 152.5000000000    9.3500647444e-02
 153.0000000000    9.3511230382e-02
 153.5000000000    9.3521885824e-02
 154.0000000000    9.3532608686e-02
 154.5000000000    9.3543397884e-02
 155.0000000000    9.3554257430e-02
 155.5000000000    9.3565193899e-02
 156.0000000000    9.3576212074e-02
 156.5000000000    9.3587311005e-02
 157.0000000000    9.3598485645e-02
 157.5000000000    9.3609732844e-02
 158.0000000000    9.3621055589e-02
 158.5000000000    9.3632462230e-02
 159.0000000000    9.3643961100e-02
 159.5000000000    9.3655553841e-02
 160.0000000000    9.3667232641e-02
 160.5000000000    9.3678987090e-02
 161.0000000000    9.3690813833e-02
 161.5000000000    9.3702719438e-02
 162.0000000000    9.3714714384e-02
 162.5000000000    9.3726805366e-02
 163.0000000000    9.3738992122e-02
 163.5000000000    9.3751270036e-02
 164.0000000000    9.3763635100e-02
 164.5000000000    9.3776086935e-02
 165.0000000000    9.3788627989e-02
 165.5000000000    9.3801260856e-02
 166.0000000000    9.3813987063e-02
 166.5000000000    9.3826807110e-02
 167.0000000000    9.3839720817e-02
 167.5000000000    9.3852727660e-02
 168.0000000000    9.3865827019e-02
 168.5000000000    9.3879018481e-02
 169.0000000000    9.3892301994e-02
 169.5000000000    9.3905677832e-02
 170.0000000000    9.3919146615e-02
 170.5000000000    9.3932709517e-02
 171.0000000000    9.3946367622e-02
 171.5000000000    9.3960121195e-02
 172.0000000000    9.3973969040e-02
 172.5000000000    9.3987909080e-02
 173.0000000000    9.4001940026e-02
 173.5000000000    9.4016062859e-02
 174.0000000000    9.4030280601e-02
 174.5000000000    9.4044597044e-02
 175.0000000000    9.4059014645e-02
 175.5000000000    9.4073532860e-02
 176.0000000000    9.4088149330e-02
 176.5000000000    9.4102863155e-02
 177.0000000000    9.4117677072e-02
 177.5000000000    9.4132596940e-02
 178.0000000000    9.4147629125e-02
 178.5000000000    9.4162777130e-02
 179.0000000000    9.4178040005e-02
 179.5000000000    9.4193414013e-02
 180.0000000000    9.4208897004e-02
 180.5000000000    9.4224491465e-02
 181.0000000000    9.4240203882e-02
 181.5000000000    9.4256040498e-02
 182.0000000000    9.4272003026e-02
 182.5000000000    9.4288087339e-02
 183.0000000000    9.4304286596e-02
 183.5000000000    9.4320596526e-02
 184.0000000000    9.4337018933e-02
 184.5000000000    9.4353560849e-02
 185.0000000000    9.4370230111e-02
 185.5000000000    9.4387031040e-02
 186.0000000000    9.4403963408e-02
 186.5000000000    9.4421026309e-02
 187.0000000000    9.4438223216e-02
 187.5000000000    9.4455563588e-02
 188.0000000000    9.4473060053e-02
 188.5000000000    9.4490723473e-02
 189.0000000000    9.4508558470e-02
 189.5000000000    9.4526562009e-02
 190.0000000000    9.4544726873e-02
 190.5000000000    9.4563047344e-02
 191.0000000000    9.4581522571e-02
 191.5000000000    9.4600155932e-02
 192.0000000000    9.4618951321e-02
 192.5000000000    9.4637909362e-02
 193.0000000000    9.4657027091e-02
 193.5000000000    9.4676301614e-02
 194.0000000000    9.4695733442e-02
 194.5000000000    9.4715326781e-02
 195.0000000000    9.4735088150e-02
 195.5000000000    9.4755023992e-02
 196.0000000000    9.4775137465e-02
 196.5000000000    9.4795427746e-02
 197.0000000000    9.4815893582e-02
 197.5000000000    9.4836536935e-02
 198.0000000000    9.4857362717e-02
 198.5000000000    9.4878376664e-02
 199.0000000000    9.4899583880e-02
 199.5000000000    9.4920987912e-02
 200.0000000000    9.4942589979e-02
 200.5000000000    9.4964390538e-02
 201.0000000000    9.4986392030e-02
 201.5000000000    9.5008599264e-02
 202.0000000000    9.5031017344e-02
 202.5000000000    9.5053649926e-02
 203.0000000000    9.5076499021e-02
 203.5000000000    9.5099565330e-02
 204.0000000000    9.5122849051e-02
 204.5000000000    9.5146351384e-02
 205.0000000000    9.5170075157e-02
 205.5000000000    9.5194024119e-02
 206.0000000000    9.5218202442e-02
 206.5000000000    9.5242615036e-02
 207.0000000000    9.5267267692e-02
 207.5000000000    9.5292166519e-02
 208.0000000000    9.5317317067e-02
 208.5000000000    9.5342723577e-02
 209.0000000000    9.5368388067e-02
 209.5000000000    9.5394311049e-02
 210.0000000000    9.5420494092e-02
 210.5000000000    9.5446941535e-02
 211.0000000000    9.5473659701e-02
 211.5000000000    9.5500654627e-02
 212.0000000000    9.5527930325e-02
 212.5000000000    9.5555488237e-02
 213.0000000000    9.5583328631e-02
 213.5000000000    9.5611453388e-02
 214.0000000000    9.5639868206e-02
 214.5000000000    9.5668581809e-02
 215.0000000000    9.5697602407e-02
 215.5000000000    9.5726934487e-02
 216.0000000000    9.5756578804e-02
 216.5000000000    9.5786534764e-02
 217.0000000000    9.5816803478e-02
 217.5000000000    9.5847389820e-02
 218.0000000000    9.5878301565e-02
 218.5000000000    9.5909545829e-02
 219.0000000000    9.5941126466e-02
 219.5000000000    9.5973045252e-02
 220.0000000000    9.6005305542e-02
 220.5000000000    9.6037915330e-02
 221.0000000000    9.6070887417e-02
 221.5000000000    9.6104235478e-02
 222.0000000000    9.6137967768e-02
 222.5000000000    9.6172083478e-02
 223.0000000000    9.6206575213e-02
 223.5000000000    9.6241436475e-02
 224.0000000000    9.6276669188e-02
 224.5000000000    9.6312286529e-02
 225.0000000000    9.6348309246e-02
 225.5000000000    9.6384756849e-02
 226.0000000000    9.6421639789e-02
 226.5000000000    9.6458958132e-02
 227.0000000000    9.6496707495e-02
 227.5000000000    9.6534887456e-02
 228.0000000000    9.6573506753e-02
 228.5000000000    9.6612581972e-02
 229.0000000000    9.6652130629e-02
 229.5000000000    9.6692163540e-02
 230.0000000000    9.6732682119e-02
 230.5000000000    9.6773682440e-02
 231.0000000000    9.6815163082e-02
 231.5000000000    9.6857131599e-02
 232.0000000000    9.6899605446e-02
 232.5000000000    9.6942607439e-02
 233.0000000000    9.6986159149e-02
 233.5000000000    9.7030276408e-02
 234.0000000000    9.7074969154e-02
 234.5000000000    9.7120244309e-02
 235.0000000000    9.7166108439e-02
 235.5000000000    9.7212567993e-02
 236.0000000000    9.7259627733e-02
 236.5000000000    9.7307289689e-02
 237.0000000000    9.7355554598e-02
 237.5000000000    9.7404425438e-02
 238.0000000000    9.7453910891e-02
 238.5000000000    9.7504026258e-02
 239.0000000000    9.7554790987e-02
 239.5000000000    9.7606224964e-02
 240.0000000000    9.7658346770e-02
 240.5000000000    9.7711175075e-02
 241.0000000000    9.7764731150e-02
 241.5000000000    9.7819038900e-02
 242.0000000000    9.7874120474e-02
 242.5000000000    9.7929989037e-02
 243.0000000000    9.7986643823e-02
 243.5000000000    9.8044072803e-02
 244.0000000000    9.8102263740e-02
 244.5000000000    9.8161218019e-02
 245.0000000000    9.8220958665e-02
 245.5000000000    9.8281526951e-02
 246.0000000000    9.8342968650e-02
 246.5000000000    9.8405317485e-02
 247.0000000000    9.8468585777e-02
 247.5000000000    9.8532767966e-02
 248.0000000000    9.8597854618e-02
 248.5000000000    9.8663848219e-02
 249.0000000000    9.8730771135e-02
 249.5000000000    9.8798661117e-02
 250.0000000000    9.8867557746e-02
 250.5000000000    9.8937489433e-02
 251.0000000000    9.9008469320e-02
 251.5000000000    9.9080501687e-02
 252.0000000000    9.9153593496e-02
 252.5000000000    9.9227762969e-02
 253.0000000000    9.9303039846e-02
 253.5000000000    9.9379458184e-02
 254.0000000000    9.9457047781e-02
 254.5000000000    9.9535830351e-02
 255.0000000000    9.9615822447e-02
 255.5000000000    9.9697042411e-02
 256.0000000000    9.9779516082e-02
 256.5000000000    9.9863277082e-02
 257.0000000000    9.9948361999e-02
 257.5000000000    1.0003480484e-01
 258.0000000000    1.0012263427e-01
 258.5000000000    1.0021187380e-01
 259.0000000000    1.0030254387e-01
 259.5000000000    1.0039466460e-01
 260.0000000000    1.0048825834e-01
 260.5000000000    1.0058335151e-01
 261.0000000000    1.0067997620e-01
 261.5000000000    1.0077817128e-01
 262.0000000000    1.0087798207e-01
 262.5000000000    1.0097945750e-01
 263.0000000000    1.0108264539e-01
 263.5000000000    1.0118758777e-01
 264.0000000000    1.0129431849e-01
 264.5000000000    1.0140286399e-01
 265.0000000000    1.0151324746e-01
 265.5000000000    1.0162549541e-01
 266.0000000000    1.0173964317e-01
 266.5000000000    1.0185573631e-01
 267.0000000000    1.0197382761e-01
 267.5000000000    1.0209397187e-01
 268.0000000000    1.0221622088e-01
 268.5000000000    1.0234062024e-01
 269.0000000000    1.0246720923e-01
 269.5000000000    1.0259602322e-01
 270.0000000000    1.0272709711e-01
 270.5000000000    1.0286046856e-01
 271.0000000000    1.0299618106e-01
 271.5000000000    1.0313428633e-01
 272.0000000000    1.0327484537e-01
 272.5000000000    1.0341792605e-01
 273.0000000000    1.0356359565e-01
 273.5000000000    1.0371190948e-01
 274.0000000000    1.0386290052e-01
 274.5000000000    1.0401657755e-01
 275.0000000000    1.0417293715e-01
 275.5000000000    1.0433198748e-01
 276.0000000000    1.0449377183e-01
 276.5000000000    1.0465837613e-01
 277.0000000000    1.0482591144e-01
 277.5000000000    1.0499647757e-01
 278.0000000000    1.0517012710e-01
 278.5000000000    1.0534685254e-01
 279.0000000000    1.0552660726e-01
 279.5000000000    1.0570934895e-01
 280.0000000000    1.0589507757e-01
 280.5000000000    1.0608384230e-01
 281.0000000000    1.0627571236e-01
 281.5000000000    1.0647073114e-01
 282.0000000000    1.0666888467e-01
 282.5000000000    1.0687010464e-01
 283.0000000000    1.0707430019e-01
 283.5000000000    1.0728139154e-01
 284.0000000000    1.0749131869e-01
 284.5000000000    1.0770401903e-01
 285.0000000000    1.0791939241e-01
 285.5000000000    1.0813727962e-01
 286.0000000000    1.0835746589e-01
 286.5000000000    1.0857969947e-01
 287.0000000000    1.0880370334e-01
 287.5000000000    1.0902916570e-01
 288.0000000000    1.0925571417e-01
 288.5000000000    1.0948289129e-01
 289.0000000000    1.0971014375e-01
 289.5000000000    1.0993682194e-01
 290.0000000000    1.1016217587e-01
 290.5000000000    1.1038533649e-01
 291.0000000000    1.1060528363e-01
 291.5000000000    1.1082081181e-01
 292.0000000000    1.1103050282e-01
 292.5000000000    1.1123270262e-01
 293.0000000000    1.1142549175e-01
 293.5000000000    1.1160664001e-01
 294.0000000000    1.1177354422e-01
 294.5000000000    1.1192315591e-01
 295.0000000000    1.1205190618e-01
 295.5000000000    1.1215562743e-01
 296.0000000000    1.1222946434e-01
 296.5000000000    1.1226776454e-01
 297.0000000000    1.1226394471e-01
 297.5000000000    1.1221033597e-01
 298.0000000000    1.1209801388e-01
 298.5000000000    1.1191661284e-01
 299.0000000000    1.1165412321e-01
 299.5000000000    1.1129667105e-01
 300.0000000000    1.1082828936e-01
 300.5000000000    1.1023070294e-01
 301.0000000000    1.0948315371e-01
 301.5000000000    1.0856229637e-01
 302.0000000000    1.0744220501e-01
 302.5000000000    1.0609454974e-01
 303.0000000000    1.0448902335e-01
 303.5000000000    1.0259411329e-01
 304.0000000000    1.0037831090e-01
 304.5000000000    9.7811821235e-02
 305.0000000000    9.4868782693e-02
 305.5000000000    9.1529918625e-02
 306.0000000000    8.7785428831e-02
 306.5000000000    8.3637805714e-02
 307.0000000000    7.9104169936e-02
 307.5000000000    7.4217711762e-02
 308.0000000000    6.9027925263e-02
 308.5000000000    6.3599513182e-02
 309.0000000000    5.8010056422e-02
 309.5000000000    5.2346702425e-02
 310.0000000000    4.6702185871e-02
 310.5000000000    4.1170464786e-02
 311.0000000000    3.5842197463e-02
 311.5000000000    3.0800264635e-02
 312.0000000000    2.6115579307e-02
 312.5000000000    2.1843498724e-02
 313.0000000000    1.8021211238e-02
 313.5000000000    1.4666468880e-02
 314.0000000000    1.1777947727e-02
 314.5000000000    9.3373049938e-03
 315.0000000000    7.3126545932e-03
 315.5000000000    5.6628267674e-03
 316.0000000000    4.3416401698e-03
 316.5000000000    3.3015654004e-03
 317.0000000000    2.4964506778e-03
 317.5000000000    1.8832844848e-03
 318.0000000000    1.4232284843e-03
 318.5000000000    1.0822450580e-03
 319.0000000000    8.3150211480e-04
 319.5000000000    6.4752449773e-04
 320.0000000000    5.1199125215e-04
 320.5000000000    4.1117276632e-04
 321.0000000000    3.3512845924e-04
 321.5000000000    2.7683834244e-04
 322.0000000000    2.3141159458e-04
 322.5000000000    1.9544758376e-04
 323.0000000000    1.6656316798e-04
 323.5000000000    1.4306369277e-04
 324.0000000000    1.2372252441e-04
 324.5000000000    1.0763583074e-04
 325.0000000000    9.4126860565e-05
 325.5000000000    8.2681939598e-05
 326.0000000000    7.2906694128e-05
 326.5000000000    6.4495342893e-05
 327.0000000000    5.7208665371e-05
 327.5000000000    5.0857940200e-05
 328.0000000000    4.5293117808e-05
 328.5000000000    4.0394026692e-05
 329.0000000000    3.6063735855e-05
 329.5000000000    3.2223439942e-05
 330.0000000000    2.8808468411e-05
 330.5000000000    2.5765189053e-05
 331.0000000000    2.3048657497e-05
 331.5000000000    2.0620864075e-05
 332.0000000000    1.8449403060e-05
 332.5000000000    1.6506407571e-05
 333.0000000000    1.4767662065e-05
 333.5000000000    1.3211880322e-05
 334.0000000000    1.1820167100e-05
 334.5000000000    1.0575654133e-05
 335.0000000000    9.4632558071e-06
 335.5000000000    8.4694688301e-06
 336.0000000000    7.5821702110e-06
 336.5000000000    6.7904161509e-06
 337.0000000000    6.0842791802e-06
 337.5000000000    5.4547486739e-06
 338.0000000000    4.8936828247e-06
 338.5000000000    4.3937704509e-06
 339.0000000000    3.9484662440e-06
 339.5000000000    3.5518969415e-06
 340.0000000000    3.1987658477e-06
 340.5000000000    2.8842879518e-06
 341.0000000000    2.6041632285e-06
 341.5000000000    2.3545651826e-06
 342.0000000000    2.1321141155e-06
 342.5000000000    1.9338218881e-06
 343.0000000000    1.7570235356e-06
 343.5000000000    1.5993232670e-06
 344.0000000000    1.4585709576e-06
 344.5000000000    1.3328604333e-06
 345.0000000000    1.2205252450e-06
 345.5000000000    1.1201131486e-06
 346.0000000000    1.0303421993e-06
 346.5000000000    9.5005878060e-07
 347.0000000000    8.7821667176e-07
 347.5000000000    8.1387879629e-07
 348.0000000000    7.5622562308e-07
 348.5000000000    7.0455097619e-07
 349.0000000000    6.5823913084e-07
 349.5000000000    6.1673393231e-07
 350.0000000000    5.7951807163e-07
 350.5000000000    5.4611255105e-07
 351.0000000000    5.1608962376e-07
 351.5000000000    4.8908326379e-07
 352.0000000000    4.6478298867e-07
 352.5000000000    4.4291256681e-07
 353.0000000000    4.2320832439e-07
 353.5000000000    4.0541295704e-07
 354.0000000000    3.8928780400e-07
 354.5000000000    3.7463071148e-07
 355.0000000000    3.6128158402e-07
 355.5000000000    3.4910876608e-07
 356.0000000000    3.3798666501e-07
 356.5000000000    3.2778307854e-07
 357.0000000000    3.1836626652e-07
 357.5000000000    3.0962421834e-07
 358.0000000000    3.0147763936e-07
 358.5000000000    2.9387393131e-07
 359.0000000000    2.8676668669e-07
 359.5000000000    2.8009811174e-07
 360.0000000000    2.7379916750e-07
 360.5000000000    2.6780625074e-07
 361.0000000000    2.6207860813e-07
 361.5000000000    2.5660035140e-07
 362.0000000000    2.5136496424e-07
 362.5000000000    2.4635578407e-07
 363.0000000000    2.4153921119e-07
 363.5000000000    2.3687597290e-07
 364.0000000000    2.3233977600e-07
 364.5000000000    2.2792648735e-07
 365.0000000000    2.2364575023e-07
 365.5000000000    2.1950256657e-07
 366.0000000000    2.1548493307e-07
 366.5000000000    2.1156798504e-07
 367.0000000000    2.0773048662e-07
 367.5000000000    2.0396883656e-07
 368.0000000000    2.0029636051e-07
 368.5000000000    1.9672873224e-07
 369.0000000000    1.9326844853e-07
 369.5000000000    1.8990167384e-07
 370.0000000000    1.8660971776e-07
 370.5000000000    1.8338464648e-07
 371.0000000000    1.8023522680e-07
 371.5000000000    1.7717874082e-07
 372.0000000000    1.7422503146e-07
 372.5000000000    1.7136803231e-07
 373.0000000000    1.6859060614e-07
 373.5000000000    1.6587852050e-07
 374.0000000000    1.6323124534e-07
 374.5000000000    1.6066056245e-07
 375.0000000000    1.5817861285e-07
 375.5000000000    1.5578585917e-07
 376.0000000000    1.5346915044e-07
 376.5000000000    1.5121122105e-07
 377.0000000000    1.4900330177e-07
 377.5000000000    1.4685018700e-07
 378.0000000000    1.4476372169e-07
 378.5000000000    1.4275043051e-07
 379.0000000000    1.4080387744e-07
 379.5000000000    1.3890811981e-07
 380.0000000000    1.3704911439e-07
 380.5000000000    1.3522428992e-07
 381.0000000000    1.3344245108e-07
 381.5000000000    1.3171375714e-07
 382.0000000000    1.3003907663e-07
 382.5000000000    1.2840737148e-07
 383.0000000000    1.2680344920e-07
 383.5000000000    1.2521928986e-07
 384.0000000000    1.2365927760e-07
 384.5000000000    1.2213493744e-07
 385.0000000000    1.2065376459e-07
 385.5000000000    1.1921175951e-07
 386.0000000000    1.1779601506e-07
 386.5000000000    1.1639495861e-07
 387.0000000000    1.1500735143e-07
 387.5000000000    1.1364236951e-07
 388.0000000000    1.1231076637e-07
 388.5000000000    1.1101481616e-07
 389.0000000000    1.0974573626e-07
 389.5000000000    1.0849071227e-07
 390.0000000000    1.0724332300e-07
 390.5000000000    1.0600836616e-07
 391.0000000000    1.0479705142e-07
 391.5000000000    1.0361682723e-07
 392.0000000000    1.0246467879e-07
 392.5000000000    1.0132961564e-07
 393.0000000000    1.0020201922e-07
 393.5000000000    9.9081665790e-08
 394.0000000000    9.7977575402e-08
 394.5000000000    9.6899973729e-08
 395.0000000000    9.5851423642e-08
 395.5000000000    9.4824762634e-08
 396.0000000000    9.3809474698e-08
 396.5000000000    9.2800819002e-08
 397.0000000000    9.1803811380e-08
 397.5000000000    9.0828769395e-08
 398.0000000000    8.9882438987e-08
 398.5000000000    8.8962394275e-08
 399.0000000000    8.8059405260e-08
 399.5000000000    8.7165526593e-08
 400.0000000000    8.6280842228e-08
 400.5000000000    8.5413141752e-08
 401.0000000000    8.4571013222e-08
 401.5000000000    8.3756422167e-08
 402.0000000000    8.2963102642e-08
 402.5000000000    8.2181939498e-08
 403.0000000000    8.1408601726e-08
 403.5000000000    8.0646882835e-08
 404.0000000000    7.9905023428e-08
 404.5000000000    7.9188332063e-08
 405.0000000000    7.8494473467e-08
 405.5000000000    7.7815338737e-08
 406.0000000000    7.7143727969e-08
 406.5000000000    7.6479086026e-08
 407.0000000000    7.5827462158e-08
 407.5000000000    7.5195858513e-08
 408.0000000000    7.4585904387e-08
 408.5000000000    7.3992243235e-08
 409.0000000000    7.3406873090e-08
 409.5000000000    7.2825630221e-08
 410.0000000000    7.2251278205e-08
 410.5000000000    7.1690663539e-08
 411.0000000000    7.1148470854e-08
 411.5000000000    7.0622958247e-08
 412.0000000000    7.0107249859e-08
 412.5000000000    6.9594962131e-08
 413.0000000000    6.9085301917e-08
 413.5000000000    6.8583325431e-08
 414.0000000000    6.8095232090e-08
 414.5000000000    6.7622785313e-08
 415.0000000000    6.7161630601e-08
 415.5000000000    6.6704861070e-08
 416.0000000000    6.6248686746e-08
 416.5000000000    6.5795344469e-08
 417.0000000000    6.5350833826e-08
 417.5000000000    6.4919503133e-08
 418.0000000000    6.4500159379e-08
 418.5000000000    6.4086998909e-08
 419.0000000000    6.3674461843e-08
 419.5000000000    6.3261784780e-08
 420.0000000000    6.2853385128e-08
 420.5000000000    6.2454278360e-08
 421.0000000000    6.2067455048e-08
 421.5000000000    6.1688835391e-08
 422.0000000000    6.1312575269e-08
 422.5000000000    6.0935429079e-08
 423.0000000000    6.0559418908e-08
 423.5000000000    6.0189778623e-08
 424.0000000000    5.9830557390e-08
 424.5000000000    5.9481009644e-08
 425.0000000000    5.9136779204e-08
 425.5000000000    5.8792266743e-08
 426.0000000000    5.8447256543e-08
 426.5000000000    5.8105562994e-08
 427.0000000000    5.7772089784e-08
 427.5000000000    5.7448603702e-08
 428.0000000000    5.7132280295e-08
 428.5000000000    5.6817774696e-08
 429.0000000000    5.6503068611e-08
 429.5000000000    5.6189327627e-08
 430.0000000000    5.5881052966e-08
 430.5000000000    5.5581736582e-08
 431.0000000000    5.5290882137e-08
 431.5000000000    5.5004482773e-08
 432.0000000000    5.4718460325e-08
 432.5000000000    5.4432073675e-08
 433.0000000000    5.4148409130e-08
 433.5000000000    5.3871614241e-08
 434.0000000000    5.3603304262e-08
 434.5000000000    5.3341207399e-08
 435.0000000000    5.3081133368e-08
 435.5000000000    5.2820512599e-08
 436.0000000000    5.2560472358e-08
 436.5000000000    5.2304730394e-08
 437.0000000000    5.2056322302e-08
 437.5000000000    5.1814988300e-08
 438.0000000000    5.1577414971e-08
 438.5000000000    5.1340054255e-08
 439.0000000000    5.1102069001e-08
 439.5000000000    5.0865909241e-08
 440.0000000000    5.0635094237e-08
 440.5000000000    5.0411143877e-08
 441.0000000000    5.0192278207e-08
 441.5000000000    4.9974944455e-08
 442.0000000000    4.9756808046e-08
 442.5000000000    4.9538637310e-08
 443.0000000000    4.9323520510e-08
 443.5000000000    4.9114133128e-08
 444.0000000000    4.8910424042e-08
 444.5000000000    4.8709673054e-08
 445.0000000000    4.8508803004e-08
 445.5000000000    4.8306943501e-08
 446.0000000000    4.8106059856e-08
 446.5000000000    4.7909153499e-08
 447.0000000000    4.7717664019e-08
 447.5000000000    4.7530227900e-08
 448.0000000000    4.7343850544e-08
 448.5000000000    4.7156465579e-08
 449.0000000000    4.6968608712e-08
 449.5000000000    4.6782858506e-08
 450.0000000000    4.6601567274e-08
 450.5000000000    4.6424844631e-08
 451.0000000000    4.6250498342e-08
 451.5000000000    4.6075930629e-08
 452.0000000000    4.5900326128e-08
 452.5000000000    4.5725272629e-08
 453.0000000000    4.5553337959e-08
 453.5000000000    4.5385854863e-08
 454.0000000000    4.5221811010e-08
 454.5000000000    4.5058758933e-08
 455.0000000000    4.4894899753e-08
 455.5000000000    4.4730577547e-08
 456.0000000000    4.4567904559e-08
 456.5000000000    4.4408908193e-08
 457.0000000000    4.4253797490e-08
 457.5000000000    4.4100819296e-08
 458.0000000000    4.3947779283e-08
 458.5000000000    4.3793888995e-08
 459.0000000000    4.3640370159e-08
 459.5000000000    4.3489345947e-08
 460.0000000000    4.3342003591e-08
 460.5000000000    4.3197600489e-08
 461.0000000000    4.3054128849e-08
 461.5000000000    4.2910031005e-08
 462.0000000000    4.2765484459e-08
 462.5000000000    4.2622183999e-08
 463.0000000000    4.2481847437e-08
 463.5000000000    4.2344745812e-08
 464.0000000000    4.2209502070e-08
 464.5000000000    4.2074289698e-08
 465.0000000000    4.1938385669e-08
 465.5000000000    4.1802703954e-08
 466.0000000000    4.1669000852e-08
 466.5000000000    4.1538314072e-08
 467.0000000000    4.1410138542e-08
 467.5000000000    4.1282853563e-08
 468.0000000000    4.1155156251e-08
 468.5000000000    4.1027094307e-08
 469.0000000000    4.0900048441e-08
 469.5000000000    4.0775421348e-08
 470.0000000000    4.0653512717e-08
 470.5000000000    4.0533284123e-08
 471.0000000000    4.0413246776e-08
 471.5000000000    4.0292710052e-08
 472.0000000000    4.0172373321e-08
 472.5000000000    4.0053612141e-08
 473.0000000000    3.9937316567e-08
 473.5000000000    3.9823135939e-08
 474.0000000000    3.9709770239e-08
 474.5000000000    3.9596110897e-08
 475.0000000000    3.9482124694e-08
 475.5000000000    3.9368835018e-08
 476.0000000000    3.9257404800e-08
 476.5000000000    3.9148133192e-08
 477.0000000000    3.9040218051e-08
 477.5000000000    3.8932455670e-08
 478.0000000000    3.8824262363e-08
 478.5000000000    3.8716136358e-08
 479.0000000000    3.8609188298e-08
 479.5000000000    3.8504167410e-08
 480.0000000000    3.8400856406e-08
 480.5000000000    3.8298263116e-08
 481.0000000000    3.8195503808e-08
 481.5000000000    3.8092539306e-08
 482.0000000000    3.7990153572e-08
 482.5000000000    3.7889280244e-08
 483.0000000000    3.7790193191e-08
 483.5000000000    3.7692308014e-08
 484.0000000000    3.7594706446e-08
 484.5000000000    3.7496918242e-08
 485.0000000000    3.7399293538e-08
 485.5000000000    3.7302670821e-08
 486.0000000000    3.7207648691e-08
 486.5000000000    3.7114088532e-08
 487.0000000000    3.7021255602e-08
 487.5000000000    3.6928455194e-08
 488.0000000000    3.6835609419e-08
 488.5000000000    3.6743290868e-08
 489.0000000000    3.6652205163e-08
 489.5000000000    3.6562581570e-08
 490.0000000000    3.6473991706e-08
 490.5000000000    3.6385732349e-08
 491.0000000000    3.6297424790e-08
 491.5000000000    3.6209313709e-08
 492.0000000000    3.6122022653e-08
 492.5000000000    3.6035999135e-08
 493.0000000000    3.5951138810e-08
 493.5000000000    3.5866898856e-08
 494.0000000000    3.5782776807e-08
 494.5000000000    3.5698726566e-08
 495.0000000000    3.5615165477e-08
 495.5000000000    3.5532590687e-08
 496.0000000000    3.5451153702e-08
 496.5000000000    3.5370555455e-08
 497.0000000000    3.5290327776e-08
 497.5000000000    3.5210234620e-08
 498.0000000000    3.5130451488e-08
 498.5000000000    3.5051389778e-08
 499.0000000000    3.4973340434e-08
 499.5000000000    3.4896242229e-08
 500.0000000000    3.4819757075e-08
 500.5000000000    3.4743568638e-08
 501.0000000000    3.4667642211e-08
 501.5000000000    3.4592234571e-08
 502.0000000000    3.4517661463e-08
 502.5000000000    3.4444029937e-08
 503.0000000000    3.4371160385e-08
 503.5000000000    3.4298751112e-08
 504.0000000000    3.4226932786e-08
 504.5000000000    3.4155211595e-08
 505.0000000000    3.4084140792e-08
 505.5000000000    3.4013897075e-08
 506.0000000000    3.3944125849e-08
 506.5000000000    3.3875168766e-08
 507.0000000000    3.3806518173e-08
 507.5000000000    3.3738159432e-08
 508.0000000000    3.3670262960e-08
 508.5000000000    3.3603007334e-08
 509.0000000000    3.3536415655e-08
 509.5000000000    3.3470324868e-08
 510.0000000000    3.3404569423e-08
 510.5000000000    3.3339116553e-08
 511.0000000000    3.3274093519e-08
 511.5000000000    3.3209659811e-08
 512.0000000000    3.3145860714e-08
 512.5000000000    3.3082601255e-08
 513.0000000000    3.3019752005e-08
 513.5000000000    3.2957278380e-08
 514.0000000000    3.2895261369e-08
 514.5000000000    3.2833812062e-08
 515.0000000000    3.2772947610e-08
 515.5000000000    3.2712578056e-08
 516.0000000000    3.2652592502e-08
 516.5000000000    3.2592968490e-08
 517.0000000000    3.2533783002e-08
 517.5000000000    3.2475140915e-08
 518.0000000000    3.2417064939e-08
 518.5000000000    3.2359471113e-08
 519.0000000000    3.2302246944e-08
 519.5000000000    3.2245358731e-08
 520.0000000000    3.2188890541e-08
 520.5000000000    3.2132969970e-08
 521.0000000000    3.2077649990e-08
 521.5000000000    3.2022856243e-08
 522.0000000000    3.1968445784e-08
 522.5000000000    3.1914335952e-08
 523.0000000000    3.1860584951e-08
 523.5000000000    3.1807351451e-08
 524.0000000000    3.1754756277e-08
 524.5000000000    3.1702767693e-08
 525.0000000000    3.1651217893e-08
 525.5000000000    3.1599944147e-08
 526.0000000000    3.1548937167e-08
 526.5000000000    3.1498361270e-08
 527.0000000000    3.1448416284e-08
 527.5000000000    3.1399155752e-08
 528.0000000000    3.1350423860e-08
 528.5000000000    3.1301978493e-08
 529.0000000000    3.1253959922e-08
 529.5000000000    3.1205972185e-08
 530.0000000000    3.1158533357e-08
 530.5000000000    3.1111815358e-08
 531.0000000000    3.1065737997e-08
 531.5000000000    3.1020025624e-08
 532.0000000000    3.0974193864e-08
 532.5000000000    3.0928773921e-08
 533.0000000000    3.0883790145e-08
 533.5000000000    3.0839538174e-08
 534.0000000000    3.0796072852e-08
 534.5000000000    3.0753157689e-08
 535.0000000000    3.0710215271e-08
 535.5000000000    3.0667727497e-08
 536.0000000000    3.0625609108e-08
 536.5000000000    3.0584088756e-08
 537.0000000000    3.0543397387e-08
 537.5000000000    3.0503444494e-08
 538.0000000000    3.0463869684e-08
 538.5000000000    3.0424398014e-08
 539.0000000000    3.0385073760e-08
 539.5000000000    3.0346217682e-08
 540.0000000000    3.0308143349e-08
 540.5000000000    3.0270876177e-08
 541.0000000000    3.0234117729e-08
 541.5000000000    3.0197488558e-08
 542.0000000000    3.0160843063e-08
 542.5000000000    3.0124389079e-08
 543.0000000000    3.0088507804e-08
 543.5000000000    3.0053421061e-08
 544.0000000000    3.0018987640e-08
 544.5000000000    2.9984806316e-08
 545.0000000000    2.9950546069e-08
 545.5000000000    2.9916227599e-08
 546.0000000000    2.9882213939e-08
 546.5000000000    2.9848908661e-08
 547.0000000000    2.9816412128e-08
 547.5000000000    2.9784434767e-08
 548.0000000000    2.9752552337e-08
 548.5000000000    2.9720591797e-08
 549.0000000000    2.9688811710e-08
 549.5000000000    2.9657708226e-08
 550.0000000000    2.9627601832e-08
 550.5000000000    2.9598360456e-08
 551.0000000000    2.9569506792e-08
 551.5000000000    2.9540625931e-08
 552.0000000000    2.9511721036e-08
 552.5000000000    2.9483202357e-08
 553.0000000000    2.9455516283e-08
 553.5000000000    2.9428737520e-08
 554.0000000000    2.9402704772e-08
 554.5000000000    2.9376450882e-08
 555.0000000000    2.9349980653e-08
 555.5000000000    2.9323571556e-08
 556.0000000000    2.9297755698e-08
 556.5000000000    2.9272861838e-08
 557.0000000000    2.9248514058e-08
 557.5000000000    2.9224636970e-08
 558.0000000000    2.9200593116e-08
 558.5000000000    2.9176412193e-08
 559.0000000000    2.9152504306e-08
 559.5000000000    2.9129268362e-08
 560.0000000000    2.9107103122e-08
 560.5000000000    2.9085674568e-08
 561.0000000000    2.9064022240e-08
 561.5000000000    2.9042130981e-08
 562.0000000000    2.9020269966e-08
 562.5000000000    2.8998978306e-08
 563.0000000000    2.8978604247e-08
 563.5000000000    2.8959006541e-08
 564.0000000000    2.8939673356e-08
 564.5000000000    2.8920157501e-08
 565.0000000000    2.8900458073e-08
 565.5000000000    2.8881022240e-08
 566.0000000000    2.8862362588e-08
 566.5000000000    2.8844617098e-08
 567.0000000000    2.8827286245e-08
 567.5000000000    2.8810100945e-08
 568.0000000000    2.8792783546e-08
 568.5000000000    2.8775287990e-08
 569.0000000000    2.8758304251e-08
 569.5000000000    2.8742224151e-08
 570.0000000000    2.8726942049e-08
 570.5000000000    2.8711940073e-08
 571.0000000000    2.8696723450e-08
 571.5000000000    2.8681243173e-08
 572.0000000000    2.8665938126e-08
 572.5000000000    2.8651358313e-08
 573.0000000000    2.8637689696e-08
 573.5000000000    2.8624586234e-08
 574.0000000000    2.8611461084e-08
 574.5000000000    2.8597985970e-08
 575.0000000000    2.8584375011e-08
 575.5000000000    2.8571204798e-08
 576.0000000000    2.8558919727e-08
 576.5000000000    2.8547447090e-08
 577.0000000000    2.8536255549e-08
 577.5000000000    2.8524811349e-08
 578.0000000000    2.8513040987e-08
 578.5000000000    2.8501399630e-08
 579.0000000000    2.8490481413e-08
 579.5000000000    2.8480506822e-08
 580.0000000000    2.8471132224e-08
 580.5000000000    2.8461746504e-08
 581.0000000000    2.8452000199e-08
 581.5000000000    2.8442110199e-08
 582.0000000000    2.8432672122e-08
 582.5000000000    2.8424146715e-08
 583.0000000000    2.8416462153e-08
 583.5000000000    2.8409076838e-08
 584.0000000000    2.8401447743e-08
 584.5000000000    2.8393494544e-08
 585.0000000000    2.8385663737e-08
 585.5000000000    2.8378536792e-08
 586.0000000000    2.8372327321e-08
 586.5000000000    2.8366697422e-08
 587.0000000000    2.8361047958e-08
 587.5000000000    2.8355026814e-08
 588.0000000000    2.8348821198e-08
 588.5000000000    2.8342988889e-08
 589.0000000000    2.8337976523e-08
 589.5000000000    2.8333737286e-08
 590.0000000000    2.8329771419e-08
 590.5000000000    2.8325550437e-08
 591.0000000000    2.8320965048e-08
 591.5000000000    2.8316414517e-08
 592.0000000000    2.8312465511e-08
 592.5000000000    2.8309369615e-08
 593.0000000000    2.8306850136e-08
 593.5000000000    2.8304338578e-08
 594.0000000000    2.8301459088e-08
 594.5000000000    2.8298350804e-08
 595.0000000000    2.8295550272e-08
 595.5000000000    2.8293534402e-08
 596.0000000000    2.8292311689e-08
 596.5000000000    2.8291412885e-08
 597.0000000000    2.8290292447e-08
 597.5000000000    2.8288794649e-08
 598.0000000000    2.8287286408e-08
 598.5000000000    2.8286341181e-08
 599.0000000000    2.8286243717e-08
 599.5000000000    2.8286741072e-08
 600.0000000000    2.8287256152e-08
 600.5000000000    2.8287380525e-08
 601.0000000000    2.8287222379e-08
 601.5000000000    2.8287308628e-08
 602.0000000000    2.8288127083e-08
 602.5000000000    2.8289703108e-08
 603.0000000000    2.8291575799e-08
 603.5000000000    2.8293193071e-08
 604.0000000000    2.8294385018e-08
 604.5000000000    2.8295507332e-08
 605.0000000000    2.8297131311e-08
 605.5000000000    2.8299551751e-08
 606.0000000000    2.8302534359e-08
 606.5000000000    2.8305521000e-08
 607.0000000000    2.8308111561e-08
 607.5000000000    2.8310219420e-08
 608.0000000000    2.8312922550e-08
 608.5000000000    2.8315947775e-08
 609.0000000000    2.8319896528e-08
 609.5000000000    2.8324332027e-08
 610.0000000000    2.8328159180e-08
 610.5000000000    2.8331769752e-08
 611.0000000000    2.8335303032e-08
 611.5000000000    2.8339299236e-08
 612.0000000000    2.8344041573e-08
 612.5000000000    2.8349314600e-08
 613.0000000000    2.8354588611e-08
 613.5000000000    2.8359472342e-08
 614.0000000000    2.8364042007e-08
 614.5000000000    2.8368768697e-08
 615.0000000000    2.8374110010e-08
 615.5000000000    2.8380117590e-08
 616.0000000000    2.8386395546e-08
 616.5000000000    2.8392441407e-08
 617.0000000000    2.8398075630e-08
 617.5000000000    2.8403592726e-08
 618.0000000000    2.8409506751e-08
 618.5000000000    2.8416110522e-08
 619.0000000000    2.8423226591e-08
 619.5000000000    2.8430361092e-08
 620.0000000000    2.8437127446e-08
 620.5000000000    2.8443576608e-08
 621.0000000000    2.8450150056e-08
 621.5000000000    2.8457298129e-08
 622.0000000000    2.8465091309e-08
 622.5000000000    2.8473158961e-08
 623.0000000000    2.8481008483e-08
 623.5000000000    2.8488448460e-08
 624.0000000000    2.8495751444e-08
 624.5000000000    2.8503415839e-08
 625.0000000000    2.8511733663e-08
 625.5000000000    2.8520538617e-08
 626.0000000000    2.8529351329e-08
 626.5000000000    2.8537793918e-08
 627.0000000000    2.8545913553e-08
 627.5000000000    2.8554135591e-08
 628.0000000000    2.8562890367e-08
 628.5000000000    2.8572237857e-08
 629.0000000000    2.8581815591e-08
 629.5000000000    2.8591151586e-08
 630.0000000000    2.8600067171e-08
 630.5000000000    2.8608822397e-08
 631.0000000000    2.8617882307e-08
 631.5000000000    2.8627509874e-08
 632.0000000000    2.8637539181e-08
 632.5000000000    2.8647520598e-08
 633.0000000000    2.8657108337e-08
 633.5000000000    2.8666353927e-08
 634.0000000000    2.8675655492e-08
 634.5000000000    2.8685411407e-08
 635.0000000000    2.8695679287e-08
 635.5000000000    2.8706131591e-08
 636.0000000000    2.8716341687e-08
 636.5000000000    2.8726151681e-08
 637.0000000000    2.8735806117e-08
 637.5000000000    2.8745739972e-08
 638.0000000000    2.8756204677e-08
 638.5000000000    2.8767055034e-08
 639.0000000000    2.8777876198e-08
 639.5000000000    2.8788342060e-08
 640.0000000000    2.8798495225e-08
 640.5000000000    2.8808708079e-08
 641.0000000000    2.8819359321e-08
 641.5000000000    2.8830505187e-08
 642.0000000000    2.8841829841e-08
 642.5000000000    2.8852917796e-08
 643.0000000000    2.8863613053e-08
 643.5000000000    2.8874153982e-08
 644.0000000000    2.8884962863e-08
 644.5000000000    2.8896276766e-08
 645.0000000000    2.8907940422e-08
 645.5000000000    2.8919540592e-08
 646.0000000000    2.8930766113e-08
 646.5000000000    2.8941677797e-08
 647.0000000000    2.8952650640e-08
 647.5000000000    2.8964042377e-08
 648.0000000000    2.8975877317e-08
 648.5000000000    2.8987823760e-08
 649.0000000000    2.8999482765e-08
 649.5000000000    2.9010732608e-08
 650.0000000000    2.9021828020e-08
 650.5000000000    2.9033169513e-08
 651.0000000000    2.9044947687e-08
 651.5000000000    2.9056975246e-08
 652.0000000000    2.9068851147e-08
 652.5000000000    2.9080309541e-08
 653.0000000000    2.9091447103e-08
 653.5000000000    2.9102633127e-08
 654.0000000000    2.9114185088e-08
 654.5000000000    2.9126094999e-08
 655.0000000000    2.9138042865e-08
 655.5000000000    2.9149680583e-08
 656.0000000000    2.9160937135e-08
 656.5000000000    2.9172081111e-08
 657.0000000000    2.9183490072e-08
 657.5000000000    2.9195328085e-08
 658.0000000000    2.9207410897e-08
 658.5000000000    2.9219372265e-08
 659.0000000000    2.9230986131e-08
 659.5000000000    2.9242365847e-08
 660.0000000000    2.9253869371e-08
 660.5000000000    2.9265792234e-08
 661.0000000000    2.9278112913e-08
 661.5000000000    2.9290511903e-08
 662.0000000000    2.9302649048e-08
 662.5000000000    2.9314459036e-08
 663.0000000000    2.9326208326e-08
 663.5000000000    2.9338261694e-08
 664.0000000000    2.9350759802e-08
 664.5000000000    2.9363487219e-08
 665.0000000000    2.9376049830e-08
 665.5000000000    2.9388209876e-08
 666.0000000000    2.9400086789e-08
 666.5000000000    2.9412046071e-08
 667.0000000000    2.9424369768e-08
 667.5000000000    2.9436995745e-08
 668.0000000000    2.9449557168e-08
 668.5000000000    2.9461693099e-08
 669.0000000000    2.9473360489e-08
 669.5000000000    2.9484871948e-08
 670.0000000000    2.9496621089e-08
 670.5000000000    2.9508733672e-08
 671.0000000000    2.9520952770e-08
 671.5000000000    2.9532863607e-08
 672.0000000000    2.9544262843e-08
 672.5000000000    2.9555346073e-08
 673.0000000000    2.9566544274e-08
 673.5000000000    2.9578149239e-08
 674.0000000000    2.9590056952e-08
 674.5000000000    2.9601856890e-08
 675.0000000000    2.9613192447e-08
 675.5000000000    2.9624076815e-08
 676.0000000000    2.9634884698e-08
 676.5000000000    2.9646023484e-08
 677.0000000000    2.9657570954e-08
 677.5000000000    2.9669198725e-08
 678.0000000000    2.9680452372e-08
 678.5000000000    2.9691145845e-08
 679.0000000000    2.9701524324e-08
 679.5000000000    2.9712048991e-08
 680.0000000000    2.9722988475e-08
 680.5000000000    2.9734174108e-08
 681.0000000000    2.9745136268e-08
 681.5000000000    2.9755506338e-08
 682.0000000000    2.9765333725e-08
 682.5000000000    2.9775038672e-08
 683.0000000000    2.9785062702e-08
 683.5000000000    2.9795395875e-08
 684.0000000000    2.9805665334e-08
 684.5000000000    2.9815399665e-08
 685.0000000000    2.9824417799e-08
 685.5000000000    2.9833011777e-08
 686.0000000000    2.9841683423e-08
 686.5000000000    2.9850716784e-08
 687.0000000000    2.9859903421e-08
 687.5000000000    2.9868764117e-08
 688.0000000000    2.9876945581e-08
 688.5000000000    2.9884553042e-08
 689.0000000000    2.9892059429e-08
 689.5000000000    2.9899991500e-08
 690.0000000000    2.9908398101e-08
 690.5000000000    2.9916898694e-08
 691.0000000000    2.9925009947e-08
 691.5000000000    2.9932587568e-08
 692.0000000000    2.9939978104e-08
 692.5000000000    2.9947742371e-08
 693.0000000000    2.9956183021e-08
 693.5000000000    2.9965083390e-08
 694.0000000000    2.9973890004e-08
 694.5000000000    2.9982188760e-08
 695.0000000000    2.9990065555e-08
 695.5000000000    2.9998033966e-08
 696.0000000000    3.0006583951e-08
 696.5000000000    3.0015739120e-08
 697.0000000000    3.0025011929e-08
 697.5000000000    3.0033807555e-08
 698.0000000000    3.0041933485e-08
 698.5000000000    3.0049769808e-08
 699.0000000000    3.0057941221e-08
 699.5000000000    3.0066766247e-08
 700.0000000000    3.0075962268e-08
