#          time               M_ADM
   0.0000000000    9.6600492189e-02
   0.5000000000    9.6587118507e-02
   1.0000000000    9.6554272894e-02
   1.5000000000    9.6510637346e-02
   2.0000000000    9.6463844261e-02
   2.5000000000    9.6418078332e-02
   3.0000000000    9.6374552128e-02
   3.5000000000    9.6332873700e-02
   4.0000000000    9.6292130604e-02
   4.5000000000    9.6251460940e-02
   5.0000000000    9.6210256000e-02
   5.5000000000    9.6168171099e-02
   6.0000000000    9.6125061483e-02
   6.5000000000    9.6080905407e-02
   7.0000000000    9.6035742864e-02
   7.5000000000    9.5989639593e-02
   8.0000000000    9.5942673245e-02
   8.5000000000    9.5894930872e-02
   9.0000000000    9.5846506183e-02
   9.5000000000    9.5797491529e-02
  10.0000000000    9.5747968168e-02
  10.5000000000    9.5698002236e-02
  11.0000000000    9.5647650287e-02
  11.5000000000    9.5596968370e-02
  12.0000000000    9.5546019836e-02
  12.5000000000    9.5494874326e-02
  13.0000000000    9.5443598056e-02
  13.5000000000    9.5392239212e-02
  14.0000000000    9.5340831937e-02
  14.5000000000    9.5289406178e-02
  15.0000000000    9.5237997816e-02
  15.5000000000    9.5186653292e-02
  16.0000000000    9.5135424097e-02
  16.5000000000    9.5084356157e-02
  17.0000000000    9.5033478886e-02
  17.5000000000    9.4982806824e-02
  18.0000000000    9.4932344764e-02
  18.5000000000    9.4882121278e-02
  19.0000000000    9.4832173827e-02
  19.5000000000    9.4782539332e-02
  20.0000000000    9.4733249202e-02
  20.5000000000    9.4684303987e-02
  21.0000000000    9.4635732184e-02
  21.5000000000    9.4587525400e-02
  22.0000000000    9.4539700514e-02
  22.5000000000    9.4492293575e-02
  23.0000000000    9.4445337565e-02
  23.5000000000    9.4398842235e-02
  24.0000000000    9.4352815523e-02
  24.5000000000    9.4307254220e-02
  25.0000000000    9.4262157927e-02
  25.5000000000    9.4217535546e-02
  26.0000000000    9.4173404951e-02
  26.5000000000    9.4129795143e-02
  27.0000000000    9.4086721506e-02
  27.5000000000    9.4044184397e-02
  28.0000000000    9.4002175991e-02
  28.5000000000    9.3960689834e-02
  29.0000000000    9.3919730421e-02
  29.5000000000    9.3879313505e-02
  30.0000000000    9.3839457939e-02
  30.5000000000    9.3800174922e-02
  31.0000000000    9.3761467223e-02
  31.5000000000    9.3723331116e-02
  32.0000000000    9.3685754698e-02
  32.5000000000    9.3648725589e-02
  33.0000000000    9.3612253913e-02
  33.5000000000    9.3576360672e-02
  34.0000000000    9.3541053968e-02
  34.5000000000    9.3506320552e-02
  35.0000000000    9.3472150580e-02
  35.5000000000    9.3438536911e-02
  36.0000000000    9.3405472217e-02
  36.5000000000    9.3372968931e-02
  37.0000000000    9.3341038841e-02
  37.5000000000    9.3309686586e-02
  38.0000000000    9.3278904669e-02
  38.5000000000    9.3248676806e-02
  39.0000000000    9.3218988546e-02
  39.5000000000    9.3189835484e-02
  40.0000000000    9.3161223841e-02
  40.5000000000    9.3133163611e-02
  41.0000000000    9.3105658385e-02
  41.5000000000    9.3078699342e-02
  42.0000000000    9.3052269681e-02
  42.5000000000    9.3026354591e-02
  43.0000000000    9.3000947800e-02
  43.5000000000    9.2976052942e-02
  44.0000000000    9.2951679770e-02
  44.5000000000    9.2927830916e-02
  45.0000000000    9.2904494767e-02
  45.5000000000    9.2881652021e-02
  46.0000000000    9.2859287575e-02
  46.5000000000    9.2837396338e-02
  47.0000000000    9.2815979369e-02
  47.5000000000    9.2795039564e-02
  48.0000000000    9.2774579174e-02
  48.5000000000    9.2754593733e-02
  49.0000000000    9.2735068271e-02
  49.5000000000    9.2715982347e-02
  50.0000000000    9.2697321731e-02
  50.5000000000    9.2679083576e-02
  51.0000000000    9.2661269681e-02
  51.5000000000    9.2643874746e-02
  52.0000000000    9.2626874414e-02
  52.5000000000    9.2610229491e-02
  53.0000000000    9.2593879049e-02
  53.5000000000    9.2577746779e-02
  54.0000000000    9.2561731117e-02
  54.5000000000    9.2545694174e-02
  55.0000000000    9.2529451171e-02
  55.5000000000    9.2512777704e-02
  56.0000000000    9.2495452295e-02
  56.5000000000    9.2477336516e-02
  57.0000000000    9.2458476713e-02
  57.5000000000    9.2439182616e-02
  58.0000000000    9.2420024337e-02
  58.5000000000    9.2401708861e-02
  59.0000000000    9.2384868859e-02
  59.5000000000    9.2369870325e-02
  60.0000000000    9.2356740376e-02
  60.5000000000    9.2345233205e-02
  61.0000000000    9.2334967531e-02
  61.5000000000    9.2325549953e-02
  62.0000000000    9.2316643371e-02
  62.5000000000    9.2307990122e-02
  63.0000000000    9.2299426347e-02
  63.5000000000    9.2290894755e-02
  64.0000000000    9.2282423609e-02
  64.5000000000    9.2274067764e-02
  65.0000000000    9.2265863875e-02
  65.5000000000    9.2257834752e-02
  66.0000000000    9.2250003862e-02
  66.5000000000    9.2242385301e-02
  67.0000000000    9.2234977684e-02
  67.5000000000    9.2227775467e-02
  68.0000000000    9.2220782868e-02
  68.5000000000    9.2214008243e-02
  69.0000000000    9.2207459860e-02
  69.5000000000    9.2201141121e-02
  70.0000000000    9.2195048052e-02
  70.5000000000    9.2189171454e-02
  71.0000000000    9.2183496907e-02
  71.5000000000    9.2178017517e-02
  72.0000000000    9.2172738092e-02
  72.5000000000    9.2167665516e-02
  73.0000000000    9.2162804419e-02
  73.5000000000    9.2158150760e-02
  74.0000000000    9.2153694045e-02
  74.5000000000    9.2149422322e-02
  75.0000000000    9.2145329880e-02
  75.5000000000    9.2141417772e-02
  76.0000000000    9.2137689643e-02
  76.5000000000    9.2134146433e-02
  77.0000000000    9.2130784327e-02
  77.5000000000    9.2127598276e-02
  78.0000000000    9.2124584271e-02
  78.5000000000    9.2121738211e-02
  79.0000000000    9.2119054969e-02
  79.5000000000    9.2116530279e-02
  80.0000000000    9.2114166035e-02
  80.5000000000    9.2111969632e-02
  81.0000000000    9.2109947250e-02
  81.5000000000    9.2108097342e-02
  82.0000000000    9.2106405401e-02
  82.5000000000    9.2104847573e-02
  83.0000000000    9.2103408923e-02
  83.5000000000    9.2102098733e-02
  84.0000000000    9.2100941099e-02
  84.5000000000    9.2099947694e-02
  85.0000000000    9.2099109691e-02
  85.5000000000    9.2098410709e-02
  86.0000000000    9.2097842662e-02
  86.5000000000    9.2097407042e-02
  87.0000000000    9.2097108639e-02
  87.5000000000    9.2096950170e-02
  88.0000000000    9.2096927961e-02
  88.5000000000    9.2097033389e-02
  89.0000000000    9.2097257735e-02
  89.5000000000    9.2097598975e-02
  90.0000000000    9.2098061261e-02
  90.5000000000    9.2098651609e-02
  91.0000000000    9.2099373410e-02
  91.5000000000    9.2100223118e-02
  92.0000000000    9.2101192306e-02
  92.5000000000    9.2102272582e-02
  93.0000000000    9.2103460195e-02
  93.5000000000    9.2104757876e-02
  94.0000000000    9.2106172903e-02
  94.5000000000    9.2107709785e-02
  95.0000000000    9.2109366490e-02
  95.5000000000    9.2111135492e-02
  96.0000000000    9.2113007564e-02
  96.5000000000    9.2114977480e-02
  97.0000000000    9.2117047741e-02
  97.5000000000    9.2119225150e-02
  98.0000000000    9.2121514215e-02
  98.5000000000    9.2123914843e-02
  99.0000000000    9.2126421479e-02
  99.5000000000    9.2129025887e-02
 100.0000000000    9.2131723380e-02
 100.5000000000    9.2134515011e-02
 101.0000000000    9.2137403997e-02
 101.5000000000    9.2140390980e-02
 102.0000000000    9.2143474539e-02
 102.5000000000    9.2146653725e-02
 103.0000000000    9.2149926318e-02
 103.5000000000    9.2153287032e-02
 104.0000000000    9.2156732290e-02
 104.5000000000    9.2160265180e-02
 105.0000000000    9.2163892708e-02
 105.5000000000    9.2167617556e-02
 106.0000000000    9.2171434479e-02
 106.5000000000    9.2175334581e-02
 107.0000000000    9.2179310757e-02
 107.5000000000    9.2183362083e-02
 108.0000000000    9.2187494330e-02
 108.5000000000    9.2191714379e-02
 109.0000000000    9.2196025056e-02
 109.5000000000    9.2200423488e-02
 110.0000000000    9.2204903413e-02
 110.5000000000    9.2209459011e-02
 111.0000000000    9.2214088654e-02
 111.5000000000    9.2218796426e-02
 112.0000000000    9.2223588783e-02
 112.5000000000    9.2228469264e-02
 113.0000000000    9.2233435385e-02
 113.5000000000    9.2238479738e-02
 114.0000000000    9.2243594176e-02
 114.5000000000    9.2248774425e-02
 115.0000000000    9.2254021755e-02
 115.5000000000    9.2259341470e-02
 116.0000000000    9.2264737753e-02
 116.5000000000    9.2270209584e-02
 117.0000000000    9.2275751063e-02
 117.5000000000    9.2281355960e-02
 118.0000000000    9.2287022440e-02
 118.5000000000    9.2292754435e-02
 119.0000000000    9.2298559230e-02
 119.5000000000    9.2304441311e-02
 120.0000000000    9.2310397845e-02
 120.5000000000    9.2316418981e-02
 121.0000000000    9.2322494289e-02
 121.5000000000    9.2328618950e-02
 122.0000000000    9.2334796286e-02
 122.5000000000    9.2341034731e-02
 123.0000000000    9.2347341887e-02
 123.5000000000    9.2353720046e-02
 124.0000000000    9.2360165119e-02
 124.5000000000    9.2366668793e-02
 125.0000000000    9.2373224379e-02
 125.5000000000    9.2379832688e-02
 126.0000000000    9.2386500664e-02
 126.5000000000    9.2393233522e-02
 127.0000000000    9.2400031762e-02
 127.5000000000    9.2406893778e-02
 128.0000000000    9.2413816456e-02
 128.5000000000    9.2420794172e-02
 129.0000000000    9.2427823021e-02
 129.5000000000    9.2434906529e-02
 130.0000000000    9.2442052320e-02
 130.5000000000    9.2449263952e-02
 131.0000000000    9.2456539716e-02
 131.5000000000    9.2463875554e-02
 132.0000000000    9.2471265421e-02
 132.5000000000    9.2478704696e-02
 133.0000000000    9.2486196548e-02
 133.5000000000    9.2493749929e-02
 134.0000000000    9.2501369252e-02
 134.5000000000    9.2509050818e-02
 135.0000000000    9.2516788160e-02
 135.5000000000    9.2524576583e-02
 136.0000000000    9.2532413311e-02
 136.5000000000    9.2540299739e-02
 137.0000000000    9.2548242094e-02
 137.5000000000    9.2556245463e-02
 138.0000000000    9.2564309739e-02
 138.5000000000    9.2572430486e-02
 139.0000000000    9.2580603825e-02
 139.5000000000    9.2588827946e-02
 140.0000000000    9.2597104925e-02
 140.5000000000    9.2605439942e-02
 141.0000000000    9.2613837140e-02
 141.5000000000    9.2622297946e-02
 142.0000000000    9.2630821723e-02
 142.5000000000    9.2639406528e-02
 143.0000000000    9.2648049527e-02
 143.5000000000    9.2656749837e-02
 144.0000000000    9.2665510113e-02
 144.5000000000    9.2674334769e-02
 145.0000000000    9.2683227362e-02
 145.5000000000    9.2692188375e-02
 146.0000000000    9.2701215100e-02
 146.5000000000    9.2710303725e-02
 147.0000000000    9.2719451741e-02
 147.5000000000    9.2728659629e-02
 148.0000000000    9.2737931418e-02
 148.5000000000    9.2747272245e-02
 149.0000000000    9.2756683150e-02
 149.5000000000    9.2766159721e-02
 150.0000000000    9.2775696009e-02
 150.5000000000    9.2785288689e-02
 151.0000000000    9.2794938173e-02
 151.5000000000    9.2804648798e-02
 152.0000000000    9.2814426253e-02
 152.5000000000    9.2824272636e-02
 153.0000000000    9.2834184057e-02
 153.5000000000    9.2844154210e-02
 154.0000000000    9.2854179229e-02
 154.5000000000    9.2864260439e-02
 155.0000000000    9.2874403275e-02
 155.5000000000    9.2884613530e-02
 156.0000000000    9.2894893312e-02
 156.5000000000    9.2905238996e-02
 157.0000000000    9.2915644703e-02
 157.5000000000    9.2926108491e-02
 158.0000000000    9.2936635459e-02
 158.5000000000    9.2947234878e-02
 159.0000000000    9.2957914025e-02
 159.5000000000    9.2968672229e-02
 160.0000000000    9.2979499945e-02
 160.5000000000    9.2990386711e-02
 161.0000000000    9.3001330465e-02
 161.5000000000    9.3012339498e-02
 162.0000000000    9.3023425655e-02
 162.5000000000    9.3034596151e-02
 163.0000000000    9.3045850013e-02
 163.5000000000    9.3057180912e-02
 164.0000000000    9.3068582887e-02
 164.5000000000    9.3080054196e-02
 165.0000000000    9.3091597298e-02
 165.5000000000    9.3103216108e-02
 166.0000000000    9.3114913621e-02
 166.5000000000    9.3126690788e-02
 167.0000000000    9.3138546622e-02
 167.5000000000    9.3150479456e-02
 168.0000000000    9.3162488162e-02
 168.5000000000    9.3174572432e-02
 169.0000000000    9.3186732486e-02
 169.5000000000    9.3198968698e-02
 170.0000000000    9.3211281456e-02
 170.5000000000    9.3223671097e-02
 171.0000000000    9.3236137378e-02
 171.5000000000    9.3248679184e-02
 172.0000000000    9.3261294551e-02
 172.5000000000    9.3273981499e-02
 173.0000000000    9.3286739393e-02
 173.5000000000    9.3299569618e-02
 174.0000000000    9.3312474541e-02
 174.5000000000    9.3325456069e-02
 175.0000000000    9.3338514280e-02
 175.5000000000    9.3351647095e-02
 176.0000000000    9.3364852177e-02
 176.5000000000    9.3378129795e-02
 177.0000000000    9.3391483681e-02
 177.5000000000    9.3404919214e-02
 178.0000000000    9.3418440452e-02
 178.5000000000    9.3432047928e-02
 179.0000000000    9.3445738785e-02
 179.5000000000    9.3459509656e-02
 180.0000000000    9.3473360301e-02
 180.5000000000    9.3487294850e-02
 181.0000000000    9.3501319420e-02
 181.5000000000    9.3515437637e-02
 182.0000000000    9.3529647830e-02
 182.5000000000    9.3543943971e-02
 183.0000000000    9.3558319959e-02
 183.5000000000    9.3572774091e-02
 184.0000000000    9.3587310291e-02
 184.5000000000    9.3601935297e-02
 185.0000000000    9.3616654070e-02
 185.5000000000    9.3631467275e-02
 186.0000000000    9.3646372710e-02
 186.5000000000    9.3661370275e-02
 187.0000000000    9.3676465984e-02
 187.5000000000    9.3691671275e-02
 188.0000000000    9.3706998268e-02
 188.5000000000    9.3722454705e-02
 189.0000000000    9.3738041339e-02
 189.5000000000    9.3753753041e-02
 190.0000000000    9.3769583381e-02
 190.5000000000    9.3785529214e-02
 191.0000000000    9.3801591732e-02
 191.5000000000    9.3817773851e-02
 192.0000000000    9.3834076372e-02
 192.5000000000    9.3850496065e-02
 193.0000000000    9.3867027669e-02
 193.5000000000    9.3883668435e-02
 194.0000000000    9.3900420544e-02
 194.5000000000    9.3917289596e-02
 195.0000000000    9.3934281600e-02
 195.5000000000    9.3951400205e-02
 196.0000000000    9.3968645013e-02
 196.5000000000    9.3986012886e-02
 197.0000000000    9.4003502256e-02
 197.5000000000    9.4021115894e-02
 198.0000000000    9.4038859276e-02
 198.5000000000    9.4056737348e-02
 199.0000000000    9.4074752910e-02
 199.5000000000    9.4092906548e-02
 200.0000000000    9.4111197191e-02
 200.5000000000    9.4129624521e-02
 201.0000000000    9.4148191181e-02
 201.5000000000    9.4166902051e-02
 202.0000000000    9.4185761365e-02
 202.5000000000    9.4204771012e-02
 203.0000000000    9.4223930841e-02
 203.5000000000    9.4243239623e-02
 204.0000000000    9.4262696372e-02
 204.5000000000    9.4282301694e-02
 205.0000000000    9.4302057836e-02
 205.5000000000    9.4321967700e-02
 206.0000000000    9.4342034285e-02
 206.5000000000    9.4362261130e-02
 207.0000000000    9.4382652518e-02
 207.5000000000    9.4403212928e-02
 208.0000000000    9.4423946352e-02
 208.5000000000    9.4444855461e-02
 209.0000000000    9.4465941074e-02
 209.5000000000    9.4487203207e-02
 210.0000000000    9.4508643104e-02
 210.5000000000    9.4530264233e-02
 211.0000000000    9.4552070977e-02
 211.5000000000    9.4574066643e-02
 212.0000000000    9.4596252514e-02
 212.5000000000    9.4618628292e-02
 213.0000000000    9.4641193950e-02
 213.5000000000    9.4663951772e-02
 214.0000000000    9.4686907052e-02
 214.5000000000    9.4710066180e-02
 215.0000000000    9.4733433417e-02
 215.5000000000    9.4757009208e-02
 216.0000000000    9.4780791833e-02
 216.5000000000    9.4804780317e-02
 217.0000000000    9.4828976454e-02
 217.5000000000    9.4853384861e-02
 218.0000000000    9.4878010672e-02
 218.5000000000    9.4902856268e-02
 219.0000000000    9.4927920584e-02
 219.5000000000    9.4953202244e-02
 220.0000000000    9.4978703799e-02
 220.5000000000    9.5004433535e-02
 221.0000000000    9.5030403385e-02
 221.5000000000    9.5056623560e-02
 222.0000000000    9.5083096614e-02
 222.5000000000    9.5109816043e-02
 223.0000000000    9.5136771089e-02
 223.5000000000    9.5163954746e-02
 224.0000000000    9.5191369651e-02
 224.5000000000    9.5219028217e-02
 225.0000000000    9.5246947071e-02
 225.5000000000    9.5275138755e-02
 226.0000000000    9.5303606324e-02
 226.5000000000    9.5332344985e-02
 227.0000000000    9.5361349061e-02
 227.5000000000    9.5390618859e-02
 228.0000000000    9.5420162786e-02
 228.5000000000    9.5449993709e-02
 229.0000000000    9.5480121993e-02
 229.5000000000    9.5510550237e-02
 230.0000000000    9.5541273829e-02
 230.5000000000    9.5572286740e-02
 231.0000000000    9.5603588254e-02
 231.5000000000    9.5635186167e-02
 232.0000000000    9.5667094736e-02
 232.5000000000    9.5699329447e-02
 233.0000000000    9.5731902459e-02
 233.5000000000    9.5764821618e-02
 234.0000000000    9.5798092623e-02
 234.5000000000    9.5831721523e-02
 235.0000000000    9.5865714526e-02
 235.5000000000    9.5900075232e-02
 236.0000000000    9.5934801997e-02
 236.5000000000    9.5969888460e-02
 237.0000000000    9.6005327882e-02
 237.5000000000    9.6041118747e-02
 238.0000000000    9.6077267884e-02
 238.5000000000    9.6113788843e-02
 239.0000000000    9.6150696737e-02
 239.5000000000    9.6188003724e-02
 240.0000000000    9.6225718708e-02
 240.5000000000    9.6263851319e-02
 241.0000000000    9.6302416185e-02
 241.5000000000    9.6341432857e-02
 242.0000000000    9.6380919650e-02
 242.5000000000    9.6420884500e-02
 243.0000000000    9.6461319487e-02
 243.5000000000    9.6502204516e-02
 244.0000000000    9.6543519885e-02
 244.5000000000    9.6585260831e-02
 245.0000000000    9.6627444940e-02
 245.5000000000    9.6670107178e-02
 246.0000000000    9.6713284734e-02
 246.5000000000    9.6757000489e-02
 247.0000000000    9.6801255225e-02
 247.5000000000    9.6846033114e-02
 248.0000000000    9.6891316953e-02
 248.5000000000    9.6937103335e-02
 249.0000000000    9.6983408524e-02
 249.5000000000    9.7030261658e-02
 250.0000000000    9.7077690391e-02
 250.5000000000    9.7125709049e-02
 251.0000000000    9.7174316880e-02
 251.5000000000    9.7223506388e-02
 252.0000000000    9.7273275218e-02
 252.5000000000    9.7323633332e-02
 253.0000000000    9.7374601086e-02
 253.5000000000    9.7426200492e-02
 254.0000000000    9.7478446741e-02
 254.5000000000    9.7531345925e-02
 255.0000000000    9.7584899767e-02
 255.5000000000    9.7639113416e-02
 256.0000000000    9.7694000604e-02
 256.5000000000    9.7749582542e-02
 257.0000000000    9.7805881866e-02
 257.5000000000    9.7862916599e-02
 258.0000000000    9.7920697782e-02
 258.5000000000    9.7979230889e-02
 259.0000000000    9.8038519306e-02
 259.5000000000    9.8098567772e-02
 260.0000000000    9.8159384404e-02
 260.5000000000    9.8220981121e-02
 261.0000000000    9.8283373503e-02
 261.5000000000    9.8346580824e-02
 262.0000000000    9.8410625865e-02
 262.5000000000    9.8475533518e-02
 263.0000000000    9.8541327976e-02
 263.5000000000    9.8608029535e-02
 264.0000000000    9.8675652313e-02
 264.5000000000    9.8744204036e-02
 265.0000000000    9.8813688784e-02
 265.5000000000    9.8884112063e-02
 266.0000000000    9.8955485509e-02
 266.5000000000    9.9027828482e-02
 267.0000000000    9.9101166218e-02
 267.5000000000    9.9175525845e-02
 268.0000000000    9.9250932123e-02
 268.5000000000    9.9327404578e-02
 269.0000000000    9.9404956906e-02
 269.5000000000    9.9483598369e-02
 270.0000000000    9.9563336262e-02
 270.5000000000    9.9644179059e-02
 271.0000000000    9.9726140004e-02
 271.5000000000    9.9809240187e-02
 272.0000000000    9.9893509143e-02
 272.5000000000    9.9978981034e-02
 273.0000000000    1.0006568616e-01
 273.5000000000    1.0015364041e-01
 274.0000000000    1.0024283834e-01
 274.5000000000    1.0033325539e-01
 275.0000000000    1.0042486114e-01
 275.5000000000    1.0051763887e-01
 276.0000000000    1.0061160102e-01
 276.5000000000    1.0070679009e-01
 277.0000000000    1.0080326147e-01
 277.5000000000    1.0090105539e-01
 278.0000000000    1.0100017288e-01
 278.5000000000    1.0110057010e-01
 279.0000000000    1.0120217642e-01
 279.5000000000    1.0130492615e-01
 280.0000000000    1.0140878391e-01
 280.5000000000    1.0151374688e-01
 281.0000000000    1.0161982187e-01
 281.5000000000    1.0172699204e-01
 282.0000000000    1.0183519535e-01
 282.5000000000    1.0194432818e-01
 283.0000000000    1.0205426881e-01
 283.5000000000    1.0216490070e-01
 284.0000000000    1.0227611651e-01
 284.5000000000    1.0238779960e-01
 285.0000000000    1.0249979730e-01
 285.5000000000    1.0261190502e-01
 286.0000000000    1.0272386899e-01
 286.5000000000    1.0283539944e-01
 287.0000000000    1.0294617754e-01
 287.5000000000    1.0305584614e-01
 288.0000000000    1.0316398859e-01
 288.5000000000    1.0327010806e-01
 289.0000000000    1.0337361590e-01
 289.5000000000    1.0347382632e-01
 290.0000000000    1.0356994851e-01
 290.5000000000    1.0366106949e-01
 291.0000000000    1.0374612894e-01
 291.5000000000    1.0382389202e-01
 292.0000000000    1.0389292344e-01
 292.5000000000    1.0395155984e-01
 293.0000000000    1.0399787446e-01
 293.5000000000    1.0402963319e-01
 294.0000000000    1.0404424420e-01
 294.5000000000    1.0403870546e-01
 295.0000000000    1.0400955038e-01
 295.5000000000    1.0395278850e-01
 296.0000000000    1.0386383752e-01
 296.5000000000    1.0373744734e-01
 297.0000000000    1.0356762095e-01
 297.5000000000    1.0334753840e-01
 298.0000000000    1.0306948839e-01
 298.5000000000    1.0272481213e-01
 299.0000000000    1.0230386713e-01
 299.5000000000    1.0179602246e-01
 300.0000000000    1.0118969870e-01
 300.5000000000    1.0047246669e-01
 301.0000000000    9.9631218560e-02
 301.5000000000    9.8652425124e-02
 302.0000000000    9.7522492660e-02
 302.5000000000    9.6228224998e-02
 303.0000000000    9.4757381276e-02
 303.5000000000    9.3099299346e-02
 304.0000000000    9.1245534050e-02
 304.5000000000    8.9190444053e-02
 305.0000000000    8.6931654366e-02
 305.5000000000    8.4470327411e-02
 306.0000000000    8.1811197022e-02
 306.5000000000    7.8962355860e-02
 307.0000000000    7.5934833823e-02
 307.5000000000    7.2742053631e-02
 308.0000000000    6.9399288667e-02
 308.5000000000    6.5923266498e-02
 309.0000000000    6.2332050321e-02
 309.5000000000    5.8645284026e-02
 310.0000000000    5.4884802356e-02
 310.5000000000    5.1075490949e-02
 311.0000000000    4.7246151267e-02
 311.5000000000    4.3430016464e-02
 312.0000000000    3.9664529742e-02
 312.5000000000    3.5990088337e-02
 313.0000000000    3.2447697100e-02
 313.5000000000    2.9075815979e-02
 314.0000000000    2.5907010584e-02
 314.5000000000    2.2965175485e-02
 315.0000000000    2.0264001637e-02
 315.5000000000    1.7807019658e-02
 316.0000000000    1.5589105222e-02
 316.5000000000    1.3598951828e-02
 317.0000000000    1.1821815606e-02
 317.5000000000    1.0241853597e-02
 318.0000000000    8.8436088739e-03
 318.5000000000    7.6125671214e-03
 319.0000000000    6.5350414335e-03
 319.5000000000    5.5977791471e-03
 320.0000000000    4.7876233360e-03
 320.5000000000    4.0914048529e-03
 321.0000000000    3.4960832210e-03
 321.5000000000    2.9890459508e-03
 322.0000000000    2.5584367762e-03
 322.5000000000    2.1934098767e-03
 323.0000000000    1.8842669427e-03
 323.5000000000    1.6224866255e-03
 324.0000000000    1.4006801336e-03
 324.5000000000    1.2125062744e-03
 325.0000000000    1.0525685838e-03
 325.5000000000    9.1630716785e-04
 326.0000000000    7.9989193188e-04
 326.5000000000    7.0012115611e-04
 327.0000000000    6.1432814682e-04
 327.5000000000    5.4029763371e-04
 328.0000000000    4.7619244793e-04
 328.5000000000    4.2049010221e-04
 329.0000000000    3.7192846803e-04
 329.5000000000    3.2945972437e-04
 330.0000000000    2.9221184110e-04
 330.5000000000    2.5945683652e-04
 331.0000000000    2.3058486813e-04
 331.5000000000    2.0508309007e-04
 332.0000000000    1.8251828802e-04
 332.5000000000    1.6252257385e-04
 333.0000000000    1.4478170178e-04
 333.5000000000    1.2902569806e-04
 334.0000000000    1.1502144976e-04
 334.5000000000    1.0256680093e-04
 335.0000000000    9.1485712577e-05
 335.5000000000    8.1624181485e-05
 336.0000000000    7.2846806185e-05
 336.5000000000    6.5033996033e-05
 337.0000000000    5.8079798275e-05
 337.5000000000    5.1890211277e-05
 338.0000000000    4.6381788404e-05
 338.5000000000    4.1480372871e-05
 339.0000000000    3.7119918987e-05
 339.5000000000    3.3241455173e-05
 340.0000000000    2.9792258560e-05
 340.5000000000    2.6725238640e-05
 341.0000000000    2.3998443829e-05
 341.5000000000    2.1574581348e-05
 342.0000000000    1.9420497564e-05
 342.5000000000    1.7506654252e-05
 343.0000000000    1.5806678348e-05
 343.5000000000    1.4297033709e-05
 344.0000000000    1.2956790981e-05
 344.5000000000    1.1767418370e-05
 345.0000000000    1.0712528257e-05
 345.5000000000    9.7775766190e-06
 346.0000000000    8.9495732335e-06
 346.5000000000    8.2168672402e-06
 347.0000000000    7.5690258012e-06
 347.5000000000    6.9967605886e-06
 348.0000000000    6.4918347457e-06
 348.5000000000    6.0469152231e-06
 349.0000000000    5.6553961581e-06
 349.5000000000    5.3112570337e-06
 350.0000000000    5.0090015679e-06
 350.5000000000    4.7436645883e-06
 351.0000000000    4.5108278238e-06
 351.5000000000    4.3065786074e-06
 352.0000000000    4.1274132438e-06
 352.5000000000    3.9701306968e-06
 353.0000000000    3.8317824988e-06
 353.5000000000    3.7096976018e-06
 354.0000000000    3.6015375173e-06
 354.5000000000    3.5053109786e-06
 355.0000000000    3.4193152451e-06
 355.5000000000    3.3420373180e-06
 356.0000000000    3.2720848248e-06
 356.5000000000    3.2081904338e-06
 357.0000000000    3.1492686380e-06
 357.5000000000    3.0944580633e-06
 358.0000000000    3.0430965818e-06
 358.5000000000    2.9946376466e-06
 359.0000000000    2.9485689282e-06
 359.5000000000    2.9043920637e-06
 360.0000000000    2.8616688310e-06
 360.5000000000    2.8200815673e-06
 361.0000000000    2.7794453054e-06
 361.5000000000    2.7396538648e-06
 362.0000000000    2.7006010280e-06
 362.5000000000    2.6621395358e-06
 363.0000000000    2.6241069115e-06
 363.5000000000    2.5863893846e-06
 364.0000000000    2.5489636050e-06
 364.5000000000    2.5118772092e-06
 365.0000000000    2.4751837797e-06
 365.5000000000    2.4388869233e-06
 366.0000000000    2.4029389504e-06
 366.5000000000    2.3672918394e-06
 367.0000000000    2.3319535414e-06
 367.5000000000    2.2969996500e-06
 368.0000000000    2.2625301424e-06
 368.5000000000    2.2286085024e-06
 369.0000000000    2.1952342440e-06
 369.5000000000    2.1623698154e-06
 370.0000000000    2.1299962019e-06
 370.5000000000    2.0981480407e-06
 371.0000000000    2.0668984320e-06
 371.5000000000    2.0363073517e-06
 372.0000000000    2.0063778517e-06
 372.5000000000    1.9770586599e-06
 373.0000000000    1.9482852731e-06
 373.5000000000    1.9200300241e-06
 374.0000000000    1.8923150209e-06
 374.5000000000    1.8651809783e-06
 375.0000000000    1.8386396909e-06
 375.5000000000    1.8126511840e-06
 376.0000000000    1.7871448095e-06
 376.5000000000    1.7620660165e-06
 377.0000000000    1.7374092772e-06
 377.5000000000    1.7132099862e-06
 378.0000000000    1.6895028524e-06
 378.5000000000    1.6662822743e-06
 379.0000000000    1.6434980323e-06
 379.5000000000    1.6210891916e-06
 380.0000000000    1.5990268687e-06
 380.5000000000    1.5773293844e-06
 381.0000000000    1.5560368204e-06
 381.5000000000    1.5351703287e-06
 382.0000000000    1.5147043364e-06
 382.5000000000    1.4945842684e-06
 383.0000000000    1.4747671849e-06
 383.5000000000    1.4552534077e-06
 384.0000000000    1.4360817857e-06
 384.5000000000    1.4172930321e-06
 385.0000000000    1.3988926608e-06
 385.5000000000    1.3808449738e-06
 386.0000000000    1.3631024759e-06
 386.5000000000    1.3456446230e-06
 387.0000000000    1.3284925407e-06
 387.5000000000    1.3116875233e-06
 388.0000000000    1.2952522521e-06
 388.5000000000    1.2791683468e-06
 389.0000000000    1.2633893378e-06
 389.5000000000    1.2478774036e-06
 390.0000000000    1.2326320048e-06
 390.5000000000    1.2176862590e-06
 391.0000000000    1.2030748786e-06
 391.5000000000    1.1888016558e-06
 392.0000000000    1.1748343532e-06
 392.5000000000    1.1611305868e-06
 393.0000000000    1.1476718073e-06
 393.5000000000    1.1344760779e-06
 394.0000000000    1.1215792921e-06
 394.5000000000    1.1090016424e-06
 395.0000000000    1.0967282992e-06
 395.5000000000    1.0847204090e-06
 396.0000000000    1.0729462248e-06
 396.5000000000    1.0614052493e-06
 397.0000000000    1.0501250496e-06
 397.5000000000    1.0391341733e-06
 398.0000000000    1.0284348090e-06
 398.5000000000    1.0179983610e-06
 399.0000000000    1.0077870022e-06
 399.5000000000    9.9778218623e-07
 400.0000000000    9.8799577555e-07
 400.5000000000    9.7845487746e-07
 401.0000000000    9.6917405130e-07
 401.5000000000    9.6013879473e-07
 402.0000000000    9.5131396943e-07
 402.5000000000    9.4266936732e-07
 403.0000000000    9.3420035426e-07
 403.5000000000    9.2592634186e-07
 404.0000000000    9.1786888451e-07
 404.5000000000    9.1002847163e-07
 405.0000000000    9.0237970785e-07
 405.5000000000    8.9488850370e-07
 406.0000000000    8.8753616690e-07
 406.5000000000    8.8032993856e-07
 407.0000000000    8.7329141553e-07
 407.5000000000    8.6643314535e-07
 408.0000000000    8.5974354582e-07
 408.5000000000    8.5319273108e-07
 409.0000000000    8.4675381566e-07
 409.5000000000    8.4042129206e-07
 410.0000000000    8.3421101846e-07
 410.5000000000    8.2814221349e-07
 411.0000000000    8.2221709718e-07
 411.5000000000    8.1641552634e-07
 412.0000000000    8.1070884366e-07
 412.5000000000    8.0508074711e-07
 413.0000000000    7.9953736142e-07
 413.5000000000    7.9409820079e-07
 414.0000000000    7.8877609462e-07
 414.5000000000    7.8356335899e-07
 415.0000000000    7.7843585109e-07
 415.5000000000    7.7337105851e-07
 416.0000000000    7.6836452689e-07
 416.5000000000    7.6343072614e-07
 417.0000000000    7.5858796220e-07
 417.5000000000    7.5384049878e-07
 418.0000000000    7.4917316322e-07
 418.5000000000    7.4456277521e-07
 419.0000000000    7.3999624894e-07
 419.5000000000    7.3547981029e-07
 420.0000000000    7.3103174017e-07
 420.5000000000    7.2666521250e-07
 421.0000000000    7.2237601589e-07
 421.5000000000    7.1814061781e-07
 422.0000000000    7.1395084838e-07
 422.5000000000    7.0979954869e-07
 423.0000000000    7.0569902835e-07
 423.5000000000    7.0166706469e-07
 424.0000000000    6.9771386473e-07
 424.5000000000    6.9381916476e-07
 425.0000000000    6.8996910899e-07
 425.5000000000    6.8615310398e-07
 426.0000000000    6.8237610712e-07
 426.5000000000    6.7865523746e-07
 427.0000000000    6.7500207018e-07
 427.5000000000    6.7141418482e-07
 428.0000000000    6.6787707140e-07
 428.5000000000    6.6437444484e-07
 429.0000000000    6.6090385105e-07
 429.5000000000    6.5747141904e-07
 430.0000000000    6.5410089207e-07
 430.5000000000    6.5079287446e-07
 431.0000000000    6.4753853090e-07
 431.5000000000    6.4432218546e-07
 432.0000000000    6.4113410657e-07
 432.5000000000    6.3797791746e-07
 433.0000000000    6.3486652390e-07
 433.5000000000    6.3181031328e-07
 434.0000000000    6.2880780860e-07
 434.5000000000    6.2584660590e-07
 435.0000000000    6.2291350849e-07
 435.5000000000    6.2000505039e-07
 436.0000000000    6.1712952089e-07
 436.5000000000    6.1429900551e-07
 437.0000000000    6.1151842733e-07
 437.5000000000    6.0878093340e-07
 438.0000000000    6.0607334683e-07
 438.5000000000    6.0338680650e-07
 439.0000000000    6.0072346232e-07
 439.5000000000    5.9809372698e-07
 440.0000000000    5.9550661195e-07
 440.5000000000    5.9296152656e-07
 441.0000000000    5.9044841764e-07
 441.5000000000    5.8795591560e-07
 442.0000000000    5.8548038183e-07
 442.5000000000    5.8302818666e-07
 443.0000000000    5.8060951321e-07
 443.5000000000    5.7822908602e-07
 444.0000000000    5.7588180098e-07
 444.5000000000    5.7355681352e-07
 445.0000000000    5.7124633904e-07
 445.5000000000    5.6895141225e-07
 446.0000000000    5.6668114799e-07
 446.5000000000    5.6444323631e-07
 447.0000000000    5.6223794178e-07
 447.5000000000    5.6005746754e-07
 448.0000000000    5.5789243824e-07
 448.5000000000    5.5573960379e-07
 449.0000000000    5.5360414579e-07
 449.5000000000    5.5149479596e-07
 450.0000000000    5.4941620055e-07
 450.5000000000    5.4736497071e-07
 451.0000000000    5.4533264867e-07
 451.5000000000    5.4331284638e-07
 452.0000000000    5.4130645603e-07
 452.5000000000    5.3932052578e-07
 453.0000000000    5.3736197321e-07
 453.5000000000    5.3543162745e-07
 454.0000000000    5.3352354898e-07
 454.5000000000    5.3163009444e-07
 455.0000000000    5.2974816965e-07
 455.5000000000    5.2788154328e-07
 456.0000000000    5.2603715122e-07
 456.5000000000    5.2421897456e-07
 457.0000000000    5.2242459140e-07
 457.5000000000    5.2064721007e-07
 458.0000000000    5.1888132634e-07
 458.5000000000    5.1712712336e-07
 459.0000000000    5.1538994240e-07
 459.5000000000    5.1367544987e-07
 460.0000000000    5.1198467722e-07
 460.5000000000    5.1031312880e-07
 461.0000000000    5.0865457876e-07
 461.5000000000    5.0700619272e-07
 462.0000000000    5.0537062734e-07
 462.5000000000    5.0375343476e-07
 463.0000000000    5.0215813402e-07
 463.5000000000    5.0058318534e-07
 464.0000000000    4.9902333932e-07
 464.5000000000    4.9747413232e-07
 465.0000000000    4.9593525790e-07
 465.5000000000    4.9441085951e-07
 466.0000000000    4.9290554202e-07
 466.5000000000    4.9142045185e-07
 467.0000000000    4.8995226917e-07
 467.5000000000    4.8849628372e-07
 468.0000000000    4.8705004242e-07
 468.5000000000    4.8561516465e-07
 469.0000000000    4.8419582514e-07
 469.5000000000    4.8279506171e-07
 470.0000000000    4.8141166666e-07
 470.5000000000    4.8004168570e-07
 471.0000000000    4.7868129745e-07
 471.5000000000    4.7733005181e-07
 472.0000000000    4.7599059670e-07
 472.5000000000    4.7466632416e-07
 473.0000000000    4.7335825499e-07
 473.5000000000    4.7206389567e-07
 474.0000000000    4.7077953502e-07
 474.5000000000    4.6950299985e-07
 475.0000000000    4.6823529986e-07
 475.5000000000    4.6697948392e-07
 476.0000000000    4.6573786969e-07
 476.5000000000    4.6450999152e-07
 477.0000000000    4.6329303597e-07
 477.5000000000    4.6208424189e-07
 478.0000000000    4.6088312588e-07
 478.5000000000    4.5969170658e-07
 479.0000000000    4.5851262627e-07
 479.5000000000    4.5734682167e-07
 480.0000000000    4.5619292555e-07
 480.5000000000    4.5504829542e-07
 481.0000000000    4.5391140771e-07
 481.5000000000    4.5278298013e-07
 482.0000000000    4.5166506239e-07
 482.5000000000    4.5055939508e-07
 483.0000000000    4.4946579304e-07
 483.5000000000    4.4838241148e-07
 484.0000000000    4.4730732038e-07
 484.5000000000    4.4624003806e-07
 485.0000000000    4.4518175914e-07
 485.5000000000    4.4413418343e-07
 486.0000000000    4.4309800370e-07
 486.5000000000    4.4207232145e-07
 487.0000000000    4.4105541322e-07
 487.5000000000    4.4004612500e-07
 488.0000000000    4.3904469536e-07
 488.5000000000    4.3805236819e-07
 489.0000000000    4.3707019732e-07
 489.5000000000    4.3609809527e-07
 490.0000000000    4.3513490855e-07
 490.5000000000    4.3417938234e-07
 491.0000000000    4.3323113787e-07
 491.5000000000    4.3229082874e-07
 492.0000000000    4.3135940800e-07
 492.5000000000    4.3043721508e-07
 493.0000000000    4.2952368084e-07
 493.5000000000    4.2861784020e-07
 494.0000000000    4.2771910769e-07
 494.5000000000    4.2682763182e-07
 495.0000000000    4.2594398998e-07
 495.5000000000    4.2506857262e-07
 496.0000000000    4.2420123410e-07
 496.5000000000    4.2334145675e-07
 497.0000000000    4.2248880214e-07
 497.5000000000    4.2164320118e-07
 498.0000000000    4.2080488044e-07
 498.5000000000    4.1997407391e-07
 499.0000000000    4.1915080200e-07
 499.5000000000    4.1833488486e-07
 500.0000000000    4.1752612367e-07
 500.5000000000    4.1672444461e-07
 501.0000000000    4.1592987669e-07
 501.5000000000    4.1514241802e-07
 502.0000000000    4.1436197905e-07
 502.5000000000    4.1358844533e-07
 503.0000000000    4.1282178445e-07
 503.5000000000    4.1206207310e-07
 504.0000000000    4.1131300459e-07
 504.5000000000    4.1056726041e-07
 505.0000000000    4.0982815397e-07
 505.5000000000    4.0909531453e-07
 506.0000000000    4.0836854251e-07
 506.5000000000    4.0764435117e-07
 507.0000000000    4.0693003933e-07
 507.5000000000    4.0622201917e-07
 508.0000000000    4.0551984971e-07
 508.5000000000    4.0482285523e-07
 509.0000000000    4.0413064377e-07
 509.5000000000    4.0344320876e-07
 510.0000000000    4.0276123474e-07
 510.5000000000    4.0208530008e-07
 511.0000000000    4.0141539065e-07
 511.5000000000    4.0075085771e-07
 512.0000000000    4.0009099909e-07
 512.5000000000    3.9943573082e-07
 513.0000000000    3.9878576551e-07
 513.5000000000    3.9814203809e-07
 514.0000000000    3.9750481833e-07
 514.5000000000    3.9687343862e-07
 515.0000000000    3.9624669854e-07
 515.5000000000    3.9562393258e-07
 516.0000000000    3.9500553163e-07
 516.5000000000    3.9439262185e-07
 517.0000000000    3.9378602375e-07
 517.5000000000    3.9318552112e-07
 518.0000000000    3.9258996446e-07
 518.5000000000    3.9199824927e-07
 519.0000000000    3.9141027136e-07
 519.5000000000    3.9082705894e-07
 520.0000000000    3.9024988184e-07
 520.5000000000    3.8967917500e-07
 521.0000000000    3.8911409863e-07
 521.5000000000    3.8855322780e-07
 522.0000000000    3.8799572248e-07
 522.5000000000    3.8744205773e-07
 523.0000000000    3.8689362834e-07
 523.5000000000    3.8635154855e-07
 524.0000000000    3.8581566642e-07
 524.5000000000    3.8528462709e-07
 525.0000000000    3.8475697921e-07
 525.5000000000    3.8423239582e-07
 526.0000000000    3.8371197051e-07
 526.5000000000    3.8319729908e-07
 527.0000000000    3.8268909332e-07
 527.5000000000    3.8218650944e-07
 528.0000000000    3.8168780034e-07
 528.5000000000    3.8119176903e-07
 529.0000000000    3.8070189130e-07
 529.5000000000    3.8021363011e-07
 530.0000000000    3.7973158318e-07
 530.5000000000    3.7925578210e-07
 531.0000000000    3.7878469802e-07
 531.5000000000    3.7831651697e-07
 532.0000000000    3.7785071887e-07
 532.5000000000    3.7738555172e-07
 533.0000000000    3.7692910626e-07
 533.5000000000    3.7647943555e-07
 534.0000000000    3.7603572653e-07
 534.5000000000    3.7559599105e-07
 535.0000000000    3.7515541687e-07
 535.5000000000    3.7472223701e-07
 536.0000000000    3.7429466178e-07
 536.5000000000    3.7387262271e-07
 537.0000000000    3.7345681852e-07
 537.5000000000    3.7304609602e-07
 538.0000000000    3.7263830956e-07
 538.5000000000    3.7223268227e-07
 539.0000000000    3.7183040373e-07
 539.5000000000    3.7143353678e-07
 540.0000000000    3.7104317596e-07
 540.5000000000    3.7065843272e-07
 541.0000000000    3.7027710435e-07
 541.5000000000    3.6989747093e-07
 542.0000000000    3.6951969517e-07
 542.5000000000    3.6914562870e-07
 543.0000000000    3.6877717272e-07
 543.5000000000    3.6841456904e-07
 544.0000000000    3.6805607468e-07
 544.5000000000    3.6769931063e-07
 545.0000000000    3.6734317378e-07
 545.5000000000    3.6698871021e-07
 546.0000000000    3.6663820058e-07
 546.5000000000    3.6629321029e-07
 547.0000000000    3.6595326543e-07
 547.5000000000    3.6561631795e-07
 548.0000000000    3.6528063396e-07
 548.5000000000    3.6494649204e-07
 549.0000000000    3.6461619563e-07
 549.5000000000    3.6429232198e-07
 550.0000000000    3.6397566368e-07
 550.5000000000    3.6366463262e-07
 551.0000000000    3.6335665198e-07
 551.5000000000    3.6305035152e-07
 552.0000000000    3.6274667875e-07
 552.5000000000    3.6244794967e-07
 553.0000000000    3.6215568629e-07
 553.5000000000    3.6186912909e-07
 554.0000000000    3.6158839491e-07
 554.5000000000    3.6130591676e-07
 555.0000000000    3.6102425332e-07
 555.5000000000    3.6074552617e-07
 556.0000000000    3.6047224314e-07
 556.5000000000    3.6020516721e-07
 557.0000000000    3.5994007104e-07
 557.5000000000    3.5967955705e-07
 558.0000000000    3.5941966416e-07
 558.5000000000    3.5916140254e-07
 559.0000000000    3.5890669239e-07
 559.5000000000    3.5865606947e-07
 560.0000000000    3.5841312415e-07
 560.5000000000    3.5817599270e-07
 561.0000000000    3.5793674606e-07
 561.5000000000    3.5769792665e-07
 562.0000000000    3.5746146664e-07
 562.5000000000    3.5722985775e-07
 563.0000000000    3.5700403105e-07
 563.5000000000    3.5678254961e-07
 564.0000000000    3.5656282354e-07
 564.5000000000    3.5634332113e-07
 565.0000000000    3.5612487474e-07
 565.5000000000    3.5590997141e-07
 566.0000000000    3.5570063821e-07
 566.5000000000    3.5549672267e-07
 567.0000000000    3.5529416725e-07
 567.5000000000    3.5509430052e-07
 568.0000000000    3.5489658205e-07
 568.5000000000    3.5469908971e-07
 569.0000000000    3.5450625429e-07
 569.5000000000    3.5431925804e-07
 570.0000000000    3.5413683919e-07
 570.5000000000    3.5395638081e-07
 571.0000000000    3.5377607795e-07
 571.5000000000    3.5359647306e-07
 572.0000000000    3.5341996632e-07
 572.5000000000    3.5324872851e-07
 573.0000000000    3.5308281776e-07
 573.5000000000    3.5292007428e-07
 574.0000000000    3.5275794107e-07
 574.5000000000    3.5259560580e-07
 575.0000000000    3.5243468508e-07
 575.5000000000    3.5227784304e-07
 576.0000000000    3.5212649630e-07
 576.5000000000    3.5197959078e-07
 577.0000000000    3.5183450462e-07
 577.5000000000    3.5168929446e-07
 578.0000000000    3.5154437318e-07
 578.5000000000    3.5140217242e-07
 579.0000000000    3.5126506080e-07
 579.5000000000    3.5113331621e-07
 580.0000000000    3.5100491255e-07
 580.5000000000    3.5087728233e-07
 581.0000000000    3.5074951994e-07
 581.5000000000    3.5062316811e-07
 582.0000000000    3.5050088279e-07
 582.5000000000    3.5038417016e-07
 583.0000000000    3.5027211164e-07
 583.5000000000    3.5016214723e-07
 584.0000000000    3.5005227557e-07
 584.5000000000    3.4994273230e-07
 585.0000000000    3.4983575215e-07
 585.5000000000    3.4973361827e-07
 586.0000000000    3.4963670387e-07
 586.5000000000    3.4954313849e-07
 587.0000000000    3.4945039545e-07
 587.5000000000    3.4935740441e-07
 588.0000000000    3.4926540124e-07
 588.5000000000    3.4917682921e-07
 589.0000000000    3.4909323679e-07
 589.5000000000    3.4901394723e-07
 590.0000000000    3.4893662834e-07
 590.5000000000    3.4885924999e-07
 591.0000000000    3.4878179757e-07
 591.5000000000    3.4870625811e-07
 592.0000000000    3.4863492897e-07
 592.5000000000    3.4856846853e-07
 593.0000000000    3.4850534621e-07
 593.5000000000    3.4844315181e-07
 594.0000000000    3.4838064158e-07
 594.5000000000    3.4831880405e-07
 595.0000000000    3.4826001818e-07
 595.5000000000    3.4820603737e-07
 596.0000000000    3.4815649317e-07
 596.5000000000    3.4810920810e-07
 597.0000000000    3.4806207052e-07
 597.5000000000    3.4801482657e-07
 598.0000000000    3.4796927933e-07
 598.5000000000    3.4792773932e-07
 599.0000000000    3.4789103909e-07
 599.5000000000    3.4785780331e-07
 600.0000000000    3.4782561237e-07
 600.5000000000    3.4779305842e-07
 601.0000000000    3.4776092032e-07
 601.5000000000    3.4773145042e-07
 602.0000000000    3.4770641614e-07
 602.5000000000    3.4768557390e-07
 603.0000000000    3.4766687330e-07
 603.5000000000    3.4764820256e-07
 604.0000000000    3.4762917536e-07
 604.5000000000    3.4761143607e-07
 605.0000000000    3.4759722005e-07
 605.5000000000    3.4758745304e-07
 606.0000000000    3.4758097323e-07
 606.5000000000    3.4757555173e-07
 607.0000000000    3.4756980209e-07
 607.5000000000    3.4756201453e-07
 608.0000000000    3.4755897635e-07
 608.5000000000    3.4756242923e-07
 609.0000000000    3.4756527005e-07
 609.5000000000    3.4757270523e-07
 610.0000000000    3.4758037524e-07
 610.5000000000    3.4758777093e-07
 611.0000000000    3.4759624921e-07
 611.5000000000    3.4760784361e-07
 612.0000000000    3.4762348551e-07
 612.5000000000    3.4764219766e-07
 613.0000000000    3.4766190758e-07
 613.5000000000    3.4768118585e-07
 614.0000000000    3.4770041372e-07
 614.5000000000    3.4772141248e-07
 615.0000000000    3.4774586851e-07
 615.5000000000    3.4777389617e-07
 616.0000000000    3.4780395940e-07
 616.5000000000    3.4783419421e-07
 617.0000000000    3.4786400012e-07
 617.5000000000    3.4789454781e-07
 618.0000000000    3.4792777820e-07
 618.5000000000    3.4796475496e-07
 619.0000000000    3.4800477869e-07
 619.5000000000    3.4804600147e-07
 620.0000000000    3.4808700714e-07
 620.5000000000    3.4812800869e-07
 621.0000000000    3.4817063434e-07
 621.5000000000    3.4821651345e-07
 622.0000000000    3.4826587501e-07
 622.5000000000    3.4831735635e-07
 623.0000000000    3.4836917738e-07
 623.5000000000    3.4842066270e-07
 624.0000000000    3.4847279838e-07
 624.5000000000    3.4852737818e-07
 625.0000000000    3.4858545580e-07
 625.5000000000    3.4864648157e-07
 626.0000000000    3.4870880541e-07
 626.5000000000    3.4877110862e-07
 627.0000000000    3.4883352865e-07
 627.5000000000    3.4889750138e-07
 628.0000000000    3.4896449773e-07
 628.5000000000    3.4903475186e-07
 629.0000000000    3.4910706099e-07
 629.5000000000    3.4917980415e-07
 630.0000000000    3.4925228252e-07
 630.5000000000    3.4932524129e-07
 631.0000000000    3.4940015738e-07
 631.5000000000    3.4947792520e-07
 632.0000000000    3.4955807584e-07
 632.5000000000    3.4963917030e-07
 633.0000000000    3.4972000534e-07
 633.5000000000    3.4980059516e-07
 634.0000000000    3.4988210553e-07
 634.5000000000    3.4996582473e-07
 635.0000000000    3.5005206480e-07
 635.5000000000    3.5013991488e-07
 636.0000000000    3.5022803166e-07
 636.5000000000    3.5031578497e-07
 637.0000000000    3.5040377550e-07
 637.5000000000    3.5049330151e-07
 638.0000000000    3.5058524426e-07
 638.5000000000    3.5067933106e-07
 639.0000000000    3.5077438687e-07
 639.5000000000    3.5086935359e-07
 640.0000000000    3.5096417303e-07
 640.5000000000    3.5105981865e-07
 641.0000000000    3.5115744210e-07
 641.5000000000    3.5125736977e-07
 642.0000000000    3.5135884744e-07
 642.5000000000    3.5146070452e-07
 643.0000000000    3.5156237999e-07
 643.5000000000    3.5166438437e-07
 644.0000000000    3.5176785944e-07
 644.5000000000    3.5187358060e-07
 645.0000000000    3.5198131779e-07
 645.5000000000    3.5209008539e-07
 646.0000000000    3.5219902100e-07
 646.5000000000    3.5230813319e-07
 647.0000000000    3.5241826356e-07
 647.5000000000    3.5253032632e-07
 648.0000000000    3.5264451064e-07
 648.5000000000    3.5276012173e-07
 649.0000000000    3.5287618949e-07
 649.5000000000    3.5299227312e-07
 650.0000000000    3.5310876259e-07
 650.5000000000    3.5322645314e-07
 651.0000000000    3.5334578686e-07
 651.5000000000    3.5346643544e-07
 652.0000000000    3.5358756519e-07
 652.5000000000    3.5370852457e-07
 653.0000000000    3.5382934394e-07
 653.5000000000    3.5395063504e-07
 654.0000000000    3.5407301241e-07
 654.5000000000    3.5419656127e-07
 655.0000000000    3.5432079457e-07
 655.5000000000    3.5444511327e-07
 656.0000000000    3.5456934891e-07
 656.5000000000    3.5469391738e-07
 657.0000000000    3.5481947524e-07
 657.5000000000    3.5494639136e-07
 658.0000000000    3.5507449782e-07
 658.5000000000    3.5520331271e-07
 659.0000000000    3.5533252159e-07
 659.5000000000    3.5546229509e-07
 660.0000000000    3.5559317062e-07
 660.5000000000    3.5572560828e-07
 661.0000000000    3.5585962407e-07
 661.5000000000    3.5599482289e-07
 662.0000000000    3.5613078462e-07
 662.5000000000    3.5626745306e-07
 663.0000000000    3.5640517679e-07
 663.5000000000    3.5654436647e-07
 664.0000000000    3.5668508436e-07
 664.5000000000    3.5682694000e-07
 665.0000000000    3.5696938550e-07
 665.5000000000    3.5711214158e-07
 666.0000000000    3.5725535851e-07
 666.5000000000    3.5739936951e-07
 667.0000000000    3.5754426337e-07
 667.5000000000    3.5768968263e-07
 668.0000000000    3.5783504969e-07
 668.5000000000    3.5798002547e-07
 669.0000000000    3.5812477391e-07
 669.5000000000    3.5826978090e-07
 670.0000000000    3.5841538520e-07
 670.5000000000    3.5856145463e-07
 671.0000000000    3.5870752116e-07
 671.5000000000    3.5885326554e-07
 672.0000000000    3.5899889643e-07
 672.5000000000    3.5914504891e-07
 673.0000000000    3.5929226940e-07
 673.5000000000    3.5944054713e-07
 674.0000000000    3.5958933476e-07
 674.5000000000    3.5973805678e-07
 675.0000000000    3.5988665341e-07
 675.5000000000    3.6003565226e-07
 676.0000000000    3.6018567709e-07
 676.5000000000    3.6033682612e-07
 677.0000000000    3.6048849161e-07
 677.5000000000    3.6063981502e-07
 678.0000000000    3.6079039531e-07
 678.5000000000    3.6094061652e-07
 679.0000000000    3.6109127083e-07
 679.5000000000    3.6124278718e-07
 680.0000000000    3.6139474680e-07
 680.5000000000    3.6154614063e-07
 681.0000000000    3.6169616732e-07
 681.5000000000    3.6184487430e-07
 682.0000000000    3.6199304874e-07
 682.5000000000    3.6214141972e-07
 683.0000000000    3.6228986173e-07
 683.5000000000    3.6243761960e-07
 684.0000000000    3.6258284634e-07
 684.5000000000    3.6272536053e-07
 685.0000000000    3.6286564740e-07
 685.5000000000    3.6300494716e-07
 686.0000000000    3.6314363276e-07
 686.5000000000    3.6328118760e-07
 687.0000000000    3.6341616631e-07
 687.5000000000    3.6354786939e-07
 688.0000000000    3.6367670622e-07
 688.5000000000    3.6380406908e-07
 689.0000000000    3.6393127931e-07
 689.5000000000    3.6405832156e-07
 690.0000000000    3.6418491718e-07
 690.5000000000    3.6430975368e-07
 691.0000000000    3.6443275990e-07
 691.5000000000    3.6455515308e-07
 692.0000000000    3.6467865232e-07
 692.5000000000    3.6480421293e-07
 693.0000000000    3.6493136080e-07
 693.5000000000    3.6505871567e-07
 694.0000000000    3.6518529319e-07
 694.5000000000    3.6531147556e-07
 695.0000000000    3.6543879283e-07
 695.5000000000    3.6556867069e-07
 696.0000000000    3.6570120162e-07
 696.5000000000    3.6583502042e-07
 697.0000000000    3.6596843671e-07
 697.5000000000    3.6610088776e-07
 698.0000000000    3.6623345531e-07
 698.5000000000    3.6636795905e-07
 699.0000000000    3.6650536033e-07
 699.5000000000    3.6664485018e-07
 700.0000000000    3.6678444271e-07
