#          time             Min_Chi
   0.0000000000    5.0528010321e-01
   0.5000000000    5.0509943143e-01
   1.0000000000    5.0475445995e-01
   1.5000000000    5.0442545168e-01
   2.0000000000    5.0415792713e-01
   2.5000000000    5.0394953840e-01
   3.0000000000    5.0375528755e-01
   3.5000000000    5.0356531526e-01
   4.0000000000    5.0337765065e-01
   4.5000000000    5.0317720178e-01
   5.0000000000    5.0298496003e-01
   5.5000000000    5.0277296528e-01
   6.0000000000    5.0257439561e-01
   6.5000000000    5.0235505005e-01
   7.0000000000    5.0214787970e-01
   7.5000000000    5.0192644143e-01
   8.0000000000    5.0171233026e-01
   8.5000000000    5.0148979729e-01
   9.0000000000    5.0127040222e-01
   9.5000000000    5.0104788688e-01
  10.0000000000    5.0082501841e-01
  10.5000000000    5.0060366509e-01
  11.0000000000    5.0037886440e-01
  11.5000000000    5.0015968186e-01
  12.0000000000    4.9993447667e-01
  12.5000000000    4.9971802771e-01
  13.0000000000    4.9949367921e-01
  13.5000000000    4.9928058830e-01
  14.0000000000    4.9905814926e-01
  14.5000000000    4.9884921348e-01
  15.0000000000    4.9862948475e-01
  15.5000000000    4.9842485362e-01
  16.0000000000    4.9820857481e-01
  16.5000000000    4.9800740247e-01
  17.0000000000    4.9779649161e-01
  17.5000000000    4.9760157042e-01
  18.0000000000    4.9739411983e-01
  18.5000000000    4.9720429678e-01
  19.0000000000    4.9700177136e-01
  19.5000000000    4.9681709450e-01
  20.0000000000    4.9662007645e-01
  20.5000000000    4.9644062772e-01
  21.0000000000    4.9624902564e-01
  21.5000000000    4.9607503407e-01
  22.0000000000    4.9588915726e-01
  22.5000000000    4.9571943422e-01
  23.0000000000    4.9554152903e-01
  23.5000000000    4.9537694915e-01
  24.0000000000    4.9520339158e-01
  24.5000000000    4.9504538498e-01
  25.0000000000    4.9487740870e-01
  25.5000000000    4.9472485832e-01
  26.0000000000    4.9456255158e-01
  26.5000000000    4.9441494475e-01
  27.0000000000    4.9425879478e-01
  27.5000000000    4.9411626827e-01
  28.0000000000    4.9396602725e-01
  28.5000000000    4.9382854860e-01
  29.0000000000    4.9368406892e-01
  29.5000000000    4.9355145544e-01
  30.0000000000    4.9341261785e-01
  30.5000000000    4.9328458419e-01
  31.0000000000    4.9315041032e-01
  31.5000000000    4.9302742417e-01
  32.0000000000    4.9290059778e-01
  32.5000000000    4.9278255012e-01
  33.0000000000    4.9265864790e-01
  33.5000000000    4.9254508959e-01
  34.0000000000    4.9242731260e-01
  34.5000000000    4.9231791246e-01
  35.0000000000    4.9220446331e-01
  35.5000000000    4.9209975466e-01
  36.0000000000    4.9199101997e-01
  36.5000000000    4.9189045237e-01
  37.0000000000    4.9178603312e-01
  37.5000000000    4.9168968538e-01
  38.0000000000    4.9158945587e-01
  38.5000000000    4.9149731860e-01
  39.0000000000    4.9140105053e-01
  39.5000000000    4.9131302637e-01
  40.0000000000    4.9122048847e-01
  40.5000000000    4.9113638936e-01
  41.0000000000    4.9104736862e-01
  41.5000000000    4.9096731712e-01
  42.0000000000    4.9088155731e-01
  42.5000000000    4.9080544253e-01
  43.0000000000    4.9072288043e-01
  43.5000000000    4.9065059030e-01
  44.0000000000    4.9057074789e-01
  44.5000000000    4.9050256672e-01
  45.0000000000    4.9042567874e-01
  45.5000000000    4.9036105102e-01
  46.0000000000    4.9028621158e-01
  46.5000000000    4.9022548447e-01
  47.0000000000    4.9015322480e-01
  47.5000000000    4.9009638324e-01
  48.0000000000    4.9002588388e-01
  48.5000000000    4.8997260231e-01
  49.0000000000    4.8990403825e-01
  49.5000000000    4.8985475819e-01
  50.0000000000    4.8978784625e-01
  50.5000000000    4.8974219985e-01
  51.0000000000    4.8967670501e-01
  51.5000000000    4.8963223954e-01
  52.0000000000    4.8957049790e-01
  52.5000000000    4.8952711604e-01
  53.0000000000    4.8946904102e-01
  53.5000000000    4.8942625007e-01
  54.0000000000    4.8937170083e-01
  54.5000000000    4.8932900315e-01
  55.0000000000    4.8927704674e-01
  55.5000000000    4.8923222732e-01
  56.0000000000    4.8917979255e-01
  56.5000000000    4.8912673521e-01
  57.0000000000    4.8906475988e-01
  57.5000000000    4.8899245462e-01
  58.0000000000    4.8891610081e-01
  58.5000000000    4.8883531130e-01
  59.0000000000    4.8877309106e-01
  59.5000000000    4.8872103549e-01
  60.0000000000    4.8869154370e-01
  60.5000000000    4.8865924758e-01
  61.0000000000    4.8863985074e-01
  61.5000000000    4.8860711996e-01
  62.0000000000    4.8859025782e-01
  62.5000000000    4.8855593077e-01
  63.0000000000    4.8853831421e-01
  63.5000000000    4.8849780817e-01
  64.0000000000    4.8847608692e-01
  64.5000000000    4.8844143880e-01
  65.0000000000    4.8842155924e-01
  65.5000000000    4.8838926629e-01
  66.0000000000    4.8836619151e-01
  66.5000000000    4.8833773692e-01
  67.0000000000    4.8831421914e-01
  67.5000000000    4.8828912617e-01
  68.0000000000    4.8826377938e-01
  68.5000000000    4.8824323484e-01
  69.0000000000    4.8821634848e-01
  69.5000000000    4.8819968918e-01
  70.0000000000    4.8817109866e-01
  70.5000000000    4.8815888921e-01
  71.0000000000    4.8812885033e-01
  71.5000000000    4.8811752412e-01
  72.0000000000    4.8808896442e-01
  72.5000000000    4.8807558972e-01
  73.0000000000    4.8805148005e-01
  73.5000000000    4.8803606288e-01
  74.0000000000    4.8801668745e-01
  74.5000000000    4.8799911911e-01
  75.0000000000    4.8798449246e-01
  75.5000000000    4.8796463786e-01
  76.0000000000    4.8795488504e-01
  76.5000000000    4.8793263988e-01
  77.0000000000    4.8792775963e-01
  77.5000000000    4.8790262183e-01
  78.0000000000    4.8789558670e-01
  78.5000000000    4.8787534280e-01
  79.0000000000    4.8786575790e-01
  79.5000000000    4.8785092735e-01
  80.0000000000    4.8783810953e-01
  80.5000000000    4.8782825460e-01
  81.0000000000    4.8781183930e-01
  81.5000000000    4.8780743787e-01
  82.0000000000    4.8778927384e-01
  82.5000000000    4.8778924367e-01
  83.0000000000    4.8777079883e-01
  83.5000000000    4.8776389567e-01
  84.0000000000    4.8774963525e-01
  84.5000000000    4.8774125368e-01
  85.0000000000    4.8773492933e-01
  85.5000000000    4.8772264492e-01
  86.0000000000    4.8772202466e-01
  86.5000000000    4.8770607672e-01
  87.0000000000    4.8770639912e-01
  87.5000000000    4.8769135821e-01
  88.0000000000    4.8768783267e-01
  88.5000000000    4.8767960558e-01
  89.0000000000    4.8767191652e-01
  89.5000000000    4.8767040484e-01
  90.0000000000    4.8765846077e-01
  90.5000000000    4.8766261694e-01
  91.0000000000    4.8764757429e-01
  91.5000000000    4.8764719756e-01
  92.0000000000    4.8763925254e-01
  92.5000000000    4.8763443012e-01
  93.0000000000    4.8763391355e-01
  93.5000000000    4.8762431315e-01
  94.0000000000    4.8763029067e-01
  94.5000000000    4.8761689519e-01
  95.0000000000    4.8761790694e-01
  95.5000000000    4.8761231498e-01
  96.0000000000    4.8760846291e-01
  96.5000000000    4.8761081920e-01
  97.0000000000    4.8760175305e-01
  97.5000000000    4.8760783995e-01
  98.0000000000    4.8759806928e-01
  98.5000000000    4.8759856839e-01
  99.0000000000    4.8759729173e-01
  99.5000000000    4.8759247843e-01
 100.0000000000    4.8760008584e-01
 100.5000000000    4.8758995071e-01
 101.0000000000    4.8759425410e-01
 101.5000000000    4.8759032147e-01
 102.0000000000    4.8758848031e-01
 102.5000000000    4.8759387456e-01
 103.0000000000    4.8758649318e-01
 103.5000000000    4.8759331768e-01
 104.0000000000    4.8758815712e-01
 104.5000000000    4.8758863865e-01
 105.0000000000    4.8759315667e-01
 105.5000000000    4.8758764304e-01
 106.0000000000    4.8759587207e-01
 106.5000000000    4.8759046485e-01
 107.0000000000    4.8759228174e-01
 107.5000000000    4.8759716355e-01
 108.0000000000    4.8759245379e-01
 108.5000000000    4.8760121525e-01
 109.0000000000    4.8759678901e-01
 109.5000000000    4.8759880024e-01
 110.0000000000    4.8760533204e-01
 110.5000000000    4.8760069476e-01
 111.0000000000    4.8760901718e-01
 111.5000000000    4.8760700790e-01
 112.0000000000    4.8760841252e-01
 112.5000000000    4.8761801547e-01
 113.0000000000    4.8761241245e-01
 113.5000000000    4.8761949127e-01
 114.0000000000    4.8762133636e-01
 114.5000000000    4.8762124480e-01
 115.0000000000    4.8763342480e-01
 115.5000000000    4.8762786092e-01
 116.0000000000    4.8763255760e-01
 116.5000000000    4.8763970244e-01
 117.0000000000    4.8763692008e-01
 117.5000000000    4.8764615710e-01
 118.0000000000    4.8764666506e-01
 118.5000000000    4.8764816315e-01
 119.0000000000    4.8766138464e-01
 119.5000000000    4.8765596195e-01
 120.0000000000    4.8766170831e-01
 120.5000000000    4.8767032087e-01
 121.0000000000    4.8766794479e-01
 121.5000000000    4.8767665166e-01
 122.0000000000    4.8767947409e-01
 122.5000000000    4.8768014209e-01
 123.0000000000    4.8769215274e-01
 123.5000000000    4.8769078903e-01
 124.0000000000    4.8769452434e-01
 124.5000000000    4.8770810023e-01
 125.0000000000    4.8770344348e-01
 125.5000000000    4.8770939660e-01
 126.0000000000    4.8771927635e-01
 126.5000000000    4.8771719017e-01
 127.0000000000    4.8772533538e-01
 127.5000000000    4.8773181108e-01
 128.0000000000    4.8773135426e-01
 128.5000000000    4.8774144179e-01
 129.0000000000    4.8774570873e-01
 129.5000000000    4.8774652454e-01
 130.0000000000    4.8775764102e-01
 130.5000000000    4.8776010893e-01
 131.0000000000    4.8776201560e-01
 131.5000000000    4.8777378154e-01
 132.0000000000    4.8777509964e-01
 132.5000000000    4.8777808422e-01
 133.0000000000    4.8779022572e-01
 133.5000000000    4.8779054613e-01
 134.0000000000    4.8779401958e-01
 134.5000000000    4.8780660906e-01
 135.0000000000    4.8780686952e-01
 135.5000000000    4.8781013121e-01
 136.0000000000    4.8782261274e-01
 136.5000000000    4.8782375172e-01
 137.0000000000    4.8782652305e-01
 137.5000000000    4.8783824234e-01
 138.0000000000    4.8784081950e-01
 138.5000000000    4.8784294392e-01
 139.0000000000    4.8785358868e-01
 139.5000000000    4.8785833235e-01
 140.0000000000    4.8785942544e-01
 140.5000000000    4.8786885701e-01
 141.0000000000    4.8787644415e-01
 141.5000000000    4.8787611662e-01
 142.0000000000    4.8788379023e-01
 142.5000000000    4.8789497612e-01
 143.0000000000    4.8789306089e-01
 143.5000000000    4.8789893033e-01
 144.0000000000    4.8791251925e-01
 144.5000000000    4.8791057871e-01
 145.0000000000    4.8791412853e-01
 145.5000000000    4.8792521400e-01
 146.0000000000    4.8792873554e-01
 146.5000000000    4.8792987762e-01
 147.0000000000    4.8793834408e-01
 147.5000000000    4.8794827730e-01
 148.0000000000    4.8794655466e-01
 148.5000000000    4.8795189093e-01
 149.0000000000    4.8796429429e-01
 149.5000000000    4.8796442786e-01
 150.0000000000    4.8796655305e-01
 150.5000000000    4.8797547937e-01
 151.0000000000    4.8798404411e-01
 151.5000000000    4.8798267702e-01
 152.0000000000    4.8798777536e-01
 152.5000000000    4.8799933348e-01
 153.0000000000    4.8800061612e-01
 153.5000000000    4.8800183032e-01
 154.0000000000    4.8800921869e-01
 154.5000000000    4.8802112367e-01
 155.0000000000    4.8801815737e-01
 155.5000000000    4.8802108805e-01
 156.0000000000    4.8802986798e-01
 156.5000000000    4.8803726762e-01
 157.0000000000    4.8803567493e-01
 157.5000000000    4.8803966436e-01
 158.0000000000    4.8804907781e-01
 158.5000000000    4.8805334037e-01
 159.0000000000    4.8805221540e-01
 159.5000000000    4.8805675939e-01
 160.0000000000    4.8806669622e-01
 160.5000000000    4.8807016167e-01
 161.0000000000    4.8806888853e-01
 161.5000000000    4.8807234075e-01
 162.0000000000    4.8808089477e-01
 162.5000000000    4.8808479678e-01
 163.0000000000    4.8808346667e-01
 163.5000000000    4.8808662405e-01
 164.0000000000    4.8809410168e-01
 164.5000000000    4.8810016466e-01
 165.0000000000    4.8809725154e-01
 165.5000000000    4.8809874944e-01
 166.0000000000    4.8810449313e-01
 166.5000000000    4.8811437305e-01
 167.0000000000    4.8811040778e-01
 167.5000000000    4.8810990142e-01
 168.0000000000    4.8811338410e-01
 168.5000000000    4.8812073314e-01
 169.0000000000    4.8812369345e-01
 169.5000000000    4.8812071698e-01
 170.0000000000    4.8812141249e-01
 170.5000000000    4.8812571825e-01
 171.0000000000    4.8813355600e-01
 171.5000000000    4.8813191732e-01
 172.0000000000    4.8812952271e-01
 172.5000000000    4.8813045447e-01
 173.0000000000    4.8813454469e-01
 173.5000000000    4.8814174233e-01
 174.0000000000    4.8813866857e-01
 174.5000000000    4.8813572631e-01
 175.0000000000    4.8813574796e-01
 175.5000000000    4.8813867068e-01
 176.0000000000    4.8814433983e-01
 176.5000000000    4.8814323413e-01
 177.0000000000    4.8813888405e-01
 177.5000000000    4.8813719085e-01
 178.0000000000    4.8813799310e-01
 178.5000000000    4.8814118498e-01
 179.0000000000    4.8814583041e-01
 179.5000000000    4.8813947346e-01
 180.0000000000    4.8813534647e-01
 180.5000000000    4.8813336103e-01
 181.0000000000    4.8813347007e-01
 181.5000000000    4.8813557175e-01
 182.0000000000    4.8813843523e-01
 182.5000000000    4.8813122634e-01
 183.0000000000    4.8812585710e-01
 183.5000000000    4.8812217783e-01
 184.0000000000    4.8812006092e-01
 184.5000000000    4.8811942592e-01
 185.0000000000    4.8812023118e-01
 185.5000000000    4.8811603808e-01
 186.0000000000    4.8810783890e-01
 186.5000000000    4.8810099907e-01
 187.0000000000    4.8809548009e-01
 187.5000000000    4.8809130528e-01
 188.0000000000    4.8808840319e-01
 188.5000000000    4.8808669946e-01
 189.0000000000    4.8808435696e-01
 189.5000000000    4.8807484294e-01
 190.0000000000    4.8806649058e-01
 190.5000000000    4.8805917120e-01
 191.0000000000    4.8805275293e-01
 191.5000000000    4.8804710182e-01
 192.0000000000    4.8804216378e-01
 192.5000000000    4.8803790688e-01
 193.0000000000    4.8803418080e-01
 193.5000000000    4.8802644396e-01
 194.0000000000    4.8801539677e-01
 194.5000000000    4.8800498659e-01
 195.0000000000    4.8799499584e-01
 195.5000000000    4.8798541947e-01
 196.0000000000    4.8797636431e-01
 196.5000000000    4.8796762540e-01
 197.0000000000    4.8795908498e-01
 197.5000000000    4.8795076973e-01
 198.0000000000    4.8794264812e-01
 198.5000000000    4.8793454198e-01
 199.0000000000    4.8792492115e-01
 199.5000000000    4.8791101445e-01
 200.0000000000    4.8789728537e-01
 200.5000000000    4.8788360110e-01
 201.0000000000    4.8786989411e-01
 201.5000000000    4.8785618723e-01
 202.0000000000    4.8784241696e-01
 202.5000000000    4.8782852798e-01
 203.0000000000    4.8781450788e-01
 203.5000000000    4.8780034332e-01
 204.0000000000    4.8778591322e-01
 204.5000000000    4.8777109963e-01
 205.0000000000    4.8775586617e-01
 205.5000000000    4.8774019718e-01
 206.0000000000    4.8772407076e-01
 206.5000000000    4.8770748971e-01
 207.0000000000    4.8769048523e-01
 207.5000000000    4.8767302498e-01
 208.0000000000    4.8765502044e-01
 208.5000000000    4.8763644993e-01
 209.0000000000    4.8761733037e-01
 209.5000000000    4.8759761276e-01
 210.0000000000    4.8757724690e-01
 210.5000000000    4.8755627680e-01
 211.0000000000    4.8753470969e-01
 211.5000000000    4.8751249933e-01
 212.0000000000    4.8748962443e-01
 212.5000000000    4.8746610108e-01
 213.0000000000    4.8744194668e-01
 213.5000000000    4.8741715017e-01
 214.0000000000    4.8739170276e-01
 214.5000000000    4.8736564952e-01
 215.0000000000    4.8733905696e-01
 215.5000000000    4.8731187947e-01
 216.0000000000    4.8728410781e-01
 216.5000000000    4.8725580493e-01
 217.0000000000    4.8722701194e-01
 217.5000000000    4.8719773894e-01
 218.0000000000    4.8716807044e-01
 218.5000000000    4.8713804439e-01
 219.0000000000    4.8710761688e-01
 219.5000000000    4.8707675819e-01
 220.0000000000    4.8704555768e-01
 220.5000000000    4.8701414578e-01
 221.0000000000    4.8698265241e-01
 221.5000000000    4.8694717218e-01
 222.0000000000    4.8690901700e-01
 222.5000000000    4.8687070277e-01
 223.0000000000    4.8683213735e-01
 223.5000000000    4.8679329194e-01
 224.0000000000    4.8675423783e-01
 224.5000000000    4.8671511135e-01
 225.0000000000    4.8667617623e-01
 225.5000000000    4.8663770534e-01
 226.0000000000    4.8659984072e-01
 226.5000000000    4.8655398283e-01
 227.0000000000    4.8650682545e-01
 227.5000000000    4.8645994174e-01
 228.0000000000    4.8641343695e-01
 228.5000000000    4.8636753941e-01
 229.0000000000    4.8632256988e-01
 229.5000000000    4.8627873594e-01
 230.0000000000    4.8622701258e-01
 230.5000000000    4.8617249939e-01
 231.0000000000    4.8611887242e-01
 231.5000000000    4.8606622268e-01
 232.0000000000    4.8601479062e-01
 232.5000000000    4.8596491581e-01
 233.0000000000    4.8590379816e-01
 233.5000000000    4.8584251883e-01
 234.0000000000    4.8578336128e-01
 234.5000000000    4.8572657171e-01
 235.0000000000    4.8567234565e-01
 235.5000000000    4.8560638447e-01
 236.0000000000    4.8553991365e-01
 236.5000000000    4.8547581822e-01
 237.0000000000    4.8541424554e-01
 237.5000000000    4.8534855934e-01
 238.0000000000    4.8527371393e-01
 238.5000000000    4.8520226605e-01
 239.0000000000    4.8513463608e-01
 239.5000000000    4.8506420069e-01
 240.0000000000    4.8498350022e-01
 240.5000000000    4.8490672738e-01
 241.0000000000    4.8483430698e-01
 241.5000000000    4.8475271353e-01
 242.0000000000    4.8466789371e-01
 242.5000000000    4.8458897619e-01
 243.0000000000    4.8451149796e-01
 243.5000000000    4.8441989247e-01
 244.0000000000    4.8433363884e-01
 244.5000000000    4.8425290435e-01
 245.0000000000    4.8415223985e-01
 245.5000000000    4.8405813736e-01
 246.0000000000    4.8397189648e-01
 246.5000000000    4.8386684233e-01
 247.0000000000    4.8376985525e-01
 247.5000000000    4.8367707579e-01
 248.0000000000    4.8356745163e-01
 248.5000000000    4.8346608070e-01
 249.0000000000    4.8335958384e-01
 249.5000000000    4.8324606655e-01
 250.0000000000    4.8314330120e-01
 250.5000000000    4.8302278888e-01
 251.0000000000    4.8291027777e-01
 251.5000000000    4.8279387596e-01
 252.0000000000    4.8267049088e-01
 252.5000000000    4.8255512099e-01
 253.0000000000    4.8242145310e-01
 253.5000000000    4.8230154783e-01
 254.0000000000    4.8216381951e-01
 254.5000000000    4.8203622121e-01
 255.0000000000    4.8189615285e-01
 255.5000000000    4.8176076338e-01
 256.0000000000    4.8161589646e-01
 256.5000000000    4.8147386019e-01
 257.0000000000    4.8132322752e-01
 257.5000000000    4.8117642229e-01
 258.0000000000    4.8101854106e-01
 258.5000000000    4.8086807646e-01
 259.0000000000    4.8070101285e-01
 259.5000000000    4.8054672396e-01
 260.0000000000    4.8037020848e-01
 260.5000000000    4.8020351817e-01
 261.0000000000    4.8002604413e-01
 261.5000000000    4.7984542910e-01
 262.0000000000    4.7966912368e-01
 262.5000000000    4.7947387984e-01
 263.0000000000    4.7928631852e-01
 263.5000000000    4.7909154971e-01
 264.0000000000    4.7888771181e-01
 264.5000000000    4.7868909923e-01
 265.0000000000    4.7847903133e-01
 265.5000000000    4.7826129213e-01
 266.0000000000    4.7804605251e-01
 266.5000000000    4.7782377539e-01
 267.0000000000    4.7758790833e-01
 267.5000000000    4.7735294963e-01
 268.0000000000    4.7711806093e-01
 268.5000000000    4.7686967594e-01
 269.0000000000    4.7661312278e-01
 269.5000000000    4.7635453990e-01
 270.0000000000    4.7609286557e-01
 270.5000000000    4.7582714448e-01
 271.0000000000    4.7554233114e-01
 271.5000000000    4.7525282732e-01
 272.0000000000    4.7495812464e-01
 272.5000000000    4.7465756656e-01
 273.0000000000    4.7435058745e-01
 273.5000000000    4.7403665735e-01
 274.0000000000    4.7371512551e-01
 274.5000000000    4.7338513956e-01
 275.0000000000    4.7304121164e-01
 275.5000000000    4.7268799250e-01
 276.0000000000    4.7232483171e-01
 276.5000000000    4.7195155457e-01
 277.0000000000    4.7156850421e-01
 277.5000000000    4.7117621228e-01
 278.0000000000    4.7077488519e-01
 278.5000000000    4.7036109041e-01
 279.0000000000    4.6993261327e-01
 279.5000000000    4.6949090022e-01
 280.0000000000    4.6903563848e-01
 280.5000000000    4.6856749009e-01
 281.0000000000    4.6808778498e-01
 281.5000000000    4.6759778686e-01
 282.0000000000    4.6709310130e-01
 282.5000000000    4.6656439008e-01
 283.0000000000    4.6602348432e-01
 283.5000000000    4.6547078130e-01
 284.0000000000    4.6489764143e-01
 284.5000000000    4.6429975835e-01
 285.0000000000    4.6369361668e-01
 285.5000000000    4.6306657941e-01
 286.0000000000    4.6241463655e-01
 286.5000000000    4.6175582948e-01
 287.0000000000    4.6105491457e-01
 287.5000000000    4.6034997266e-01
 288.0000000000    4.5960725063e-01
 288.5000000000    4.5885927416e-01
 289.0000000000    4.5806748412e-01
 289.5000000000    4.5726414324e-01
 290.0000000000    4.5642949537e-01
 290.5000000000    4.5556428880e-01
 291.0000000000    4.5467912684e-01
 291.5000000000    4.5376454523e-01
 292.0000000000    4.5281029189e-01
 292.5000000000    4.5182773572e-01
 293.0000000000    4.5081333682e-01
 293.5000000000    4.4976381469e-01
 294.0000000000    4.4867586107e-01
 294.5000000000    4.4754583080e-01
 295.0000000000    4.4636967773e-01
 295.5000000000    4.4514302089e-01
 296.0000000000    4.4386109735e-01
 296.5000000000    4.4251851589e-01
 297.0000000000    4.4109836254e-01
 297.5000000000    4.3958398239e-01
 298.0000000000    4.3797578734e-01
 298.5000000000    4.3622320799e-01
 299.0000000000    4.3431621446e-01
 299.5000000000    4.3220811006e-01
 300.0000000000    4.2983975643e-01
 300.5000000000    4.2714031297e-01
 301.0000000000    4.2398689631e-01
 301.5000000000    4.2022629089e-01
 302.0000000000    4.1557768035e-01
 302.5000000000    4.0947250251e-01
 303.0000000000    3.9035130862e-01
 303.5000000000    3.6982269881e-01
 304.0000000000    3.4889063170e-01
 304.5000000000    3.2764125600e-01
 305.0000000000    3.0617064349e-01
 305.5000000000    2.8458312868e-01
 306.0000000000    2.6298952791e-01
 306.5000000000    2.4150555888e-01
 307.0000000000    2.2025076400e-01
 307.5000000000    1.9934813282e-01
 308.0000000000    1.7892443802e-01
 308.5000000000    1.5911105213e-01
 309.0000000000    1.4004469471e-01
 309.5000000000    1.2186730278e-01
 310.0000000000    1.0472405396e-01
 310.5000000000    8.8758667223e-02
 311.0000000000    7.4105558686e-02
 311.5000000000    6.0879235954e-02
 312.0000000000    4.9162335504e-02
 312.5000000000    3.8994590789e-02
 313.0000000000    3.0365367628e-02
 313.5000000000    2.3211898482e-02
 314.0000000000    1.7424070684e-02
 314.5000000000    1.2854994524e-02
 315.0000000000    9.3352102425e-03
 315.5000000000    6.6877612148e-03
 316.0000000000    4.7415840639e-03
 316.5000000000    3.3415000124e-03
 317.0000000000    2.3541443553e-03
 317.5000000000    1.6701133698e-03
 318.0000000000    1.2032295960e-03
 318.5000000000    8.8802754204e-04
 319.0000000000    6.7641303061e-04
 319.5000000000    5.3415699651e-04
 320.0000000000    4.3762326801e-04
 320.5000000000    3.7094734377e-04
 321.0000000000    3.2375446178e-04
 321.5000000000    2.8941131834e-04
 322.0000000000    2.6374722905e-04
 322.5000000000    2.4415664259e-04
 323.0000000000    2.2899485045e-04
 323.5000000000    2.1718933137e-04
 324.0000000000    2.0800237696e-04
 324.5000000000    2.0089390301e-04
 325.0000000000    1.9544617224e-04
 325.5000000000    1.9132389200e-04
 326.0000000000    1.8825286587e-04
 326.5000000000    1.8600756152e-04
 327.0000000000    1.8440267106e-04
 327.5000000000    1.8328647622e-04
 328.0000000000    1.8253523069e-04
 328.5000000000    1.8204834854e-04
 329.0000000000    1.8174437001e-04
 329.5000000000    1.8155768481e-04
 330.0000000000    1.8143593758e-04
 330.5000000000    1.8133799870e-04
 331.0000000000    1.8123238271e-04
 331.5000000000    1.8109598012e-04
 332.0000000000    1.8091299188e-04
 332.5000000000    1.8067398601e-04
 333.0000000000    1.8037501588e-04
 333.5000000000    1.8001676149e-04
 334.0000000000    1.7960367741e-04
 334.5000000000    1.7914315502e-04
 335.0000000000    1.7864470453e-04
 335.5000000000    1.7811918038e-04
 336.0000000000    1.7757806882e-04
 336.5000000000    1.7703286105e-04
 337.0000000000    1.7649453187e-04
 337.5000000000    1.7597313457e-04
 338.0000000000    1.7547751425e-04
 338.5000000000    1.7501513408e-04
 339.0000000000    1.7459200256e-04
 339.5000000000    1.7421268264e-04
 340.0000000000    1.7388036432e-04
 340.5000000000    1.7359697982e-04
 341.0000000000    1.7336334538e-04
 341.5000000000    1.7317931692e-04
 342.0000000000    1.7304394473e-04
 342.5000000000    1.7295562069e-04
 343.0000000000    1.7291220615e-04
 343.5000000000    1.7291113926e-04
 344.0000000000    1.7294951997e-04
 344.5000000000    1.7302417463e-04
 345.0000000000    1.7313170366e-04
 345.5000000000    1.7326851513e-04
 346.0000000000    1.7343085221e-04
 346.5000000000    1.7361482105e-04
 347.0000000000    1.7381641734e-04
 347.5000000000    1.7403155688e-04
 348.0000000000    1.7425611501e-04
 348.5000000000    1.7448598095e-04
 349.0000000000    1.7471711737e-04
 349.5000000000    1.7494562645e-04
 350.0000000000    1.7516782015e-04
 350.5000000000    1.7538029066e-04
 351.0000000000    1.7557997046e-04
 351.5000000000    1.7576418950e-04
 352.0000000000    1.7593072201e-04
 352.5000000000    1.7607782229e-04
 353.0000000000    1.7620425583e-04
 353.5000000000    1.7630932364e-04
 354.0000000000    1.7639286962e-04
 354.5000000000    1.7645526124e-04
 355.0000000000    1.7649734528e-04
 355.5000000000    1.7652038331e-04
 356.0000000000    1.7652598024e-04
 356.5000000000    1.7651602444e-04
 357.0000000000    1.7649264515e-04
 357.5000000000    1.7645816749e-04
 358.0000000000    1.7641504345e-04
 358.5000000000    1.7636575035e-04
 359.0000000000    1.7631268582e-04
 359.5000000000    1.7625807793e-04
 360.0000000000    1.7620393991e-04
 360.5000000000    1.7615207244e-04
 361.0000000000    1.7610408550e-04
 361.5000000000    1.7606140609e-04
 362.0000000000    1.7602525286e-04
 362.5000000000    1.7599659247e-04
 363.0000000000    1.7597611160e-04
 363.5000000000    1.7596422577e-04
 364.0000000000    1.7596113031e-04
 364.5000000000    1.7596685579e-04
 365.0000000000    1.7598129924e-04
 365.5000000000    1.7600421786e-04
 366.0000000000    1.7603521177e-04
 366.5000000000    1.7607371890e-04
 367.0000000000    1.7611904010e-04
 367.5000000000    1.7617038286e-04
 368.0000000000    1.7622690230e-04
 368.5000000000    1.7628772345e-04
 369.0000000000    1.7635194457e-04
 369.5000000000    1.7641863699e-04
 370.0000000000    1.7648685468e-04
 370.5000000000    1.7655565543e-04
 371.0000000000    1.7662412250e-04
 371.5000000000    1.7669138278e-04
 372.0000000000    1.7675661832e-04
 372.5000000000    1.7681907404e-04
 373.0000000000    1.7687807215e-04
 373.5000000000    1.7693303563e-04
 374.0000000000    1.7698351414e-04
 374.5000000000    1.7702920915e-04
 375.0000000000    1.7706999524e-04
 375.5000000000    1.7710593418e-04
 376.0000000000    1.7713727267e-04
 376.5000000000    1.7716442266e-04
 377.0000000000    1.7718791458e-04
 377.5000000000    1.7720833208e-04
 378.0000000000    1.7722623507e-04
 378.5000000000    1.7724208441e-04
 379.0000000000    1.7725617120e-04
 379.5000000000    1.7726856899e-04
 380.0000000000    1.7727912383e-04
 380.5000000000    1.7728748498e-04
 381.0000000000    1.7729318038e-04
 381.5000000000    1.7729573775e-04
 382.0000000000    1.7729483557e-04
 382.5000000000    1.7729044844e-04
 383.0000000000    1.7728296502e-04
 383.5000000000    1.7727325376e-04
 384.0000000000    1.7726265905e-04
 384.5000000000    1.7725291225e-04
 385.0000000000    1.7724597364e-04
 385.5000000000    1.7724381893e-04
 386.0000000000    1.7724819109e-04
 386.5000000000    1.7726036109e-04
 387.0000000000    1.7728094676e-04
 387.5000000000    1.7730981709e-04
 388.0000000000    1.7734610278e-04
 388.5000000000    1.7738831408e-04
 389.0000000000    1.7743454709e-04
 389.5000000000    1.7748274416e-04
 390.0000000000    1.7753096523e-04
 390.5000000000    1.7757762770e-04
 391.0000000000    1.7762167463e-04
 391.5000000000    1.7766264439e-04
 392.0000000000    1.7770063174e-04
 392.5000000000    1.7773615872e-04
 393.0000000000    1.7776998302e-04
 393.5000000000    1.7780288730e-04
 394.0000000000    1.7783549036e-04
 394.5000000000    1.7786811500e-04
 395.0000000000    1.7790073594e-04
 395.5000000000    1.7793300595e-04
 396.0000000000    1.7796435248e-04
 396.5000000000    1.7799411427e-04
 397.0000000000    1.7802168819e-04
 397.5000000000    1.7804665231e-04
 398.0000000000    1.7806884169e-04
 398.5000000000    1.7808836683e-04
 399.0000000000    1.7810557807e-04
 399.5000000000    1.7812098816e-04
 400.0000000000    1.7813517502e-04
 400.5000000000    1.7814868664e-04
 401.0000000000    1.7816196858e-04
 401.5000000000    1.7817532565e-04
 402.0000000000    1.7818892089e-04
 402.5000000000    1.7820280454e-04
 403.0000000000    1.7821696047e-04
 403.5000000000    1.7823135580e-04
 404.0000000000    1.7824598053e-04
 404.5000000000    1.7826087152e-04
 405.0000000000    1.7827611694e-04
 405.5000000000    1.7829184466e-04
 406.0000000000    1.7830819844e-04
 406.5000000000    1.7832530980e-04
 407.0000000000    1.7834327281e-04
 407.5000000000    1.7836212507e-04
 408.0000000000    1.7838183947e-04
 408.5000000000    1.7840232531e-04
 409.0000000000    1.7842343550e-04
 409.5000000000    1.7844497604e-04
 410.0000000000    1.7846671740e-04
 410.5000000000    1.7848841178e-04
 411.0000000000    1.7850981079e-04
 411.5000000000    1.7853068770e-04
 412.0000000000    1.7855086221e-04
 412.5000000000    1.7857022033e-04
 413.0000000000    1.7858872978e-04
 413.5000000000    1.7860644311e-04
 414.0000000000    1.7862349134e-04
 414.5000000000    1.7864006569e-04
 415.0000000000    1.7865639063e-04
 415.5000000000    1.7867269201e-04
 416.0000000000    1.7868916576e-04
 416.5000000000    1.7870595265e-04
 417.0000000000    1.7872312395e-04
 417.5000000000    1.7874068167e-04
 418.0000000000    1.7875857172e-04
 418.5000000000    1.7877670507e-04
 419.0000000000    1.7879498243e-04
 419.5000000000    1.7881331674e-04
 420.0000000000    1.7883164813e-04
 420.5000000000    1.7884994998e-04
 421.0000000000    1.7886822601e-04
 421.5000000000    1.7888649886e-04
 422.0000000000    1.7890479448e-04
 422.5000000000    1.7892312671e-04
 423.0000000000    1.7894148556e-04
 423.5000000000    1.7895983195e-04
 424.0000000000    1.7897810117e-04
 424.5000000000    1.7899621372e-04
 425.0000000000    1.7901408929e-04
 425.5000000000    1.7903166427e-04
 426.0000000000    1.7904890390e-04
 426.5000000000    1.7906581175e-04
 427.0000000000    1.7908243085e-04
 427.5000000000    1.7909883855e-04
 428.0000000000    1.7911513568e-04
 428.5000000000    1.7913142973e-04
 429.0000000000    1.7914781706e-04
 429.5000000000    1.7916436693e-04
 430.0000000000    1.7918111068e-04
 430.5000000000    1.7919803660e-04
 431.0000000000    1.7921509425e-04
 431.5000000000    1.7923220345e-04
 432.0000000000    1.7924926861e-04
 432.5000000000    1.7926619660e-04
 433.0000000000    1.7928291143e-04
 433.5000000000    1.7929936764e-04
 434.0000000000    1.7931555566e-04
 434.5000000000    1.7933149984e-04
 435.0000000000    1.7934725144e-04
 435.5000000000    1.7936287586e-04
 436.0000000000    1.7937843841e-04
 436.5000000000    1.7939399257e-04
 437.0000000000    1.7940957094e-04
 437.5000000000    1.7942517856e-04
 438.0000000000    1.7944079194e-04
 438.5000000000    1.7945636335e-04
 439.0000000000    1.7947182950e-04
 439.5000000000    1.7948712291e-04
 440.0000000000    1.7950218553e-04
 440.5000000000    1.7951697946e-04
 441.0000000000    1.7953149563e-04
 441.5000000000    1.7954575746e-04
 442.0000000000    1.7955981936e-04
 442.5000000000    1.7957376050e-04
 443.0000000000    1.7958767626e-04
 443.5000000000    1.7960166552e-04
 444.0000000000    1.7961581812e-04
 444.5000000000    1.7963020312e-04
 445.0000000000    1.7964486150e-04
 445.5000000000    1.7965980311e-04
 446.0000000000    1.7967500567e-04
 446.5000000000    1.7969041961e-04
 447.0000000000    1.7970597481e-04
 447.5000000000    1.7972158995e-04
 448.0000000000    1.7973718351e-04
 448.5000000000    1.7975267855e-04
 449.0000000000    1.7976801427e-04
 449.5000000000    1.7978315497e-04
 450.0000000000    1.7979808985e-04
 450.5000000000    1.7981282873e-04
 451.0000000000    1.7982740014e-04
 451.5000000000    1.7984184632e-04
 452.0000000000    1.7985621199e-04
 452.5000000000    1.7987053570e-04
 453.0000000000    1.7988483946e-04
 453.5000000000    1.7989912892e-04
 454.0000000000    1.7991339809e-04
 454.5000000000    1.7992763095e-04
 455.0000000000    1.7994180709e-04
 455.5000000000    1.7995590560e-04
 456.0000000000    1.7996990389e-04
 456.5000000000    1.7998378281e-04
 457.0000000000    1.7999753438e-04
 457.5000000000    1.8001116365e-04
 458.0000000000    1.8002468603e-04
 458.5000000000    1.8003812430e-04
 459.0000000000    1.8005150727e-04
 459.5000000000    1.8006486446e-04
 460.0000000000    1.8007821469e-04
 460.5000000000    1.8009156637e-04
 461.0000000000    1.8010492333e-04
 461.5000000000    1.8011828290e-04
 462.0000000000    1.8013163584e-04
 462.5000000000    1.8014497327e-04
 463.0000000000    1.8015829027e-04
 463.5000000000    1.8017158161e-04
 464.0000000000    1.8018484216e-04
 464.5000000000    1.8019807046e-04
 465.0000000000    1.8021126828e-04
 465.5000000000    1.8022443837e-04
 466.0000000000    1.8023758392e-04
 466.5000000000    1.8025070744e-04
 467.0000000000    1.8026380864e-04
 467.5000000000    1.8027688577e-04
 468.0000000000    1.8028993392e-04
 468.5000000000    1.8030294489e-04
 469.0000000000    1.8031591366e-04
 469.5000000000    1.8032883817e-04
 470.0000000000    1.8034171529e-04
 470.5000000000    1.8035454046e-04
 471.0000000000    1.8036730801e-04
 471.5000000000    1.8038001174e-04
 472.0000000000    1.8039264676e-04
 472.5000000000    1.8040521158e-04
 473.0000000000    1.8041770911e-04
 473.5000000000    1.8043014620e-04
 474.0000000000    1.8044253252e-04
 474.5000000000    1.8045487878e-04
 475.0000000000    1.8046719474e-04
 475.5000000000    1.8047948707e-04
 476.0000000000    1.8049175742e-04
 476.5000000000    1.8050400159e-04
 477.0000000000    1.8051621183e-04
 477.5000000000    1.8052838078e-04
 478.0000000000    1.8054050498e-04
 478.5000000000    1.8055258844e-04
 479.0000000000    1.8056464238e-04
 479.5000000000    1.8057668210e-04
 480.0000000000    1.8058872238e-04
 480.5000000000    1.8060077168e-04
 481.0000000000    1.8061282857e-04
 481.5000000000    1.8062488222e-04
 482.0000000000    1.8063691672e-04
 482.5000000000    1.8064891702e-04
 483.0000000000    1.8066087496e-04
 483.5000000000    1.8067279194e-04
 484.0000000000    1.8068467737e-04
 484.5000000000    1.8069654285e-04
 485.0000000000    1.8070839489e-04
 485.5000000000    1.8072023047e-04
 486.0000000000    1.8073203789e-04
 486.5000000000    1.8074380165e-04
 487.0000000000    1.8075550958e-04
 487.5000000000    1.8076715890e-04
 488.0000000000    1.8077875747e-04
 488.5000000000    1.8079031932e-04
 489.0000000000    1.8080185730e-04
 489.5000000000    1.8081337616e-04
 490.0000000000    1.8082486947e-04
 490.5000000000    1.8083632161e-04
 491.0000000000    1.8084771479e-04
 491.5000000000    1.8085903702e-04
 492.0000000000    1.8087028727e-04
 492.5000000000    1.8088147576e-04
 493.0000000000    1.8089261927e-04
 493.5000000000    1.8090373414e-04
 494.0000000000    1.8091483033e-04
 494.5000000000    1.8092590961e-04
 495.0000000000    1.8093696804e-04
 495.5000000000    1.8094800052e-04
 496.0000000000    1.8095900429e-04
 496.5000000000    1.8096997946e-04
 497.0000000000    1.8098092545e-04
 497.5000000000    1.8099183596e-04
 498.0000000000    1.8100269575e-04
 498.5000000000    1.8101348079e-04
 499.0000000000    1.8102416236e-04
 499.5000000000    1.8103471266e-04
 500.0000000000    1.8104511046e-04
 500.5000000000    1.8105534445e-04
 501.0000000000    1.8106541573e-04
 501.5000000000    1.8107534153e-04
 502.0000000000    1.8108516152e-04
 502.5000000000    1.8109494604e-04
 503.0000000000    1.8110480302e-04
 503.5000000000    1.8111487918e-04
 504.0000000000    1.8112535116e-04
 504.5000000000    1.8113640465e-04
 505.0000000000    1.8114820347e-04
 505.5000000000    1.8116085268e-04
 506.0000000000    1.8117436189e-04
 506.5000000000    1.8118861478e-04
 507.0000000000    1.8120335014e-04
 507.5000000000    1.8121815896e-04
 508.0000000000    1.8123250039e-04
 508.5000000000    1.8124573734e-04
 509.0000000000    1.8125719262e-04
 509.5000000000    1.8126622357e-04
 510.0000000000    1.8127230974e-04
 510.5000000000    1.8127514385e-04
 511.0000000000    1.8127471158e-04
 511.5000000000    1.8127134324e-04
 512.0000000000    1.8126572072e-04
 512.5000000000    1.8125883038e-04
 513.0000000000    1.8125186176e-04
 513.5000000000    1.8124606463e-04
 514.0000000000    1.8124258937e-04
 514.5000000000    1.8124233945e-04
 515.0000000000    1.8124586442e-04
 515.5000000000    1.8125331304e-04
 516.0000000000    1.8126445087e-04
 516.5000000000    1.8127873419e-04
 517.0000000000    1.8129542295e-04
 517.5000000000    1.8131370954e-04
 518.0000000000    1.8133284058e-04
 518.5000000000    1.8135221190e-04
 519.0000000000    1.8137142220e-04
 519.5000000000    1.8139027788e-04
 520.0000000000    1.8140875266e-04
 520.5000000000    1.8142691313e-04
 521.0000000000    1.8144483613e-04
 521.5000000000    1.8146254004e-04
 522.0000000000    1.8147995011e-04
 522.5000000000    1.8149690513e-04
 523.0000000000    1.8151319868e-04
 523.5000000000    1.8152863705e-04
 524.0000000000    1.8154309272e-04
 524.5000000000    1.8155653649e-04
 525.0000000000    1.8156904403e-04
 525.5000000000    1.8158077265e-04
 526.0000000000    1.8159192422e-04
 526.5000000000    1.8160270100e-04
 527.0000000000    1.8161326782e-04
 527.5000000000    1.8162372472e-04
 528.0000000000    1.8163410129e-04
 528.5000000000    1.8164436608e-04
 529.0000000000    1.8165445220e-04
 529.5000000000    1.8166428677e-04
 530.0000000000    1.8167381833e-04
 530.5000000000    1.8168303298e-04
 531.0000000000    1.8169195674e-04
 531.5000000000    1.8170064613e-04
 532.0000000000    1.8170917337e-04
 532.5000000000    1.8171761703e-04
 533.0000000000    1.8172605308e-04
 533.5000000000    1.8173454514e-04
 534.0000000000    1.8174314295e-04
 534.5000000000    1.8175188040e-04
 535.0000000000    1.8176077260e-04
 535.5000000000    1.8176981565e-04
 536.0000000000    1.8177899007e-04
 536.5000000000    1.8178826703e-04
 537.0000000000    1.8179761600e-04
 537.5000000000    1.8180701331e-04
 538.0000000000    1.8181645054e-04
 538.5000000000    1.8182594343e-04
 539.0000000000    1.8183554062e-04
 539.5000000000    1.8184532897e-04
 540.0000000000    1.8185543213e-04
 540.5000000000    1.8186599948e-04
 541.0000000000    1.8187717998e-04
 541.5000000000    1.8188908421e-04
 542.0000000000    1.8190174852e-04
 542.5000000000    1.8191510043e-04
 543.0000000000    1.8192892310e-04
 543.5000000000    1.8194284324e-04
 544.0000000000    1.8195634480e-04
 544.5000000000    1.8196879713e-04
 545.0000000000    1.8197951145e-04
 545.5000000000    1.8198783562e-04
 546.0000000000    1.8199326118e-04
 546.5000000000    1.8199553187e-04
 547.0000000000    1.8199474564e-04
 547.5000000000    1.8199142844e-04
 548.0000000000    1.8198655927e-04
 548.5000000000    1.8198153573e-04
 549.0000000000    1.8197807849e-04
 549.5000000000    1.8197807798e-04
 550.0000000000    1.8198339128e-04
 550.5000000000    1.8199560576e-04
 551.0000000000    1.8201580666e-04
 551.5000000000    1.8204437907e-04
 552.0000000000    1.8208088372e-04
 552.5000000000    1.8212403524e-04
 553.0000000000    1.8217180382e-04
 553.5000000000    1.8222162447e-04
 554.0000000000    1.8227069230e-04
 554.5000000000    1.8231628703e-04
 555.0000000000    1.8235608947e-04
 555.5000000000    1.8238843788e-04
 556.0000000000    1.8241248193e-04
 556.5000000000    1.8242821723e-04
 557.0000000000    1.8243639219e-04
 557.5000000000    1.8243830625e-04
 558.0000000000    1.8243553608e-04
 558.5000000000    1.8242964217e-04
 559.0000000000    1.8242192447e-04
 559.5000000000    1.8241327460e-04
 560.0000000000    1.8240415077e-04
 560.5000000000    1.8239467191e-04
 561.0000000000    1.8238478728e-04
 561.5000000000    1.8237446513e-04
 562.0000000000    1.8236384486e-04
 562.5000000000    1.8235330848e-04
 563.0000000000    1.8234345606e-04
 563.5000000000    1.8233499939e-04
 564.0000000000    1.8232861016e-04
 564.5000000000    1.8232476647e-04
 565.0000000000    1.8232364120e-04
 565.5000000000    1.8232506345e-04
 566.0000000000    1.8232856086e-04
 566.5000000000    1.8233347483e-04
 567.0000000000    1.8233912439e-04
 567.5000000000    1.8234496574e-04
 568.0000000000    1.8235070252e-04
 568.5000000000    1.8235633040e-04
 569.0000000000    1.8236210340e-04
 569.5000000000    1.8236844078e-04
 570.0000000000    1.8237580479e-04
 570.5000000000    1.8238457512e-04
 571.0000000000    1.8239496258e-04
 571.5000000000    1.8240697109e-04
 572.0000000000    1.8242039714e-04
 572.5000000000    1.8243486634e-04
 573.0000000000    1.8244989573e-04
 573.5000000000    1.8246496263e-04
 574.0000000000    1.8247957130e-04
 574.5000000000    1.8249330924e-04
 575.0000000000    1.8250588542e-04
 575.5000000000    1.8251714779e-04
 576.0000000000    1.8252708331e-04
 576.5000000000    1.8253580060e-04
 577.0000000000    1.8254350795e-04
 577.5000000000    1.8255047578e-04
 578.0000000000    1.8255699690e-04
 578.5000000000    1.8256334736e-04
 579.0000000000    1.8256974801e-04
 579.5000000000    1.8257633726e-04
 580.0000000000    1.8258316225e-04
 580.5000000000    1.8259018570e-04
 581.0000000000    1.8259731295e-04
 581.5000000000    1.8260442519e-04
 582.0000000000    1.8261141505e-04
 582.5000000000    1.8261821557e-04
 583.0000000000    1.8262481370e-04
 583.5000000000    1.8263124835e-04
 584.0000000000    1.8263759890e-04
 584.5000000000    1.8264396168e-04
 585.0000000000    1.8265042972e-04
 585.5000000000    1.8265707278e-04
 586.0000000000    1.8266392908e-04
 586.5000000000    1.8267099955e-04
 587.0000000000    1.8267825985e-04
 587.5000000000    1.8268566615e-04
 588.0000000000    1.8269316811e-04
 588.5000000000    1.8270071933e-04
 589.0000000000    1.8270828539e-04
 589.5000000000    1.8271584494e-04
 590.0000000000    1.8272338765e-04
 590.5000000000    1.8273091518e-04
 591.0000000000    1.8273843408e-04
 591.5000000000    1.8274594971e-04
 592.0000000000    1.8275347115e-04
 592.5000000000    1.8276100982e-04
 593.0000000000    1.8276857301e-04
 593.5000000000    1.8277616292e-04
 594.0000000000    1.8278378022e-04
 594.5000000000    1.8279142569e-04
 595.0000000000    1.8279909589e-04
 595.5000000000    1.8280677831e-04
 596.0000000000    1.8281445890e-04
 596.5000000000    1.8282212470e-04
 597.0000000000    1.8282976071e-04
 597.5000000000    1.8283735330e-04
 598.0000000000    1.8284489206e-04
 598.5000000000    1.8285236713e-04
 599.0000000000    1.8285976636e-04
 599.5000000000    1.8286707619e-04
 600.0000000000    1.8287427815e-04
 600.5000000000    1.8288134852e-04
 601.0000000000    1.8288825670e-04
 601.5000000000    1.8289496521e-04
 602.0000000000    1.8290143313e-04
 602.5000000000    1.8290761811e-04
 603.0000000000    1.8291348771e-04
 603.5000000000    1.8291901923e-04
 604.0000000000    1.8292420408e-04
 604.5000000000    1.8292905145e-04
 605.0000000000    1.8293359045e-04
 605.5000000000    1.8293786675e-04
 606.0000000000    1.8294194457e-04
 606.5000000000    1.8294590627e-04
 607.0000000000    1.8294984432e-04
 607.5000000000    1.8295386400e-04
 608.0000000000    1.8295807682e-04
 608.5000000000    1.8296259387e-04
 609.0000000000    1.8296752220e-04
 609.5000000000    1.8297295801e-04
 610.0000000000    1.8297898002e-04
 610.5000000000    1.8298564698e-04
 611.0000000000    1.8299299446e-04
 611.5000000000    1.8300103196e-04
 612.0000000000    1.8300974464e-04
 612.5000000000    1.8301909843e-04
 613.0000000000    1.8302904258e-04
 613.5000000000    1.8303951471e-04
 614.0000000000    1.8305045045e-04
 614.5000000000    1.8306178447e-04
 615.0000000000    1.8307345593e-04
 615.5000000000    1.8308540947e-04
 616.0000000000    1.8309759141e-04
 616.5000000000    1.8310994843e-04
 617.0000000000    1.8312242162e-04
 617.5000000000    1.8313494338e-04
 618.0000000000    1.8314743220e-04
 618.5000000000    1.8315978887e-04
 619.0000000000    1.8317189329e-04
 619.5000000000    1.8318360963e-04
 620.0000000000    1.8319478599e-04
 620.5000000000    1.8320526462e-04
 621.0000000000    1.8321489009e-04
 621.5000000000    1.8322352210e-04
 622.0000000000    1.8323104600e-04
 622.5000000000    1.8323738594e-04
 623.0000000000    1.8324251298e-04
 623.5000000000    1.8324645058e-04
 624.0000000000    1.8324927825e-04
 624.5000000000    1.8325113066e-04
 625.0000000000    1.8325219143e-04
 625.5000000000    1.8325268411e-04
 626.0000000000    1.8325285850e-04
 626.5000000000    1.8325297400e-04
 627.0000000000    1.8325327981e-04
 627.5000000000    1.8325399718e-04
 628.0000000000    1.8325530934e-04
 628.5000000000    1.8325734762e-04
 629.0000000000    1.8326018547e-04
 629.5000000000    1.8326384437e-04
 630.0000000000    1.8326829823e-04
 630.5000000000    1.8327348192e-04
 631.0000000000    1.8327930933e-04
 631.5000000000    1.8328568918e-04
 632.0000000000    1.8329253718e-04
 632.5000000000    1.8329979120e-04
 633.0000000000    1.8330741683e-04
 633.5000000000    1.8331540711e-04
 634.0000000000    1.8332377679e-04
 634.5000000000    1.8333254940e-04
 635.0000000000    1.8334174706e-04
 635.5000000000    1.8335137967e-04
 636.0000000000    1.8336142963e-04
 636.5000000000    1.8337184675e-04
 637.0000000000    1.8338254767e-04
 637.5000000000    1.8339341593e-04
 638.0000000000    1.8340430802e-04
 638.5000000000    1.8341506287e-04
 639.0000000000    1.8342551361e-04
 639.5000000000    1.8343550129e-04
 640.0000000000    1.8344488900e-04
 640.5000000000    1.8345357254e-04
 641.0000000000    1.8346149102e-04
 641.5000000000    1.8346863305e-04
 642.0000000000    1.8347503812e-04
 642.5000000000    1.8348079704e-04
 643.0000000000    1.8348604579e-04
 643.5000000000    1.8349095087e-04
 644.0000000000    1.8349569666e-04
 644.5000000000    1.8350046867e-04
 645.0000000000    1.8350543528e-04
 645.5000000000    1.8351073640e-04
 646.0000000000    1.8351647514e-04
 646.5000000000    1.8352271399e-04
 647.0000000000    1.8352947964e-04
 647.5000000000    1.8353676893e-04
 648.0000000000    1.8354456239e-04
 648.5000000000    1.8355283118e-04
 649.0000000000    1.8356154825e-04
 649.5000000000    1.8357068924e-04
 650.0000000000    1.8358023217e-04
 650.5000000000    1.8359015032e-04
 651.0000000000    1.8360040444e-04
 651.5000000000    1.8361093149e-04
 652.0000000000    1.8362163665e-04
 652.5000000000    1.8363238927e-04
 653.0000000000    1.8364302309e-04
 653.5000000000    1.8365334224e-04
 654.0000000000    1.8366312863e-04
 654.5000000000    1.8367215791e-04
 655.0000000000    1.8368020999e-04
 655.5000000000    1.8368708508e-04
 656.0000000000    1.8369261449e-04
 656.5000000000    1.8369666883e-04
 657.0000000000    1.8369916670e-04
 657.5000000000    1.8370007628e-04
 658.0000000000    1.8369941854e-04
 658.5000000000    1.8369726653e-04
 659.0000000000    1.8369374241e-04
 659.5000000000    1.8368901608e-04
 660.0000000000    1.8368330708e-04
 660.5000000000    1.8367687696e-04
 661.0000000000    1.8367002756e-04
 661.5000000000    1.8366309587e-04
 662.0000000000    1.8365644060e-04
 662.5000000000    1.8365043116e-04
 663.0000000000    1.8364543024e-04
 663.5000000000    1.8364177575e-04
 664.0000000000    1.8363976271e-04
 664.5000000000    1.8363962744e-04
 665.0000000000    1.8364153363e-04
 665.5000000000    1.8364556638e-04
 666.0000000000    1.8365172879e-04
 666.5000000000    1.8365994764e-04
 667.0000000000    1.8367008467e-04
 667.5000000000    1.8368195036e-04
 668.0000000000    1.8369532020e-04
 668.5000000000    1.8370995067e-04
 669.0000000000    1.8372559423e-04
 669.5000000000    1.8374200915e-04
 670.0000000000    1.8375896485e-04
 670.5000000000    1.8377624195e-04
 671.0000000000    1.8379362680e-04
 671.5000000000    1.8381090321e-04
 672.0000000000    1.8382784375e-04
 672.5000000000    1.8384420225e-04
 673.0000000000    1.8385970962e-04
 673.5000000000    1.8387407550e-04
 674.0000000000    1.8388699898e-04
 674.5000000000    1.8389818222e-04
 675.0000000000    1.8390735241e-04
 675.5000000000    1.8391428863e-04
 676.0000000000    1.8391884407e-04
 676.5000000000    1.8392096835e-04
 677.0000000000    1.8392072499e-04
 677.5000000000    1.8391829739e-04
 678.0000000000    1.8391398430e-04
 678.5000000000    1.8390818774e-04
 679.0000000000    1.8390138665e-04
 679.5000000000    1.8389410400e-04
 680.0000000000    1.8388687165e-04
 680.5000000000    1.8388018784e-04
 681.0000000000    1.8387448109e-04
 681.5000000000    1.8387008034e-04
 682.0000000000    1.8386719203e-04
 682.5000000000    1.8386588982e-04
 683.0000000000    1.8386611744e-04
 683.5000000000    1.8386769952e-04
 684.0000000000    1.8387036360e-04
 684.5000000000    1.8387376798e-04
 685.0000000000    1.8387753268e-04
 685.5000000000    1.8388127041e-04
 686.0000000000    1.8388461336e-04
 686.5000000000    1.8388723491e-04
 687.0000000000    1.8388886376e-04
 687.5000000000    1.8388929118e-04
 688.0000000000    1.8388836996e-04
 688.5000000000    1.8388600856e-04
 689.0000000000    1.8388216167e-04
 689.5000000000    1.8387681931e-04
 690.0000000000    1.8386999406e-04
 690.5000000000    1.8386171116e-04
 691.0000000000    1.8385199989e-04
 691.5000000000    1.8384088966e-04
 692.0000000000    1.8382841194e-04
 692.5000000000    1.8381460762e-04
 693.0000000000    1.8379954145e-04
 693.5000000000    1.8378331894e-04
 694.0000000000    1.8376610524e-04
 694.5000000000    1.8374814409e-04
 695.0000000000    1.8372977460e-04
 695.5000000000    1.8371144197e-04
 696.0000000000    1.8369370217e-04
 696.5000000000    1.8367721600e-04
 697.0000000000    1.8366273114e-04
 697.5000000000    1.8365105257e-04
 698.0000000000    1.8364300127e-04
 698.5000000000    1.8363936673e-04
 699.0000000000    1.8364085524e-04
 699.5000000000    1.8364803995e-04
 700.0000000000    1.8366131673e-04
