#          time         max mod phi
   0.0000000000    8.2889789530e-02
   0.5000000000    8.2895911304e-02
   1.0000000000    8.2893332203e-02
   1.5000000000    8.2895758276e-02
   2.0000000000    8.2894904586e-02
   2.5000000000    8.2895032086e-02
   3.0000000000    8.2895787783e-02
   3.5000000000    8.2893530387e-02
   4.0000000000    8.2896132191e-02
   4.5000000000    8.2892428153e-02
   5.0000000000    8.2896286126e-02
   5.5000000000    8.2894196216e-02
   6.0000000000    8.2895783898e-02
   6.5000000000    8.2895184938e-02
   7.0000000000    8.2894806277e-02
   7.5000000000    8.2896022109e-02
   8.0000000000    8.2893883413e-02
   8.5000000000    8.2896701237e-02
   9.0000000000    8.2892609570e-02
   9.5000000000    8.2896634193e-02
  10.0000000000    8.2893883857e-02
  10.5000000000    8.2896289066e-02
  11.0000000000    8.2895199612e-02
  11.5000000000    8.2896095833e-02
  12.0000000000    8.2896336568e-02
  12.5000000000    8.2895417130e-02
  13.0000000000    8.2896737584e-02
  13.5000000000    8.2894242358e-02
  14.0000000000    8.2897003856e-02
  14.5000000000    8.2893301109e-02
  15.0000000000    8.2897467425e-02
  15.5000000000    8.2894255315e-02
  16.0000000000    8.2897427506e-02
  16.5000000000    8.2895115193e-02
  17.0000000000    8.2896950840e-02
  17.5000000000    8.2895926273e-02
  18.0000000000    8.2896748304e-02
  18.5000000000    8.2896953587e-02
  19.0000000000    8.2896522414e-02
  19.5000000000    8.2897475783e-02
  20.0000000000    8.2895708853e-02
  20.5000000000    8.2897604387e-02
  21.0000000000    8.2894882343e-02
  21.5000000000    8.2898035040e-02
  22.0000000000    8.2894400624e-02
  22.5000000000    8.2898418390e-02
  23.0000000000    8.2894536970e-02
  23.5000000000    8.2898224861e-02
  24.0000000000    8.2895172173e-02
  24.5000000000    8.2898073044e-02
  25.0000000000    8.2896124462e-02
  25.5000000000    8.2898273193e-02
  26.0000000000    8.2897037113e-02
  26.5000000000    8.2898020391e-02
  27.0000000000    8.2897408690e-02
  27.5000000000    8.2897473758e-02
  28.0000000000    8.2897801688e-02
  28.5000000000    8.2897245930e-02
  29.0000000000    8.2898499879e-02
  29.5000000000    8.2897062013e-02
  30.0000000000    8.2898869905e-02
  30.5000000000    8.2896398955e-02
  31.0000000000    8.2898887610e-02
  31.5000000000    8.2895736659e-02
  32.0000000000    8.2899195760e-02
  32.5000000000    8.2895399968e-02
  33.0000000000    8.2899576746e-02
  33.5000000000    8.2895508012e-02
  34.0000000000    8.2899499853e-02
  34.5000000000    8.2896075270e-02
  35.0000000000    8.2899341540e-02
  35.5000000000    8.2896871333e-02
  36.0000000000    8.2899557830e-02
  36.5000000000    8.2897767543e-02
  37.0000000000    8.2899518816e-02
  37.5000000000    8.2898233616e-02
  38.0000000000    8.2899107527e-02
  38.5000000000    8.2898634161e-02
  39.0000000000    8.2898922953e-02
  39.5000000000    8.2899357507e-02
  40.0000000000    8.2898859339e-02
  40.5000000000    8.2899881332e-02
  41.0000000000    8.2898368992e-02
  41.5000000000    8.2900030038e-02
  42.0000000000    8.2897755603e-02
  42.5000000000    8.2900371171e-02
  43.0000000000    8.2897432875e-02
  43.5000000000    8.2900859797e-02
  44.0000000000    8.2896922428e-02
  44.5000000000    8.2900946458e-02
  45.0000000000    8.2896809477e-02
  45.5000000000    8.2900879606e-02
  46.0000000000    8.2897732170e-02
  46.5000000000    8.2901079339e-02
  47.0000000000    8.2898852962e-02
  47.5000000000    8.2901167634e-02
  48.0000000000    8.2899579050e-02
  48.5000000000    8.2900777014e-02
  49.0000000000    8.2900105417e-02
  49.5000000000    8.2900504558e-02
  50.0000000000    8.2900933125e-02
  50.5000000000    8.2900363046e-02
  51.0000000000    8.2901627791e-02
  51.5000000000    8.2899822698e-02
  52.0000000000    8.2901906551e-02
  52.5000000000    8.2899007499e-02
  53.0000000000    8.2902213164e-02
  53.5000000000    8.2898361522e-02
  54.0000000000    8.2902679487e-02
  54.5000000000    8.2898986291e-02
  55.0000000000    8.2902780774e-02
  55.5000000000    8.2899992252e-02
  56.0000000000    8.2902547190e-02
  56.5000000000    8.2900955237e-02
  57.0000000000    8.2902472319e-02
  57.5000000000    8.2902089248e-02
  58.0000000000    8.2902369360e-02
  58.5000000000    8.2902848766e-02
  59.0000000000    8.2901820702e-02
  59.5000000000    8.2903248082e-02
  60.0000000000    8.2901208262e-02
  60.5000000000    8.2903832536e-02
  61.0000000000    8.2900739579e-02
  61.5000000000    8.2904403548e-02
  62.0000000000    8.2900063430e-02
  62.5000000000    8.2904509337e-02
  63.0000000000    8.2901233607e-02
  63.5000000000    8.2904464478e-02
  64.0000000000    8.2902535262e-02
  64.5000000000    8.2904562060e-02
  65.0000000000    8.2903843114e-02
  65.5000000000    8.2904341951e-02
  66.0000000000    8.2904675927e-02
  66.5000000000    8.2903639395e-02
  67.0000000000    8.2905295429e-02
  67.5000000000    8.2902930760e-02
  68.0000000000    8.2906040720e-02
  68.5000000000    8.2902161772e-02
  69.0000000000    8.2906488669e-02
  69.5000000000    8.2903091050e-02
  70.0000000000    8.2906406104e-02
  70.5000000000    8.2904440001e-02
  71.0000000000    8.2906258805e-02
  71.5000000000    8.2905892015e-02
  72.0000000000    8.2906042878e-02
  72.5000000000    8.2907052652e-02
  73.0000000000    8.2905254350e-02
  73.5000000000    8.2907632064e-02
  74.0000000000    8.2904004408e-02
  74.5000000000    8.2908055175e-02
  75.0000000000    8.2904781889e-02
  75.5000000000    8.2908420090e-02
  76.0000000000    8.2906708008e-02
  76.5000000000    8.2908218644e-02
  77.0000000000    8.2907979870e-02
  77.5000000000    8.2907390303e-02
  78.0000000000    8.2908926387e-02
  78.5000000000    8.2906445034e-02
  79.0000000000    8.2909872181e-02
  79.5000000000    8.2906040922e-02
  80.0000000000    8.2910218229e-02
  80.5000000000    8.2907972170e-02
  81.0000000000    8.2909839538e-02
  81.5000000000    8.2909531468e-02
  82.0000000000    8.2909268674e-02
  82.5000000000    8.2910956134e-02
  83.0000000000    8.2908288038e-02
  83.5000000000    8.2911742521e-02
  84.0000000000    8.2908136735e-02
  84.5000000000    8.2911756194e-02
  85.0000000000    8.2910205827e-02
  85.5000000000    8.2911450769e-02
  86.0000000000    8.2912072688e-02
  86.5000000000    8.2910685261e-02
  87.0000000000    8.2913220494e-02
  87.5000000000    8.2908950968e-02
  88.0000000000    8.2913495994e-02
  88.5000000000    8.2911347777e-02
  89.0000000000    8.2913311113e-02
  89.5000000000    8.2913485975e-02
  90.0000000000    8.2912588879e-02
  90.5000000000    8.2914873132e-02
  91.0000000000    8.2910826416e-02
  91.5000000000    8.2915243039e-02
  92.0000000000    8.2913141219e-02
  92.5000000000    8.2914986587e-02
  93.0000000000    8.2915373222e-02
  93.5000000000    8.2914099666e-02
  94.0000000000    8.2916771622e-02
  94.5000000000    8.2912931776e-02
  95.0000000000    8.2917005878e-02
  95.5000000000    8.2915611271e-02
  96.0000000000    8.2916428920e-02
  96.5000000000    8.2917680904e-02
  97.0000000000    8.2915095958e-02
  97.5000000000    8.2918809071e-02
  98.0000000000    8.2916201922e-02
  98.5000000000    8.2918592289e-02
  99.0000000000    8.2918549579e-02
  99.5000000000    8.2917358643e-02
 100.0000000000    8.2920160337e-02
 100.5000000000    8.2916912523e-02
 101.0000000000    8.2920688180e-02
 101.5000000000    8.2919922798e-02
 102.0000000000    8.2919572423e-02
 102.5000000000    8.2921562783e-02
 103.0000000000    8.2917733135e-02
 103.5000000000    8.2922261963e-02
 104.0000000000    8.2921343607e-02
 104.5000000000    8.2921657586e-02
 105.0000000000    8.2923481169e-02
 105.5000000000    8.2919470213e-02
 106.0000000000    8.2923998786e-02
 106.5000000000    8.2922991975e-02
 107.0000000000    8.2923231148e-02
 107.5000000000    8.2925328855e-02
 108.0000000000    8.2921779519e-02
 108.5000000000    8.2925991847e-02
 109.0000000000    8.2925328627e-02
 109.5000000000    8.2924733589e-02
 110.0000000000    8.2927192707e-02
 110.5000000000    8.2924282281e-02
 111.0000000000    8.2927614744e-02
 111.5000000000    8.2927900610e-02
 112.0000000000    8.2926134531e-02
 112.5000000000    8.2929444619e-02
 113.0000000000    8.2927425870e-02
 113.5000000000    8.2928987230e-02
 114.0000000000    8.2930372688e-02
 114.5000000000    8.2926791006e-02
 115.0000000000    8.2931519415e-02
 115.5000000000    8.2931026044e-02
 116.0000000000    8.2930295388e-02
 116.5000000000    8.2933035056e-02
 117.0000000000    8.2930764579e-02
 117.5000000000    8.2932927690e-02
 118.0000000000    8.2934236727e-02
 118.5000000000    8.2930682590e-02
 119.0000000000    8.2935381013e-02
 119.5000000000    8.2935097539e-02
 120.0000000000    8.2933749950e-02
 120.5000000000    8.2936946833e-02
 121.0000000000    8.2935435853e-02
 121.5000000000    8.2936464315e-02
 122.0000000000    8.2938644135e-02
 122.5000000000    8.2936092007e-02
 123.0000000000    8.2938962703e-02
 123.5000000000    8.2939904444e-02
 124.0000000000    8.2936277882e-02
 124.5000000000    8.2940898254e-02
 125.0000000000    8.2941157892e-02
 125.5000000000    8.2939196027e-02
 126.0000000000    8.2943185006e-02
 126.5000000000    8.2942655401e-02
 127.0000000000    8.2941759963e-02
 127.5000000000    8.2944935098e-02
 128.0000000000    8.2943856224e-02
 128.5000000000    8.2944143221e-02
 129.0000000000    8.2947050992e-02
 129.5000000000    8.2945700017e-02
 130.0000000000    8.2946661721e-02
 130.5000000000    8.2949027195e-02
 131.0000000000    8.2947249344e-02
 131.5000000000    8.2948641841e-02
 132.0000000000    8.2950952902e-02
 132.5000000000    8.2949296958e-02
 133.0000000000    8.2951010154e-02
 133.5000000000    8.2953244935e-02
 134.0000000000    8.2951468000e-02
 134.5000000000    8.2952877597e-02
 135.0000000000    8.2955146799e-02
 135.5000000000    8.2953679277e-02
 136.0000000000    8.2954888167e-02
 136.5000000000    8.2957576079e-02
 137.0000000000    8.2956477329e-02
 137.5000000000    8.2956826015e-02
 138.0000000000    8.2959715127e-02
 138.5000000000    8.2959004998e-02
 139.0000000000    8.2958382164e-02
 139.5000000000    8.2961996425e-02
 140.0000000000    8.2962115352e-02
 140.5000000000    8.2960202626e-02
 141.0000000000    8.2964389110e-02
 141.5000000000    8.2965079095e-02
 142.0000000000    8.2962395389e-02
 142.5000000000    8.2966303327e-02
 143.0000000000    8.2968052270e-02
 143.5000000000    8.2966567634e-02
 144.0000000000    8.2968455691e-02
 144.5000000000    8.2971128301e-02
 145.0000000000    8.2970533726e-02
 145.5000000000    8.2969747530e-02
 146.0000000000    8.2973515495e-02
 146.5000000000    8.2974284272e-02
 147.0000000000    8.2972066783e-02
 147.5000000000    8.2975959132e-02
 148.0000000000    8.2977977723e-02
 148.5000000000    8.2976953893e-02
 149.0000000000    8.2977282643e-02
 149.5000000000    8.2980659493e-02
 150.0000000000    8.2981275139e-02
 150.5000000000    8.2979150715e-02
 151.0000000000    8.2983099252e-02
 151.5000000000    8.2985275642e-02
 152.0000000000    8.2984640489e-02
 152.5000000000    8.2984088580e-02
 153.0000000000    8.2987882741e-02
 153.5000000000    8.2989144082e-02
 154.0000000000    8.2987901691e-02
 154.5000000000    8.2989814813e-02
 155.0000000000    8.2992931677e-02
 155.5000000000    8.2993472807e-02
 156.0000000000    8.2991541122e-02
 156.5000000000    8.2994860933e-02
 157.0000000000    8.2997516226e-02
 157.5000000000    8.2997896971e-02
 158.0000000000    8.2995991116e-02
 158.5000000000    8.3000292006e-02
 159.0000000000    8.3002713387e-02
 159.5000000000    8.3002873389e-02
 160.0000000000    8.3000893243e-02
 160.5000000000    8.3005281649e-02
 161.0000000000    8.3007922499e-02
 161.5000000000    8.3008502161e-02
 162.0000000000    8.3007008041e-02
 162.5000000000    8.3010715827e-02
 163.0000000000    8.3013541087e-02
 163.5000000000    8.3014409004e-02
 164.0000000000    8.3013427462e-02
 164.5000000000    8.3015726987e-02
 165.0000000000    8.3019289177e-02
 165.5000000000    8.3020991432e-02
 166.0000000000    8.3020834245e-02
 166.5000000000    8.3020649403e-02
 167.0000000000    8.3024788925e-02
 167.5000000000    8.3027249696e-02
 168.0000000000    8.3028114830e-02
 168.5000000000    8.3027412352e-02
 169.0000000000    8.3030070403e-02
 169.5000000000    8.3033648345e-02
 170.0000000000    8.3035585637e-02
 170.5000000000    8.3035968580e-02
 171.0000000000    8.3034912727e-02
 171.5000000000    8.3038823620e-02
 172.0000000000    8.3042211714e-02
 172.5000000000    8.3044209116e-02
 173.0000000000    8.3044791916e-02
 173.5000000000    8.3043971929e-02
 174.0000000000    8.3047659821e-02
 174.5000000000    8.3051005425e-02
 175.0000000000    8.3053171632e-02
 175.5000000000    8.3054213845e-02
 176.0000000000    8.3054123352e-02
 176.5000000000    8.3056353452e-02
 177.0000000000    8.3060228661e-02
 177.5000000000    8.3062908917e-02
 178.0000000000    8.3064514337e-02
 178.5000000000    8.3065166867e-02
 179.0000000000    8.3064932365e-02
 179.5000000000    8.3068934587e-02
 180.0000000000    8.3072691568e-02
 180.5000000000    8.3075401513e-02
 181.0000000000    8.3077116650e-02
 181.5000000000    8.3077954233e-02
 182.0000000000    8.3078040699e-02
 182.5000000000    8.3081347916e-02
 183.0000000000    8.3085410341e-02
 183.5000000000    8.3088652372e-02
 184.0000000000    8.3091042849e-02
 184.5000000000    8.3092620060e-02
 185.0000000000    8.3093492378e-02
 185.5000000000    8.3093786784e-02
 186.0000000000    8.3098116726e-02
 186.5000000000    8.3102157957e-02
 187.0000000000    8.3105563347e-02
 187.5000000000    8.3108290851e-02
 188.0000000000    8.3110364630e-02
 188.5000000000    8.3111881651e-02
 189.0000000000    8.3112965838e-02
 189.5000000000    8.3114674827e-02
 190.0000000000    8.3119192766e-02
 190.5000000000    8.3123232565e-02
 191.0000000000    8.3126746949e-02
 191.5000000000    8.3129746153e-02
 192.0000000000    8.3132310559e-02
 192.5000000000    8.3134554605e-02
 193.0000000000    8.3136567467e-02
 193.5000000000    8.3138371570e-02
 194.0000000000    8.3139928532e-02
 194.5000000000    8.3144354474e-02
 195.0000000000    8.3148481257e-02
 195.5000000000    8.3152265405e-02
 196.0000000000    8.3155810541e-02
 196.5000000000    8.3159206311e-02
 197.0000000000    8.3162483247e-02
 197.5000000000    8.3165613338e-02
 198.0000000000    8.3168545832e-02
 198.5000000000    8.3171260595e-02
 199.0000000000    8.3173796196e-02
 199.5000000000    8.3176236896e-02
 200.0000000000    8.3178669121e-02
 200.5000000000    8.3181237334e-02
 201.0000000000    8.3185701441e-02
 201.5000000000    8.3190030552e-02
 202.0000000000    8.3194192147e-02
 202.5000000000    8.3198201790e-02
 203.0000000000    8.3202123102e-02
 203.5000000000    8.3206034499e-02
 204.0000000000    8.3209986627e-02
 204.5000000000    8.3213977532e-02
 205.0000000000    8.3217962907e-02
 205.5000000000    8.3221897787e-02
 206.0000000000    8.3225772648e-02
 206.5000000000    8.3229627229e-02
 207.0000000000    8.3233527932e-02
 207.5000000000    8.3237528991e-02
 208.0000000000    8.3241642524e-02
 208.5000000000    8.3245832698e-02
 209.0000000000    8.3250045119e-02
 209.5000000000    8.3254243584e-02
 210.0000000000    8.3258439713e-02
 210.5000000000    8.3262685624e-02
 211.0000000000    8.3267036824e-02
 211.5000000000    8.3271515076e-02
 212.0000000000    8.3276090827e-02
 212.5000000000    8.3280702378e-02
 213.0000000000    8.3285292969e-02
 213.5000000000    8.3289844864e-02
 214.0000000000    8.3294387797e-02
 214.5000000000    8.3298974305e-02
 215.0000000000    8.3303634283e-02
 215.5000000000    8.3308345931e-02
 216.0000000000    8.3313040152e-02
 216.5000000000    8.3317638239e-02
 217.0000000000    8.3322094132e-02
 217.5000000000    8.3326414128e-02
 218.0000000000    8.3330640055e-02
 218.5000000000    8.3335382892e-02
 219.0000000000    8.3341775177e-02
 219.5000000000    8.3348154138e-02
 220.0000000000    8.3354422892e-02
 220.5000000000    8.3360502133e-02
 221.0000000000    8.3366370670e-02
 221.5000000000    8.3372056401e-02
 222.0000000000    8.3377593502e-02
 222.5000000000    8.3382970663e-02
 223.0000000000    8.3388112756e-02
 223.5000000000    8.3392903126e-02
 224.0000000000    8.3397233764e-02
 224.5000000000    8.3404396574e-02
 225.0000000000    8.3411725967e-02
 225.5000000000    8.3418725416e-02
 226.0000000000    8.3425385871e-02
 226.5000000000    8.3431630296e-02
 227.0000000000    8.3437326539e-02
 227.5000000000    8.3442337034e-02
 228.0000000000    8.3447180383e-02
 228.5000000000    8.3455717089e-02
 229.0000000000    8.3463628729e-02
 229.5000000000    8.3470904567e-02
 230.0000000000    8.3477464752e-02
 230.5000000000    8.3483162106e-02
 231.0000000000    8.3487830006e-02
 231.5000000000    8.3497028743e-02
 232.0000000000    8.3505564563e-02
 232.5000000000    8.3513044602e-02
 233.0000000000    8.3519448675e-02
 233.5000000000    8.3524692043e-02
 234.0000000000    8.3533299225e-02
 234.5000000000    8.3542802034e-02
 235.0000000000    8.3550797296e-02
 235.5000000000    8.3557185321e-02
 236.0000000000    8.3562258057e-02
 236.5000000000    8.3573122111e-02
 237.0000000000    8.3582392687e-02
 237.5000000000    8.3589896524e-02
 238.0000000000    8.3595408033e-02
 238.5000000000    8.3606210621e-02
 239.0000000000    8.3615914540e-02
 239.5000000000    8.3623373331e-02
 240.0000000000    8.3629153261e-02
 240.5000000000    8.3641212575e-02
 241.0000000000    8.3650866892e-02
 241.5000000000    8.3657863345e-02
 242.0000000000    8.3667443896e-02
 242.5000000000    8.3678535408e-02
 243.0000000000    8.3686569705e-02
 243.5000000000    8.3694386561e-02
 244.0000000000    8.3706723281e-02
 244.5000000000    8.3715775142e-02
 245.0000000000    8.3723578280e-02
 245.5000000000    8.3736596863e-02
 246.0000000000    8.3745692810e-02
 246.5000000000    8.3754368288e-02
 247.0000000000    8.3767116483e-02
 247.5000000000    8.3775635958e-02
 248.0000000000    8.3786852235e-02
 248.5000000000    8.3798900890e-02
 249.0000000000    8.3806057251e-02
 249.5000000000    8.3820729205e-02
 250.0000000000    8.3830605629e-02
 250.5000000000    8.3841563368e-02
 251.0000000000    8.3854162253e-02
 251.5000000000    8.3862461753e-02
 252.0000000000    8.3877672603e-02
 252.5000000000    8.3886629493e-02
 253.0000000000    8.3901253791e-02
 253.5000000000    8.3911721424e-02
 254.0000000000    8.3924942325e-02
 254.5000000000    8.3936664066e-02
 255.0000000000    8.3949410853e-02
 255.5000000000    8.3962121578e-02
 256.0000000000    8.3975021803e-02
 256.5000000000    8.3987983940e-02
 257.0000000000    8.4001372489e-02
 257.5000000000    8.4013827063e-02
 258.0000000000    8.4028307130e-02
 258.5000000000    8.4039790268e-02
 259.0000000000    8.4056069978e-02
 259.5000000000    8.4066223025e-02
 260.0000000000    8.4084277221e-02
 260.5000000000    8.4096937215e-02
 261.0000000000    8.4111998248e-02
 261.5000000000    8.4127477815e-02
 262.0000000000    8.4138681529e-02
 262.5000000000    8.4157465547e-02
 263.0000000000    8.4172022785e-02
 263.5000000000    8.4186075824e-02
 264.0000000000    8.4204399676e-02
 264.5000000000    8.4219160874e-02
 265.0000000000    8.4233783973e-02
 265.5000000000    8.4252686777e-02
 266.0000000000    8.4268878680e-02
 266.5000000000    8.4282739284e-02
 267.0000000000    8.4302764186e-02
 267.5000000000    8.4321321904e-02
 268.0000000000    8.4338009049e-02
 268.5000000000    8.4353133818e-02
 269.0000000000    8.4373906772e-02
 269.5000000000    8.4393693462e-02
 270.0000000000    8.4412493944e-02
 270.5000000000    8.4430569843e-02
 271.0000000000    8.4448126729e-02
 271.5000000000    8.4469089327e-02
 272.0000000000    8.4490640342e-02
 272.5000000000    8.4511781664e-02
 273.0000000000    8.4532744751e-02
 273.5000000000    8.4553742894e-02
 274.0000000000    8.4574936196e-02
 274.5000000000    8.4596419498e-02
 275.0000000000    8.4618238207e-02
 275.5000000000    8.4640419985e-02
 276.0000000000    8.4663000587e-02
 276.5000000000    8.4686026368e-02
 277.0000000000    8.4709532627e-02
 277.5000000000    8.4733510971e-02
 278.0000000000    8.4757885415e-02
 278.5000000000    8.4782509258e-02
 279.0000000000    8.4807182243e-02
 279.5000000000    8.4831675244e-02
 280.0000000000    8.4855745623e-02
 280.5000000000    8.4879132620e-02
 281.0000000000    8.4901534695e-02
 281.5000000000    8.4927967769e-02
 282.0000000000    8.4953662775e-02
 282.5000000000    8.4977627819e-02
 283.0000000000    8.4999238674e-02
 283.5000000000    8.5021160636e-02
 284.0000000000    8.5045016919e-02
 284.5000000000    8.5064980751e-02
 285.0000000000    8.5081028680e-02
 285.5000000000    8.5101583282e-02
 286.0000000000    8.5116003258e-02
 286.5000000000    8.5127517088e-02
 287.0000000000    8.5138911678e-02
 287.5000000000    8.5140752506e-02
 288.0000000000    8.5145789058e-02
 288.5000000000    8.5138792913e-02
 289.0000000000    8.5131656380e-02
 289.5000000000    8.5111067218e-02
 290.0000000000    8.5088976929e-02
 290.5000000000    8.5051017573e-02
 291.0000000000    8.5006535882e-02
 291.5000000000    8.4946358031e-02
 292.0000000000    8.4869070378e-02
 292.5000000000    8.4778689168e-02
 293.0000000000    8.4664232604e-02
 293.5000000000    8.4525856949e-02
 294.0000000000    8.4364487241e-02
 294.5000000000    8.4169368047e-02
 295.0000000000    8.3936292924e-02
 295.5000000000    8.3667435068e-02
 296.0000000000    8.3351249814e-02
 296.5000000000    8.2980263134e-02
 297.0000000000    8.2548608169e-02
 297.5000000000    8.2054418896e-02
 298.0000000000    8.1481855538e-02
 298.5000000000    8.0821071026e-02
 299.0000000000    8.0070264091e-02
 299.5000000000    7.9210738833e-02
 300.0000000000    7.8234283049e-02
 300.5000000000    7.7130172088e-02
 301.0000000000    7.5888785011e-02
 301.5000000000    7.4497779274e-02
 302.0000000000    7.6769934338e-02
 302.5000000000    8.1323130559e-02
 303.0000000000    8.6068654372e-02
 303.5000000000    9.0999238854e-02
 304.0000000000    9.6105654234e-02
 304.5000000000    1.0137699486e-01
 305.0000000000    1.0680107427e-01
 305.5000000000    1.1236487662e-01
 306.0000000000    1.1805498350e-01
 306.5000000000    1.2385785949e-01
 307.0000000000    1.2975986744e-01
 307.5000000000    1.3574688580e-01
 308.0000000000    1.4180342972e-01
 308.5000000000    1.4791125702e-01
 309.0000000000    1.5404753367e-01
 309.5000000000    1.6018279699e-01
 310.0000000000    1.6627908446e-01
 310.5000000000    1.7228872596e-01
 311.0000000000    1.7815428939e-01
 311.5000000000    1.8381001063e-01
 312.0000000000    1.8918468310e-01
 312.5000000000    1.9420551314e-01
 313.0000000000    1.9880202085e-01
 313.5000000000    2.0290881392e-01
 314.0000000000    2.0646576053e-01
 314.5000000000    2.0941260456e-01
 315.0000000000    2.1167073715e-01
 315.5000000000    2.1309991002e-01
 316.0000000000    2.1342561914e-01
 316.5000000000    2.1216913585e-01
 317.0000000000    2.0865509941e-01
 317.5000000000    2.0215541508e-01
 318.0000000000    1.9213274412e-01
 318.5000000000    1.7846041431e-01
 319.0000000000    1.6150907223e-01
 319.5000000000    1.4207977122e-01
 320.0000000000    1.2123963453e-01
 320.5000000000    1.0013432421e-01
 321.0000000000    7.9828193015e-02
 321.5000000000    6.1192429813e-02
 322.0000000000    5.4053714604e-02
 322.5000000000    5.0845155875e-02
 323.0000000000    4.7861884247e-02
 323.5000000000    4.5075055513e-02
 324.0000000000    4.2454827108e-02
 324.5000000000    3.9972015823e-02
 325.0000000000    3.7601753767e-02
 325.5000000000    3.5326399928e-02
 326.0000000000    3.3136511521e-02
 326.5000000000    3.1029913137e-02
 327.0000000000    2.9009543126e-02
 327.5000000000    2.7080892526e-02
 328.0000000000    2.5249694783e-02
 328.5000000000    2.3520259637e-02
 329.0000000000    2.1894584517e-02
 329.5000000000    2.0372174956e-02
 330.0000000000    1.8950380945e-02
 330.5000000000    1.7625009454e-02
 331.0000000000    1.6390992139e-02
 331.5000000000    1.5242948973e-02
 332.0000000000    1.4175567518e-02
 332.5000000000    1.3183789720e-02
 333.0000000000    1.2262847545e-02
 333.5000000000    1.1408211018e-02
 334.0000000000    1.0672269626e-02
 334.5000000000    1.0100601320e-02
 335.0000000000    9.5576042414e-03
 335.5000000000    9.0408522421e-03
 336.0000000000    8.5482436640e-03
 336.5000000000    8.0779941774e-03
 337.0000000000    7.6286437138e-03
 337.5000000000    7.1990345678e-03
 338.0000000000    6.7882509976e-03
 338.5000000000    6.3955395021e-03
 339.0000000000    6.0202378292e-03
 339.5000000000    5.6617301596e-03
 340.0000000000    5.3194282931e-03
 340.5000000000    4.9927677323e-03
 341.0000000000    4.6812080520e-03
 341.5000000000    4.3842335914e-03
 342.0000000000    4.1013549768e-03
 342.5000000000    3.8334399168e-03
 343.0000000000    3.5907847085e-03
 343.5000000000    3.3598599653e-03
 344.0000000000    3.1403596756e-03
 344.5000000000    2.9319897798e-03
 345.0000000000    2.7344595197e-03
 345.5000000000    2.5474835906e-03
 346.0000000000    2.3707955360e-03
 346.5000000000    2.2041692789e-03
 347.0000000000    2.0474359025e-03
 347.5000000000    1.9145984147e-03
 348.0000000000    1.7925287464e-03
 348.5000000000    1.6782692602e-03
 349.0000000000    1.5717414593e-03
 349.5000000000    1.4728601004e-03
 350.0000000000    1.3815220772e-03
 350.5000000000    1.2976060241e-03
 351.0000000000    1.2209764656e-03
 351.5000000000    1.1514832866e-03
 352.0000000000    1.0889512197e-03
 352.5000000000    1.0331614849e-03
 353.0000000000    9.8383339199e-04
 353.5000000000    9.4061419272e-04
 354.0000000000    9.0308133669e-04
 354.5000000000    8.7075554895e-04
 355.0000000000    8.4311937541e-04
 355.5000000000    8.1963568362e-04
 356.0000000000    8.0337296600e-04
 356.5000000000    7.9920206294e-04
 357.0000000000    7.9704668952e-04
 357.5000000000    7.9624064113e-04
 358.0000000000    7.9838313183e-04
 358.5000000000    8.0530953987e-04
 359.0000000000    8.1237497189e-04
 359.5000000000    8.1901429251e-04
 360.0000000000    8.2411097681e-04
 360.5000000000    8.2766776198e-04
 361.0000000000    8.2971310953e-04
 361.5000000000    8.3028636404e-04
 362.0000000000    8.2943743970e-04
 362.5000000000    8.2723555463e-04
 363.0000000000    8.2377469007e-04
 363.5000000000    8.1916632490e-04
 364.0000000000    8.1352125975e-04
 364.5000000000    8.0693282281e-04
 365.0000000000    7.9947420805e-04
 365.5000000000    7.9121198515e-04
 366.0000000000    7.8222442448e-04
 366.5000000000    7.7260859020e-04
 367.0000000000    7.6246882574e-04
 367.5000000000    7.5189485823e-04
 368.0000000000    7.4094736531e-04
 368.5000000000    7.2966365501e-04
 369.0000000000    7.1807965618e-04
 369.5000000000    7.0625022941e-04
 370.0000000000    6.9425020557e-04
 370.5000000000    6.8215405920e-04
 371.0000000000    6.7001024532e-04
 371.5000000000    6.5783169206e-04
 372.0000000000    6.4561125457e-04
 372.5000000000    6.3335024364e-04
 373.0000000000    6.2107654571e-04
 373.5000000000    6.0883667964e-04
 374.0000000000    5.9666783537e-04
 374.5000000000    5.8457318617e-04
 375.0000000000    5.7252210694e-04
 375.5000000000    5.6047676098e-04
 376.0000000000    5.4842411010e-04
 376.5000000000    5.3638703334e-04
 377.0000000000    5.2440497117e-04
 377.5000000000    5.1249988010e-04
 378.0000000000    5.0065622977e-04
 378.5000000000    4.8883284182e-04
 379.0000000000    4.7699785170e-04
 379.5000000000    4.6515808816e-04
 380.0000000000    4.5335790610e-04
 380.5000000000    4.4164736006e-04
 381.0000000000    4.3004560735e-04
 381.5000000000    4.1853056272e-04
 382.0000000000    4.0706450723e-04
 382.5000000000    3.9563494395e-04
 383.0000000000    3.8427587453e-04
 383.5000000000    3.7305054332e-04
 384.0000000000    3.6200913614e-04
 384.5000000000    3.5115679737e-04
 385.0000000000    3.4045985224e-04
 385.5000000000    3.2988595262e-04
 386.0000000000    3.1944409954e-04
 386.5000000000    3.0918967956e-04
 387.0000000000    2.9918925314e-04
 387.5000000000    2.8947435129e-04
 388.0000000000    2.8149412408e-04
 388.5000000000    2.7744732575e-04
 389.0000000000    2.7365542898e-04
 389.5000000000    2.7006088003e-04
 390.0000000000    2.6657599174e-04
 390.5000000000    2.6315596305e-04
 391.0000000000    2.5982269178e-04
 391.5000000000    2.5662852752e-04
 392.0000000000    2.5359727205e-04
 392.5000000000    2.5069717517e-04
 393.0000000000    2.4786804396e-04
 393.5000000000    2.4506591790e-04
 394.0000000000    2.4229551456e-04
 394.5000000000    2.3959803664e-04
 395.0000000000    2.3700793732e-04
 395.5000000000    2.3452035793e-04
 396.0000000000    2.3209735834e-04
 396.5000000000    2.2969634087e-04
 397.0000000000    2.2730343697e-04
 397.5000000000    2.2494065594e-04
 398.0000000000    2.2264466272e-04
 398.5000000000    2.2043095975e-04
 399.0000000000    2.1828590078e-04
 399.5000000000    2.1617342262e-04
 400.0000000000    2.1406866358e-04
 400.5000000000    2.1197351915e-04
 401.0000000000    2.0991284289e-04
 401.5000000000    2.0791421827e-04
 402.0000000000    2.0598396082e-04
 402.5000000000    2.0410260081e-04
 403.0000000000    2.0224117021e-04
 403.5000000000    2.0038425080e-04
 404.0000000000    1.9854122126e-04
 404.5000000000    1.9673927114e-04
 405.0000000000    1.9499679015e-04
 405.5000000000    1.9331333821e-04
 406.0000000000    1.9166687157e-04
 406.5000000000    1.9003293898e-04
 407.0000000000    1.8840422174e-04
 407.5000000000    1.8679568451e-04
 408.0000000000    1.8523112560e-04
 408.5000000000    1.8372514806e-04
 409.0000000000    1.8226932863e-04
 409.5000000000    1.8083930780e-04
 410.0000000000    1.7941524499e-04
 410.5000000000    1.7799703103e-04
 411.0000000000    1.7660376641e-04
 411.5000000000    1.7525735591e-04
 412.0000000000    1.7396402559e-04
 412.5000000000    1.7270904103e-04
 413.0000000000    1.7146842392e-04
 413.5000000000    1.7022800727e-04
 414.0000000000    1.6899449955e-04
 414.5000000000    1.6778918910e-04
 415.0000000000    1.6662987054e-04
 415.5000000000    1.6551557098e-04
 416.0000000000    1.6442645091e-04
 416.5000000000    1.6334049293e-04
 417.0000000000    1.6252965583e-04
 417.5000000000    1.6314283668e-04
 418.0000000000    1.6365421914e-04
 418.5000000000    1.6411530900e-04
 419.0000000000    1.6457975056e-04
 419.5000000000    1.6505725401e-04
 420.0000000000    1.6550564202e-04
 420.5000000000    1.6586748110e-04
 421.0000000000    1.6611954364e-04
 421.5000000000    1.6636784436e-04
 422.0000000000    1.6656186386e-04
 422.5000000000    1.6674946317e-04
 423.0000000000    1.6695646583e-04
 423.5000000000    1.6715547658e-04
 424.0000000000    1.6729088672e-04
 424.5000000000    1.6732759814e-04
 425.0000000000    1.6728193679e-04
 425.5000000000    1.6720888765e-04
 426.0000000000    1.6715676751e-04
 426.5000000000    1.6712785259e-04
 427.0000000000    1.6707831144e-04
 427.5000000000    1.6695712973e-04
 428.0000000000    1.6675062284e-04
 428.5000000000    1.6649499247e-04
 429.0000000000    1.6624665407e-04
 429.5000000000    1.6603555642e-04
 430.0000000000    1.6584105597e-04
 430.5000000000    1.6561067501e-04
 431.0000000000    1.6530547972e-04
 431.5000000000    1.6493349500e-04
 432.0000000000    1.6454319988e-04
 432.5000000000    1.6418289506e-04
 433.0000000000    1.6386041176e-04
 433.5000000000    1.6353727336e-04
 434.0000000000    1.6316198695e-04
 434.5000000000    1.6271393707e-04
 435.0000000000    1.6222084508e-04
 435.5000000000    1.6173537911e-04
 436.0000000000    1.6129082865e-04
 436.5000000000    1.6087336661e-04
 437.0000000000    1.6043430066e-04
 437.5000000000    1.5993161565e-04
 438.0000000000    1.5936546393e-04
 438.5000000000    1.5877784865e-04
 439.0000000000    1.5821703539e-04
 439.5000000000    1.5769685234e-04
 440.0000000000    1.5718534854e-04
 440.5000000000    1.5663224288e-04
 441.0000000000    1.5601157774e-04
 441.5000000000    1.5534349451e-04
 442.0000000000    1.5467703480e-04
 442.5000000000    1.5404866479e-04
 443.0000000000    1.5345166170e-04
 443.5000000000    1.5284227430e-04
 444.0000000000    1.5217714620e-04
 444.5000000000    1.5145007923e-04
 445.0000000000    1.5069718468e-04
 445.5000000000    1.4996642450e-04
 446.0000000000    1.4927729472e-04
 446.5000000000    1.4860485124e-04
 447.0000000000    1.4790155690e-04
 447.5000000000    1.4713802512e-04
 448.0000000000    1.4632800436e-04
 448.5000000000    1.4551697555e-04
 449.0000000000    1.4474398867e-04
 449.5000000000    1.4400918703e-04
 450.0000000000    1.4327441455e-04
 450.5000000000    1.4249635828e-04
 451.0000000000    1.4166356663e-04
 451.5000000000    1.4080636861e-04
 452.0000000000    1.3997149599e-04
 452.5000000000    1.3918301493e-04
 453.0000000000    1.3842264344e-04
 453.5000000000    1.3764605853e-04
 454.0000000000    1.3682103931e-04
 454.5000000000    1.3595500740e-04
 455.0000000000    1.3508894002e-04
 455.5000000000    1.3426302854e-04
 456.0000000000    1.3348316007e-04
 456.5000000000    1.3271660747e-04
 457.0000000000    1.3192037940e-04
 457.5000000000    1.3107791872e-04
 458.0000000000    1.3021314754e-04
 458.5000000000    1.2937029324e-04
 459.0000000000    1.2857662656e-04
 459.5000000000    1.2781971536e-04
 460.0000000000    1.2705850687e-04
 460.5000000000    1.2625824682e-04
 461.0000000000    1.2541984089e-04
 461.5000000000    1.2457902872e-04
 462.0000000000    1.2377584881e-04
 462.5000000000    1.2302087743e-04
 463.0000000000    1.2228677260e-04
 463.5000000000    1.2153154535e-04
 464.0000000000    1.2073407215e-04
 464.5000000000    1.1991193778e-04
 465.0000000000    1.1910646887e-04
 465.5000000000    1.1834762991e-04
 466.0000000000    1.1762876200e-04
 466.5000000000    1.1691254185e-04
 467.0000000000    1.1616279602e-04
 467.5000000000    1.1537535687e-04
 468.0000000000    1.1458114025e-04
 468.5000000000    1.1381984232e-04
 469.0000000000    1.1310637163e-04
 469.5000000000    1.1241866016e-04
 470.0000000000    1.1171661495e-04
 470.5000000000    1.1097608303e-04
 471.0000000000    1.1020931200e-04
 471.5000000000    1.0945421351e-04
 472.0000000000    1.0874215317e-04
 472.5000000000    1.0807165778e-04
 473.0000000000    1.0740990780e-04
 473.5000000000    1.0672068230e-04
 474.0000000000    1.0599493331e-04
 474.5000000000    1.0525822440e-04
 475.0000000000    1.0454883129e-04
 475.5000000000    1.0388519869e-04
 476.0000000000    1.0325050762e-04
 476.5000000000    1.0260716467e-04
 477.0000000000    1.0192862166e-04
 477.5000000000    1.0122169768e-04
 478.0000000000    1.0052058744e-04
 478.5000000000    9.9857769987e-05
 479.0000000000    9.9236619575e-05
 479.5000000000    9.8628854380e-05
 480.0000000000    9.7998815633e-05
 480.5000000000    9.7333766226e-05
 481.0000000000    9.6654532261e-05
 481.5000000000    9.5997718006e-05
 482.0000000000    9.5384737053e-05
 482.5000000000    9.4803966016e-05
 483.0000000000    9.4221003233e-05
 483.5000000000    9.3608054751e-05
 484.0000000000    9.3278439483e-05
 484.5000000000    9.3067808719e-05
 485.0000000000    9.2868272679e-05
 485.5000000000    9.2666654218e-05
 486.0000000000    9.2453876463e-05
 486.5000000000    9.2232432855e-05
 487.0000000000    9.2014497200e-05
 487.5000000000    9.1810859104e-05
 488.0000000000    9.1622469479e-05
 488.5000000000    9.1439454663e-05
 489.0000000000    9.1249632274e-05
 489.5000000000    9.1048794388e-05
 490.0000000000    9.0843757992e-05
 490.5000000000    9.0646937487e-05
 491.0000000000    9.0465786263e-05
 491.5000000000    9.0296182453e-05
 492.0000000000    9.0126330158e-05
 492.5000000000    8.9946699347e-05
 493.0000000000    8.9757837665e-05
 493.5000000000    8.9570017263e-05
 494.0000000000    8.9394007023e-05
 494.5000000000    8.9232328457e-05
 495.0000000000    8.9077217275e-05
 495.5000000000    8.8917121129e-05
 496.0000000000    8.8746377490e-05
 496.5000000000    8.8570168125e-05
 497.0000000000    8.8399261473e-05
 497.5000000000    8.8241643977e-05
 498.0000000000    8.8095605697e-05
 498.5000000000    8.7951112746e-05
 499.0000000000    8.7798262372e-05
 499.5000000000    8.7635774525e-05
 500.0000000000    8.7471699022e-05
 500.5000000000    8.7316545180e-05
 501.0000000000    8.7174609078e-05
 501.5000000000    8.7040293689e-05
 502.0000000000    8.6902822782e-05
 502.5000000000    8.6755288214e-05
 503.0000000000    8.6600556354e-05
 503.5000000000    8.6448731024e-05
 504.0000000000    8.6308370563e-05
 504.5000000000    8.6179658359e-05
 505.0000000000    8.6054141254e-05
 505.5000000000    8.5921914399e-05
 506.0000000000    8.5779980956e-05
 506.5000000000    8.5634718642e-05
 507.0000000000    8.5496499448e-05
 507.5000000000    8.5370901228e-05
 508.0000000000    8.5254029574e-05
 508.5000000000    8.5135988133e-05
 509.0000000000    8.5009278542e-05
 509.5000000000    8.4875068221e-05
 510.0000000000    8.4742048411e-05
 510.5000000000    8.4619067538e-05
 511.0000000000    8.4507815360e-05
 511.5000000000    8.4401382091e-05
 512.0000000000    8.4290201891e-05
 512.5000000000    8.4170115401e-05
 513.0000000000    8.4045723763e-05
 513.5000000000    8.3926524966e-05
 514.0000000000    8.3818831445e-05
 514.5000000000    8.3720539961e-05
 515.0000000000    8.3622957654e-05
 515.5000000000    8.3518167048e-05
 516.0000000000    8.3405697690e-05
 516.5000000000    8.3292782384e-05
 517.0000000000    8.3188220426e-05
 517.5000000000    8.3094972455e-05
 518.0000000000    8.3007842938e-05
 518.5000000000    8.2917561173e-05
 519.0000000000    8.2819017810e-05
 519.5000000000    8.2715238938e-05
 520.0000000000    8.2614882663e-05
 520.5000000000    8.2524789890e-05
 521.0000000000    8.2444324749e-05
 521.5000000000    8.2365985824e-05
 522.0000000000    8.2281730537e-05
 522.5000000000    8.2189755004e-05
 523.0000000000    8.2095927851e-05
 523.5000000000    8.2008739012e-05
 524.0000000000    8.1932165407e-05
 524.5000000000    8.1862355657e-05
 525.0000000000    8.1791051799e-05
 525.5000000000    8.1712279607e-05
 526.0000000000    8.1627549469e-05
 526.5000000000    8.1544450523e-05
 527.0000000000    8.1470157577e-05
 527.5000000000    8.1405366209e-05
 528.0000000000    8.1343733149e-05
 528.5000000000    8.1277254681e-05
 529.0000000000    8.1203004037e-05
 529.5000000000    8.1125478910e-05
 530.0000000000    8.1052726953e-05
 530.5000000000    8.0989706650e-05
 531.0000000000    8.0933871928e-05
 531.5000000000    8.0877457202e-05
 532.0000000000    8.0814108369e-05
 532.5000000000    8.0744226809e-05
 533.0000000000    8.0674493375e-05
 533.5000000000    8.0612195723e-05
 534.0000000000    8.0559151430e-05
 534.5000000000    8.0510372055e-05
 535.0000000000    8.0457903619e-05
 535.5000000000    8.0398091266e-05
 536.0000000000    8.0334435565e-05
 536.5000000000    8.0274485696e-05
 537.0000000000    8.0223485114e-05
 537.5000000000    8.0180170264e-05
 538.0000000000    8.0137460114e-05
 538.5000000000    8.0088937348e-05
 539.0000000000    8.0034112072e-05
 539.5000000000    7.9978662303e-05
 540.0000000000    7.9929643412e-05
 540.5000000000    7.9889562707e-05
 541.0000000000    7.9854071339e-05
 541.5000000000    7.9816028362e-05
 542.0000000000    7.9771377937e-05
 542.5000000000    7.9722611890e-05
 543.0000000000    7.9676296638e-05
 543.5000000000    7.9637834799e-05
 544.0000000000    7.9606782482e-05
 544.5000000000    7.9577383661e-05
 545.0000000000    7.9543478955e-05
 545.5000000000    7.9503407468e-05
 546.0000000000    7.9461813363e-05
 546.5000000000    7.9425454626e-05
 547.0000000000    7.9397554190e-05
 547.5000000000    7.9375254448e-05
 548.0000000000    7.9351642270e-05
 548.5000000000    7.9322166081e-05
 549.0000000000    7.9288238986e-05
 549.5000000000    7.9256092096e-05
 550.0000000000    7.9231131867e-05
 550.5000000000    7.9213653052e-05
 551.0000000000    7.9198499410e-05
 551.5000000000    7.9179789968e-05
 552.0000000000    7.9155115154e-05
 552.5000000000    7.9128304974e-05
 553.0000000000    7.9105651751e-05
 553.5000000000    7.9090579220e-05
 554.0000000000    7.9081141858e-05
 554.5000000000    7.9070956916e-05
 555.0000000000    7.9055372142e-05
 555.5000000000    7.9035006113e-05
 556.0000000000    7.9015369819e-05
 556.5000000000    7.9001751633e-05
 557.0000000000    7.8995066880e-05
 557.5000000000    7.8991060392e-05
 558.0000000000    7.8984193914e-05
 558.5000000000    7.8971588569e-05
 559.0000000000    7.8956243778e-05
 559.5000000000    7.8944026421e-05
 560.0000000000    7.8938846615e-05
 560.5000000000    7.8939174655e-05
 561.0000000000    7.8939392068e-05
 561.5000000000    7.8934972676e-05
 562.0000000000    7.8926128965e-05
 562.5000000000    7.8917291271e-05
 563.0000000000    7.8913701511e-05
 563.5000000000    7.8916690455e-05
 564.0000000000    7.8923160587e-05
 564.5000000000    7.8927352931e-05
 565.0000000000    7.8926627139e-05
 565.5000000000    7.8923229339e-05
 566.0000000000    7.8922488771e-05
 566.5000000000    7.8927849099e-05
 567.0000000000    7.8938406159e-05
 567.5000000000    7.8949766389e-05
 568.0000000000    7.8957455865e-05
 568.5000000000    7.8960711291e-05
 569.0000000000    7.8963247310e-05
 569.5000000000    7.8969858674e-05
 570.0000000000    7.8982685348e-05
 570.5000000000    7.8998761257e-05
 571.0000000000    7.9013265044e-05
 571.5000000000    7.9023638969e-05
 572.0000000000    7.9031003103e-05
 572.5000000000    7.9039933386e-05
 573.0000000000    7.9054167629e-05
 573.5000000000    7.9073915161e-05
 574.0000000000    7.9094962416e-05
 574.5000000000    7.9112978176e-05
 575.0000000000    7.9127376698e-05
 575.5000000000    7.9140946748e-05
 576.0000000000    7.9158143612e-05
 576.5000000000    7.9180997004e-05
 577.0000000000    7.9207761273e-05
 577.5000000000    7.9233659084e-05
 578.0000000000    7.9255927909e-05
 578.5000000000    7.9275600927e-05
 579.0000000000    7.9296370350e-05
 579.5000000000    7.9321693547e-05
 580.0000000000    7.9351849432e-05
 580.5000000000    7.9383566873e-05
 581.0000000000    7.9412738028e-05
 581.5000000000    7.9438265969e-05
 582.0000000000    7.9462674376e-05
 582.5000000000    7.9489647471e-05
 583.0000000000    7.9521234650e-05
 583.5000000000    7.9556107052e-05
 584.0000000000    7.9590645194e-05
 584.5000000000    7.9621833571e-05
 585.0000000000    7.9650232975e-05
 585.5000000000    7.9679257596e-05
 586.0000000000    7.9712125797e-05
 586.5000000000    7.9749217641e-05
 587.0000000000    7.9788003283e-05
 587.5000000000    7.9825293602e-05
 588.0000000000    7.9859421280e-05
 588.5000000000    7.9892334335e-05
 589.0000000000    7.9927629109e-05
 589.5000000000    7.9967525800e-05
 590.0000000000    8.0010671404e-05
 590.5000000000    8.0054012344e-05
 591.0000000000    8.0095038204e-05
 591.5000000000    8.0133766851e-05
 592.0000000000    8.0173055348e-05
 592.5000000000    8.0215919909e-05
 593.0000000000    8.0262905421e-05
 593.5000000000    8.0311379383e-05
 594.0000000000    8.0358568244e-05
 594.5000000000    8.0403275799e-05
 595.0000000000    8.0446970789e-05
 595.5000000000    8.0492539513e-05
 596.0000000000    8.0541666305e-05
 596.5000000000    8.0593550163e-05
 597.0000000000    8.0645159301e-05
 597.5000000000    8.0694613657e-05
 598.0000000000    8.0742342673e-05
 598.5000000000    8.0790372046e-05
 599.0000000000    8.0840916260e-05
 599.5000000000    8.0894271229e-05
 600.0000000000    8.0949133569e-05
 600.5000000000    8.1002692778e-05
 601.0000000000    8.1054148987e-05
 601.5000000000    8.1105025213e-05
 602.0000000000    8.1157440790e-05
 602.5000000000    8.1212636306e-05
 603.0000000000    8.1269918915e-05
 603.5000000000    8.1327666301e-05
 604.0000000000    8.1383725022e-05
 604.5000000000    8.1438410999e-05
 605.0000000000    8.1493850294e-05
 605.5000000000    8.1551803091e-05
 606.0000000000    8.1612406977e-05
 606.5000000000    8.1674324645e-05
 607.0000000000    8.1735656417e-05
 607.5000000000    8.1795401694e-05
 608.0000000000    8.1854868878e-05
 608.5000000000    8.1916383950e-05
 609.0000000000    8.1980702650e-05
 609.5000000000    8.2046765757e-05
 610.0000000000    8.2112910709e-05
 610.5000000000    8.2177662568e-05
 611.0000000000    8.2241476915e-05
 611.5000000000    8.2306268699e-05
 612.0000000000    8.2373650352e-05
 612.5000000000    8.2443123279e-05
 613.0000000000    8.2512739321e-05
 613.5000000000    8.2581222404e-05
 614.0000000000    8.2648545963e-05
 614.5000000000    8.2716082215e-05
 615.0000000000    8.2785441580e-05
 615.5000000000    8.2856740465e-05
 616.0000000000    8.2929042320e-05
 616.5000000000    8.3000277957e-05
 617.0000000000    8.3070050879e-05
 617.5000000000    8.3139876426e-05
 618.0000000000    8.3211076844e-05
 618.5000000000    8.3284311583e-05
 619.0000000000    8.3358637789e-05
 619.5000000000    8.3432761399e-05
 620.0000000000    8.3505705902e-05
 620.5000000000    8.3577888781e-05
 621.0000000000    8.3650977149e-05
 621.5000000000    8.3726311241e-05
 622.0000000000    8.3803418648e-05
 622.5000000000    8.3880631852e-05
 623.0000000000    8.3956690306e-05
 623.5000000000    8.4031826569e-05
 624.0000000000    8.4107044418e-05
 624.5000000000    8.4184008266e-05
 625.0000000000    8.4263093846e-05
 625.5000000000    8.4343367920e-05
 626.0000000000    8.4422762449e-05
 626.5000000000    8.4500315499e-05
 627.0000000000    8.4577374328e-05
 627.5000000000    8.4655808436e-05
 628.0000000000    8.4736832627e-05
 628.5000000000    8.4819754312e-05
 629.0000000000    8.4902499898e-05
 629.5000000000    8.4983701699e-05
 630.0000000000    8.5063152559e-05
 630.5000000000    8.5143107294e-05
 631.0000000000    8.5226030258e-05
 631.5000000000    8.5312077138e-05
 632.0000000000    8.5399019526e-05
 632.5000000000    8.5484177520e-05
 633.0000000000    8.5567317981e-05
 633.5000000000    8.5649650833e-05
 634.0000000000    8.5734182034e-05
 634.5000000000    8.5822355712e-05
 635.0000000000    8.5913069175e-05
 635.5000000000    8.6002782119e-05
 636.0000000000    8.6089325386e-05
 636.5000000000    8.6174056340e-05
 637.0000000000    8.6259666959e-05
 637.5000000000    8.6348869403e-05
 638.0000000000    8.6441495218e-05
 638.5000000000    8.6534703276e-05
 639.0000000000    8.6625288183e-05
 639.5000000000    8.6712295108e-05
 640.0000000000    8.6798616216e-05
 640.5000000000    8.6887935133e-05
 641.0000000000    8.6981613270e-05
 641.5000000000    8.7077632348e-05
 642.0000000000    8.7172113959e-05
 642.5000000000    8.7263081192e-05
 643.0000000000    8.7351204677e-05
 643.5000000000    8.7440476857e-05
 644.0000000000    8.7534531764e-05
 644.5000000000    8.7632979950e-05
 645.0000000000    8.7732057436e-05
 645.5000000000    8.7827672706e-05
 646.0000000000    8.7919601336e-05
 646.5000000000    8.8010382753e-05
 647.0000000000    8.8104640584e-05
 647.5000000000    8.8204454525e-05
 648.0000000000    8.8307762108e-05
 648.5000000000    8.8409539730e-05
 649.0000000000    8.8506357800e-05
 649.5000000000    8.8599872307e-05
 650.0000000000    8.8694752874e-05
 650.5000000000    8.8795043090e-05
 651.0000000000    8.8900645302e-05
 651.5000000000    8.9006932739e-05
 652.0000000000    8.9109353815e-05
 652.5000000000    8.9205907592e-05
 653.0000000000    8.9300365713e-05
 653.5000000000    8.9398588423e-05
 654.0000000000    8.9503255580e-05
 654.5000000000    8.9611406476e-05
 655.0000000000    8.9716961761e-05
 655.5000000000    8.9815820304e-05
 656.0000000000    8.9910015283e-05
 656.5000000000    9.0004862630e-05
 657.0000000000    9.0105777437e-05
 657.5000000000    9.0212877525e-05
 658.0000000000    9.0320811112e-05
 658.5000000000    9.0424022292e-05
 659.0000000000    9.0520318301e-05
 659.5000000000    9.0614224560e-05
 660.0000000000    9.0712911066e-05
 660.5000000000    9.0819809655e-05
 661.0000000000    9.0931698562e-05
 661.5000000000    9.1041552613e-05
 662.0000000000    9.1144711635e-05
 662.5000000000    9.1242745099e-05
 663.0000000000    9.1341954929e-05
 663.5000000000    9.1448667560e-05
 664.0000000000    9.1563358956e-05
 664.5000000000    9.1680335439e-05
 665.0000000000    9.1791850863e-05
 665.5000000000    9.1895439032e-05
 666.0000000000    9.1996302709e-05
 666.5000000000    9.2101627491e-05
 667.0000000000    9.2215853247e-05
 667.5000000000    9.2335978933e-05
 668.0000000000    9.2454280503e-05
 668.5000000000    9.2564755410e-05
 669.0000000000    9.2667907481e-05
 669.5000000000    9.2771208290e-05
 670.0000000000    9.2882657182e-05
 670.5000000000    9.3003215455e-05
 671.0000000000    9.3126532621e-05
 671.5000000000    9.3243817086e-05
 672.0000000000    9.3351987738e-05
 672.5000000000    9.3455256733e-05
 673.0000000000    9.3562653333e-05
 673.5000000000    9.3680004266e-05
 674.0000000000    9.3804546491e-05
 674.5000000000    9.3927651992e-05
 675.0000000000    9.4041055751e-05
 675.5000000000    9.4144928669e-05
 676.0000000000    9.4247643261e-05
 676.5000000000    9.4358676905e-05
 677.0000000000    9.4480086592e-05
 677.5000000000    9.4605062010e-05
 678.0000000000    9.4723298980e-05
 678.5000000000    9.4830088440e-05
 679.0000000000    9.4930635432e-05
 679.5000000000    9.5035051708e-05
 680.0000000000    9.5150760733e-05
 680.5000000000    9.5275483107e-05
 681.0000000000    9.5399054844e-05
 681.5000000000    9.5512831752e-05
 682.0000000000    9.5615648487e-05
 682.5000000000    9.5716394861e-05
 683.0000000000    9.5825972327e-05
 683.5000000000    9.5947877978e-05
 684.0000000000    9.6075399021e-05
 684.5000000000    9.6196506933e-05
 685.0000000000    9.6304686531e-05
 685.5000000000    9.6404391859e-05
 686.0000000000    9.6507611602e-05
 686.5000000000    9.6622992377e-05
 687.0000000000    9.6749191435e-05
 687.5000000000    9.6875340207e-05
 688.0000000000    9.6990272517e-05
 688.5000000000    9.7092669342e-05
 689.0000000000    9.7191305104e-05
 689.5000000000    9.7298645759e-05
 690.0000000000    9.7419950774e-05
 690.5000000000    9.7548468699e-05
 691.0000000000    9.7671405159e-05
 691.5000000000    9.7780620270e-05
 692.0000000000    9.7879449995e-05
 692.5000000000    9.7980716870e-05
 693.0000000000    9.8095419195e-05
 693.5000000000    9.8223580826e-05
 694.0000000000    9.8353406515e-05
 694.5000000000    9.8471881364e-05
 695.0000000000    9.8575952733e-05
 695.5000000000    9.8675266629e-05
 696.0000000000    9.8783519956e-05
 696.5000000000    9.8907571732e-05
 697.0000000000    9.9040796749e-05
 697.5000000000    9.9168997186e-05
 698.0000000000    9.9282311957e-05
 698.5000000000    9.9383466807e-05
 699.0000000000    9.9486325785e-05
 699.5000000000    9.9603686868e-05
 700.0000000000    9.9736108509e-05
