#          time             Min_Chi
   0.0000000000    5.2021959904e-01
   0.5000000000    5.2005500807e-01
   1.0000000000    5.1972951280e-01
   1.5000000000    5.1940468908e-01
   2.0000000000    5.1913253636e-01
   2.5000000000    5.1891759039e-01
   3.0000000000    5.1872246225e-01
   3.5000000000    5.1853096843e-01
   4.0000000000    5.1834531045e-01
   4.5000000000    5.1814484137e-01
   5.0000000000    5.1795441903e-01
   5.5000000000    5.1774251938e-01
   6.0000000000    5.1754192823e-01
   6.5000000000    5.1732585127e-01
   7.0000000000    5.1711671681e-01
   7.5000000000    5.1689790423e-01
   8.0000000000    5.1668184847e-01
   8.5000000000    5.1646127571e-01
   9.0000000000    5.1623987382e-01
   9.5000000000    5.1601863190e-01
  10.0000000000    5.1579363166e-01
  10.5000000000    5.1557285966e-01
  11.0000000000    5.1534585095e-01
  11.5000000000    5.1512656093e-01
  12.0000000000    5.1489862468e-01
  12.5000000000    5.1468133998e-01
  13.0000000000    5.1445436698e-01
  13.5000000000    5.1423959893e-01
  14.0000000000    5.1401410411e-01
  14.5000000000    5.1380300542e-01
  15.0000000000    5.1357999816e-01
  15.5000000000    5.1337262178e-01
  16.0000000000    5.1315286355e-01
  16.5000000000    5.1294825699e-01
  17.0000000000    5.1273360656e-01
  17.5000000000    5.1253501940e-01
  18.0000000000    5.1232374942e-01
  18.5000000000    5.1212961234e-01
  19.0000000000    5.1192307166e-01
  19.5000000000    5.1173364129e-01
  20.0000000000    5.1153242388e-01
  20.5000000000    5.1134790245e-01
  21.0000000000    5.1115212581e-01
  21.5000000000    5.1097262640e-01
  22.0000000000    5.1078246922e-01
  22.5000000000    5.1060686749e-01
  23.0000000000    5.1042479283e-01
  23.5000000000    5.1025398007e-01
  24.0000000000    5.1007615694e-01
  24.5000000000    5.0991175724e-01
  25.0000000000    5.0973952994e-01
  25.5000000000    5.0958030943e-01
  26.0000000000    5.0941387529e-01
  26.5000000000    5.0925929489e-01
  27.0000000000    5.0909905326e-01
  27.5000000000    5.0894945328e-01
  28.0000000000    5.0879522791e-01
  28.5000000000    5.0865047786e-01
  29.0000000000    5.0850214000e-01
  29.5000000000    5.0836207811e-01
  30.0000000000    5.0821954451e-01
  30.5000000000    5.0808391521e-01
  31.0000000000    5.0794619079e-01
  31.5000000000    5.0781555447e-01
  32.0000000000    5.0768545282e-01
  32.5000000000    5.0755951804e-01
  33.0000000000    5.0743246205e-01
  33.5000000000    5.0731098092e-01
  34.0000000000    5.0719036328e-01
  34.5000000000    5.0707283380e-01
  35.0000000000    5.0695680364e-01
  35.5000000000    5.0684397526e-01
  36.0000000000    5.0673280459e-01
  36.5000000000    5.0662402172e-01
  37.0000000000    5.0651744915e-01
  37.5000000000    5.0641279143e-01
  38.0000000000    5.0631073363e-01
  38.5000000000    5.0621021793e-01
  39.0000000000    5.0611238933e-01
  39.5000000000    5.0601588053e-01
  40.0000000000    5.0592206201e-01
  40.5000000000    5.0582940157e-01
  41.0000000000    5.0573940921e-01
  41.5000000000    5.0565071496e-01
  42.0000000000    5.0556431381e-01
  42.5000000000    5.0547946960e-01
  43.0000000000    5.0539657248e-01
  43.5000000000    5.0531544445e-01
  44.0000000000    5.0523561308e-01
  44.5000000000    5.0515847666e-01
  45.0000000000    5.0508189464e-01
  45.5000000000    5.0500822724e-01
  46.0000000000    5.0493410559e-01
  46.5000000000    5.0486423456e-01
  47.0000000000    5.0479297324e-01
  47.5000000000    5.0472679938e-01
  48.0000000000    5.0465765673e-01
  48.5000000000    5.0459496071e-01
  49.0000000000    5.0452815849e-01
  49.5000000000    5.0446931772e-01
  50.0000000000    5.0440447080e-01
  50.5000000000    5.0434916067e-01
  51.0000000000    5.0428602553e-01
  51.5000000000    5.0423431580e-01
  52.0000000000    5.0417277610e-01
  52.5000000000    5.0412473188e-01
  53.0000000000    5.0406443811e-01
  53.5000000000    5.0401975959e-01
  54.0000000000    5.0396030650e-01
  54.5000000000    5.0391860520e-01
  55.0000000000    5.0385862195e-01
  55.5000000000    5.0381520416e-01
  56.0000000000    5.0375373757e-01
  56.5000000000    5.0370174531e-01
  57.0000000000    5.0363011485e-01
  57.5000000000    5.0355981239e-01
  58.0000000000    5.0347518119e-01
  58.5000000000    5.0339897348e-01
  59.0000000000    5.0332923274e-01
  59.5000000000    5.0328083148e-01
  60.0000000000    5.0324142835e-01
  60.5000000000    5.0321180450e-01
  61.0000000000    5.0318247626e-01
  61.5000000000    5.0315368055e-01
  62.0000000000    5.0312706603e-01
  62.5000000000    5.0309686942e-01
  63.0000000000    5.0306988869e-01
  63.5000000000    5.0303410035e-01
  64.0000000000    5.0300815515e-01
  64.5000000000    5.0297367504e-01
  65.0000000000    5.0295302508e-01
  65.5000000000    5.0291667547e-01
  66.0000000000    5.0289758225e-01
  66.5000000000    5.0286098337e-01
  67.0000000000    5.0284156289e-01
  67.5000000000    5.0280809509e-01
  68.0000000000    5.0278737947e-01
  68.5000000000    5.0275801659e-01
  69.0000000000    5.0273606347e-01
  69.5000000000    5.0271034169e-01
  70.0000000000    5.0268719488e-01
  70.5000000000    5.0266550905e-01
  71.0000000000    5.0264133075e-01
  71.5000000000    5.0262355674e-01
  72.0000000000    5.0259782390e-01
  72.5000000000    5.0258405237e-01
  73.0000000000    5.0255679625e-01
  73.5000000000    5.0254612700e-01
  74.0000000000    5.0251853761e-01
  74.5000000000    5.0250616789e-01
  75.0000000000    5.0248288257e-01
  75.5000000000    5.0246869153e-01
  76.0000000000    5.0244980098e-01
  76.5000000000    5.0243365525e-01
  77.0000000000    5.0241917071e-01
  77.5000000000    5.0240067340e-01
  78.0000000000    5.0239095805e-01
  78.5000000000    5.0237054365e-01
  79.0000000000    5.0236575337e-01
  79.5000000000    5.0234304942e-01
  80.0000000000    5.0233585987e-01
  80.5000000000    5.0231732791e-01
  81.0000000000    5.0230721184e-01
  81.5000000000    5.0229376429e-01
  82.0000000000    5.0228237862e-01
  82.5000000000    5.0227565615e-01
  83.0000000000    5.0226077758e-01
  83.5000000000    5.0225652384e-01
  84.0000000000    5.0223756037e-01
  84.5000000000    5.0223504863e-01
  85.0000000000    5.0222003552e-01
  85.5000000000    5.0221425873e-01
  86.0000000000    5.0220439969e-01
  86.5000000000    5.0219548713e-01
  87.0000000000    5.0219112436e-01
  87.5000000000    5.0217854000e-01
  88.0000000000    5.0218021928e-01
  88.5000000000    5.0216450603e-01
  89.0000000000    5.0216323299e-01
  89.5000000000    5.0215285276e-01
  90.0000000000    5.0214791383e-01
  90.5000000000    5.0214367023e-01
  91.0000000000    5.0213506548e-01
  91.5000000000    5.0213715792e-01
  92.0000000000    5.0212469906e-01
  92.5000000000    5.0212640703e-01
  93.0000000000    5.0211712696e-01
  93.5000000000    5.0211466256e-01
  94.0000000000    5.0211203259e-01
  94.5000000000    5.0210548399e-01
  95.0000000000    5.0210976798e-01
  95.5000000000    5.0209904357e-01
  96.0000000000    5.0210197809e-01
  96.5000000000    5.0209542461e-01
  97.0000000000    5.0209382291e-01
  97.5000000000    5.0209467540e-01
  98.0000000000    5.0208845641e-01
  98.5000000000    5.0209549265e-01
  99.0000000000    5.0208590000e-01
  99.5000000000    5.0208836829e-01
 100.0000000000    5.0208665307e-01
 100.5000000000    5.0208442793e-01
 101.0000000000    5.0209054333e-01
 101.5000000000    5.0208305549e-01
 102.0000000000    5.0208838777e-01
 102.5000000000    5.0208487486e-01
 103.0000000000    5.0208534186e-01
 103.5000000000    5.0209029868e-01
 104.0000000000    5.0208551331e-01
 104.5000000000    5.0209302799e-01
 105.0000000000    5.0208875869e-01
 105.5000000000    5.0209112002e-01
 106.0000000000    5.0209583724e-01
 106.5000000000    5.0209271088e-01
 107.0000000000    5.0210165353e-01
 107.5000000000    5.0209776188e-01
 108.0000000000    5.0210099036e-01
 108.5000000000    5.0210657628e-01
 109.0000000000    5.0210412018e-01
 109.5000000000    5.0211346556e-01
 110.0000000000    5.0211117340e-01
 110.5000000000    5.0211468973e-01
 111.0000000000    5.0212236819e-01
 111.5000000000    5.0211985987e-01
 112.0000000000    5.0212880981e-01
 112.5000000000    5.0212929537e-01
 113.0000000000    5.0213215824e-01
 113.5000000000    5.0214333424e-01
 114.0000000000    5.0213998136e-01
 114.5000000000    5.0214782436e-01
 115.0000000000    5.0215236367e-01
 115.5000000000    5.0215368038e-01
 116.0000000000    5.0216587358e-01
 116.5000000000    5.0216431320e-01
 117.0000000000    5.0216997029e-01
 117.5000000000    5.0217989981e-01
 118.0000000000    5.0217888821e-01
 118.5000000000    5.0218838020e-01
 119.0000000000    5.0219282338e-01
 119.5000000000    5.0219575432e-01
 120.0000000000    5.0220922463e-01
 120.5000000000    5.0220910755e-01
 121.0000000000    5.0221529467e-01
 121.5000000000    5.0222718202e-01
 122.0000000000    5.0222616798e-01
 122.5000000000    5.0223522229e-01
 123.0000000000    5.0224332382e-01
 123.5000000000    5.0224554110e-01
 124.0000000000    5.0225749605e-01
 124.5000000000    5.0226196566e-01
 125.0000000000    5.0226648239e-01
 125.5000000000    5.0228042426e-01
 126.0000000000    5.0228163712e-01
 126.5000000000    5.0228844681e-01
 127.0000000000    5.0230372721e-01
 127.5000000000    5.0230275880e-01
 128.0000000000    5.0231121433e-01
 128.5000000000    5.0232448990e-01
 129.0000000000    5.0232527198e-01
 129.5000000000    5.0233490696e-01
 130.0000000000    5.0234633724e-01
 130.5000000000    5.0234850514e-01
 131.0000000000    5.0235922110e-01
 131.5000000000    5.0236942938e-01
 132.0000000000    5.0237276267e-01
 132.5000000000    5.0238446906e-01
 133.0000000000    5.0239394463e-01
 133.5000000000    5.0239761026e-01
 134.0000000000    5.0240981629e-01
 134.5000000000    5.0241946744e-01
 135.0000000000    5.0242333986e-01
 135.5000000000    5.0243554865e-01
 136.0000000000    5.0244600658e-01
 136.5000000000    5.0245003764e-01
 137.0000000000    5.0246190202e-01
 137.5000000000    5.0247344092e-01
 138.0000000000    5.0247719556e-01
 138.5000000000    5.0248864633e-01
 139.0000000000    5.0250200227e-01
 139.5000000000    5.0250515243e-01
 140.0000000000    5.0251574027e-01
 140.5000000000    5.0253167670e-01
 141.0000000000    5.0253389364e-01
 141.5000000000    5.0254334499e-01
 142.0000000000    5.0255994274e-01
 142.5000000000    5.0256347236e-01
 143.0000000000    5.0257160146e-01
 143.5000000000    5.0258662887e-01
 144.0000000000    5.0259416272e-01
 144.5000000000    5.0260056492e-01
 145.0000000000    5.0261368790e-01
 145.5000000000    5.0262604695e-01
 146.0000000000    5.0263058667e-01
 146.5000000000    5.0264167900e-01
 147.0000000000    5.0265924999e-01
 147.5000000000    5.0266200811e-01
 148.0000000000    5.0267068238e-01
 148.5000000000    5.0268567451e-01
 149.0000000000    5.0269503444e-01
 149.5000000000    5.0270129307e-01
 150.0000000000    5.0271357202e-01
 150.5000000000    5.0273025905e-01
 151.0000000000    5.0273374262e-01
 151.5000000000    5.0274305386e-01
 152.0000000000    5.0275816646e-01
 152.5000000000    5.0276848836e-01
 153.0000000000    5.0277477937e-01
 153.5000000000    5.0278663116e-01
 154.0000000000    5.0280395774e-01
 154.5000000000    5.0280915467e-01
 155.0000000000    5.0281747101e-01
 155.5000000000    5.0283107232e-01
 156.0000000000    5.0284669417e-01
 156.5000000000    5.0285146208e-01
 157.0000000000    5.0286127607e-01
 157.5000000000    5.0287604715e-01
 158.0000000000    5.0288898584e-01
 158.5000000000    5.0289459204e-01
 159.0000000000    5.0290505799e-01
 159.5000000000    5.0292071300e-01
 160.0000000000    5.0293312826e-01
 160.5000000000    5.0293963829e-01
 161.0000000000    5.0295020022e-01
 161.5000000000    5.0296503896e-01
 162.0000000000    5.0297715462e-01
 162.5000000000    5.0298355532e-01
 163.0000000000    5.0299438187e-01
 163.5000000000    5.0300926881e-01
 164.0000000000    5.0302370609e-01
 164.5000000000    5.0302937292e-01
 165.0000000000    5.0303914352e-01
 165.5000000000    5.0305289429e-01
 166.0000000000    5.0307042838e-01
 166.5000000000    5.0307585025e-01
 167.0000000000    5.0308432655e-01
 167.5000000000    5.0309660016e-01
 168.0000000000    5.0311254011e-01
 168.5000000000    5.0312408722e-01
 169.0000000000    5.0313102828e-01
 169.5000000000    5.0314137565e-01
 170.0000000000    5.0315512989e-01
 170.5000000000    5.0317222331e-01
 171.0000000000    5.0317973105e-01
 171.5000000000    5.0318800966e-01
 172.0000000000    5.0319940799e-01
 172.5000000000    5.0321383346e-01
 173.0000000000    5.0323113749e-01
 173.5000000000    5.0323732818e-01
 174.0000000000    5.0324604353e-01
 174.5000000000    5.0325753939e-01
 175.0000000000    5.0327174350e-01
 175.5000000000    5.0328859513e-01
 176.0000000000    5.0329660008e-01
 176.5000000000    5.0330488061e-01
 177.0000000000    5.0331567895e-01
 177.5000000000    5.0332897832e-01
 178.0000000000    5.0334461568e-01
 178.5000000000    5.0335768425e-01
 179.0000000000    5.0336510393e-01
 179.5000000000    5.0337475041e-01
 180.0000000000    5.0338648082e-01
 180.5000000000    5.0340026015e-01
 181.0000000000    5.0341606104e-01
 181.5000000000    5.0342778206e-01
 182.0000000000    5.0343567648e-01
 182.5000000000    5.0344542243e-01
 183.0000000000    5.0345687165e-01
 183.5000000000    5.0346992226e-01
 184.0000000000    5.0348450895e-01
 184.5000000000    5.0349939468e-01
 185.0000000000    5.0350631053e-01
 185.5000000000    5.0351471496e-01
 186.0000000000    5.0352450255e-01
 186.5000000000    5.0353558934e-01
 187.0000000000    5.0354797988e-01
 187.5000000000    5.0356173618e-01
 188.0000000000    5.0357681996e-01
 188.5000000000    5.0358419388e-01
 189.0000000000    5.0359266751e-01
 189.5000000000    5.0360249307e-01
 190.0000000000    5.0361348162e-01
 190.5000000000    5.0362553775e-01
 191.0000000000    5.0363857568e-01
 191.5000000000    5.0365250665e-01
 192.0000000000    5.0366726973e-01
 192.5000000000    5.0367760176e-01
 193.0000000000    5.0368610792e-01
 193.5000000000    5.0369536722e-01
 194.0000000000    5.0370542617e-01
 194.5000000000    5.0371620798e-01
 195.0000000000    5.0372759477e-01
 195.5000000000    5.0373962680e-01
 196.0000000000    5.0375231406e-01
 196.5000000000    5.0376545010e-01
 197.0000000000    5.0377897779e-01
 197.5000000000    5.0379171528e-01
 198.0000000000    5.0380037241e-01
 198.5000000000    5.0380951024e-01
 199.0000000000    5.0381911409e-01
 199.5000000000    5.0382915785e-01
 200.0000000000    5.0383957024e-01
 200.5000000000    5.0385022568e-01
 201.0000000000    5.0386109155e-01
 201.5000000000    5.0387221215e-01
 202.0000000000    5.0388357627e-01
 202.5000000000    5.0389515380e-01
 203.0000000000    5.0390691772e-01
 203.5000000000    5.0391880763e-01
 204.0000000000    5.0393069356e-01
 204.5000000000    5.0394249111e-01
 205.0000000000    5.0395420117e-01
 205.5000000000    5.0396584546e-01
 206.0000000000    5.0397742102e-01
 206.5000000000    5.0398891189e-01
 207.0000000000    5.0399962624e-01
 207.5000000000    5.0400943829e-01
 208.0000000000    5.0401930187e-01
 208.5000000000    5.0402922633e-01
 209.0000000000    5.0403924613e-01
 209.5000000000    5.0404931701e-01
 210.0000000000    5.0405941891e-01
 210.5000000000    5.0406958371e-01
 211.0000000000    5.0407979092e-01
 211.5000000000    5.0409000955e-01
 212.0000000000    5.0410022873e-01
 212.5000000000    5.0411047774e-01
 213.0000000000    5.0412078980e-01
 213.5000000000    5.0413118740e-01
 214.0000000000    5.0414138544e-01
 214.5000000000    5.0415005973e-01
 215.0000000000    5.0415862039e-01
 215.5000000000    5.0416701364e-01
 216.0000000000    5.0417526159e-01
 216.5000000000    5.0418346871e-01
 217.0000000000    5.0419168948e-01
 217.5000000000    5.0419994652e-01
 218.0000000000    5.0420828541e-01
 218.5000000000    5.0421669039e-01
 219.0000000000    5.0422512175e-01
 219.5000000000    5.0423358648e-01
 220.0000000000    5.0424221056e-01
 220.5000000000    5.0425115003e-01
 221.0000000000    5.0426052806e-01
 221.5000000000    5.0427046530e-01
 222.0000000000    5.0428103979e-01
 222.5000000000    5.0429221763e-01
 223.0000000000    5.0429804420e-01
 223.5000000000    5.0430342274e-01
 224.0000000000    5.0430914755e-01
 224.5000000000    5.0431534860e-01
 225.0000000000    5.0432224424e-01
 225.5000000000    5.0433007587e-01
 226.0000000000    5.0433896039e-01
 226.5000000000    5.0434889057e-01
 227.0000000000    5.0435987526e-01
 227.5000000000    5.0436308954e-01
 228.0000000000    5.0436680512e-01
 228.5000000000    5.0437166255e-01
 229.0000000000    5.0437794286e-01
 229.5000000000    5.0438579128e-01
 230.0000000000    5.0439524262e-01
 230.5000000000    5.0440430665e-01
 231.0000000000    5.0440551761e-01
 231.5000000000    5.0440823315e-01
 232.0000000000    5.0441269481e-01
 232.5000000000    5.0441919037e-01
 233.0000000000    5.0442798589e-01
 233.5000000000    5.0443200731e-01
 234.0000000000    5.0443257641e-01
 234.5000000000    5.0443591234e-01
 235.0000000000    5.0444222035e-01
 235.5000000000    5.0445159135e-01
 236.0000000000    5.0445399803e-01
 236.5000000000    5.0445407159e-01
 237.0000000000    5.0445695703e-01
 237.5000000000    5.0446300971e-01
 238.0000000000    5.0446763211e-01
 238.5000000000    5.0446454389e-01
 239.0000000000    5.0446552645e-01
 239.5000000000    5.0447074604e-01
 240.0000000000    5.0447378487e-01
 240.5000000000    5.0446934392e-01
 241.0000000000    5.0446943728e-01
 241.5000000000    5.0447471099e-01
 242.0000000000    5.0447169141e-01
 242.5000000000    5.0446916873e-01
 243.0000000000    5.0447271074e-01
 243.5000000000    5.0447475565e-01
 244.0000000000    5.0446858749e-01
 244.5000000000    5.0446789138e-01
 245.0000000000    5.0446880685e-01
 245.5000000000    5.0445874513e-01
 246.0000000000    5.0445640177e-01
 246.5000000000    5.0445689259e-01
 247.0000000000    5.0444768497e-01
 247.5000000000    5.0444655969e-01
 248.0000000000    5.0444249524e-01
 248.5000000000    5.0443234990e-01
 249.0000000000    5.0443083438e-01
 249.5000000000    5.0441852025e-01
 250.0000000000    5.0441069109e-01
 250.5000000000    5.0440679981e-01
 251.0000000000    5.0439304478e-01
 251.5000000000    5.0438995484e-01
 252.0000000000    5.0437396671e-01
 252.5000000000    5.0436456369e-01
 253.0000000000    5.0435195525e-01
 253.5000000000    5.0433785566e-01
 254.0000000000    5.0432791613e-01
 254.5000000000    5.0430984112e-01
 255.0000000000    5.0430038087e-01
 255.5000000000    5.0427825461e-01
 256.0000000000    5.0426741582e-01
 256.5000000000    5.0424242199e-01
 257.0000000000    5.0422957117e-01
 257.5000000000    5.0420337331e-01
 258.0000000000    5.0418738061e-01
 258.5000000000    5.0416092227e-01
 259.0000000000    5.0414021273e-01
 259.5000000000    5.0411443867e-01
 260.0000000000    5.0408764032e-01
 260.5000000000    5.0406383138e-01
 261.0000000000    5.0402987582e-01
 261.5000000000    5.0400542096e-01
 262.0000000000    5.0396775101e-01
 262.5000000000    5.0393443581e-01
 263.0000000000    5.0390312350e-01
 263.5000000000    5.0386072633e-01
 264.0000000000    5.0382522377e-01
 264.5000000000    5.0378627129e-01
 265.0000000000    5.0373987264e-01
 265.5000000000    5.0369795371e-01
 266.0000000000    5.0365324273e-01
 266.5000000000    5.0359843106e-01
 267.0000000000    5.0354665879e-01
 267.5000000000    5.0349735570e-01
 268.0000000000    5.0343679707e-01
 268.5000000000    5.0337428682e-01
 269.0000000000    5.0331265345e-01
 269.5000000000    5.0325101458e-01
 270.0000000000    5.0318207242e-01
 270.5000000000    5.0310555650e-01
 271.0000000000    5.0302765425e-01
 271.5000000000    5.0294775496e-01
 272.0000000000    5.0286533754e-01
 272.5000000000    5.0277993951e-01
 273.0000000000    5.0268902318e-01
 273.5000000000    5.0258969827e-01
 274.0000000000    5.0248694558e-01
 274.5000000000    5.0238002904e-01
 275.0000000000    5.0226811105e-01
 275.5000000000    5.0215035146e-01
 276.0000000000    5.0202616970e-01
 276.5000000000    5.0189544440e-01
 277.0000000000    5.0175849269e-01
 277.5000000000    5.0161580815e-01
 278.0000000000    5.0146761358e-01
 278.5000000000    5.0131348106e-01
 279.0000000000    5.0115238801e-01
 279.5000000000    5.0098328467e-01
 280.0000000000    5.0080302069e-01
 280.5000000000    5.0060873359e-01
 281.0000000000    5.0040675872e-01
 281.5000000000    5.0019820569e-01
 282.0000000000    4.9998333937e-01
 282.5000000000    4.9976164970e-01
 283.0000000000    4.9951886583e-01
 283.5000000000    4.9926586267e-01
 284.0000000000    4.9900573159e-01
 284.5000000000    4.9873319479e-01
 285.0000000000    4.9844264090e-01
 285.5000000000    4.9814744354e-01
 286.0000000000    4.9783425650e-01
 286.5000000000    4.9750582382e-01
 287.0000000000    4.9716817475e-01
 287.5000000000    4.9680681257e-01
 288.0000000000    4.9644025696e-01
 288.5000000000    4.9604824644e-01
 289.0000000000    4.9564706509e-01
 289.5000000000    4.9522521959e-01
 290.0000000000    4.9478374735e-01
 290.5000000000    4.9433089537e-01
 291.0000000000    4.9385086567e-01
 291.5000000000    4.9335138714e-01
 292.0000000000    4.9283377915e-01
 292.5000000000    4.9229478783e-01
 293.0000000000    4.9172973911e-01
 293.5000000000    4.9113298936e-01
 294.0000000000    4.9050718778e-01
 294.5000000000    4.8984806768e-01
 295.0000000000    4.8915069613e-01
 295.5000000000    4.8840294404e-01
 296.0000000000    4.8759813083e-01
 296.5000000000    4.8672952920e-01
 297.0000000000    4.8577912717e-01
 297.5000000000    4.8472067337e-01
 298.0000000000    4.8353023732e-01
 298.5000000000    4.8217042765e-01
 299.0000000000    4.8058773016e-01
 299.5000000000    4.7870143544e-01
 300.0000000000    4.7640058176e-01
 300.5000000000    4.7348327713e-01
 301.0000000000    4.6764822034e-01
 301.5000000000    4.5050164274e-01
 302.0000000000    4.3286135986e-01
 302.5000000000    4.1476026890e-01
 303.0000000000    3.9623712616e-01
 303.5000000000    3.7733595929e-01
 304.0000000000    3.5810518744e-01
 304.5000000000    3.3859659234e-01
 305.0000000000    3.1886436449e-01
 305.5000000000    2.9896444472e-01
 306.0000000000    2.7895439247e-01
 306.5000000000    2.5889400585e-01
 307.0000000000    2.3884686256e-01
 307.5000000000    2.1888289970e-01
 308.0000000000    1.9908196330e-01
 308.5000000000    1.7953803029e-01
 309.0000000000    1.6036343957e-01
 309.5000000000    1.4169211570e-01
 310.0000000000    1.2368045329e-01
 310.5000000000    1.0650442857e-01
 311.0000000000    9.0351817088e-02
 311.5000000000    7.5409224003e-02
 312.0000000000    6.1844962892e-02
 312.5000000000    4.9790328047e-02
 313.0000000000    3.9322939656e-02
 313.5000000000    3.0455978239e-02
 314.0000000000    2.3136002948e-02
 314.5000000000    1.7249944416e-02
 315.0000000000    1.2639561264e-02
 315.5000000000    9.1200107082e-03
 316.0000000000    6.4987151162e-03
 316.5000000000    4.5913429995e-03
 317.0000000000    3.2330185948e-03
 317.5000000000    2.2843182195e-03
 318.0000000000    1.6327897791e-03
 318.5000000000    1.1913545977e-03
 319.0000000000    8.9497690698e-04
 319.5000000000    6.9666084064e-04
 320.0000000000    5.6345950401e-04
 320.5000000000    4.7289567422e-04
 321.0000000000    4.0999339629e-04
 321.5000000000    3.6497193299e-04
 322.0000000000    3.3155081447e-04
 322.5000000000    3.0575877641e-04
 323.0000000000    2.8512371471e-04
 323.5000000000    2.6813206360e-04
 324.0000000000    2.5387033972e-04
 324.5000000000    2.4178793357e-04
 325.0000000000    2.3154173626e-04
 325.5000000000    2.2289756098e-04
 326.0000000000    2.1567149653e-04
 326.5000000000    2.0969871637e-04
 327.0000000000    2.0482001982e-04
 327.5000000000    2.0087869591e-04
 328.0000000000    1.9772247332e-04
 328.5000000000    1.9520723317e-04
 329.0000000000    1.9320065794e-04
 329.5000000000    1.9158500499e-04
 330.0000000000    1.9025875164e-04
 330.5000000000    1.8913716885e-04
 331.0000000000    1.8815199528e-04
 331.5000000000    1.8725040735e-04
 332.0000000000    1.8639349367e-04
 332.5000000000    1.8555442726e-04
 333.0000000000    1.8471650520e-04
 333.5000000000    1.8387119499e-04
 334.0000000000    1.8301629511e-04
 334.5000000000    1.8215427610e-04
 335.0000000000    1.8129083587e-04
 335.5000000000    1.8043367868e-04
 336.0000000000    1.7959151072e-04
 336.5000000000    1.7877324722e-04
 337.0000000000    1.7798741403e-04
 337.5000000000    1.7724172659e-04
 338.0000000000    1.7654282310e-04
 338.5000000000    1.7589612387e-04
 339.0000000000    1.7530579321e-04
 339.5000000000    1.7477477380e-04
 340.0000000000    1.7430486665e-04
 340.5000000000    1.7389684239e-04
 341.0000000000    1.7355056423e-04
 341.5000000000    1.7326511275e-04
 342.0000000000    1.7303890248e-04
 342.5000000000    1.7286978375e-04
 343.0000000000    1.7275512683e-04
 343.5000000000    1.7269188784e-04
 344.0000000000    1.7267665881e-04
 344.5000000000    1.7270570639e-04
 345.0000000000    1.7277500243e-04
 345.5000000000    1.7288025174e-04
 346.0000000000    1.7301692342e-04
 346.5000000000    1.7318028840e-04
 347.0000000000    1.7336546397e-04
 347.5000000000    1.7356747006e-04
 348.0000000000    1.7378130037e-04
 348.5000000000    1.7400200645e-04
 349.0000000000    1.7422478598e-04
 349.5000000000    1.7444507408e-04
 350.0000000000    1.7465863608e-04
 350.5000000000    1.7486165044e-04
 351.0000000000    1.7505077786e-04
 351.5000000000    1.7522321768e-04
 352.0000000000    1.7537674824e-04
 352.5000000000    1.7550975176e-04
 353.0000000000    1.7562122340e-04
 353.5000000000    1.7571077294e-04
 354.0000000000    1.7577860595e-04
 354.5000000000    1.7582547483e-04
 355.0000000000    1.7585260811e-04
 355.5000000000    1.7586162566e-04
 356.0000000000    1.7585445310e-04
 356.5000000000    1.7583324982e-04
 357.0000000000    1.7580035328e-04
 357.5000000000    1.7575822177e-04
 358.0000000000    1.7570936222e-04
 358.5000000000    1.7565624115e-04
 359.0000000000    1.7560119225e-04
 359.5000000000    1.7554634040e-04
 360.0000000000    1.7549356699e-04
 360.5000000000    1.7544451725e-04
 361.0000000000    1.7540062402e-04
 361.5000000000    1.7536311870e-04
 362.0000000000    1.7533301658e-04
 362.5000000000    1.7531108384e-04
 363.0000000000    1.7529781856e-04
 363.5000000000    1.7529346529e-04
 364.0000000000    1.7529806017e-04
 364.5000000000    1.7531147946e-04
 365.0000000000    1.7533346784e-04
 365.5000000000    1.7536363750e-04
 366.0000000000    1.7540145560e-04
 366.5000000000    1.7544624284e-04
 367.0000000000    1.7549719789e-04
 367.5000000000    1.7555343741e-04
 368.0000000000    1.7561403637e-04
 368.5000000000    1.7567805153e-04
 369.0000000000    1.7574452812e-04
 369.5000000000    1.7581250619e-04
 370.0000000000    1.7588103161e-04
 370.5000000000    1.7594917678e-04
 371.0000000000    1.7601606165e-04
 371.5000000000    1.7608087039e-04
 372.0000000000    1.7614286167e-04
 372.5000000000    1.7620137627e-04
 373.0000000000    1.7625585025e-04
 373.5000000000    1.7630583287e-04
 374.0000000000    1.7635100767e-04
 374.5000000000    1.7639121224e-04
 375.0000000000    1.7642645482e-04
 375.5000000000    1.7645692230e-04
 376.0000000000    1.7648297283e-04
 376.5000000000    1.7650511070e-04
 377.0000000000    1.7652393949e-04
 377.5000000000    1.7654009815e-04
 378.0000000000    1.7655418659e-04
 378.5000000000    1.7656669152e-04
 379.0000000000    1.7657792338e-04
 379.5000000000    1.7658797318e-04
 380.0000000000    1.7659670351e-04
 380.5000000000    1.7660378106e-04
 381.0000000000    1.7660875259e-04
 381.5000000000    1.7661116279e-04
 382.0000000000    1.7661069942e-04
 382.5000000000    1.7660733008e-04
 383.0000000000    1.7660140881e-04
 383.5000000000    1.7659373806e-04
 384.0000000000    1.7658556733e-04
 384.5000000000    1.7657850882e-04
 385.0000000000    1.7657438343e-04
 385.5000000000    1.7657501691e-04
 386.0000000000    1.7658201047e-04
 386.5000000000    1.7659651523e-04
 387.0000000000    1.7661906326e-04
 387.5000000000    1.7664948427e-04
 388.0000000000    1.7668691641e-04
 388.5000000000    1.7672991656e-04
 389.0000000000    1.7677665602e-04
 389.5000000000    1.7682516380e-04
 390.0000000000    1.7687357967e-04
 390.5000000000    1.7692038053e-04
 391.0000000000    1.7696453873e-04
 391.5000000000    1.7700558819e-04
 392.0000000000    1.7704358993e-04
 392.5000000000    1.7707901168e-04
 393.0000000000    1.7711255102e-04
 393.5000000000    1.7714493904e-04
 394.0000000000    1.7717676410e-04
 394.5000000000    1.7720834934e-04
 395.0000000000    1.7723970072e-04
 395.5000000000    1.7727053027e-04
 396.0000000000    1.7730034179e-04
 396.5000000000    1.7732855665e-04
 397.0000000000    1.7735464690e-04
 397.5000000000    1.7737824784e-04
 398.0000000000    1.7739922827e-04
 398.5000000000    1.7741770906e-04
 399.0000000000    1.7743403064e-04
 399.5000000000    1.7744868227e-04
 400.0000000000    1.7746221321e-04
 400.5000000000    1.7747514702e-04
 401.0000000000    1.7748791418e-04
 401.5000000000    1.7750081569e-04
 402.0000000000    1.7751402150e-04
 402.5000000000    1.7752759604e-04
 403.0000000000    1.7754153853e-04
 403.5000000000    1.7755582761e-04
 404.0000000000    1.7757045823e-04
 404.5000000000    1.7758546340e-04
 405.0000000000    1.7760091876e-04
 405.5000000000    1.7761693219e-04
 406.0000000000    1.7763362396e-04
 406.5000000000    1.7765110106e-04
 407.0000000000    1.7766943476e-04
 407.5000000000    1.7768864393e-04
 408.0000000000    1.7770868780e-04
 408.5000000000    1.7772946650e-04
 409.0000000000    1.7775082762e-04
 409.5000000000    1.7777257484e-04
 410.0000000000    1.7779447946e-04
 410.5000000000    1.7781629569e-04
 411.0000000000    1.7783777960e-04
 411.5000000000    1.7785870951e-04
 412.0000000000    1.7787890939e-04
 412.5000000000    1.7789826799e-04
 413.0000000000    1.7791675183e-04
 413.5000000000    1.7793440962e-04
 414.0000000000    1.7795136581e-04
 414.5000000000    1.7796780415e-04
 415.0000000000    1.7798394155e-04
 415.5000000000    1.7799999774e-04
 416.0000000000    1.7801616670e-04
 416.5000000000    1.7803259152e-04
 417.0000000000    1.7804935068e-04
 417.5000000000    1.7806645856e-04
 418.0000000000    1.7808387682e-04
 418.5000000000    1.7810153316e-04
 419.0000000000    1.7811934399e-04
 419.5000000000    1.7813723482e-04
 420.0000000000    1.7815515362e-04
 420.5000000000    1.7817307745e-04
 421.0000000000    1.7819101005e-04
 421.5000000000    1.7820897180e-04
 422.0000000000    1.7822698561e-04
 422.5000000000    1.7824506311e-04
 423.0000000000    1.7826319324e-04
 423.5000000000    1.7828133712e-04
 424.0000000000    1.7829943246e-04
 424.5000000000    1.7831740251e-04
 425.0000000000    1.7833516968e-04
 425.5000000000    1.7835267109e-04
 426.0000000000    1.7836987127e-04
 426.5000000000    1.7838676962e-04
 427.0000000000    1.7840340221e-04
 427.5000000000    1.7841983761e-04
 428.0000000000    1.7843616669e-04
 428.5000000000    1.7845248767e-04
 429.0000000000    1.7846888959e-04
 429.5000000000    1.7848543737e-04
 430.0000000000    1.7850216041e-04
 430.5000000000    1.7851904831e-04
 431.0000000000    1.7853605333e-04
 431.5000000000    1.7855309975e-04
 432.0000000000    1.7857009689e-04
 432.5000000000    1.7858695508e-04
 433.0000000000    1.7860360065e-04
 433.5000000000    1.7861998793e-04
 434.0000000000    1.7863610446e-04
 434.5000000000    1.7865197007e-04
 435.0000000000    1.7866763083e-04
 435.5000000000    1.7868314729e-04
 436.0000000000    1.7869858143e-04
 436.5000000000    1.7871398586e-04
 437.0000000000    1.7872939417e-04
 437.5000000000    1.7874481488e-04
 438.0000000000    1.7876022967e-04
 438.5000000000    1.7877559732e-04
 439.0000000000    1.7879086154e-04
 439.5000000000    1.7880596207e-04
 440.0000000000    1.7882084672e-04
 440.5000000000    1.7883548200e-04
 441.0000000000    1.7884986046e-04
 441.5000000000    1.7886400376e-04
 442.0000000000    1.7887796222e-04
 442.5000000000    1.7889180996e-04
 443.0000000000    1.7890563614e-04
 443.5000000000    1.7891953336e-04
 444.0000000000    1.7893358547e-04
 444.5000000000    1.7894785746e-04
 445.0000000000    1.7896238805e-04
 445.5000000000    1.7897718658e-04
 446.0000000000    1.7899223296e-04
 446.5000000000    1.7900748164e-04
 447.0000000000    1.7902286881e-04
 447.5000000000    1.7903832068e-04
 448.0000000000    1.7905375888e-04
 448.5000000000    1.7906911225e-04
 449.0000000000    1.7908432716e-04
 449.5000000000    1.7909936918e-04
 450.0000000000    1.7911422273e-04
 450.5000000000    1.7912889366e-04
 451.0000000000    1.7914340764e-04
 451.5000000000    1.7915780195e-04
 452.0000000000    1.7917211534e-04
 452.5000000000    1.7918637969e-04
 453.0000000000    1.7920061506e-04
 453.5000000000    1.7921482703e-04
 454.0000000000    1.7922900971e-04
 454.5000000000    1.7924314856e-04
 455.0000000000    1.7925722465e-04
 455.5000000000    1.7927121765e-04
 456.0000000000    1.7928510933e-04
 456.5000000000    1.7929888475e-04
 457.0000000000    1.7931253835e-04
 457.5000000000    1.7932607327e-04
 458.0000000000    1.7933950320e-04
 458.5000000000    1.7935285044e-04
 459.0000000000    1.7936614114e-04
 459.5000000000    1.7937940010e-04
 460.0000000000    1.7939264666e-04
 460.5000000000    1.7940589224e-04
 461.0000000000    1.7941914003e-04
 461.5000000000    1.7943238696e-04
 462.0000000000    1.7944562669e-04
 462.5000000000    1.7945885211e-04
 463.0000000000    1.7947205661e-04
 463.5000000000    1.7948523473e-04
 464.0000000000    1.7949838267e-04
 464.5000000000    1.7951149882e-04
 465.0000000000    1.7952458372e-04
 465.5000000000    1.7953763990e-04
 466.0000000000    1.7955067105e-04
 466.5000000000    1.7956368046e-04
 467.0000000000    1.7957666917e-04
 467.5000000000    1.7958963470e-04
 468.0000000000    1.7960257301e-04
 468.5000000000    1.7961548049e-04
 469.0000000000    1.7962835319e-04
 469.5000000000    1.7964118577e-04
 470.0000000000    1.7965397375e-04
 470.5000000000    1.7966671327e-04
 471.0000000000    1.7967939599e-04
 471.5000000000    1.7969201291e-04
 472.0000000000    1.7970456026e-04
 472.5000000000    1.7971703766e-04
 473.0000000000    1.7972944760e-04
 473.5000000000    1.7974179648e-04
 474.0000000000    1.7975409370e-04
 474.5000000000    1.7976634952e-04
 475.0000000000    1.7977857329e-04
 475.5000000000    1.7979077180e-04
 476.0000000000    1.7980294750e-04
 476.5000000000    1.7981509745e-04
 477.0000000000    1.7982721450e-04
 477.5000000000    1.7983929158e-04
 478.0000000000    1.7985132598e-04
 478.5000000000    1.7986332112e-04
 479.0000000000    1.7987528684e-04
 479.5000000000    1.7988723701e-04
 480.0000000000    1.7989918463e-04
 480.5000000000    1.7991113711e-04
 481.0000000000    1.7992309355e-04
 481.5000000000    1.7993504472e-04
 482.0000000000    1.7994697646e-04
 482.5000000000    1.7995887564e-04
 483.0000000000    1.7997073521e-04
 483.5000000000    1.7998255636e-04
 484.0000000000    1.7999434698e-04
 484.5000000000    1.8000611678e-04
 485.0000000000    1.8001787126e-04
 485.5000000000    1.8002960785e-04
 486.0000000000    1.8004131599e-04
 486.5000000000    1.8005298175e-04
 487.0000000000    1.8006459450e-04
 487.5000000000    1.8007615207e-04
 488.0000000000    1.8008766111e-04
 488.5000000000    1.8009913383e-04
 489.0000000000    1.8011058147e-04
 489.5000000000    1.8012200758e-04
 490.0000000000    1.8013340672e-04
 490.5000000000    1.8014476503e-04
 491.0000000000    1.8015606748e-04
 491.5000000000    1.8016730265e-04
 492.0000000000    1.8017846978e-04
 492.5000000000    1.8018957756e-04
 493.0000000000    1.8020064074e-04
 493.5000000000    1.8021167362e-04
 494.0000000000    1.8022268555e-04
 494.5000000000    1.8023367877e-04
 495.0000000000    1.8024465077e-04
 495.5000000000    1.8025559778e-04
 496.0000000000    1.8026651790e-04
 496.5000000000    1.8027741045e-04
 497.0000000000    1.8028827301e-04
 497.5000000000    1.8029909835e-04
 498.0000000000    1.8030987140e-04
 498.5000000000    1.8032056949e-04
 499.0000000000    1.8033116529e-04
 499.5000000000    1.8034163179e-04
 500.0000000000    1.8035194764e-04
 500.5000000000    1.8036210083e-04
 501.0000000000    1.8037209215e-04
 501.5000000000    1.8038193951e-04
 502.0000000000    1.8039168402e-04
 502.5000000000    1.8040139703e-04
 503.0000000000    1.8041118563e-04
 503.5000000000    1.8042119287e-04
 504.0000000000    1.8043158926e-04
 504.5000000000    1.8044255292e-04
 505.0000000000    1.8045424021e-04
 505.5000000000    1.8046675187e-04
 506.0000000000    1.8048009822e-04
 506.5000000000    1.8049416687e-04
 507.0000000000    1.8050870395e-04
 507.5000000000    1.8052331504e-04
 508.0000000000    1.8053747920e-04
 508.5000000000    1.8055057931e-04
 509.0000000000    1.8056195421e-04
 509.5000000000    1.8057097674e-04
 510.0000000000    1.8057713968e-04
 510.5000000000    1.8058013930e-04
 511.0000000000    1.8057995263e-04
 511.5000000000    1.8057688736e-04
 512.0000000000    1.8057158885e-04
 512.5000000000    1.8056499711e-04
 513.0000000000    1.8055825310e-04
 513.5000000000    1.8055256460e-04
 514.0000000000    1.8054905228e-04
 514.5000000000    1.8054860736e-04
 515.0000000000    1.8055178794e-04
 515.5000000000    1.8055877167e-04
 516.0000000000    1.8056936743e-04
 516.5000000000    1.8058308229e-04
 517.0000000000    1.8059922598e-04
 517.5000000000    1.8061703242e-04
 518.0000000000    1.8063577578e-04
 518.5000000000    1.8065486315e-04
 519.0000000000    1.8067388825e-04
 519.5000000000    1.8069263838e-04
 520.0000000000    1.8071105998e-04
 520.5000000000    1.8072919234e-04
 521.0000000000    1.8074709072e-04
 521.5000000000    1.8076476198e-04
 522.0000000000    1.8078213084e-04
 522.5000000000    1.8079904402e-04
 523.0000000000    1.8081530615e-04
 523.5000000000    1.8083073210e-04
 524.0000000000    1.8084519699e-04
 524.5000000000    1.8085866910e-04
 525.0000000000    1.8087121576e-04
 525.5000000000    1.8088298222e-04
 526.0000000000    1.8089415835e-04
 526.5000000000    1.8090493797e-04
 527.0000000000    1.8091548121e-04
 527.5000000000    1.8092588822e-04
 528.0000000000    1.8093619587e-04
 528.5000000000    1.8094638369e-04
 529.0000000000    1.8095639123e-04
 529.5000000000    1.8096615154e-04
 530.0000000000    1.8097561867e-04
 530.5000000000    1.8098477750e-04
 531.0000000000    1.8099364818e-04
 531.5000000000    1.8100228346e-04
 532.0000000000    1.8101075541e-04
 532.5000000000    1.8101913838e-04
 533.0000000000    1.8102750226e-04
 533.5000000000    1.8103590939e-04
 534.0000000000    1.8104441078e-04
 534.5000000000    1.8105304240e-04
 535.0000000000    1.8106182218e-04
 535.5000000000    1.8107074979e-04
 536.0000000000    1.8107980931e-04
 536.5000000000    1.8108897474e-04
 537.0000000000    1.8109821776e-04
 537.5000000000    1.8110751650e-04
 538.0000000000    1.8111686424e-04
 538.5000000000    1.8112627853e-04
 539.0000000000    1.8113580845e-04
 539.5000000000    1.8114553838e-04
 540.0000000000    1.8115558667e-04
 540.5000000000    1.8116609461e-04
 541.0000000000    1.8117719989e-04
 541.5000000000    1.8118900236e-04
 542.0000000000    1.8120153128e-04
 542.5000000000    1.8121470883e-04
 543.0000000000    1.8122831778e-04
 543.5000000000    1.8124199117e-04
 544.0000000000    1.8125522526e-04
 544.5000000000    1.8126741300e-04
 545.0000000000    1.8127789675e-04
 545.5000000000    1.8128605566e-04
 546.0000000000    1.8129141244e-04
 546.5000000000    1.8129373549e-04
 547.0000000000    1.8129313340e-04
 547.5000000000    1.8129012434e-04
 548.0000000000    1.8128565821e-04
 548.5000000000    1.8128108380e-04
 549.0000000000    1.8127805685e-04
 549.5000000000    1.8127839402e-04
 550.0000000000    1.8128387695e-04
 550.5000000000    1.8129602844e-04
 551.0000000000    1.8131588987e-04
 551.5000000000    1.8134383369e-04
 552.0000000000    1.8137944669e-04
 552.5000000000    1.8142150841e-04
 553.0000000000    1.8146808649e-04
 553.5000000000    1.8151673435e-04
 554.0000000000    1.8156476804e-04
 554.5000000000    1.8160957508e-04
 555.0000000000    1.8164891387e-04
 555.5000000000    1.8168115886e-04
 556.0000000000    1.8170544934e-04
 556.5000000000    1.8172172656e-04
 557.0000000000    1.8173064984e-04
 557.5000000000    1.8173341046e-04
 558.0000000000    1.8173147653e-04
 558.5000000000    1.8172631905e-04
 559.0000000000    1.8171918180e-04
 559.5000000000    1.8171093934e-04
 560.0000000000    1.8170207010e-04
 560.5000000000    1.8169273689e-04
 561.0000000000    1.8168294010e-04
 561.5000000000    1.8167269051e-04
 562.0000000000    1.8166214888e-04
 562.5000000000    1.8165169292e-04
 563.0000000000    1.8164189691e-04
 563.5000000000    1.8163343622e-04
 564.0000000000    1.8162694894e-04
 564.5000000000    1.8162289404e-04
 565.0000000000    1.8162144843e-04
 565.5000000000    1.8162246897e-04
 566.0000000000    1.8162552751e-04
 566.5000000000    1.8163001872e-04
 567.0000000000    1.8163531172e-04
 567.5000000000    1.8164089313e-04
 568.0000000000    1.8164647254e-04
 568.5000000000    1.8165202831e-04
 569.0000000000    1.8165777894e-04
 569.5000000000    1.8166409922e-04
 570.0000000000    1.8167141006e-04
 570.5000000000    1.8168006330e-04
 571.0000000000    1.8169025800e-04
 571.5000000000    1.8170200279e-04
 572.0000000000    1.8171511387e-04
 572.5000000000    1.8172924529e-04
 573.0000000000    1.8174394406e-04
 573.5000000000    1.8175871497e-04
 574.0000000000    1.8177308409e-04
 574.5000000000    1.8178665242e-04
 575.0000000000    1.8179913365e-04
 575.5000000000    1.8181037168e-04
 576.0000000000    1.8182034268e-04
 576.5000000000    1.8182913897e-04
 577.0000000000    1.8183694924e-04
 577.5000000000    1.8184402350e-04
 578.0000000000    1.8185063571e-04
 578.5000000000    1.8185704657e-04
 579.0000000000    1.8186346763e-04
 579.5000000000    1.8187003514e-04
 580.0000000000    1.8187680134e-04
 580.5000000000    1.8188373984e-04
 581.0000000000    1.8189077005e-04
 581.5000000000    1.8189778714e-04
 582.0000000000    1.8190469413e-04
 582.5000000000    1.8191142886e-04
 583.0000000000    1.8191797708e-04
 583.5000000000    1.8192437186e-04
 584.0000000000    1.8193068393e-04
 584.5000000000    1.8193700063e-04
 585.0000000000    1.8194340787e-04
 585.5000000000    1.8194997151e-04
 586.0000000000    1.8195672975e-04
 586.5000000000    1.8196368729e-04
 587.0000000000    1.8197082567e-04
 587.5000000000    1.8197810751e-04
 588.0000000000    1.8198548843e-04
 588.5000000000    1.8199292630e-04
 589.0000000000    1.8200038836e-04
 589.5000000000    1.8200785362e-04
 590.0000000000    1.8201530938e-04
 590.5000000000    1.8202275458e-04
 591.0000000000    1.8203019256e-04
 591.5000000000    1.8203762702e-04
 592.0000000000    1.8204506537e-04
 592.5000000000    1.8205251876e-04
 593.0000000000    1.8205999534e-04
 593.5000000000    1.8206749798e-04
 594.0000000000    1.8207502751e-04
 594.5000000000    1.8208258526e-04
 595.0000000000    1.8209016890e-04
 595.5000000000    1.8209776721e-04
 596.0000000000    1.8210536666e-04
 596.5000000000    1.8211295470e-04
 597.0000000000    1.8212051635e-04
 597.5000000000    1.8212803747e-04
 598.0000000000    1.8213550679e-04
 598.5000000000    1.8214291376e-04
 599.0000000000    1.8215024558e-04
 599.5000000000    1.8215748834e-04
 600.0000000000    1.8216462333e-04
 600.5000000000    1.8217162695e-04
 601.0000000000    1.8217846949e-04
 601.5000000000    1.8218511465e-04
 602.0000000000    1.8219152299e-04
 602.5000000000    1.8219765421e-04
 603.0000000000    1.8220347672e-04
 603.5000000000    1.8220896822e-04
 604.0000000000    1.8221412008e-04
 604.5000000000    1.8221894003e-04
 605.0000000000    1.8222345504e-04
 605.5000000000    1.8222770869e-04
 606.0000000000    1.8223176241e-04
 606.5000000000    1.8223569591e-04
 607.0000000000    1.8223959898e-04
 607.5000000000    1.8224357360e-04
 608.0000000000    1.8224772888e-04
 608.5000000000    1.8225217393e-04
 609.0000000000    1.8225701434e-04
 609.5000000000    1.8226234643e-04
 610.0000000000    1.8226824999e-04
 610.5000000000    1.8227478494e-04
 611.0000000000    1.8228198956e-04
 611.5000000000    1.8228987575e-04
 612.0000000000    1.8229843170e-04
 612.5000000000    1.8230762643e-04
 613.0000000000    1.8231741169e-04
 613.5000000000    1.8232772796e-04
 614.0000000000    1.8233851234e-04
 614.5000000000    1.8234970036e-04
 615.0000000000    1.8236123140e-04
 615.5000000000    1.8237305014e-04
 616.0000000000    1.8238510308e-04
 616.5000000000    1.8239733759e-04
 617.0000000000    1.8240969539e-04
 617.5000000000    1.8242210970e-04
 618.0000000000    1.8243450067e-04
 618.5000000000    1.8244677072e-04
 619.0000000000    1.8245880285e-04
 619.5000000000    1.8247046241e-04
 620.0000000000    1.8248160125e-04
 620.5000000000    1.8249206356e-04
 621.0000000000    1.8250169497e-04
 621.5000000000    1.8251035627e-04
 622.0000000000    1.8251793163e-04
 622.5000000000    1.8252434310e-04
 623.0000000000    1.8252955777e-04
 623.5000000000    1.8253359382e-04
 624.0000000000    1.8253652381e-04
 624.5000000000    1.8253847354e-04
 625.0000000000    1.8253961872e-04
 625.5000000000    1.8254017331e-04
 626.0000000000    1.8254037989e-04
 626.5000000000    1.8254049229e-04
 627.0000000000    1.8254075521e-04
 627.5000000000    1.8254138989e-04
 628.0000000000    1.8254258138e-04
 628.5000000000    1.8254446622e-04
 629.0000000000    1.8254712528e-04
 629.5000000000    1.8255058873e-04
 630.0000000000    1.8255483959e-04
 630.5000000000    1.8255982090e-04
 631.0000000000    1.8256545256e-04
 631.5000000000    1.8257164812e-04
 632.0000000000    1.8257832518e-04
 632.5000000000    1.8258542095e-04
 633.0000000000    1.8259289848e-04
 633.5000000000    1.8260074663e-04
 634.0000000000    1.8260897622e-04
 634.5000000000    1.8261760751e-04
 635.0000000000    1.8262666027e-04
 635.5000000000    1.8263614477e-04
 636.0000000000    1.8264604723e-04
 636.5000000000    1.8265632203e-04
 637.0000000000    1.8266689094e-04
 637.5000000000    1.8267764391e-04
 638.0000000000    1.8268844310e-04
 638.5000000000    1.8269913280e-04
 639.0000000000    1.8270955036e-04
 639.5000000000    1.8271953832e-04
 640.0000000000    1.8272895893e-04
 640.5000000000    1.8273770475e-04
 641.0000000000    1.8274570831e-04
 641.5000000000    1.8275295089e-04
 642.0000000000    1.8275946321e-04
 642.5000000000    1.8276532577e-04
 643.0000000000    1.8277066481e-04
 643.5000000000    1.8277563840e-04
 644.0000000000    1.8278042308e-04
 644.5000000000    1.8278519983e-04
 645.0000000000    1.8279013612e-04
 645.5000000000    1.8279537378e-04
 646.0000000000    1.8280102062e-04
 646.5000000000    1.8280714650e-04
 647.0000000000    1.8281378491e-04
 647.5000000000    1.8282094125e-04
 648.0000000000    1.8282860001e-04
 648.5000000000    1.8283673595e-04
 649.0000000000    1.8284532334e-04
 649.5000000000    1.8285433595e-04
 650.0000000000    1.8286374931e-04
 650.5000000000    1.8287353342e-04
 651.0000000000    1.8288364597e-04
 651.5000000000    1.8289402228e-04
 652.0000000000    1.8290456928e-04
 652.5000000000    1.8291515854e-04
 653.0000000000    1.8292562999e-04
 653.5000000000    1.8293579348e-04
 654.0000000000    1.8294543917e-04
 654.5000000000    1.8295434900e-04
 655.0000000000    1.8296230970e-04
 655.5000000000    1.8296912657e-04
 656.0000000000    1.8297463402e-04
 656.5000000000    1.8297870545e-04
 657.0000000000    1.8298125891e-04
 657.5000000000    1.8298226165e-04
 658.0000000000    1.8298173094e-04
 658.5000000000    1.8297973520e-04
 659.0000000000    1.8297639084e-04
 659.5000000000    1.8297186099e-04
 660.0000000000    1.8296635568e-04
 660.5000000000    1.8296012717e-04
 661.0000000000    1.8295346698e-04
 661.5000000000    1.8294669934e-04
 662.0000000000    1.8294017320e-04
 662.5000000000    1.8293424666e-04
 663.0000000000    1.8292927398e-04
 663.5000000000    1.8292558745e-04
 664.0000000000    1.8292347924e-04
 664.5000000000    1.8292318705e-04
 665.0000000000    1.8292487939e-04
 665.5000000000    1.8292864911e-04
 666.0000000000    1.8293451005e-04
 666.5000000000    1.8294240148e-04
 667.0000000000    1.8295219748e-04
 667.5000000000    1.8296372113e-04
 668.0000000000    1.8297675857e-04
 668.5000000000    1.8299107516e-04
 669.0000000000    1.8300642951e-04
 669.5000000000    1.8302258389e-04
 670.0000000000    1.8303930949e-04
 670.5000000000    1.8305638759e-04
 671.0000000000    1.8307360448e-04
 671.5000000000    1.8309074415e-04
 672.0000000000    1.8310758030e-04
 672.5000000000    1.8312386896e-04
 673.0000000000    1.8313934455e-04
 673.5000000000    1.8315372123e-04
 674.0000000000    1.8316670146e-04
 674.5000000000    1.8317799154e-04
 675.0000000000    1.8318731962e-04
 675.5000000000    1.8319446137e-04
 676.0000000000    1.8319926428e-04
 676.5000000000    1.8320166732e-04
 677.0000000000    1.8320171807e-04
 677.5000000000    1.8319958131e-04
 678.0000000000    1.8319553483e-04
 678.5000000000    1.8318995740e-04
 679.0000000000    1.8318330677e-04
 679.5000000000    1.8317608702e-04
 680.0000000000    1.8316881437e-04
 680.5000000000    1.8316197936e-04
 681.0000000000    1.8315600849e-04
 681.5000000000    1.8315123666e-04
 682.0000000000    1.8314788527e-04
 682.5000000000    1.8314604920e-04
 683.0000000000    1.8314569991e-04
 683.5000000000    1.8314669536e-04
 684.0000000000    1.8314879904e-04
 684.5000000000    1.8315170707e-04
 685.0000000000    1.8315507741e-04
 685.5000000000    1.8315855890e-04
 686.0000000000    1.8316181767e-04
 686.5000000000    1.8316455707e-04
 687.0000000000    1.8316653189e-04
 687.5000000000    1.8316755493e-04
 688.0000000000    1.8316749662e-04
 688.5000000000    1.8316627908e-04
 689.0000000000    1.8316386702e-04
 689.5000000000    1.8316025733e-04
 690.0000000000    1.8315546571e-04
 690.5000000000    1.8314951666e-04
 691.0000000000    1.8314243513e-04
 691.5000000000    1.8313424065e-04
 692.0000000000    1.8312494757e-04
 692.5000000000    1.8311457003e-04
 693.0000000000    1.8310313126e-04
 693.5000000000    1.8309067774e-04
 694.0000000000    1.8307729300e-04
 694.5000000000    1.8306311352e-04
 695.0000000000    1.8304834299e-04
 695.5000000000    1.8303326384e-04
 696.0000000000    1.8301824390e-04
 696.5000000000    1.8300373636e-04
 697.0000000000    1.8299027240e-04
 697.5000000000    1.8297844312e-04
 698.0000000000    1.8296887443e-04
 698.5000000000    1.8296219532e-04
 699.0000000000    1.8295900171e-04
 699.5000000000    1.8295981954e-04
 700.0000000000    1.8296506983e-04
