#          time             L^2_Ham             L^2_Mom
   0.0000000000    3.9102541245e-06    3.7807557685e-06
   0.5000000000    1.2165439929e-06    3.7460106215e-06
   1.0000000000    1.0490530323e-06    3.7098196614e-06
   1.5000000000    9.0315258774e-07    3.6856686024e-06
   2.0000000000    7.7045037098e-07    3.6840792213e-06
   2.5000000000    6.5966217828e-07    3.7032229790e-06
   3.0000000000    5.9108846922e-07    3.7362593076e-06
   3.5000000000    5.5295957411e-07    3.7747963052e-06
   4.0000000000    5.3233392892e-07    3.8122994205e-06
   4.5000000000    5.1823235085e-07    3.8450666006e-06
   5.0000000000    5.0156238171e-07    3.8728428074e-06
   5.5000000000    4.8031700779e-07    3.8966201835e-06
   6.0000000000    4.5652418872e-07    3.9179296056e-06
   6.5000000000    4.3211484728e-07    3.9381854387e-06
   7.0000000000    4.0836549428e-07    3.9585196806e-06
   7.5000000000    3.8617414524e-07    3.9804787442e-06
   8.0000000000    3.6655568232e-07    4.0026593008e-06
   8.5000000000    3.4941383975e-07    4.0272018846e-06
   9.0000000000    3.3451539050e-07    4.0538708736e-06
   9.5000000000    3.2143487614e-07    4.0825116870e-06
  10.0000000000    3.1014805243e-07    4.1127433059e-06
  10.5000000000    3.0048388461e-07    4.1463068840e-06
  11.0000000000    2.9312534543e-07    4.1796859907e-06
  11.5000000000    2.8497469382e-07    4.2156464655e-06
  12.0000000000    2.7917929983e-07    4.2540152488e-06
  12.5000000000    2.7459999885e-07    4.2952536498e-06
  13.0000000000    2.7406050639e-07    4.3369079354e-06
  13.5000000000    2.6971622121e-07    4.3794641881e-06
  14.0000000000    2.7491383992e-07    4.4257679404e-06
  14.5000000000    2.7451123953e-07    4.4707970445e-06
  15.0000000000    2.7234632240e-07    4.5194442624e-06
  15.5000000000    2.7105062597e-07    4.5723671089e-06
  16.0000000000    2.7210421078e-07    4.6205927790e-06
  16.5000000000    2.8264010819e-07    4.6707611155e-06
  17.0000000000    3.0261621787e-07    4.7246080270e-06
  17.5000000000    3.0044148993e-07    4.7786223391e-06
  18.0000000000    2.9673547219e-07    4.8358848666e-06
  18.5000000000    2.9534511228e-07    4.8915617157e-06
  19.0000000000    2.9382309170e-07    4.9496269260e-06
  19.5000000000    2.9631572714e-07    5.0068540351e-06
  20.0000000000    3.0398744203e-07    5.0675457158e-06
  20.5000000000    2.8494815690e-07    5.1244361674e-06
  21.0000000000    2.8455955697e-07    5.1850956006e-06
  21.5000000000    2.8810229750e-07    5.2468846902e-06
  22.0000000000    2.9617032637e-07    5.3102953862e-06
  22.5000000000    3.0507221346e-07    5.3744475964e-06
  23.0000000000    3.0854265635e-07    5.4378943675e-06
  23.5000000000    3.1100627901e-07    5.5051757774e-06
  24.0000000000    3.1355076196e-07    5.5724029134e-06
  24.5000000000    3.1853992477e-07    5.6377147566e-06
  25.0000000000    3.2572438828e-07    5.7031710248e-06
  25.5000000000    3.3255371569e-07    5.7716141827e-06
  26.0000000000    3.2922038883e-07    5.8384164094e-06
  26.5000000000    3.2524026709e-07    5.9065955035e-06
  27.0000000000    3.2732309174e-07    5.9760137430e-06
  27.5000000000    3.3129189422e-07    6.0456842556e-06
  28.0000000000    3.3557637719e-07    6.1157546084e-06
  28.5000000000    3.4010790761e-07    6.1930701779e-06
  29.0000000000    3.4496517659e-07    6.2595091155e-06
  29.5000000000    3.4992318721e-07    6.3294522119e-06
  30.0000000000    3.5512238154e-07    6.4003907635e-06
  30.5000000000    3.6090332904e-07    6.4722616364e-06
  31.0000000000    3.6635783932e-07    6.5453560252e-06
  31.5000000000    3.7212639561e-07    6.6187855788e-06
  32.0000000000    3.7815954658e-07    6.6900637856e-06
  32.5000000000    3.8461896188e-07    6.7639059035e-06
  33.0000000000    3.9060327089e-07    6.8368045407e-06
  33.5000000000    3.9697297864e-07    6.9158987005e-06
  34.0000000000    4.0278023478e-07    6.9923135312e-06
  34.5000000000    4.0780091934e-07    7.0589551298e-06
  35.0000000000    4.1393701295e-07    7.1318640461e-06
  35.5000000000    4.1725206996e-07    7.2092873340e-06
  36.0000000000    4.2112723797e-07    7.2824528847e-06
  36.5000000000    4.2504463180e-07    7.3562485290e-06
  37.0000000000    4.2831786736e-07    7.4300197105e-06
  37.5000000000    4.3170408076e-07    7.5107871111e-06
  38.0000000000    4.3475216651e-07    7.5867532824e-06
  38.5000000000    4.3738900173e-07    7.6574719582e-06
  39.0000000000    4.4007521940e-07    7.7318147761e-06
  39.5000000000    4.4266157722e-07    7.8042509885e-06
  40.0000000000    4.4508722999e-07    7.8784004145e-06
  40.5000000000    4.4803385502e-07    7.9531541375e-06
  41.0000000000    4.5117517074e-07    8.0292297143e-06
  41.5000000000    4.5367269338e-07    8.1046658753e-06
  42.0000000000    4.5644752319e-07    8.1781724788e-06
  42.5000000000    4.5952697142e-07    8.2541937385e-06
  43.0000000000    4.6277515994e-07    8.3278721924e-06
  43.5000000000    4.6618586960e-07    8.4004296016e-06
  44.0000000000    4.6921716456e-07    8.4745643472e-06
  44.5000000000    4.7239467259e-07    8.5522488987e-06
  45.0000000000    4.7611468676e-07    8.6313070547e-06
  45.5000000000    4.7970845214e-07    8.7019877216e-06
  46.0000000000    4.8309066907e-07    8.7832699906e-06
  46.5000000000    4.8643779333e-07    8.8513588221e-06
  47.0000000000    4.8969692157e-07    8.9290677351e-06
  47.5000000000    4.9336503912e-07    9.0080880461e-06
  48.0000000000    4.9687931235e-07    9.0707127476e-06
  48.5000000000    5.0071978071e-07    9.1431542289e-06
  49.0000000000    5.0443822985e-07    9.2214066230e-06
  49.5000000000    5.0785524127e-07    9.2966957070e-06
  50.0000000000    5.1144432449e-07    9.3675582503e-06
  50.5000000000    5.1514725028e-07    9.4406206273e-06
  51.0000000000    5.1884782286e-07    9.5136363350e-06
  51.5000000000    5.2257609255e-07    9.5871741127e-06
  52.0000000000    5.2617598615e-07    9.6843293458e-06
  52.5000000000    5.2996894957e-07    9.7451040721e-06
  53.0000000000    5.3376896927e-07    9.8093858028e-06
  53.5000000000    5.3761425332e-07    9.8770535292e-06
  54.0000000000    5.4160442922e-07    9.9638634054e-06
  54.5000000000    5.4545063486e-07    1.0034696037e-05
  55.0000000000    5.4924924671e-07    1.0091956900e-05
  55.5000000000    5.5288252627e-07    1.0161630913e-05
  56.0000000000    5.5629422951e-07    1.0229983048e-05
  56.5000000000    5.6033794867e-07    1.0297987935e-05
  57.0000000000    5.6407083243e-07    1.0372777138e-05
  57.5000000000    5.6709495347e-07    1.0431754582e-05
  58.0000000000    5.7034040937e-07    1.0529261228e-05
  58.5000000000    5.7364116670e-07    1.0575416863e-05
  59.0000000000    5.7664514721e-07    1.0627874620e-05
  59.5000000000    5.8004517874e-07    1.0698078395e-05
  60.0000000000    5.8373139766e-07    1.0754292726e-05
  60.5000000000    5.8746415063e-07    1.0822494964e-05
  61.0000000000    5.9148416348e-07    1.0893196594e-05
  61.5000000000    5.9553276986e-07    1.0964385736e-05
  62.0000000000    5.9933773510e-07    1.1093181072e-05
  62.5000000000    6.0313459656e-07    1.1110182479e-05
  63.0000000000    6.0665404622e-07    1.1176577039e-05
  63.5000000000    6.1014905977e-07    1.1239659983e-05
  64.0000000000    6.1413835053e-07    1.1304590602e-05
  64.5000000000    6.1780687462e-07    1.1373672872e-05
  65.0000000000    6.2155586674e-07    1.1440853881e-05
  65.5000000000    6.2548061228e-07    1.1507677779e-05
  66.0000000000    6.2938286172e-07    1.1571795571e-05
  66.5000000000    6.3330102860e-07    1.1639497575e-05
  67.0000000000    6.3704109899e-07    1.1705810417e-05
  67.5000000000    6.4093846416e-07    1.1782761844e-05
  68.0000000000    6.4470100344e-07    1.1841474571e-05
  68.5000000000    6.4854961953e-07    1.1963335735e-05
  69.0000000000    6.5220996556e-07    1.2003293425e-05
  69.5000000000    6.5604826433e-07    1.2046308161e-05
  70.0000000000    6.5973579997e-07    1.2104291426e-05
  70.5000000000    6.6356614627e-07    1.2262011551e-05
  71.0000000000    6.6719288762e-07    1.2256224042e-05
  71.5000000000    6.7105812977e-07    1.2305749693e-05
  72.0000000000    6.7476551831e-07    1.2388320817e-05
  72.5000000000    6.7817164709e-07    1.2442673268e-05
  73.0000000000    6.8283493677e-07    1.2499373341e-05
  73.5000000000    6.8677945121e-07    1.2553008777e-05
  74.0000000000    6.9022171800e-07    1.2609247404e-05
  74.5000000000    6.9421778872e-07    1.2684737663e-05
  75.0000000000    7.0013515376e-07    1.2792412962e-05
  75.5000000000    7.0316484045e-07    1.2843050153e-05
  76.0000000000    7.0698415057e-07    1.2896648689e-05
  76.5000000000    7.1079220105e-07    1.2949402895e-05
  77.0000000000    7.1342996055e-07    1.3004514528e-05
  77.5000000000    7.1538974461e-07    1.3071526460e-05
  78.0000000000    7.1965802725e-07    1.3132391753e-05
  78.5000000000    7.2425387098e-07    1.3198041440e-05
  79.0000000000    7.2813117633e-07    1.3249717266e-05
  79.5000000000    7.3218315613e-07    1.3305224537e-05
  80.0000000000    7.3517660841e-07    1.3382257928e-05
  80.5000000000    7.3830586107e-07    1.3430820395e-05
  81.0000000000    7.4175683292e-07    1.3494796984e-05
  81.5000000000    7.4549223233e-07    1.3553828870e-05
  82.0000000000    7.4906837385e-07    1.3612584173e-05
  82.5000000000    7.5305480741e-07    1.3673066682e-05
  83.0000000000    7.5655226769e-07    1.3734195445e-05
  83.5000000000    7.5997667464e-07    1.3795124947e-05
  84.0000000000    7.6373112734e-07    1.3854404593e-05
  84.5000000000    7.6722033277e-07    1.3913520263e-05
  85.0000000000    7.7140189180e-07    1.3989733359e-05
  85.5000000000    7.7604613324e-07    1.4035636397e-05
  86.0000000000    7.8247227974e-07    1.4094556273e-05
  86.5000000000    7.8968566996e-07    1.4153409356e-05
  87.0000000000    7.9665819602e-07    1.4212076579e-05
  87.5000000000    8.0746955879e-07    1.4270893788e-05
  88.0000000000    8.2005439822e-07    1.4329592787e-05
  88.5000000000    8.3019000422e-07    1.4397308779e-05
  89.0000000000    8.3968062996e-07    1.4453412273e-05
  89.5000000000    8.4626521005e-07    1.4513759561e-05
  90.0000000000    8.5424027386e-07    1.4584452803e-05
  90.5000000000    8.6044840029e-07    1.4628186237e-05
  91.0000000000    8.6624438316e-07    1.4680295843e-05
  91.5000000000    8.7017468739e-07    1.4737580772e-05
  92.0000000000    8.7372813089e-07    1.4796746245e-05
  92.5000000000    8.7711654681e-07    1.4852267020e-05
  93.0000000000    8.7990740867e-07    1.4910466372e-05
  93.5000000000    8.8187035512e-07    1.4964655865e-05
  94.0000000000    8.8366679357e-07    1.5021431152e-05
  94.5000000000    8.8675344713e-07    1.5078549101e-05
  95.0000000000    8.8936316791e-07    1.5152455688e-05
  95.5000000000    8.9134054212e-07    1.5193572615e-05
  96.0000000000    8.9349508263e-07    1.5247451131e-05
  96.5000000000    8.9679976659e-07    1.5339658640e-05
  97.0000000000    9.0001591133e-07    1.5373815482e-05
  97.5000000000    9.0244540153e-07    1.5416653340e-05
  98.0000000000    9.0479506977e-07    1.5473147487e-05
  98.5000000000    9.0784296904e-07    1.5537175482e-05
  99.0000000000    9.1105327505e-07    1.5591135681e-05
  99.5000000000    9.1441147031e-07    1.5639844477e-05
 100.0000000000    9.1901241832e-07    1.5700019348e-05
 100.5000000000    9.2234321342e-07    1.5747636479e-05
 101.0000000000    9.2199052797e-07    1.5802146866e-05
 101.5000000000    9.2053533903e-07    1.5855789071e-05
 102.0000000000    9.2359261099e-07    1.5910726659e-05
 102.5000000000    9.3124545232e-07    1.5964015335e-05
 103.0000000000    9.3675389932e-07    1.6017145287e-05
 103.5000000000    9.3588710801e-07    1.6070027090e-05
 104.0000000000    9.3476418872e-07    1.6123640971e-05
 104.5000000000    9.3797017376e-07    1.6177320407e-05
 105.0000000000    9.4227843993e-07    1.6235591989e-05
 105.5000000000    9.4484001255e-07    1.6350143107e-05
 106.0000000000    9.4650370415e-07    1.6350392898e-05
 106.5000000000    9.4882939881e-07    1.6418819186e-05
 107.0000000000    9.5165469137e-07    1.6436555971e-05
 107.5000000000    9.5421821487e-07    1.6493068306e-05
 108.0000000000    9.5659747894e-07    1.6544159018e-05
 108.5000000000    9.5920560431e-07    1.6603435810e-05
 109.0000000000    9.6171167505e-07    1.6654764243e-05
 109.5000000000    9.6415917404e-07    1.6700748320e-05
 110.0000000000    9.6670338058e-07    1.6758989486e-05
 110.5000000000    9.6930697661e-07    1.6805764539e-05
 111.0000000000    9.7199141181e-07    1.6857071762e-05
 111.5000000000    9.7452357667e-07    1.6908805232e-05
 112.0000000000    9.7702534591e-07    1.6959621183e-05
 112.5000000000    9.7963567551e-07    1.7011045473e-05
 113.0000000000    9.8218331413e-07    1.7061825572e-05
 113.5000000000    9.8493759010e-07    1.7112768619e-05
 114.0000000000    9.8763517936e-07    1.7163610569e-05
 114.5000000000    9.9035735609e-07    1.7237175336e-05
 115.0000000000    9.9299606503e-07    1.7267361714e-05
 115.5000000000    9.9574550712e-07    1.7317361745e-05
 116.0000000000    9.9851038884e-07    1.7367929195e-05
 116.5000000000    1.0011899669e-06    1.7418298757e-05
 117.0000000000    1.0039704801e-06    1.7468397711e-05
 117.5000000000    1.0069580701e-06    1.7518362142e-05
 118.0000000000    1.0101611078e-06    1.7590167382e-05
 118.5000000000    1.0132543651e-06    1.7622207857e-05
 119.0000000000    1.0162982491e-06    1.7669118829e-05
 119.5000000000    1.0193362497e-06    1.7724005117e-05
 120.0000000000    1.0230256312e-06    1.7801320859e-05
 120.5000000000    1.0265321795e-06    1.7801758437e-05
 121.0000000000    1.0300462610e-06    1.7852290887e-05
 121.5000000000    1.0334032374e-06    1.7906827026e-05
 122.0000000000    1.0370408092e-06    1.7953031590e-05
 122.5000000000    1.0409542982e-06    1.7999574471e-05
 123.0000000000    1.0445933317e-06    1.8047653467e-05
 123.5000000000    1.0479984505e-06    1.8096410494e-05
 124.0000000000    1.0517807590e-06    1.8170436697e-05
 124.5000000000    1.0557629386e-06    1.8196331482e-05
 125.0000000000    1.0592282437e-06    1.8244419167e-05
 125.5000000000    1.0620886312e-06    1.8293103033e-05
 126.0000000000    1.0655444730e-06    1.8341454653e-05
 126.5000000000    1.0695898536e-06    1.8389661331e-05
 127.0000000000    1.0730584757e-06    1.8437759265e-05
 127.5000000000    1.0756256773e-06    1.8509985305e-05
 128.0000000000    1.0785169228e-06    1.8538432547e-05
 128.5000000000    1.0822837494e-06    1.8583242308e-05
 129.0000000000    1.0857085793e-06    1.8636730294e-05
 129.5000000000    1.0879655424e-06    1.8680116053e-05
 130.0000000000    1.0908104420e-06    1.8728020367e-05
 130.5000000000    1.0942453245e-06    1.8775825431e-05
 131.0000000000    1.0971310456e-06    1.8823357650e-05
 131.5000000000    1.0996126233e-06    1.8870757032e-05
 132.0000000000    1.1024977132e-06    1.8918065124e-05
 132.5000000000    1.1056537343e-06    1.8965263762e-05
 133.0000000000    1.1083166168e-06    1.9012370473e-05
 133.5000000000    1.1111008586e-06    1.9087368729e-05
 134.0000000000    1.1137591473e-06    1.9109054808e-05
 134.5000000000    1.1166796961e-06    1.9155562506e-05
 135.0000000000    1.1194216978e-06    1.9202889826e-05
 135.5000000000    1.1221258323e-06    1.9249906544e-05
 136.0000000000    1.1249203198e-06    1.9296709673e-05
 136.5000000000    1.1277451531e-06    1.9343392385e-05
 137.0000000000    1.1306077907e-06    1.9416755294e-05
 137.5000000000    1.1331769901e-06    1.9442250462e-05
 138.0000000000    1.1358712613e-06    1.9514374705e-05
 138.5000000000    1.1387402212e-06    1.9533743245e-05
 139.0000000000    1.1415483918e-06    1.9579545599e-05
 139.5000000000    1.1442227087e-06    1.9626390023e-05
 140.0000000000    1.1468635503e-06    1.9672833316e-05
 140.5000000000    1.1495768987e-06    1.9719117918e-05
 141.0000000000    1.1523925102e-06    1.9765317079e-05
 141.5000000000    1.1551479761e-06    1.9811473615e-05
 142.0000000000    1.1577450010e-06    1.9857582684e-05
 142.5000000000    1.1605241459e-06    1.9903634834e-05
 143.0000000000    1.1632548066e-06    1.9956839959e-05
 143.5000000000    1.1684795927e-06    2.0174946272e-05
 144.0000000000    1.1706546833e-06    2.0105948490e-05
 144.5000000000    1.1722903425e-06    2.0100116730e-05
 145.0000000000    1.1750964371e-06    2.0160426037e-05
 145.5000000000    1.1778621617e-06    2.0189087193e-05
 146.0000000000    1.1807671322e-06    2.0239290824e-05
 146.5000000000    1.1842899574e-06    2.0300747504e-05
 147.0000000000    1.1878923779e-06    2.0327237697e-05
 147.5000000000    1.1914605438e-06    2.0401230012e-05
 148.0000000000    1.1960199027e-06    2.0428458350e-05
 148.5000000000    1.2032780187e-06    2.0473015750e-05
 149.0000000000    1.2122312943e-06    2.0517066861e-05
 149.5000000000    1.2199339779e-06    2.0559875496e-05
 150.0000000000    1.2277875417e-06    2.0918288691e-05
 150.5000000000    1.2418928123e-06    2.0722770467e-05
 151.0000000000    1.2618479074e-06    2.0704797020e-05
 151.5000000000    1.2755592692e-06    2.0737495413e-05
 152.0000000000    1.2844657473e-06    2.0800320776e-05
 152.5000000000    1.3068984276e-06    2.0835523216e-05
 153.0000000000    1.3371572908e-06    2.0884099634e-05
 153.5000000000    1.3484238284e-06    2.0926627153e-05
 154.0000000000    1.3503342812e-06    2.0973682548e-05
 154.5000000000    1.3769752357e-06    2.1018274046e-05
 155.0000000000    1.4109118151e-06    2.1064104855e-05
 155.5000000000    1.4134856534e-06    2.1799988766e-05
 156.0000000000    1.4074229129e-06    2.2981539444e-05
 156.5000000000    1.4307318374e-06    2.1298886186e-05
 157.0000000000    1.4545265540e-06    2.3313713663e-05
 157.5000000000    1.4439515880e-06    2.1342673913e-05
 158.0000000000    1.4325639364e-06    2.1358345908e-05
 158.5000000000    1.4450514426e-06    2.1442250361e-05
 159.0000000000    1.4524468020e-06    2.1458376552e-05
 159.5000000000    1.4434667077e-06    2.1567746371e-05
 160.0000000000    1.4439928822e-06    2.1553590458e-05
 160.5000000000    1.4567634163e-06    2.1643645950e-05
 161.0000000000    1.4618733799e-06    2.1633358926e-05
 161.5000000000    1.4572426329e-06    2.1686270460e-05
 162.0000000000    1.4539006418e-06    2.1723321651e-05
 162.5000000000    1.4518008046e-06    2.1773341427e-05
 163.0000000000    1.4468922067e-06    2.1814818017e-05
 163.5000000000    1.4431782439e-06    2.1862567032e-05
 164.0000000000    1.4444149105e-06    2.1939447628e-05
 164.5000000000    1.4473875355e-06    2.1961843432e-05
 165.0000000000    1.4480363812e-06    2.2040125081e-05
 165.5000000000    1.4456848588e-06    2.2049273776e-05
 166.0000000000    1.4427201026e-06    2.2093069575e-05
 166.5000000000    1.4398887869e-06    2.2139115591e-05
 167.0000000000    1.4375541541e-06    2.2184417581e-05
 167.5000000000    1.4363528163e-06    2.2229860386e-05
 168.0000000000    1.4358177980e-06    2.2275335765e-05
 168.5000000000    1.4348514735e-06    2.2320892777e-05
 169.0000000000    1.4330579975e-06    2.2366467426e-05
 169.5000000000    1.4316208979e-06    2.2451988574e-05
 170.0000000000    1.4306575763e-06    2.2460524634e-05
 170.5000000000    1.4306144893e-06    2.2505698801e-05
 171.0000000000    1.4306006626e-06    2.2552112798e-05
 171.5000000000    1.4305927737e-06    2.2597987696e-05
 172.0000000000    1.4304562416e-06    2.2643613590e-05
 172.5000000000    1.4303944086e-06    2.2722462925e-05
 173.0000000000    1.4305050079e-06    2.2793710576e-05
 173.5000000000    1.4309103702e-06    2.2791889252e-05
 174.0000000000    1.4314817819e-06    2.2885534276e-05
 174.5000000000    1.4321282175e-06    2.2883830165e-05
 175.0000000000    1.4326181775e-06    2.2916670889e-05
 175.5000000000    1.4335465088e-06    2.2960237385e-05
 176.0000000000    1.4346671462e-06    2.3006820014e-05
 176.5000000000    1.4358606760e-06    2.3054257038e-05
 177.0000000000    1.4369227402e-06    2.3101087298e-05
 177.5000000000    1.4381817088e-06    2.3147392142e-05
 178.0000000000    1.4395618043e-06    2.3236608111e-05
 178.5000000000    1.4410811568e-06    2.3242493823e-05
 179.0000000000    1.4428869245e-06    2.3286223582e-05
 179.5000000000    1.4443821927e-06    2.3327560028e-05
 180.0000000000    1.4460943943e-06    2.3372198218e-05
 180.5000000000    1.4479826389e-06    2.3419123735e-05
 181.0000000000    1.4499780886e-06    2.3466475633e-05
 181.5000000000    1.4520147901e-06    2.3513451663e-05
 182.0000000000    1.4540417238e-06    2.3560153174e-05
 182.5000000000    1.4563147229e-06    2.3618134574e-05
 183.0000000000    1.4587794904e-06    2.3672792585e-05
 183.5000000000    1.4615503517e-06    2.3713480907e-05
 184.0000000000    1.4644296369e-06    2.3752404546e-05
 184.5000000000    1.4678586448e-06    2.3794817828e-05
 185.0000000000    1.4716540304e-06    2.3839827315e-05
 185.5000000000    1.4757044676e-06    2.3886071079e-05
 186.0000000000    1.4795061424e-06    2.3932876985e-05
 186.5000000000    1.4827593273e-06    2.3991481151e-05
 187.0000000000    1.4852041206e-06    2.4029026712e-05
 187.5000000000    1.4869703646e-06    2.4087885017e-05
 188.0000000000    1.4886587188e-06    2.4130960236e-05
 188.5000000000    1.4902317137e-06    2.4173635197e-05
 189.0000000000    1.4929056125e-06    2.4218691231e-05
 189.5000000000    1.4962804995e-06    2.4265338566e-05
 190.0000000000    1.4998330890e-06    2.4312779883e-05
 190.5000000000    1.5038648089e-06    2.4408330318e-05
 191.0000000000    1.5084109339e-06    2.4411169023e-05
 191.5000000000    1.5139216250e-06    2.4459647286e-05
 192.0000000000    1.5198367038e-06    2.4507854423e-05
 192.5000000000    1.5244697296e-06    2.4554793400e-05
 193.0000000000    1.5264840153e-06    2.4602839498e-05
 193.5000000000    1.5261682294e-06    2.4651558124e-05
 194.0000000000    1.5254373327e-06    2.4700497818e-05
 194.5000000000    1.5268209778e-06    2.4798196638e-05
 195.0000000000    1.5315335268e-06    2.4800788395e-05
 195.5000000000    1.5383588091e-06    2.4850487348e-05
 196.0000000000    1.5446489007e-06    2.4902058377e-05
 196.5000000000    1.5480375861e-06    2.4950215732e-05
 197.0000000000    1.5485941791e-06    2.4998655210e-05
 197.5000000000    1.5479992021e-06    2.5047766942e-05
 198.0000000000    1.5493022814e-06    2.5097308110e-05
 198.5000000000    1.5530658894e-06    2.5196844508e-05
 199.0000000000    1.5580375370e-06    2.5199471545e-05
 199.5000000000    1.5626618241e-06    2.5250700180e-05
 200.0000000000    1.5657497877e-06    2.5300974271e-05
 200.5000000000    1.5679452844e-06    2.5351187529e-05
 201.0000000000    1.5705783587e-06    2.5401660450e-05
 201.5000000000    1.5737146323e-06    2.5452525509e-05
 202.0000000000    1.5776720012e-06    2.5503602373e-05
 202.5000000000    1.5813748382e-06    2.5605280315e-05
 203.0000000000    1.5846722735e-06    2.5608374872e-05
 203.5000000000    1.5877697236e-06    2.5661328981e-05
 204.0000000000    1.5912143495e-06    2.5712661978e-05
 204.5000000000    1.5947598862e-06    2.5764309275e-05
 205.0000000000    1.5981349120e-06    2.5816418864e-05
 205.5000000000    1.6015214450e-06    2.5868750176e-05
 206.0000000000    1.6049153861e-06    2.5921285793e-05
 206.5000000000    1.6085552371e-06    2.6024783504e-05
 207.0000000000    1.6122241237e-06    2.6028834969e-05
 207.5000000000    1.6159660031e-06    2.6083595052e-05
 208.0000000000    1.6194974733e-06    2.6136115405e-05
 208.5000000000    1.6232235908e-06    2.6189266195e-05
 209.0000000000    1.6270280137e-06    2.6243031515e-05
 209.5000000000    1.6309137033e-06    2.6297057873e-05
 210.0000000000    1.6348396539e-06    2.6351290661e-05
 210.5000000000    1.6388028067e-06    2.6415273780e-05
 211.0000000000    1.6427900295e-06    2.6463509878e-05
 211.5000000000    1.6468349176e-06    2.6518222037e-05
 212.0000000000    1.6508287113e-06    2.6572721434e-05
 212.5000000000    1.6553791425e-06    2.6627810268e-05
 213.0000000000    1.6599169162e-06    2.6683392609e-05
 213.5000000000    1.6655430941e-06    2.6739316474e-05
 214.0000000000    1.6729093869e-06    2.6843867966e-05
 214.5000000000    1.6835027247e-06    2.6853825714e-05
 215.0000000000    1.6983866812e-06    2.6912110865e-05
 215.5000000000    1.7176706946e-06    2.6967840880e-05
 216.0000000000    1.7394651674e-06    2.7024964508e-05
 216.5000000000    1.7596885008e-06    2.7082002058e-05
 217.0000000000    1.7731960475e-06    2.7139534012e-05
 217.5000000000    1.7765187759e-06    2.7197765778e-05
 218.0000000000    1.7725293216e-06    2.7263105233e-05
 218.5000000000    1.7709207139e-06    2.7318774879e-05
 219.0000000000    1.7859596344e-06    2.7376521617e-05
 219.5000000000    1.8273379225e-06    2.7435494861e-05
 220.0000000000    1.8909711801e-06    2.7495287251e-05
 220.5000000000    1.9582590269e-06    2.7554332809e-05
 221.0000000000    2.0054571769e-06    2.7614236137e-05
 221.5000000000    2.0178909341e-06    2.7717889537e-05
 222.0000000000    1.9974293998e-06    2.7738609266e-05
 222.5000000000    1.9648520987e-06    2.7800668843e-05
 223.0000000000    1.9471528736e-06    2.7861495759e-05
 223.5000000000    1.9590618486e-06    2.7923856174e-05
 224.0000000000    1.9916168577e-06    2.7986424044e-05
 224.5000000000    2.0199745615e-06    2.8047834302e-05
 225.0000000000    2.0237551301e-06    2.8148367354e-05
 225.5000000000    2.0006852942e-06    2.8176713490e-05
 226.0000000000    1.9676513466e-06    2.8240498355e-05
 226.5000000000    1.9458541364e-06    2.8304400808e-05
 227.0000000000    1.9443461596e-06    2.8369580255e-05
 227.5000000000    1.9539652201e-06    2.8434896600e-05
 228.0000000000    1.9582073066e-06    2.8500573186e-05
 228.5000000000    1.9486269512e-06    2.8596741288e-05
 229.0000000000    1.9301408113e-06    2.8633043856e-05
 229.5000000000    1.9150696331e-06    2.8698701422e-05
 230.0000000000    1.9101277218e-06    2.8765999147e-05
 230.5000000000    1.9129388144e-06    2.8834391019e-05
 231.0000000000    1.9151645405e-06    2.8902974090e-05
 231.5000000000    1.9126116965e-06    2.8971925290e-05
 232.0000000000    1.9078182312e-06    2.9042629850e-05
 232.5000000000    1.9062803616e-06    2.9110263462e-05
 233.0000000000    1.9099719564e-06    2.9177735193e-05
 233.5000000000    1.9172390938e-06    2.9291279710e-05
 234.0000000000    1.9235887405e-06    2.9353585618e-05
 234.5000000000    1.9273367191e-06    2.9449027365e-05
 235.0000000000    1.9323455838e-06    2.9671741860e-05
 235.5000000000    1.9404971781e-06    3.0013898652e-05
 236.0000000000    1.9511513494e-06    3.0371322278e-05
 236.5000000000    1.9685763652e-06    3.4318861169e-05
 237.0000000000    1.9712809883e-06    3.5335349534e-05
 237.5000000000    1.9747025396e-06    3.1111277996e-05
 238.0000000000    1.9767272793e-06    3.0054443761e-05
 238.5000000000    1.9799839016e-06    3.0438572669e-05
 239.0000000000    1.9855718930e-06    3.0334024236e-05
 239.5000000000    1.9912083934e-06    3.0263865332e-05
 240.0000000000    1.9966150296e-06    3.0255920987e-05
 240.5000000000    2.0021620755e-06    3.0356536135e-05
 241.0000000000    2.0093345944e-06    3.0910017288e-05
 241.5000000000    2.0146767868e-06    3.0653047425e-05
 242.0000000000    2.0206448987e-06    3.0561249432e-05
 242.5000000000    2.0261476979e-06    3.0639728855e-05
 243.0000000000    2.0316511209e-06    3.0749147234e-05
 243.5000000000    2.0373998355e-06    3.0791490995e-05
 244.0000000000    2.0434957827e-06    3.0873645671e-05
 244.5000000000    2.0498616495e-06    3.0959828455e-05
 245.0000000000    2.0573228780e-06    3.1054590265e-05
 245.5000000000    2.0640322338e-06    3.1173126041e-05
 246.0000000000    2.0737424384e-06    3.2230702725e-05
 246.5000000000    2.0817919646e-06    3.3007301617e-05
 247.0000000000    2.0875977484e-06    3.1809635976e-05
 247.5000000000    2.0940083936e-06    3.1559836922e-05
 248.0000000000    2.1009493263e-06    3.1709005254e-05
 248.5000000000    2.1089857904e-06    3.1737771969e-05
 249.0000000000    2.1174415269e-06    3.1811925852e-05
 249.5000000000    2.1261454622e-06    3.1866145233e-05
 250.0000000000    2.1349675434e-06    3.1958130972e-05
 250.5000000000    2.1441276848e-06    3.2066994100e-05
 251.0000000000    2.1536859671e-06    3.2151260114e-05
 251.5000000000    2.1635033456e-06    3.2246160517e-05
 252.0000000000    2.1734292012e-06    3.2346073180e-05
 252.5000000000    2.1835714514e-06    3.2446108220e-05
 253.0000000000    2.1938014522e-06    3.2552429805e-05
 253.5000000000    2.2042442204e-06    3.2656815814e-05
 254.0000000000    2.2148124380e-06    3.2762890786e-05
 254.5000000000    2.2255673927e-06    3.2870759135e-05
 255.0000000000    2.2364910237e-06    3.3000400753e-05
 255.5000000000    2.2475018098e-06    3.3098209495e-05
 256.0000000000    2.2585636030e-06    3.3202152774e-05
 256.5000000000    2.2696370386e-06    3.3311610278e-05
 257.0000000000    2.2808958356e-06    3.3434619787e-05
 257.5000000000    2.2922280679e-06    3.3541718738e-05
 258.0000000000    2.3038008991e-06    3.3661946908e-05
 258.5000000000    2.3156467027e-06    3.3797654175e-05
 259.0000000000    2.3276961010e-06    3.3905755499e-05
 259.5000000000    2.3397808882e-06    3.4019938266e-05
 260.0000000000    2.3517756343e-06    3.4140781067e-05
 260.5000000000    2.3636381525e-06    3.4266239130e-05
 261.0000000000    2.3753424879e-06    3.4393436899e-05
 261.5000000000    2.3875513148e-06    3.4524035164e-05
 262.0000000000    2.4003696381e-06    3.4679650760e-05
 262.5000000000    2.4140141098e-06    3.4799660931e-05
 263.0000000000    2.4283351845e-06    3.4930042930e-05
 263.5000000000    2.4426664437e-06    3.5063894270e-05
 264.0000000000    2.4566621498e-06    3.5203665677e-05
 264.5000000000    2.4699962200e-06    3.5346656031e-05
 265.0000000000    2.4834096743e-06    3.5492642688e-05
 265.5000000000    2.4974923191e-06    3.5665413100e-05
 266.0000000000    2.5130708325e-06    3.5801008054e-05
 266.5000000000    2.5299583667e-06    3.5946883075e-05
 267.0000000000    2.5474253055e-06    3.6100412409e-05
 267.5000000000    2.5645839115e-06    3.6258744766e-05
 268.0000000000    2.5809404404e-06    3.6421052113e-05
 268.5000000000    2.5969604696e-06    3.6587044107e-05
 269.0000000000    2.6136383383e-06    3.6780490434e-05
 269.5000000000    2.6315296292e-06    3.6938758174e-05
 270.0000000000    2.6505327776e-06    3.7104587992e-05
 270.5000000000    2.6701824414e-06    3.7282314692e-05
 271.0000000000    2.6898638600e-06    3.7462964724e-05
 271.5000000000    2.7095280658e-06    3.7650349619e-05
 272.0000000000    2.7294490602e-06    3.7841332109e-05
 272.5000000000    2.7500671739e-06    3.8026073266e-05
 273.0000000000    2.7713855246e-06    3.8224764914e-05
 273.5000000000    2.7934543632e-06    3.8430930383e-05
 274.0000000000    2.8160242874e-06    3.8641823735e-05
 274.5000000000    2.8389339783e-06    3.8857483408e-05
 275.0000000000    2.8624851132e-06    3.9078214921e-05
 275.5000000000    2.8867394214e-06    3.9338810396e-05
 276.0000000000    2.9116047082e-06    3.9541005940e-05
 276.5000000000    2.9371259337e-06    3.9769746725e-05
 277.0000000000    2.9632232838e-06    4.0008582646e-05
 277.5000000000    2.9899618586e-06    4.0256386236e-05
 278.0000000000    3.0173082535e-06    4.0512317552e-05
 278.5000000000    3.0455798655e-06    4.0774810783e-05
 279.0000000000    3.0748649953e-06    4.1033774727e-05
 279.5000000000    3.1049186267e-06    4.1310888324e-05
 280.0000000000    3.1358235639e-06    4.1599209553e-05
 280.5000000000    3.1675623258e-06    4.1928295994e-05
 281.0000000000    3.1999720904e-06    4.2208750084e-05
 281.5000000000    3.2333792777e-06    4.2535957180e-05
 282.0000000000    3.2680053571e-06    4.2831071279e-05
 282.5000000000    3.3037414951e-06    4.3162900017e-05
 283.0000000000    3.3406025356e-06    4.3506406733e-05
 283.5000000000    3.3783370413e-06    4.3864295882e-05
 284.0000000000    3.4167722791e-06    4.4234954334e-05
 284.5000000000    3.4561315275e-06    4.4617344633e-05
 285.0000000000    3.4970699876e-06    4.5034201439e-05
 285.5000000000    3.5401435526e-06    4.5425673603e-05
 286.0000000000    3.5854217058e-06    4.5845998573e-05
 286.5000000000    3.6323549953e-06    4.6287988467e-05
 287.0000000000    3.6802574961e-06    4.6749336446e-05
 287.5000000000    3.7291122522e-06    4.7252301735e-05
 288.0000000000    3.7795232797e-06    4.7749840874e-05
 288.5000000000    3.8322006740e-06    4.8253568455e-05
 289.0000000000    3.8873591218e-06    4.8788886403e-05
 289.5000000000    3.9446827241e-06    4.9357974694e-05
 290.0000000000    4.0037127780e-06    4.9954567734e-05
 290.5000000000    4.0644924930e-06    5.0579005288e-05
 291.0000000000    4.1275024177e-06    5.1223925716e-05
 291.5000000000    4.1929577165e-06    5.1912371220e-05
 292.0000000000    4.2609942823e-06    5.2637610418e-05
 292.5000000000    4.3315360414e-06    5.3399716562e-05
 293.0000000000    4.4042978182e-06    5.4230104420e-05
 293.5000000000    4.4794447530e-06    5.5054532967e-05
 294.0000000000    4.5573668685e-06    5.5974059121e-05
 294.5000000000    4.6379445065e-06    5.6891811216e-05
 295.0000000000    4.7213325646e-06    5.7913645982e-05
 295.5000000000    4.8075191080e-06    5.8962156952e-05
 296.0000000000    4.8965175863e-06    6.0105080807e-05
 296.5000000000    4.9883027222e-06    6.1324142716e-05
 297.0000000000    5.0828986992e-06    6.2602552104e-05
 297.5000000000    5.1801595604e-06    6.3982783578e-05
 298.0000000000    5.2800691484e-06    6.5464330782e-05
 298.5000000000    5.3826974065e-06    6.7110455682e-05
 299.0000000000    5.4878514222e-06    6.8773245955e-05
 299.5000000000    5.5955431636e-06    7.0612081257e-05
 300.0000000000    5.7055913689e-06    7.2592761580e-05
 300.5000000000    5.8181919082e-06    7.4745756316e-05
 301.0000000000    5.9335051787e-06    7.7075424080e-05
 301.5000000000    6.0517671933e-06    7.9608252364e-05
 302.0000000000    6.1737312953e-06    8.2371272888e-05
 302.5000000000    6.3003545055e-06    8.5369943323e-05
 303.0000000000    6.4330825572e-06    8.8661728940e-05
 303.5000000000    6.5740912460e-06    9.2274131444e-05
 304.0000000000    6.7260964411e-06    9.6292424507e-05
 304.5000000000    6.8924098447e-06    1.0063223768e-04
 305.0000000000    7.0769912015e-06    1.0547193432e-04
 305.5000000000    7.2838513123e-06    1.1082530104e-04
 306.0000000000    7.5171885295e-06    1.1677868985e-04
 306.5000000000    7.7806156568e-06    1.2340088549e-04
 307.0000000000    8.0765570035e-06    1.3079215925e-04
 307.5000000000    8.4063242827e-06    1.3905671910e-04
 308.0000000000    8.7693387025e-06    1.4831266092e-04
 308.5000000000    9.1627506053e-06    1.5871325344e-04
 309.0000000000    9.5815272186e-06    1.7042099257e-04
 309.5000000000    1.0018188611e-05    1.8363281384e-04
 310.0000000000    1.0463291357e-05    1.9855899185e-04
 310.5000000000    1.0906193205e-05    2.1548407750e-04
 311.0000000000    1.1337037528e-05    2.3470552435e-04
 311.5000000000    1.1754798423e-05    2.5659259916e-04
 312.0000000000    1.2209516944e-05    2.8147353364e-04
 312.5000000000    1.2996657237e-05    3.0953505580e-04
 313.0000000000    1.5295346724e-05    3.4077658264e-04
 313.5000000000    2.1897247718e-05    3.7656147059e-04
 314.0000000000    3.5991547921e-05    4.2696784616e-04
 314.5000000000    5.9374781277e-05    5.2433532939e-04
 315.0000000000    9.2237055851e-05    7.1485059178e-04
 315.5000000000    1.3299405101e-04    1.0110718207e-03
 316.0000000000    1.7792436703e-04    1.3724066686e-03
 316.5000000000    2.2099308614e-04    1.7315595737e-03
 317.0000000000    2.5465118093e-04    2.0277912382e-03
 317.5000000000    2.7203071362e-04    2.2265996777e-03
 318.0000000000    2.6968627052e-04    2.3218270781e-03
 318.5000000000    2.4944109992e-04    2.3331654850e-03
 319.0000000000    2.1796748119e-04    2.3049013951e-03
 319.5000000000    1.8378516994e-04    2.2884064232e-03
 320.0000000000    1.5358469911e-04    2.3103776904e-03
 320.5000000000    1.3044097855e-04    2.3635316897e-03
 321.0000000000    1.1440256974e-04    2.4269536124e-03
 321.5000000000    1.0404398638e-04    2.4852231673e-03
 322.0000000000    9.7682017521e-05    2.5324909346e-03
 322.5000000000    9.3924522684e-05    2.5690745553e-03
 323.0000000000    9.1779147320e-05    2.5977832639e-03
 323.5000000000    9.0589810422e-05    2.6218372411e-03
 324.0000000000    8.9942156218e-05    2.6440266340e-03
 324.5000000000    8.9584001346e-05    2.6664877045e-03
 325.0000000000    8.9368588794e-05    2.6907305315e-03
 325.5000000000    8.9216215334e-05    2.7177301384e-03
 326.0000000000    8.9089197811e-05    2.7480203360e-03
 326.5000000000    8.8975339307e-05    2.7817659216e-03
 327.0000000000    8.8877077757e-05    2.8188200356e-03
 327.5000000000    8.8804166536e-05    2.8587706104e-03
 328.0000000000    8.8768578889e-05    2.9009859975e-03
 328.5000000000    8.8781007471e-05    2.9446624898e-03
 329.0000000000    8.8848689050e-05    2.9888767809e-03
 329.5000000000    8.8974094025e-05    3.0326413980e-03
 330.0000000000    8.9154206957e-05    3.0749615704e-03
 330.5000000000    8.9380801784e-05    3.1148890658e-03
 331.0000000000    8.9640918327e-05    3.1515699257e-03
 331.5000000000    8.9918010403e-05    3.1842835433e-03
 332.0000000000    9.0193264141e-05    3.2124710325e-03
 332.5000000000    9.0447182075e-05    3.2357419057e-03
 333.0000000000    9.0661137416e-05    3.2538948261e-03
 333.5000000000    9.0818838526e-05    3.2668923981e-03
 334.0000000000    9.0907483359e-05    3.2748586845e-03
 334.5000000000    9.0918519690e-05    3.2780517087e-03
 335.0000000000    9.0848167465e-05    3.2768449455e-03
 335.5000000000    9.0697263099e-05    3.2716993336e-03
 336.0000000000    9.0470882185e-05    3.2631415040e-03
 336.5000000000    9.0177779407e-05    3.2517389723e-03
 337.0000000000    8.9829404412e-05    3.2380805622e-03
 337.5000000000    8.9438891854e-05    3.2227568748e-03
 338.0000000000    8.9020212698e-05    3.2063450780e-03
 338.5000000000    8.8587189454e-05    3.1893951237e-03
 339.0000000000    8.8152824341e-05    3.1724195265e-03
 339.5000000000    8.7728771854e-05    3.1558853995e-03
 340.0000000000    8.7324909796e-05    3.1402091115e-03
 340.5000000000    8.6949111618e-05    3.1257528713e-03
 341.0000000000    8.6607360251e-05    3.1128231918e-03
 341.5000000000    8.6303749826e-05    3.1016706605e-03
 342.0000000000    8.6040631351e-05    3.0924906878e-03
 342.5000000000    8.5819008479e-05    3.0854248343e-03
 343.0000000000    8.5638754981e-05    3.0805624874e-03
 343.5000000000    8.5498932689e-05    3.0779427685e-03
 344.0000000000    8.5398099110e-05    3.0775566348e-03
 344.5000000000    8.5334419199e-05    3.0793490138e-03
 345.0000000000    8.5306016749e-05    3.0832215536e-03
 345.5000000000    8.5310895505e-05    3.0890358339e-03
 346.0000000000    8.5347124003e-05    3.0966172376e-03
 346.5000000000    8.5412776891e-05    3.1057596047e-03
 347.0000000000    8.5505874334e-05    3.1162306259e-03
 347.5000000000    8.5624368674e-05    3.1277780252e-03
 348.0000000000    8.5766007613e-05    3.1401363148e-03
 348.5000000000    8.5928250036e-05    3.1530339358e-03
 349.0000000000    8.6108233819e-05    3.1662009239e-03
 349.5000000000    8.6302753814e-05    3.1793759115e-03
 350.0000000000    8.6508165585e-05    3.1923129754e-03
 350.5000000000    8.6720604622e-05    3.2047864214e-03
 351.0000000000    8.6935837820e-05    3.2165971441e-03
 351.5000000000    8.7149587922e-05    3.2275758917e-03
 352.0000000000    8.7357454278e-05    3.2375843349e-03
 352.5000000000    8.7555233102e-05    3.2465166679e-03
 353.0000000000    8.7738930598e-05    3.2542996679e-03
 353.5000000000    8.7904952139e-05    3.2608918764e-03
 354.0000000000    8.8050261336e-05    3.2662822296e-03
 354.5000000000    8.8172475783e-05    3.2704881284e-03
 355.0000000000    8.8269974802e-05    3.2735527469e-03
 355.5000000000    8.8341865520e-05    3.2755416711e-03
 356.0000000000    8.8387921827e-05    3.2765392762e-03
 356.5000000000    8.8408716316e-05    3.2766451829e-03
 357.0000000000    8.8405392612e-05    3.2759710331e-03
 357.5000000000    8.8379790145e-05    3.2746373737e-03
 358.0000000000    8.8334337153e-05    3.2727704613e-03
 358.5000000000    8.8271944438e-05    3.2704989471e-03
 359.0000000000    8.8195816433e-05    3.2679504123e-03
 359.5000000000    8.8109126251e-05    3.2652482806e-03
 360.0000000000    8.8014967140e-05    3.2625093722e-03
 360.5000000000    8.7916145187e-05    3.2598420801e-03
 361.0000000000    8.7815292040e-05    3.2573451026e-03
 361.5000000000    8.7714980053e-05    3.2551063786e-03
 362.0000000000    8.7617556020e-05    3.2532020357e-03
 362.5000000000    8.7525130729e-05    3.2516957847e-03
 363.0000000000    8.7439317567e-05    3.2506388278e-03
 363.5000000000    8.7361279628e-05    3.2500700262e-03
 364.0000000000    8.7291769772e-05    3.2500159509e-03
 364.5000000000    8.7231366960e-05    3.2504907351e-03
 365.0000000000    8.7180613566e-05    3.2514959563e-03
 365.5000000000    8.7139980317e-05    3.2530207373e-03
 366.0000000000    8.7109818875e-05    3.2550425188e-03
 366.5000000000    8.7090235757e-05    3.2575284400e-03
 367.0000000000    8.7081057081e-05    3.2604369216e-03
 367.5000000000    8.7081966873e-05    3.2637191284e-03
 368.0000000000    8.7092533591e-05    3.2673203329e-03
 368.5000000000    8.7112332578e-05    3.2711814774e-03
 369.0000000000    8.7140739736e-05    3.2752411186e-03
 369.5000000000    8.7176982132e-05    3.2794377462e-03
 370.0000000000    8.7220041233e-05    3.2837117544e-03
 370.5000000000    8.7268674621e-05    3.2880067637e-03
 371.0000000000    8.7321634970e-05    3.2922722628e-03
 371.5000000000    8.7377499123e-05    3.2964542045e-03
 372.0000000000    8.7434974865e-05    3.3005138473e-03
 372.5000000000    8.7492721254e-05    3.3044080906e-03
 373.0000000000    8.7549460009e-05    3.3081022196e-03
 373.5000000000    8.7604087566e-05    3.3115627656e-03
 374.0000000000    8.7655637438e-05    3.3147629583e-03
 374.5000000000    8.7703426623e-05    3.3176794181e-03
 375.0000000000    8.7746925112e-05    3.3202954126e-03
 375.5000000000    8.7786113681e-05    3.3226002257e-03
 376.0000000000    8.7821023636e-05    3.3245916043e-03
 376.5000000000    8.7852086208e-05    3.3262760499e-03
 377.0000000000    8.7879796055e-05    3.3276701173e-03
 377.5000000000    8.7904749151e-05    3.3287996840e-03
 378.0000000000    8.7927349244e-05    3.3296989213e-03
 378.5000000000    8.7947816224e-05    3.3304079905e-03
 379.0000000000    8.7965974894e-05    3.3309707558e-03
 379.5000000000    8.7981278684e-05    3.3314316731e-03
 380.0000000000    8.7992637234e-05    3.3318344204e-03
 380.5000000000    8.7998689202e-05    3.3322106165e-03
 381.0000000000    8.7997735184e-05    3.3325939389e-03
 381.5000000000    8.7988058935e-05    3.3330026546e-03
 382.0000000000    8.7968306293e-05    3.3334501077e-03
 382.5000000000    8.7937640098e-05    3.3339468491e-03
 383.0000000000    8.7896060571e-05    3.3344856776e-03
 383.5000000000    8.7844649642e-05    3.3350796236e-03
 384.0000000000    8.7785465483e-05    3.3357336442e-03
 384.5000000000    8.7721629419e-05    3.3364577033e-03
 385.0000000000    8.7656983724e-05    3.3372677140e-03
 385.5000000000    8.7595593058e-05    3.3381846639e-03
 386.0000000000    8.7541706924e-05    3.3392320284e-03
 386.5000000000    8.7498757344e-05    3.3404320674e-03
 387.0000000000    8.7469291015e-05    3.3418035277e-03
 387.5000000000    8.7454511004e-05    3.3433494044e-03
 388.0000000000    8.7454241728e-05    3.3450710328e-03
 388.5000000000    8.7466961265e-05    3.3469502544e-03
 389.0000000000    8.7490099548e-05    3.3489592002e-03
 389.5000000000    8.7520520735e-05    3.3510598290e-03
 390.0000000000    8.7554826877e-05    3.3532085513e-03
 390.5000000000    8.7589967393e-05    3.3553610561e-03
 391.0000000000    8.7623531442e-05    3.3574776207e-03
 391.5000000000    8.7654060940e-05    3.3595276356e-03
 392.0000000000    8.7681076624e-05    3.3614924895e-03
 392.5000000000    8.7704890433e-05    3.3633662411e-03
 393.0000000000    8.7726442281e-05    3.3651543455e-03
 393.5000000000    8.7746995238e-05    3.3668707329e-03
 394.0000000000    8.7767630218e-05    3.3685338058e-03
 394.5000000000    8.7789172772e-05    3.3701621124e-03
 395.0000000000    8.7811871774e-05    3.3717703159e-03
 395.5000000000    8.7835448362e-05    3.3733661212e-03
 396.0000000000    8.7859145729e-05    3.3749487380e-03
 396.5000000000    8.7881954232e-05    3.3765090279e-03
 397.0000000000    8.7902721356e-05    3.3780314105e-03
 397.5000000000    8.7920600309e-05    3.3794970448e-03
 398.0000000000    8.7934894403e-05    3.3808875246e-03
 398.5000000000    8.7945290314e-05    3.3821883789e-03
 399.0000000000    8.7952096245e-05    3.3833917858e-03
 399.5000000000    8.7955677458e-05    3.3844981150e-03
 400.0000000000    8.7956683688e-05    3.3855160773e-03
 400.5000000000    8.7955873074e-05    3.3864616622e-03
 401.0000000000    8.7953876639e-05    3.3873558885e-03
 401.5000000000    8.7951198809e-05    3.3882219500e-03
 402.0000000000    8.7948200061e-05    3.3890822586e-03
 402.5000000000    8.7945043396e-05    3.3899558808e-03
 403.0000000000    8.7941842143e-05    3.3908567358e-03
 403.5000000000    8.7938664183e-05    3.3917929150e-03
 404.0000000000    8.7935524810e-05    3.3927670258e-03
 404.5000000000    8.7932520169e-05    3.3937773134e-03
 405.0000000000    8.7929756852e-05    3.3948193108e-03
 405.5000000000    8.7927394098e-05    3.3958876495e-03
 406.0000000000    8.7925602021e-05    3.3969776328e-03
 406.5000000000    8.7924531287e-05    3.3980861779e-03
 407.0000000000    8.7924329604e-05    3.3992120642e-03
 407.5000000000    8.7925146460e-05    3.4003556078e-03
 408.0000000000    8.7927071118e-05    3.4015178261e-03
 408.5000000000    8.7930174910e-05    3.4026992608e-03
 409.0000000000    8.7934550761e-05    3.4038988835e-03
 409.5000000000    8.7940206983e-05    3.4051134518e-03
 410.0000000000    8.7947082226e-05    3.4063375378e-03
 410.5000000000    8.7955018194e-05    3.4075641711e-03
 411.0000000000    8.7963699987e-05    3.4087859697e-03
 411.5000000000    8.7972690947e-05    3.4099965201e-03
 412.0000000000    8.7981441727e-05    3.4111916857e-03
 412.5000000000    8.7989383939e-05    3.4123704314e-03
 413.0000000000    8.7995987152e-05    3.4135350152e-03
 413.5000000000    8.8000854381e-05    3.4146904531e-03
 414.0000000000    8.8003766586e-05    3.4158432555e-03
 414.5000000000    8.8004844711e-05    3.4169998481e-03
 415.0000000000    8.8004219857e-05    3.4181649669e-03
 415.5000000000    8.8002481920e-05    3.4193402810e-03
 416.0000000000    8.8000191020e-05    3.4205235935e-03
 416.5000000000    8.7998035545e-05    3.4217087586e-03
 417.0000000000    8.7996619323e-05    3.4228865047e-03
 417.5000000000    8.7996467815e-05    3.4240460052e-03
 418.0000000000    8.7997862548e-05    3.4251768159e-03
 418.5000000000    8.8000838358e-05    3.4262707946e-03
 419.0000000000    8.8005252212e-05    3.4273236647e-03
 419.5000000000    8.8010753955e-05    3.4283359066e-03
 420.0000000000    8.8016919047e-05    3.4293128214e-03
 420.5000000000    8.8023300691e-05    3.4302637410e-03
 421.0000000000    8.8029511874e-05    3.4312005085e-03
 421.5000000000    8.8035278059e-05    3.4321355010e-03
 422.0000000000    8.8040495388e-05    3.4330795914e-03
 422.5000000000    8.8045233561e-05    3.4340404298e-03
 423.0000000000    8.8049568647e-05    3.4350213228e-03
 423.5000000000    8.8053827683e-05    3.4360209288e-03
 424.0000000000    8.8058249731e-05    3.4370337803e-03
 424.5000000000    8.8063030511e-05    3.4380516244e-03
 425.0000000000    8.8068215580e-05    3.4390651368e-03
 425.5000000000    8.8073666433e-05    3.4400657776e-03
 426.0000000000    8.8079110606e-05    3.4410474074e-03
 426.5000000000    8.8084232791e-05    3.4420073486e-03
 427.0000000000    8.8088770293e-05    3.4429467161e-03
 427.5000000000    8.8092639869e-05    3.4438701077e-03
 428.0000000000    8.8095951135e-05    3.4447846176e-03
 428.5000000000    8.8098884056e-05    3.4456985632e-03
 429.0000000000    8.8101681455e-05    3.4466200032e-03
 429.5000000000    8.8104548154e-05    3.4475552923e-03
 430.0000000000    8.8107600908e-05    3.4485080977e-03
 430.5000000000    8.8110890129e-05    3.4494788987e-03
 431.0000000000    8.8114429358e-05    3.4504651274e-03
 431.5000000000    8.8118240978e-05    3.4514618214e-03
 432.0000000000    8.8122352252e-05    3.4524625645e-03
 432.5000000000    8.8126752176e-05    3.4534605577e-03
 433.0000000000    8.8131356871e-05    3.4544495757e-03
 433.5000000000    8.8135992801e-05    3.4554247377e-03
 434.0000000000    8.8140443380e-05    3.4563830752e-03
 434.5000000000    8.8144542612e-05    3.4573237790e-03
 435.0000000000    8.8148222333e-05    3.4582481105e-03
 435.5000000000    8.8151541703e-05    3.4591589910e-03
 436.0000000000    8.8154798559e-05    3.4600603844e-03
 436.5000000000    8.8158013449e-05    3.4609565430e-03
 437.0000000000    8.8161380567e-05    3.4618512144e-03
 437.5000000000    8.8164985924e-05    3.4627470892e-03
 438.0000000000    8.8168600641e-05    3.4636454332e-03
 438.5000000000    8.8172198344e-05    3.4645459948e-03
 439.0000000000    8.8175703105e-05    3.4654472276e-03
 439.5000000000    8.8179026884e-05    3.4663466511e-03
 440.0000000000    8.8182101291e-05    3.4672413866e-03
 440.5000000000    8.8184807836e-05    3.4681287416e-03
 441.0000000000    8.8187031546e-05    3.4690067061e-03
 441.5000000000    8.8188705393e-05    3.4698743015e-03
 442.0000000000    8.8189852232e-05    3.4707323474e-03
 442.5000000000    8.8190585069e-05    3.4715801487e-03
 443.0000000000    8.8191118768e-05    3.4724212887e-03
 443.5000000000    8.8191667767e-05    3.4732575328e-03
 444.0000000000    8.8192436628e-05    3.4740938735e-03
 444.5000000000    8.8193572989e-05    3.4749246168e-03
 445.0000000000    8.8195206063e-05    3.4757584194e-03
 445.5000000000    8.8197418457e-05    3.4765945866e-03
 446.0000000000    8.8200233387e-05    3.4774331174e-03
 446.5000000000    8.8203634527e-05    3.4782736497e-03
 447.0000000000    8.8207522159e-05    3.4791155350e-03
 447.5000000000    8.8211753058e-05    3.4799574641e-03
 448.0000000000    8.8216169053e-05    3.4807980784e-03
 448.5000000000    8.8220626415e-05    3.4816359264e-03
 449.0000000000    8.8225008570e-05    3.4824784156e-03
 449.5000000000    8.8229191192e-05    3.4832984427e-03
 450.0000000000    8.8233134701e-05    3.4841215712e-03
 450.5000000000    8.8236820830e-05    3.4849389720e-03
 451.0000000000    8.8240259645e-05    3.4857516655e-03
 451.5000000000    8.8243506074e-05    3.4865605256e-03
 452.0000000000    8.8246637712e-05    3.4873667375e-03
 452.5000000000    8.8249724403e-05    3.4881712907e-03
 453.0000000000    8.8252820231e-05    3.4889750083e-03
 453.5000000000    8.8255965690e-05    3.4897783410e-03
 454.0000000000    8.8259187671e-05    3.4905839654e-03
 454.5000000000    8.8262487036e-05    3.4913953346e-03
 455.0000000000    8.8265790878e-05    3.4921847101e-03
 455.5000000000    8.8269098803e-05    3.4929837340e-03
 456.0000000000    8.8272382059e-05    3.4937796319e-03
 456.5000000000    8.8275586590e-05    3.4945718085e-03
 457.0000000000    8.8278703944e-05    3.4953590682e-03
 457.5000000000    8.8281698805e-05    3.4961407524e-03
 458.0000000000    8.8284562167e-05    3.4969165789e-03
 458.5000000000    8.8287330329e-05    3.4976868298e-03
 459.0000000000    8.8290031627e-05    3.4984522010e-03
 459.5000000000    8.8292686072e-05    3.4992136564e-03
 460.0000000000    8.8295324858e-05    3.4999723791e-03
 460.5000000000    8.8297969135e-05    3.5007294450e-03
 461.0000000000    8.8300656935e-05    3.5014856046e-03
 461.5000000000    8.8303349913e-05    3.5022412730e-03
 462.0000000000    8.8306058949e-05    3.5029965792e-03
 462.5000000000    8.8308759047e-05    3.5037514430e-03
 463.0000000000    8.8311445951e-05    3.5045056045e-03
 463.5000000000    8.8314068031e-05    3.5052588352e-03
 464.0000000000    8.8316650486e-05    3.5060109343e-03
 464.5000000000    8.8319219595e-05    3.5067615780e-03
 465.0000000000    8.8321747887e-05    3.5075103699e-03
 465.5000000000    8.8324280621e-05    3.5082583099e-03
 466.0000000000    8.8326802405e-05    3.5090015487e-03
 466.5000000000    8.8329362786e-05    3.5097438431e-03
 467.0000000000    8.8331974021e-05    3.5104800450e-03
 467.5000000000    8.8334662168e-05    3.5112266585e-03
 468.0000000000    8.8337360134e-05    3.5119478829e-03
 468.5000000000    8.8340138464e-05    3.5126756318e-03
 469.0000000000    8.8343000251e-05    3.5134035574e-03
 469.5000000000    8.8345890836e-05    3.5141260820e-03
 470.0000000000    8.8348808821e-05    3.5148446611e-03
 470.5000000000    8.8351762332e-05    3.5155704467e-03
 471.0000000000    8.8354695015e-05    3.5162760378e-03
 471.5000000000    8.8357634655e-05    3.5169859279e-03
 472.0000000000    8.8360532908e-05    3.5176927732e-03
 472.5000000000    8.8363393380e-05    3.5183954638e-03
 473.0000000000    8.8366202599e-05    3.5190960694e-03
 473.5000000000    8.8368902266e-05    3.5197912837e-03
 474.0000000000    8.8371545466e-05    3.5204834787e-03
 474.5000000000    8.8374122036e-05    3.5211732749e-03
 475.0000000000    8.8376682473e-05    3.5218607752e-03
 475.5000000000    8.8379228809e-05    3.5225464603e-03
 476.0000000000    8.8381779900e-05    3.5232301633e-03
 476.5000000000    8.8384354109e-05    3.5239117789e-03
 477.0000000000    8.8386930436e-05    3.5245913731e-03
 477.5000000000    8.8389485172e-05    3.5252691928e-03
 478.0000000000    8.8391978111e-05    3.5259457087e-03
 478.5000000000    8.8394414967e-05    3.5266215639e-03
 479.0000000000    8.8396796237e-05    3.5272973210e-03
 479.5000000000    8.8399142674e-05    3.5279745447e-03
 480.0000000000    8.8401496370e-05    3.5286494696e-03
 480.5000000000    8.8403908003e-05    3.5293250565e-03
 481.0000000000    8.8406395143e-05    3.5299997117e-03
 481.5000000000    8.8408988051e-05    3.5306744980e-03
 482.0000000000    8.8411611563e-05    3.5313448193e-03
 482.5000000000    8.8414256012e-05    3.5320132669e-03
 483.0000000000    8.8416883935e-05    3.5326802245e-03
 483.5000000000    8.8419471758e-05    3.5333456872e-03
 484.0000000000    8.8422035298e-05    3.5340100257e-03
 484.5000000000    8.8424605881e-05    3.5346728681e-03
 485.0000000000    8.8427214987e-05    3.5353337584e-03
 485.5000000000    8.8429875876e-05    3.5359922853e-03
 486.0000000000    8.8432571141e-05    3.5366481961e-03
 486.5000000000    8.8435259338e-05    3.5373015259e-03
 487.0000000000    8.8437903756e-05    3.5379525515e-03
 487.5000000000    8.8440480033e-05    3.5386015928e-03
 488.0000000000    8.8443005505e-05    3.5392487863e-03
 488.5000000000    8.8445526310e-05    3.5398939543e-03
 489.0000000000    8.8448089167e-05    3.5405366605e-03
 489.5000000000    8.8450720785e-05    3.5411764332e-03
 490.0000000000    8.8453417287e-05    3.5418130125e-03
 490.5000000000    8.8456134632e-05    3.5424464797e-03
 491.0000000000    8.8458796598e-05    3.5430772269e-03
 491.5000000000    8.8461366663e-05    3.5437057850e-03
 492.0000000000    8.8463814642e-05    3.5443326051e-03
 492.5000000000    8.8466164297e-05    3.5449579193e-03
 493.0000000000    8.8468458541e-05    3.5455817321e-03
 493.5000000000    8.8470753621e-05    3.5462039258e-03
 494.0000000000    8.8473080873e-05    3.5468244040e-03
 494.5000000000    8.8475447063e-05    3.5474431718e-03
 495.0000000000    8.8477838573e-05    3.5480603315e-03
 495.5000000000    8.8480228154e-05    3.5486760112e-03
 496.0000000000    8.8482607868e-05    3.5492902713e-03
 496.5000000000    8.8484982130e-05    3.5499030546e-03
 497.0000000000    8.8487373288e-05    3.5505141854e-03
 497.5000000000    8.8489813177e-05    3.5511233792e-03
 498.0000000000    8.8492323895e-05    3.5517302772e-03
 498.5000000000    8.8494920740e-05    3.5523345080e-03
 499.0000000000    8.8497611902e-05    3.5529357273e-03
 499.5000000000    8.8500405725e-05    3.5535336775e-03
 500.0000000000    8.8503312970e-05    3.5541283388e-03
 500.5000000000    8.8506334433e-05    3.5547201348e-03
 501.0000000000    8.8509451245e-05    3.5553101054e-03
 501.5000000000    8.8512618475e-05    3.5559000171e-03
 502.0000000000    8.8515770788e-05    3.5564923660e-03
 502.5000000000    8.8518848506e-05    3.5570902271e-03
 503.0000000000    8.8521837290e-05    3.5576969073e-03
 503.5000000000    8.8524812283e-05    3.5583154478e-03
 504.0000000000    8.8527974469e-05    3.5589479586e-03
 504.5000000000    8.8531668147e-05    3.5595948259e-03
 505.0000000000    8.8536367580e-05    3.5602539160e-03
 505.5000000000    8.8542631746e-05    3.5609199623e-03
 506.0000000000    8.8551033452e-05    3.5615843616e-03
 506.5000000000    8.8562041641e-05    3.5622356341e-03
 507.0000000000    8.8575892144e-05    3.5628606666e-03
 507.5000000000    8.8592447408e-05    3.5634466839e-03
 508.0000000000    8.8611084006e-05    3.5639836330e-03
 508.5000000000    8.8630632258e-05    3.5644664511e-03
 509.0000000000    8.8649405324e-05    3.5648966896e-03
 509.5000000000    8.8665338812e-05    3.5652830464e-03
 510.0000000000    8.8676223040e-05    3.5656405886e-03
 510.5000000000    8.8680032224e-05    3.5659888018e-03
 511.0000000000    8.8675267572e-05    3.5663488266e-03
 511.5000000000    8.8661266846e-05    3.5667403621e-03
 512.0000000000    8.8638428091e-05    3.5671788056e-03
 512.5000000000    8.8608226981e-05    3.5676730606e-03
 513.0000000000    8.8573106575e-05    3.5682243054e-03
 513.5000000000    8.8536161402e-05    3.5688259399e-03
 514.0000000000    8.8500704868e-05    3.5694660889e-03
 514.5000000000    8.8469767562e-05    3.5701234322e-03
 515.0000000000    8.8445716004e-05    3.5707827998e-03
 515.5000000000    8.8429892920e-05    3.5714267919e-03
 516.0000000000    8.8422540624e-05    3.5720438935e-03
 516.5000000000    8.8422876416e-05    3.5726342938e-03
 517.0000000000    8.8429271685e-05    3.5731891410e-03
 517.5000000000    8.8439769148e-05    3.5737291666e-03
 518.0000000000    8.8452364115e-05    3.5742637895e-03
 518.5000000000    8.8465401237e-05    3.5748059574e-03
 519.0000000000    8.8477804328e-05    3.5753662215e-03
 519.5000000000    8.8489152326e-05    3.5759510054e-03
 520.0000000000    8.8499597420e-05    3.5765614427e-03
 520.5000000000    8.8509655494e-05    3.5771939060e-03
 521.0000000000    8.8519945005e-05    3.5778412057e-03
 521.5000000000    8.8530932314e-05    3.5784940901e-03
 522.0000000000    8.8542766414e-05    3.5791428030e-03
 522.5000000000    8.8555237446e-05    3.5797785116e-03
 523.0000000000    8.8567833869e-05    3.5803944655e-03
 523.5000000000    8.8579906318e-05    3.5809868016e-03
 524.0000000000    8.8590840696e-05    3.5815548856e-03
 524.5000000000    8.8600209734e-05    3.5821011229e-03
 525.0000000000    8.8607854437e-05    3.5826303000e-03
 525.5000000000    8.8613889992e-05    3.5831485993e-03
 526.0000000000    8.8618638242e-05    3.5836624026e-03
 526.5000000000    8.8622523556e-05    3.5841773281e-03
 527.0000000000    8.8625960702e-05    3.5846975119e-03
 527.5000000000    8.8629264014e-05    3.5852252438e-03
 528.0000000000    8.8632598313e-05    3.5857609942e-03
 528.5000000000    8.8635977339e-05    3.5863035536e-03
 529.0000000000    8.8639300352e-05    3.5868503838e-03
 529.5000000000    8.8642409483e-05    3.5873980668e-03
 530.0000000000    8.8645147590e-05    3.5879428800e-03
 530.5000000000    8.8647402095e-05    3.5884814537e-03
 531.0000000000    8.8649127572e-05    3.5890113784e-03
 531.5000000000    8.8650344820e-05    3.5895316694e-03
 532.0000000000    8.8651119640e-05    3.5900427997e-03
 532.5000000000    8.8651549775e-05    3.5905466551e-03
 533.0000000000    8.8651768108e-05    3.5910459638e-03
 533.5000000000    8.8651899787e-05    3.5915436345e-03
 534.0000000000    8.8652055009e-05    3.5920423121e-03
 534.5000000000    8.8652324165e-05    3.5925440041e-03
 535.0000000000    8.8652779185e-05    3.5930504699e-03
 535.5000000000    8.8653456998e-05    3.5935600190e-03
 536.0000000000    8.8654379398e-05    3.5940743481e-03
 536.5000000000    8.8655577270e-05    3.5945922663e-03
 537.0000000000    8.8657041101e-05    3.5951062675e-03
 537.5000000000    8.8658735263e-05    3.5956209600e-03
 538.0000000000    8.8660594777e-05    3.5961337987e-03
 538.5000000000    8.8662517115e-05    3.5966450782e-03
 539.0000000000    8.8664363819e-05    3.5971563750e-03
 539.5000000000    8.8666023257e-05    3.5976706022e-03
 540.0000000000    8.8667432167e-05    3.5981919678e-03
 540.5000000000    8.8668576056e-05    3.5987247632e-03
 541.0000000000    8.8669534480e-05    3.5992727478e-03
 541.5000000000    8.8670443565e-05    3.5998377179e-03
 542.0000000000    8.8671473252e-05    3.6004182557e-03
 542.5000000000    8.8672836740e-05    3.6010087737e-03
 543.0000000000    8.8674734076e-05    3.6015986784e-03
 543.5000000000    8.8677289932e-05    3.6021727144e-03
 544.0000000000    8.8680487520e-05    3.6027124764e-03
 544.5000000000    8.8684019226e-05    3.6031990135e-03
 545.0000000000    8.8687195177e-05    3.6036167352e-03
 545.5000000000    8.8688919459e-05    3.6039576207e-03
 546.0000000000    8.8687683741e-05    3.6042248763e-03
 546.5000000000    8.8681719752e-05    3.6044353483e-03
 547.0000000000    8.8669245523e-05    3.6046197890e-03
 547.5000000000    8.8648831259e-05    3.6048204413e-03
 548.0000000000    8.8619796514e-05    3.6050859385e-03
 548.5000000000    8.8582606284e-05    3.6054639949e-03
 549.0000000000    8.8539145749e-05    3.6059930383e-03
 549.5000000000    8.8492840595e-05    3.6066942740e-03
 550.0000000000    8.8448474495e-05    3.6075658047e-03
 550.5000000000    8.8411742701e-05    3.6085802264e-03
 551.0000000000    8.8388539602e-05    3.6096867792e-03
 551.5000000000    8.8384044016e-05    3.6108179859e-03
 552.0000000000    8.8401802953e-05    3.6118999395e-03
 552.5000000000    8.8442989692e-05    3.6128644817e-03
 553.0000000000    8.8505972186e-05    3.6136608162e-03
 553.5000000000    8.8586381361e-05    3.6142642109e-03
 554.0000000000    8.8677617371e-05    3.6146800370e-03
 554.5000000000    8.8771745474e-05    3.6149420491e-03
 555.0000000000    8.8860707319e-05    3.6151054337e-03
 555.5000000000    8.8937465943e-05    3.6152359616e-03
 556.0000000000    8.8997006622e-05    3.6153976027e-03
 556.5000000000    8.9037015528e-05    3.6156410467e-03
 557.0000000000    8.9057909800e-05    3.6159953412e-03
 557.5000000000    8.9062516151e-05    3.6164641102e-03
 558.0000000000    8.9055259966e-05    3.6170268296e-03
 558.5000000000    8.9041062547e-05    3.6176446630e-03
 559.0000000000    8.9024333794e-05    3.6182711422e-03
 559.5000000000    8.9008137228e-05    3.6188533942e-03
 560.0000000000    8.8993829638e-05    3.6193582667e-03
 560.5000000000    8.8981191951e-05    3.6197676315e-03
 561.0000000000    8.8968811429e-05    3.6200604352e-03
 561.5000000000    8.8954891635e-05    3.6202664862e-03
 562.0000000000    8.8937928724e-05    3.6204106329e-03
 562.5000000000    8.8917263670e-05    3.6205285711e-03
 563.0000000000    8.8893314318e-05    3.6206575203e-03
 563.5000000000    8.8867486351e-05    3.6208311251e-03
 564.0000000000    8.8841793806e-05    3.6210728177e-03
 564.5000000000    8.8818323151e-05    3.6213945530e-03
 565.0000000000    8.8798747244e-05    3.6217956143e-03
 565.5000000000    8.8783947357e-05    3.6222644462e-03
 566.0000000000    8.8773864511e-05    3.6227816381e-03
 566.5000000000    8.8767575878e-05    3.6233236319e-03
 567.0000000000    8.8763702867e-05    3.6238675574e-03
 567.5000000000    8.8760762784e-05    3.6243919196e-03
 568.0000000000    8.8757572946e-05    3.6248854300e-03
 568.5000000000    8.8753481468e-05    3.6253403404e-03
 569.0000000000    8.8748545153e-05    3.6257603737e-03
 569.5000000000    8.8743307397e-05    3.6261548243e-03
 570.0000000000    8.8738718011e-05    3.6265371926e-03
 570.5000000000    8.8735721573e-05    3.6269223427e-03
 571.0000000000    8.8735255667e-05    3.6273235722e-03
 571.5000000000    8.8737857067e-05    3.6277498891e-03
 572.0000000000    8.8743748965e-05    3.6282045518e-03
 572.5000000000    8.8752723490e-05    3.6286848400e-03
 573.0000000000    8.8764249834e-05    3.6291831697e-03
 573.5000000000    8.8777490798e-05    3.6296890545e-03
 574.0000000000    8.8791509277e-05    3.6301914388e-03
 574.5000000000    8.8805281617e-05    3.6306807656e-03
 575.0000000000    8.8817929723e-05    3.6311504530e-03
 575.5000000000    8.8828716709e-05    3.6315977241e-03
 576.0000000000    8.8837205475e-05    3.6320234906e-03
 576.5000000000    8.8843204407e-05    3.6324316145e-03
 577.0000000000    8.8846839885e-05    3.6328278654e-03
 577.5000000000    8.8848473793e-05    3.6332186655e-03
 578.0000000000    8.8848678985e-05    3.6336097880e-03
 578.5000000000    8.8848125629e-05    3.6340057026e-03
 579.0000000000    8.8847385988e-05    3.6344090097e-03
 579.5000000000    8.8846977192e-05    3.6348203978e-03
 580.0000000000    8.8847198718e-05    3.6352389025e-03
 580.5000000000    8.8848099711e-05    3.6356623675e-03
 581.0000000000    8.8849511187e-05    3.6360879916e-03
 581.5000000000    8.8851138628e-05    3.6365128863e-03
 582.0000000000    8.8852735156e-05    3.6369345194e-03
 582.5000000000    8.8854027076e-05    3.6373509942e-03
 583.0000000000    8.8854846067e-05    3.6377612707e-03
 583.5000000000    8.8855179935e-05    3.6381652853e-03
 584.0000000000    8.8855123635e-05    3.6385639023e-03
 584.5000000000    8.8854813749e-05    3.6389586709e-03
 585.0000000000    8.8854465791e-05    3.6393515083e-03
 585.5000000000    8.8854246049e-05    3.6397443793e-03
 586.0000000000    8.8854266995e-05    3.6401390384e-03
 586.5000000000    8.8854603780e-05    3.6405368084e-03
 587.0000000000    8.8855325724e-05    3.6409383094e-03
 587.5000000000    8.8856361025e-05    3.6413434591e-03
 588.0000000000    8.8857710466e-05    3.6417515360e-03
 588.5000000000    8.8859289688e-05    3.6421613553e-03
 589.0000000000    8.8860998604e-05    3.6425715201e-03
 589.5000000000    8.8862736931e-05    3.6429806663e-03
 590.0000000000    8.8864345965e-05    3.6433877610e-03
 590.5000000000    8.8865840194e-05    3.6437921715e-03
 591.0000000000    8.8867170814e-05    3.6441936696e-03
 591.5000000000    8.8868440908e-05    3.6445923615e-03
 592.0000000000    8.8869735062e-05    3.6449887674e-03
 592.5000000000    8.8871228237e-05    3.6453836162e-03
 593.0000000000    8.8872981534e-05    3.6457775923e-03
 593.5000000000    8.8874946743e-05    3.6461713190e-03
 594.0000000000    8.8877055186e-05    3.6465653162e-03
 594.5000000000    8.8879154608e-05    3.6469598973e-03
 595.0000000000    8.8881115400e-05    3.6473550423e-03
 595.5000000000    8.8882877911e-05    3.6477506143e-03
 596.0000000000    8.8884536282e-05    3.6481465408e-03
 596.5000000000    8.8886216527e-05    3.6485425044e-03
 597.0000000000    8.8888002150e-05    3.6489379864e-03
 597.5000000000    8.8889904767e-05    3.6493324595e-03
 598.0000000000    8.8891883809e-05    3.6497254021e-03
 598.5000000000    8.8893747230e-05    3.6501161907e-03
 599.0000000000    8.8895618369e-05    3.6505041227e-03
 599.5000000000    8.8897131948e-05    3.6508884392e-03
 600.0000000000    8.8898609619e-05    3.6512682223e-03
 600.5000000000    8.8900120542e-05    3.6516424325e-03
 601.0000000000    8.8901704405e-05    3.6520098849e-03
 601.5000000000    8.8903128977e-05    3.6523692392e-03
 602.0000000000    8.8904645093e-05    3.6527188533e-03
 602.5000000000    8.8906017591e-05    3.6530569725e-03
 603.0000000000    8.8907207202e-05    3.6533817961e-03
 603.5000000000    8.8908313097e-05    3.6536917642e-03
 604.0000000000    8.8909352437e-05    3.6539855512e-03
 604.5000000000    8.8910535149e-05    3.6542620381e-03
 605.0000000000    8.8911751933e-05    3.6545208383e-03
 605.5000000000    8.8913104979e-05    3.6547623863e-03
 606.0000000000    8.8914656249e-05    3.6549882230e-03
 606.5000000000    8.8916338425e-05    3.6552010422e-03
 607.0000000000    8.8918157913e-05    3.6554046516e-03
 607.5000000000    8.8920136970e-05    3.6556040232e-03
 608.0000000000    8.8922212178e-05    3.6558055810e-03
 608.5000000000    8.8924372908e-05    3.6560157142e-03
 609.0000000000    8.8926456767e-05    3.6562393749e-03
 609.5000000000    8.8928353956e-05    3.6564811348e-03
 610.0000000000    8.8930056023e-05    3.6567540026e-03
 610.5000000000    8.8931424996e-05    3.6570565574e-03
 611.0000000000    8.8932449726e-05    3.6573954594e-03
 611.5000000000    8.8933047351e-05    3.6577758606e-03
 612.0000000000    8.8933196623e-05    3.6581992940e-03
 612.5000000000    8.8932854129e-05    3.6586670351e-03
 613.0000000000    8.8932021740e-05    3.6591793949e-03
 613.5000000000    8.8930775779e-05    3.6597348924e-03
 614.0000000000    8.8929269436e-05    3.6603310458e-03
 614.5000000000    8.8927619425e-05    3.6609637294e-03
 615.0000000000    8.8926099061e-05    3.6616278804e-03
 615.5000000000    8.8925001395e-05    3.6623168116e-03
 616.0000000000    8.8924583739e-05    3.6630228315e-03
 616.5000000000    8.8925126928e-05    3.6637373108e-03
 617.0000000000    8.8926900418e-05    3.6644510990e-03
 617.5000000000    8.8930085020e-05    3.6651547988e-03
 618.0000000000    8.8934759451e-05    3.6658390288e-03
 618.5000000000    8.8940946712e-05    3.6664948346e-03
 619.0000000000    8.8948445630e-05    3.6671139860e-03
 619.5000000000    8.8957065028e-05    3.6676893786e-03
 620.0000000000    8.8966548508e-05    3.6682151994e-03
 620.5000000000    8.8976498714e-05    3.6686871548e-03
 621.0000000000    8.8986477322e-05    3.6691026512e-03
 621.5000000000    8.8996011356e-05    3.6694609193e-03
 622.0000000000    8.9004672532e-05    3.6697631507e-03
 622.5000000000    8.9012030013e-05    3.6700124424e-03
 623.0000000000    8.9017713494e-05    3.6702136609e-03
 623.5000000000    8.9021461667e-05    3.6703731915e-03
 624.0000000000    8.9023339154e-05    3.6704986807e-03
 624.5000000000    8.9023188322e-05    3.6705986573e-03
 625.0000000000    8.9021163166e-05    3.6706819241e-03
 625.5000000000    8.9017538715e-05    3.6707570108e-03
 626.0000000000    8.9012872337e-05    3.6708316817e-03
 626.5000000000    8.9007520668e-05    3.6709125240e-03
 627.0000000000    8.9001983926e-05    3.6710047567e-03
 627.5000000000    8.8996752178e-05    3.6711122931e-03
 628.0000000000    8.8992217301e-05    3.6712379182e-03
 628.5000000000    8.8988636563e-05    3.6713836961e-03
 629.0000000000    8.8986074167e-05    3.6715514786e-03
 629.5000000000    8.8984494452e-05    3.6717432727e-03
 630.0000000000    8.8983714461e-05    3.6719615803e-03
 630.5000000000    8.8983376719e-05    3.6722094374e-03
 631.0000000000    8.8983316607e-05    3.6724902772e-03
 631.5000000000    8.8982971841e-05    3.6728075668e-03
 632.0000000000    8.8982238466e-05    3.6731641824e-03
 632.5000000000    8.8981164599e-05    3.6735618435e-03
 633.0000000000    8.8979405921e-05    3.6740005132e-03
 633.5000000000    8.8977452743e-05    3.6744780240e-03
 634.0000000000    8.8975565923e-05    3.6749899935e-03
 634.5000000000    8.8974061642e-05    3.6755299626e-03
 635.0000000000    8.8973401341e-05    3.6760898890e-03
 635.5000000000    8.8973978499e-05    3.6766607849e-03
 636.0000000000    8.8976130058e-05    3.6772333523e-03
 636.5000000000    8.8980020695e-05    3.6777987338e-03
 637.0000000000    8.8985641565e-05    3.6783490850e-03
 637.5000000000    8.8992904114e-05    3.6788779577e-03
 638.0000000000    8.9001401485e-05    3.6793805255e-03
 638.5000000000    8.9010745447e-05    3.6798536415e-03
 639.0000000000    8.9020472106e-05    3.6802958846e-03
 639.5000000000    8.9030018351e-05    3.6807075254e-03
 640.0000000000    8.9039064275e-05    3.6810904403e-03
 640.5000000000    8.9047072323e-05    3.6814479302e-03
 641.0000000000    8.9053739208e-05    3.6817845239e-03
 641.5000000000    8.9058925410e-05    3.6821056128e-03
 642.0000000000    8.9062314484e-05    3.6824169264e-03
 642.5000000000    8.9063932854e-05    3.6827240503e-03
 643.0000000000    8.9063891699e-05    3.6830317535e-03
 643.5000000000    8.9062470387e-05    3.6833435097e-03
 644.0000000000    8.9060148673e-05    3.6836613683e-03
 644.5000000000    8.9057391584e-05    3.6839859764e-03
 645.0000000000    8.9054828671e-05    3.6843167603e-03
 645.5000000000    8.9052878263e-05    3.6846525563e-03
 646.0000000000    8.9051783534e-05    3.6849923554e-03
 646.5000000000    8.9051691280e-05    3.6853360080e-03
 647.0000000000    8.9052471702e-05    3.6856848882e-03
 647.5000000000    8.9053992367e-05    3.6860421760e-03
 648.0000000000    8.9055910500e-05    3.6864127411e-03
 648.5000000000    8.9058006504e-05    3.6868027120e-03
 649.0000000000    8.9060003640e-05    3.6872187428e-03
 649.5000000000    8.9061648011e-05    3.6876670354e-03
 650.0000000000    8.9062820156e-05    3.6881522958e-03
 650.5000000000    8.9063458400e-05    3.6886768728e-03
 651.0000000000    8.9063609196e-05    3.6892401609e-03
 651.5000000000    8.9063392635e-05    3.6898382780e-03
 652.0000000000    8.9062967749e-05    3.6904641678e-03
 652.5000000000    8.9062528213e-05    3.6911079157e-03
 653.0000000000    8.9062359574e-05    3.6917572414e-03
 653.5000000000    8.9062380641e-05    3.6923981390e-03
 654.0000000000    8.9062867514e-05    3.6930155678e-03
 654.5000000000    8.9064070482e-05    3.6935941508e-03
 655.0000000000    8.9065887496e-05    3.6941188806e-03
 655.5000000000    8.9068575195e-05    3.6945757484e-03
 656.0000000000    8.9072236250e-05    3.6949523378e-03
 656.5000000000    8.9076940220e-05    3.6952384570e-03
 657.0000000000    8.9082711153e-05    3.6954267359e-03
 657.5000000000    8.9089491806e-05    3.6955132021e-03
 658.0000000000    8.9097183076e-05    3.6954977999e-03
 658.5000000000    8.9105568016e-05    3.6953847313e-03
 659.0000000000    8.9114206164e-05    3.6951825984e-03
 659.5000000000    8.9122671953e-05    3.6949043683e-03
 660.0000000000    8.9130483684e-05    3.6945669443e-03
 660.5000000000    8.9136907734e-05    3.6941904905e-03
 661.0000000000    8.9141503260e-05    3.6937974469e-03
 661.5000000000    8.9143836230e-05    3.6934113340e-03
 662.0000000000    8.9143474938e-05    3.6930555387e-03
 662.5000000000    8.9140393576e-05    3.6927521209e-03
 663.0000000000    8.9134685382e-05    3.6925207931e-03
 663.5000000000    8.9126561842e-05    3.6923781992e-03
 664.0000000000    8.9116559335e-05    3.6923374314e-03
 664.5000000000    8.9105228741e-05    3.6924079154e-03
 665.0000000000    8.9093184867e-05    3.6925955690e-03
 665.5000000000    8.9081115013e-05    3.6929030620e-03
 666.0000000000    8.9069484152e-05    3.6933302194e-03
 666.5000000000    8.9058718218e-05    3.6938743327e-03
 667.0000000000    8.9049262506e-05    3.6945303801e-03
 667.5000000000    8.9041326735e-05    3.6952911188e-03
 668.0000000000    8.9035055272e-05    3.6961469731e-03
 668.5000000000    8.9030707986e-05    3.6970857945e-03
 669.0000000000    8.9028464236e-05    3.6980926302e-03
 669.5000000000    8.9028518845e-05    3.6991495441e-03
 670.0000000000    8.9031171687e-05    3.7002356220e-03
 670.5000000000    8.9036734466e-05    3.7013272912e-03
 671.0000000000    8.9045511164e-05    3.7023990209e-03
 671.5000000000    8.9057686714e-05    3.7034244065e-03
 672.0000000000    8.9073550684e-05    3.7043775936e-03
 672.5000000000    8.9092746696e-05    3.7052349587e-03
 673.0000000000    8.9114971107e-05    3.7059768001e-03
 673.5000000000    8.9139958695e-05    3.7065889158e-03
 674.0000000000    8.9166316460e-05    3.7070638728e-03
 674.5000000000    8.9193045886e-05    3.7074016745e-03
 675.0000000000    8.9219008944e-05    3.7076098071e-03
 675.5000000000    8.9242572589e-05    3.7077026561e-03
 676.0000000000    8.9262407045e-05    3.7077002171e-03
 676.5000000000    8.9277389741e-05    3.7076263833e-03
 677.0000000000    8.9286769695e-05    3.7075068509e-03
 677.5000000000    8.9290102498e-05    3.7073670238e-03
 678.0000000000    8.9287542345e-05    3.7072299707e-03
 678.5000000000    8.9279655515e-05    3.7071148172e-03
 679.0000000000    8.9267438778e-05    3.7070357126e-03
 679.5000000000    8.9252209211e-05    3.7070012935e-03
 680.0000000000    8.9235464030e-05    3.7070149055e-03
 680.5000000000    8.9218791197e-05    3.7070752776e-03
 681.0000000000    8.9203640216e-05    3.7071776497e-03
 681.5000000000    8.9191195906e-05    3.7073151930e-03
 682.0000000000    8.9182335396e-05    3.7074804318e-03
 682.5000000000    8.9177500233e-05    3.7076664817e-03
 683.0000000000    8.9176808505e-05    3.7078699093e-03
 683.5000000000    8.9179809472e-05    3.7080817627e-03
 684.0000000000    8.9186110591e-05    3.7083060132e-03
 684.5000000000    8.9194911009e-05    3.7085419677e-03
 685.0000000000    8.9205278001e-05    3.7087884386e-03
 685.5000000000    8.9216222076e-05    3.7090483488e-03
 686.0000000000    8.9226601570e-05    3.7093211719e-03
 686.5000000000    8.9235475181e-05    3.7096049240e-03
 687.0000000000    8.9241996459e-05    3.7098960021e-03
 687.5000000000    8.9245652299e-05    3.7101874708e-03
 688.0000000000    8.9246334486e-05    3.7104707405e-03
 688.5000000000    8.9244386572e-05    3.7107364296e-03
 689.0000000000    8.9240171968e-05    3.7109732651e-03
 689.5000000000    8.9234333134e-05    3.7111717973e-03
 690.0000000000    8.9227234427e-05    3.7113248298e-03
 690.5000000000    8.9218814537e-05    3.7114275039e-03
 691.0000000000    8.9208610653e-05    3.7114785575e-03
 691.5000000000    8.9196029031e-05    3.7114816463e-03
 692.0000000000    8.9180352675e-05    3.7114437377e-03
 692.5000000000    8.9160996986e-05    3.7113766286e-03
 693.0000000000    8.9137700446e-05    3.7112944852e-03
 693.5000000000    8.9110203763e-05    3.7112137500e-03
 694.0000000000    8.9078405527e-05    3.7111519501e-03
 694.5000000000    8.9042243903e-05    3.7111258224e-03
 695.0000000000    8.9001692045e-05    3.7111512757e-03
 695.5000000000    8.8957047200e-05    3.7112412429e-03
 696.0000000000    8.8909075303e-05    3.7114057818e-03
 696.5000000000    8.8859083176e-05    3.7116512379e-03
 697.0000000000    8.8808866376e-05    3.7119799912e-03
 697.5000000000    8.8760563305e-05    3.7123911277e-03
 698.0000000000    8.8716461427e-05    3.7128801493e-03
 698.5000000000    8.8678803596e-05    3.7134402228e-03
 699.0000000000    8.8649747973e-05    3.7140624423e-03
 699.5000000000    8.8631206637e-05    3.7147366846e-03
 700.0000000000    8.8624781968e-05    3.7154524088e-03
