#          time               M_ADM
   0.0000000000    9.7968508361e-02
   0.5000000000    9.7953855787e-02
   1.0000000000    9.7917955043e-02
   1.5000000000    9.7870887761e-02
   2.0000000000    9.7821170223e-02
   2.5000000000    9.7773147208e-02
   3.0000000000    9.7727815212e-02
   3.5000000000    9.7684513015e-02
   4.0000000000    9.7642141816e-02
   4.5000000000    9.7599749855e-02
   5.0000000000    9.7556705360e-02
   5.5000000000    9.7512675106e-02
   6.0000000000    9.7467538152e-02
   6.5000000000    9.7421296905e-02
   7.0000000000    9.7374010881e-02
   7.5000000000    9.7325759845e-02
   8.0000000000    9.7276631260e-02
   8.5000000000    9.7226719698e-02
   9.0000000000    9.7176125524e-02
   9.5000000000    9.7124947369e-02
  10.0000000000    9.7073272054e-02
  10.5000000000    9.7021170088e-02
  11.0000000000    9.6968701244e-02
  11.5000000000    9.6915924071e-02
  12.0000000000    9.6862904492e-02
  12.5000000000    9.6809715425e-02
  13.0000000000    9.6756426735e-02
  13.5000000000    9.6703089424e-02
  14.0000000000    9.6649739309e-02
  14.5000000000    9.6596407138e-02
  15.0000000000    9.6543129253e-02
  15.5000000000    9.6489952987e-02
  16.0000000000    9.6436931585e-02
  16.5000000000    9.6384113342e-02
  17.0000000000    9.6331530731e-02
  17.5000000000    9.6279194166e-02
  18.0000000000    9.6227114766e-02
  18.5000000000    9.6175315477e-02
  19.0000000000    9.6123835453e-02
  19.5000000000    9.6072713001e-02
  20.0000000000    9.6021981350e-02
  20.5000000000    9.5971641100e-02
  21.0000000000    9.5921720946e-02
  21.5000000000    9.5872212265e-02
  22.0000000000    9.5823130108e-02
  22.5000000000    9.5774510258e-02
  23.0000000000    9.5726387178e-02
  23.5000000000    9.5678771153e-02
  24.0000000000    9.5631671094e-02
  24.5000000000    9.5585083259e-02
  25.0000000000    9.5539005585e-02
  25.5000000000    9.5493445147e-02
  26.0000000000    9.5448418026e-02
  26.5000000000    9.5403954205e-02
  27.0000000000    9.5360070320e-02
  27.5000000000    9.5316767698e-02
  28.0000000000    9.5274037768e-02
  28.5000000000    9.5231871860e-02
  29.0000000000    9.5190271778e-02
  29.5000000000    9.5149251462e-02
  30.0000000000    9.5108829675e-02
  30.5000000000    9.5069018969e-02
  31.0000000000    9.5029823736e-02
  31.5000000000    9.4991240555e-02
  32.0000000000    9.4953254617e-02
  32.5000000000    9.4915849150e-02
  33.0000000000    9.4879031620e-02
  33.5000000000    9.4842823808e-02
  34.0000000000    9.4807235441e-02
  34.5000000000    9.4772255097e-02
  35.0000000000    9.4737870141e-02
  35.5000000000    9.4704073060e-02
  36.0000000000    9.4670852235e-02
  36.5000000000    9.4638216933e-02
  37.0000000000    9.4606179399e-02
  37.5000000000    9.4574745493e-02
  38.0000000000    9.4543909518e-02
  38.5000000000    9.4513655016e-02
  39.0000000000    9.4483964924e-02
  39.5000000000    9.4454831015e-02
  40.0000000000    9.4426256575e-02
  40.5000000000    9.4398251021e-02
  41.0000000000    9.4370819514e-02
  41.5000000000    9.4343955165e-02
  42.0000000000    9.4317641298e-02
  42.5000000000    9.4291861186e-02
  43.0000000000    9.4266604479e-02
  43.5000000000    9.4241871624e-02
  44.0000000000    9.4217672108e-02
  44.5000000000    9.4194010411e-02
  45.0000000000    9.4170876932e-02
  45.5000000000    9.4148251924e-02
  46.0000000000    9.4126118291e-02
  46.5000000000    9.4104468386e-02
  47.0000000000    9.4083300764e-02
  47.5000000000    9.4062616704e-02
  48.0000000000    9.4042419054e-02
  48.5000000000    9.4022705868e-02
  49.0000000000    9.4003464120e-02
  49.5000000000    9.3984672626e-02
  50.0000000000    9.3966313585e-02
  50.5000000000    9.3948380849e-02
  51.0000000000    9.3930875590e-02
  51.5000000000    9.3913793555e-02
  52.0000000000    9.3897118035e-02
  52.5000000000    9.3880809903e-02
  53.0000000000    9.3864812320e-02
  53.5000000000    9.3849049135e-02
  54.0000000000    9.3833417982e-02
  54.5000000000    9.3817779103e-02
  55.0000000000    9.3801942234e-02
  55.5000000000    9.3785668781e-02
  56.0000000000    9.3768709978e-02
  56.5000000000    9.3750889880e-02
  57.0000000000    9.3732221604e-02
  57.5000000000    9.3713007988e-02
  58.0000000000    9.3693856608e-02
  58.5000000000    9.3675552231e-02
  59.0000000000    9.3658812702e-02
  59.5000000000    9.3644054746e-02
  60.0000000000    9.3631302603e-02
  60.5000000000    9.3620266578e-02
  61.0000000000    9.3610509610e-02
  61.5000000000    9.3601594495e-02
  62.0000000000    9.3593159601e-02
  62.5000000000    9.3584936147e-02
  63.0000000000    9.3576757070e-02
  63.5000000000    9.3568572290e-02
  64.0000000000    9.3560427438e-02
  64.5000000000    9.3552392420e-02
  65.0000000000    9.3544506204e-02
  65.5000000000    9.3536788868e-02
  66.0000000000    9.3529267168e-02
  66.5000000000    9.3521961449e-02
  67.0000000000    9.3514871271e-02
  67.5000000000    9.3507988127e-02
  68.0000000000    9.3501313173e-02
  68.5000000000    9.3494852462e-02
  69.0000000000    9.3488613307e-02
  69.5000000000    9.3482601881e-02
  70.0000000000    9.3476817695e-02
  70.5000000000    9.3471253735e-02
  71.0000000000    9.3465895399e-02
  71.5000000000    9.3460730266e-02
  72.0000000000    9.3455760817e-02
  72.5000000000    9.3450993561e-02
  73.0000000000    9.3446435622e-02
  73.5000000000    9.3442086923e-02
  74.0000000000    9.3437939426e-02
  74.5000000000    9.3433980549e-02
  75.0000000000    9.3430201383e-02
  75.5000000000    9.3426600033e-02
  76.0000000000    9.3423179090e-02
  76.5000000000    9.3419940829e-02
  77.0000000000    9.3416884179e-02
  77.5000000000    9.3414006506e-02
  78.0000000000    9.3411305143e-02
  78.5000000000    9.3408775382e-02
  79.0000000000    9.3406408988e-02
  79.5000000000    9.3404197832e-02
  80.0000000000    9.3402142300e-02
  80.5000000000    9.3400253274e-02
  81.0000000000    9.3398543516e-02
  81.5000000000    9.3397016637e-02
  82.0000000000    9.3395656865e-02
  82.5000000000    9.3394431398e-02
  83.0000000000    9.3393315635e-02
  83.5000000000    9.3392319295e-02
  84.0000000000    9.3391476453e-02
  84.5000000000    9.3390807463e-02
  85.0000000000    9.3390303996e-02
  85.5000000000    9.3389945356e-02
  86.0000000000    9.3389718012e-02
  86.5000000000    9.3389620244e-02
  87.0000000000    9.3389656909e-02
  87.5000000000    9.3389834073e-02
  88.0000000000    9.3390152393e-02
  88.5000000000    9.3390605856e-02
  89.0000000000    9.3391184456e-02
  89.5000000000    9.3391881971e-02
  90.0000000000    9.3392699205e-02
  90.5000000000    9.3393642116e-02
  91.0000000000    9.3394716759e-02
  91.5000000000    9.3395923912e-02
  92.0000000000    9.3397258120e-02
  92.5000000000    9.3398710266e-02
  93.0000000000    9.3400272958e-02
  93.5000000000    9.3401945047e-02
  94.0000000000    9.3403732102e-02
  94.5000000000    9.3405640706e-02
  95.0000000000    9.3407672999e-02
  95.5000000000    9.3409824937e-02
  96.0000000000    9.3412087363e-02
  96.5000000000    9.3414451811e-02
  97.0000000000    9.3416916554e-02
  97.5000000000    9.3419486162e-02
  98.0000000000    9.3422166477e-02
  98.5000000000    9.3424961170e-02
  99.0000000000    9.3427868513e-02
  99.5000000000    9.3430881413e-02
 100.0000000000    9.3433992883e-02
 100.5000000000    9.3437200116e-02
 101.0000000000    9.3440503578e-02
 101.5000000000    9.3443903490e-02
 102.0000000000    9.3447400382e-02
 102.5000000000    9.3450997394e-02
 103.0000000000    9.3454696101e-02
 103.5000000000    9.3458490535e-02
 104.0000000000    9.3462371910e-02
 104.5000000000    9.3466338809e-02
 105.0000000000    9.3470398908e-02
 105.5000000000    9.3474558184e-02
 106.0000000000    9.3478815201e-02
 106.5000000000    9.3483162963e-02
 107.0000000000    9.3487593226e-02
 107.5000000000    9.3492101500e-02
 108.0000000000    9.3496690077e-02
 108.5000000000    9.3501365380e-02
 109.0000000000    9.3506132681e-02
 109.5000000000    9.3510992900e-02
 110.0000000000    9.3515942604e-02
 110.5000000000    9.3520975627e-02
 111.0000000000    9.3526087092e-02
 111.5000000000    9.3531277636e-02
 112.0000000000    9.3536552596e-02
 112.5000000000    9.3541917611e-02
 113.0000000000    9.3547374184e-02
 113.5000000000    9.3552918033e-02
 114.0000000000    9.3558541280e-02
 114.5000000000    9.3564236636e-02
 115.0000000000    9.3570001371e-02
 115.5000000000    9.3575838857e-02
 116.0000000000    9.3581754979e-02
 116.5000000000    9.3587752764e-02
 117.0000000000    9.3593829834e-02
 117.5000000000    9.3599980647e-02
 118.0000000000    9.3606200937e-02
 118.5000000000    9.3612491155e-02
 119.0000000000    9.3618857006e-02
 119.5000000000    9.3625304652e-02
 120.0000000000    9.3631834470e-02
 120.5000000000    9.3638439129e-02
 121.0000000000    9.3645108365e-02
 121.5000000000    9.3651835461e-02
 122.0000000000    9.3658620961e-02
 122.5000000000    9.3665471735e-02
 123.0000000000    9.3672396294e-02
 123.5000000000    9.3679400187e-02
 124.0000000000    9.3686483484e-02
 124.5000000000    9.3693640141e-02
 125.0000000000    9.3700862244e-02
 125.5000000000    9.3708147523e-02
 126.0000000000    9.3715500662e-02
 126.5000000000    9.3722926023e-02
 127.0000000000    9.3730425124e-02
 127.5000000000    9.3738000475e-02
 128.0000000000    9.3745653278e-02
 128.5000000000    9.3753377828e-02
 129.0000000000    9.3761165848e-02
 129.5000000000    9.3769016784e-02
 130.0000000000    9.3776937749e-02
 130.5000000000    9.3784935202e-02
 131.0000000000    9.3793012433e-02
 131.5000000000    9.3801170433e-02
 132.0000000000    9.3809404383e-02
 132.5000000000    9.3817705299e-02
 133.0000000000    9.3826070530e-02
 133.5000000000    9.3834506590e-02
 134.0000000000    9.3843019177e-02
 134.5000000000    9.3851608165e-02
 135.0000000000    9.3860271816e-02
 135.5000000000    9.3869007876e-02
 136.0000000000    9.3877811429e-02
 136.5000000000    9.3886679275e-02
 137.0000000000    9.3895616135e-02
 137.5000000000    9.3904629221e-02
 138.0000000000    9.3913722405e-02
 138.5000000000    9.3922895633e-02
 139.0000000000    9.3932146765e-02
 139.5000000000    9.3941472814e-02
 140.0000000000    9.3950872528e-02
 140.5000000000    9.3960348890e-02
 141.0000000000    9.3969906057e-02
 141.5000000000    9.3979547699e-02
 142.0000000000    9.3989277020e-02
 142.5000000000    9.3999095089e-02
 143.0000000000    9.4008999155e-02
 143.5000000000    9.4018985109e-02
 144.0000000000    9.4029051842e-02
 144.5000000000    9.4039201861e-02
 145.0000000000    9.4049439680e-02
 145.5000000000    9.4059769513e-02
 146.0000000000    9.4070192617e-02
 146.5000000000    9.4080706612e-02
 147.0000000000    9.4091306712e-02
 147.5000000000    9.4101988814e-02
 148.0000000000    9.4112753440e-02
 148.5000000000    9.4123606412e-02
 149.0000000000    9.4134553359e-02
 149.5000000000    9.4145594856e-02
 150.0000000000    9.4156727427e-02
 150.5000000000    9.4167946464e-02
 151.0000000000    9.4179248092e-02
 151.5000000000    9.4190632681e-02
 152.0000000000    9.4202106376e-02
 152.5000000000    9.4213676348e-02
 153.0000000000    9.4225345006e-02
 153.5000000000    9.4237109310e-02
 154.0000000000    9.4248964310e-02
 154.5000000000    9.4260907004e-02
 155.0000000000    9.4272939340e-02
 155.5000000000    9.4285067661e-02
 156.0000000000    9.4297298839e-02
 156.5000000000    9.4309635083e-02
 157.0000000000    9.4322073431e-02
 157.5000000000    9.4334610743e-02
 158.0000000000    9.4347248404e-02
 158.5000000000    9.4359993465e-02
 159.0000000000    9.4372854639e-02
 159.5000000000    9.4385835484e-02
 160.0000000000    9.4398930263e-02
 160.5000000000    9.4412129349e-02
 161.0000000000    9.4425428788e-02
 161.5000000000    9.4438833392e-02
 162.0000000000    9.4452351628e-02
 162.5000000000    9.4465989271e-02
 163.0000000000    9.4479747460e-02
 163.5000000000    9.4493625111e-02
 164.0000000000    9.4507622061e-02
 164.5000000000    9.4521739855e-02
 165.0000000000    9.4535979812e-02
 165.5000000000    9.4550342000e-02
 166.0000000000    9.4564826381e-02
 166.5000000000    9.4579433931e-02
 167.0000000000    9.4594166229e-02
 167.5000000000    9.4609024457e-02
 168.0000000000    9.4624009142e-02
 168.5000000000    9.4639120696e-02
 169.0000000000    9.4654359626e-02
 169.5000000000    9.4669726489e-02
 170.0000000000    9.4685222155e-02
 170.5000000000    9.4700848584e-02
 171.0000000000    9.4716608462e-02
 171.5000000000    9.4732504146e-02
 172.0000000000    9.4748536229e-02
 172.5000000000    9.4764703593e-02
 173.0000000000    9.4781004993e-02
 173.5000000000    9.4797441074e-02
 174.0000000000    9.4814015277e-02
 174.5000000000    9.4830733331e-02
 175.0000000000    9.4847600743e-02
 175.5000000000    9.4864619824e-02
 176.0000000000    9.4881789557e-02
 176.5000000000    9.4899108671e-02
 177.0000000000    9.4916578828e-02
 177.5000000000    9.4934205767e-02
 178.0000000000    9.4951997897e-02
 178.5000000000    9.4969962443e-02
 179.0000000000    9.4988101991e-02
 179.5000000000    9.5006414160e-02
 180.0000000000    9.5024895792e-02
 180.5000000000    9.5043547509e-02
 181.0000000000    9.5062375309e-02
 181.5000000000    9.5081387684e-02
 182.0000000000    9.5100590608e-02
 182.5000000000    9.5119983876e-02
 183.0000000000    9.5139562020e-02
 183.5000000000    9.5159319299e-02
 184.0000000000    9.5179255124e-02
 184.5000000000    9.5199375881e-02
 185.0000000000    9.5219691915e-02
 185.5000000000    9.5240212261e-02
 186.0000000000    9.5260941049e-02
 186.5000000000    9.5281879082e-02
 187.0000000000    9.5303028747e-02
 187.5000000000    9.5324397449e-02
 188.0000000000    9.5345997439e-02
 188.5000000000    9.5367842422e-02
 189.0000000000    9.5389942144e-02
 189.5000000000    9.5412298294e-02
 190.0000000000    9.5434905682e-02
 190.5000000000    9.5457757741e-02
 191.0000000000    9.5480851729e-02
 191.5000000000    9.5504190795e-02
 192.0000000000    9.5527781781e-02
 192.5000000000    9.5551630482e-02
 193.0000000000    9.5575738905e-02
 193.5000000000    9.5600107013e-02
 194.0000000000    9.5624735739e-02
 194.5000000000    9.5649628538e-02
 195.0000000000    9.5674792156e-02
 195.5000000000    9.5700235810e-02
 196.0000000000    9.5725967426e-02
 196.5000000000    9.5751990971e-02
 197.0000000000    9.5778308492e-02
 197.5000000000    9.5804923546e-02
 198.0000000000    9.5831841726e-02
 198.5000000000    9.5859069917e-02
 199.0000000000    9.5886615883e-02
 199.5000000000    9.5914487241e-02
 200.0000000000    9.5942689694e-02
 200.5000000000    9.5971227285e-02
 201.0000000000    9.6000104858e-02
 201.5000000000    9.6029329058e-02
 202.0000000000    9.6058907013e-02
 202.5000000000    9.6088845121e-02
 203.0000000000    9.6119148840e-02
 203.5000000000    9.6149822713e-02
 204.0000000000    9.6180870681e-02
 204.5000000000    9.6212297354e-02
 205.0000000000    9.6244108682e-02
 205.5000000000    9.6276311403e-02
 206.0000000000    9.6308912645e-02
 206.5000000000    9.6341920421e-02
 207.0000000000    9.6375344031e-02
 207.5000000000    9.6409193540e-02
 208.0000000000    9.6443479046e-02
 208.5000000000    9.6478209728e-02
 209.0000000000    9.6513392240e-02
 209.5000000000    9.6549030567e-02
 210.0000000000    9.6585128913e-02
 210.5000000000    9.6621694498e-02
 211.0000000000    9.6658737836e-02
 211.5000000000    9.6696270843e-02
 212.0000000000    9.6734304408e-02
 212.5000000000    9.6772846487e-02
 213.0000000000    9.6811902016e-02
 213.5000000000    9.6851475734e-02
 214.0000000000    9.6891576092e-02
 214.5000000000    9.6932216556e-02
 215.0000000000    9.6973412743e-02
 215.5000000000    9.7015178198e-02
 216.0000000000    9.7057522227e-02
 216.5000000000    9.7100450444e-02
 217.0000000000    9.7143967705e-02
 217.5000000000    9.7188082138e-02
 218.0000000000    9.7232806852e-02
 218.5000000000    9.7278157572e-02
 219.0000000000    9.7324148900e-02
 219.5000000000    9.7370792996e-02
 220.0000000000    9.7418101246e-02
 220.5000000000    9.7466087151e-02
 221.0000000000    9.7514768506e-02
 221.5000000000    9.7564166133e-02
 222.0000000000    9.7614298688e-02
 222.5000000000    9.7665177682e-02
 223.0000000000    9.7716807529e-02
 223.5000000000    9.7769190720e-02
 224.0000000000    9.7822335463e-02
 224.5000000000    9.7876261185e-02
 225.0000000000    9.7930997609e-02
 225.5000000000    9.7986577269e-02
 226.0000000000    9.8043026167e-02
 226.5000000000    9.8100359387e-02
 227.0000000000    9.8158584207e-02
 227.5000000000    9.8217708337e-02
 228.0000000000    9.8277747780e-02
 228.5000000000    9.8338729047e-02
 229.0000000000    9.8400684124e-02
 229.5000000000    9.8463641887e-02
 230.0000000000    9.8527622087e-02
 230.5000000000    9.8592635852e-02
 231.0000000000    9.8658692454e-02
 231.5000000000    9.8725808203e-02
 232.0000000000    9.8794011636e-02
 232.5000000000    9.8863342011e-02
 233.0000000000    9.8933842608e-02
 233.5000000000    9.9005552902e-02
 234.0000000000    9.9078504014e-02
 234.5000000000    9.9152719233e-02
 235.0000000000    9.9228217963e-02
 235.5000000000    9.9305020019e-02
 236.0000000000    9.9383147850e-02
 236.5000000000    9.9462626535e-02
 237.0000000000    9.9543482914e-02
 237.5000000000    9.9625745249e-02
 238.0000000000    9.9709444113e-02
 238.5000000000    9.9794613907e-02
 239.0000000000    9.9881293670e-02
 239.5000000000    9.9969526781e-02
 240.0000000000    1.0005936049e-01
 240.5000000000    1.0015084583e-01
 241.0000000000    1.0024403702e-01
 241.5000000000    1.0033898896e-01
 242.0000000000    1.0043575218e-01
 242.5000000000    1.0053436714e-01
 243.0000000000    1.0063486157e-01
 243.5000000000    1.0073725477e-01
 244.0000000000    1.0084156929e-01
 244.5000000000    1.0094784422e-01
 245.0000000000    1.0105614211e-01
 245.5000000000    1.0116654464e-01
 246.0000000000    1.0127913880e-01
 246.5000000000    1.0139400085e-01
 247.0000000000    1.0151118724e-01
 247.5000000000    1.0163073859e-01
 248.0000000000    1.0175269343e-01
 248.5000000000    1.0187710355e-01
 249.0000000000    1.0200404204e-01
 249.5000000000    1.0213359928e-01
 250.0000000000    1.0226587021e-01
 250.5000000000    1.0240094194e-01
 251.0000000000    1.0253888977e-01
 251.5000000000    1.0267978287e-01
 252.0000000000    1.0282369501e-01
 252.5000000000    1.0297071247e-01
 253.0000000000    1.0312093441e-01
 253.5000000000    1.0327446653e-01
 254.0000000000    1.0343141388e-01
 254.5000000000    1.0359187802e-01
 255.0000000000    1.0375596025e-01
 255.5000000000    1.0392376810e-01
 256.0000000000    1.0409542025e-01
 256.5000000000    1.0427104588e-01
 257.0000000000    1.0445077943e-01
 257.5000000000    1.0463475583e-01
 258.0000000000    1.0482310945e-01
 258.5000000000    1.0501597567e-01
 259.0000000000    1.0521349275e-01
 259.5000000000    1.0541580299e-01
 260.0000000000    1.0562305352e-01
 260.5000000000    1.0583539772e-01
 261.0000000000    1.0605299820e-01
 261.5000000000    1.0627603119e-01
 262.0000000000    1.0650468952e-01
 262.5000000000    1.0673918063e-01
 263.0000000000    1.0697971917e-01
 263.5000000000    1.0722651759e-01
 264.0000000000    1.0747977932e-01
 264.5000000000    1.0773969757e-01
 265.0000000000    1.0800646103e-01
 265.5000000000    1.0828026510e-01
 266.0000000000    1.0856132238e-01
 266.5000000000    1.0884986563e-01
 267.0000000000    1.0914614166e-01
 267.5000000000    1.0945040028e-01
 268.0000000000    1.0976288247e-01
 268.5000000000    1.1008381111e-01
 269.0000000000    1.1041338643e-01
 269.5000000000    1.1075178577e-01
 270.0000000000    1.1109916545e-01
 270.5000000000    1.1145566095e-01
 271.0000000000    1.1182138304e-01
 271.5000000000    1.1219640816e-01
 272.0000000000    1.1258076164e-01
 272.5000000000    1.1297439324e-01
 273.0000000000    1.1337714498e-01
 273.5000000000    1.1378870960e-01
 274.0000000000    1.1420857988e-01
 274.5000000000    1.1463599114e-01
 275.0000000000    1.1506986210e-01
 275.5000000000    1.1550873688e-01
 276.0000000000    1.1595071550e-01
 276.5000000000    1.1639334197e-01
 277.0000000000    1.1683341467e-01
 277.5000000000    1.1726669385e-01
 278.0000000000    1.1768750392e-01
 278.5000000000    1.1808824814e-01
 279.0000000000    1.1845884341e-01
 279.5000000000    1.1878602816e-01
 280.0000000000    1.1905242468e-01
 280.5000000000    1.1923519273e-01
 281.0000000000    1.1930410799e-01
 281.5000000000    1.1921893260e-01
 282.0000000000    1.1892599254e-01
 282.5000000000    1.1835389516e-01
 283.0000000000    1.1740836532e-01
 283.5000000000    1.1596644277e-01
 284.0000000000    1.1387102190e-01
 284.5000000000    1.1092827294e-01
 285.0000000000    1.0691310102e-01
 285.5000000000    1.0159100627e-01
 286.0000000000    9.4766356553e-02
 286.5000000000    8.6362185153e-02
 287.0000000000    7.6518731637e-02
 287.5000000000    6.5667753438e-02
 288.0000000000    5.4518000683e-02
 288.5000000000    4.3911049854e-02
 289.0000000000    3.4585781549e-02
 289.5000000000    2.6967539077e-02
 290.0000000000    2.1098664603e-02
 290.5000000000    1.6735992272e-02
 291.0000000000    1.3525880626e-02
 291.5000000000    1.1140009447e-02
 292.0000000000    9.3290400741e-03
 292.5000000000    7.9208995258e-03
 293.0000000000    6.8007594680e-03
 293.5000000000    5.8918521720e-03
 294.0000000000    5.1419210302e-03
 294.5000000000    4.5145834776e-03
 295.0000000000    3.9839308829e-03
 295.5000000000    3.5310824881e-03
 296.0000000000    3.1419218768e-03
 296.5000000000    2.8055893275e-03
 297.0000000000    2.5134898900e-03
 297.5000000000    2.2586624671e-03
 298.0000000000    2.0353884465e-03
 298.5000000000    1.8389389752e-03
 299.0000000000    1.6653894642e-03
 299.5000000000    1.5114655276e-03
 300.0000000000    1.3744123857e-03
 300.5000000000    1.2518877886e-03
 301.0000000000    1.1418797837e-03
 301.5000000000    1.0426456073e-03
 302.0000000000    9.5266842232e-04
 302.5000000000    8.7062721836e-04
 303.0000000000    7.9537611809e-04
 303.5000000000    7.2593013579e-04
 304.0000000000    6.6145546204e-04
 304.5000000000    6.0126322646e-04
 305.0000000000    5.4480573245e-04
 305.5000000000    4.9167388343e-04
 306.0000000000    4.4159414818e-04
 306.5000000000    3.9442214145e-04
 307.0000000000    3.5012837308e-04
 307.5000000000    3.0877313211e-04
 308.0000000000    2.7047155942e-04
 308.5000000000    2.3535325663e-04
 309.0000000000    2.0352164781e-04
 309.5000000000    1.7502027315e-04
 310.0000000000    1.4981361003e-04
 310.5000000000    1.2778502578e-04
 311.0000000000    1.0874780466e-04
 311.5000000000    9.2461586212e-05
 312.0000000000    7.8650231375e-05
 312.5000000000    6.7019860219e-05
 313.0000000000    5.7276593909e-05
 313.5000000000    4.9150538589e-05
 314.0000000000    4.2363120411e-05
 314.5000000000    3.6711638831e-05
 315.0000000000    3.2016429561e-05
 315.5000000000    2.8096221232e-05
 316.0000000000    2.4795624888e-05
 316.5000000000    2.1995444386e-05
 317.0000000000    1.9606184107e-05
 317.5000000000    1.7558561415e-05
 318.0000000000    1.5796434747e-05
 318.5000000000    1.4272618416e-05
 319.0000000000    1.2946810579e-05
 319.5000000000    1.1784864708e-05
 320.0000000000    1.0758679980e-05
 320.5000000000    9.8460138642e-06
 321.0000000000    9.0297669978e-06
 321.5000000000    8.2967373404e-06
 322.0000000000    7.6362337205e-06
 322.5000000000    7.0390387113e-06
 323.0000000000    6.4969839509e-06
 323.5000000000    6.0030275675e-06
 324.0000000000    5.5514595023e-06
 324.5000000000    5.1378663341e-06
 325.0000000000    4.7587431420e-06
 325.5000000000    4.4109498438e-06
 326.0000000000    4.0913458297e-06
 326.5000000000    3.7968004258e-06
 327.0000000000    3.5244848147e-06
 327.5000000000    3.2721466743e-06
 328.0000000000    3.0381275209e-06
 328.5000000000    2.8211310102e-06
 329.0000000000    2.6199345596e-06
 329.5000000000    2.4332195150e-06
 330.0000000000    2.2595762999e-06
 330.5000000000    2.0976597989e-06
 331.0000000000    1.9464080332e-06
 331.5000000000    1.8051654649e-06
 332.0000000000    1.6735695974e-06
 332.5000000000    1.5512431401e-06
 333.0000000000    1.4375416835e-06
 333.5000000000    1.3315918907e-06
 334.0000000000    1.2325924972e-06
 334.5000000000    1.1400937122e-06
 335.0000000000    1.0539888443e-06
 335.5000000000    9.7422738747e-07
 336.0000000000    9.0051610473e-07
 336.5000000000    8.3227166417e-07
 337.0000000000    7.6884543505e-07
 337.5000000000    7.0980081821e-07
 338.0000000000    6.5499756937e-07
 338.5000000000    6.0442875693e-07
 339.0000000000    5.5797257460e-07
 339.5000000000    5.1527636616e-07
 340.0000000000    4.7585560699e-07
 340.5000000000    4.3930275147e-07
 341.0000000000    4.0542162914e-07
 341.5000000000    3.7418498110e-07
 342.0000000000    3.4556882314e-07
 342.5000000000    3.1941178619e-07
 343.0000000000    2.9541077517e-07
 343.5000000000    2.7324171574e-07
 344.0000000000    2.5269450835e-07
 344.5000000000    2.3371146892e-07
 345.0000000000    2.1630776238e-07
 345.5000000000    2.0044894116e-07
 346.0000000000    1.8598775868e-07
 346.5000000000    1.7270478546e-07
 347.0000000000    1.6041027610e-07
 347.5000000000    1.4901930993e-07
 348.0000000000    1.3854200803e-07
 348.5000000000    1.2900317012e-07
 349.0000000000    1.2036138426e-07
 349.5000000000    1.1249289401e-07
 350.0000000000    1.0524841417e-07
 350.5000000000    9.8530500233e-08
 351.0000000000    9.2325441506e-08
 351.5000000000    8.6666642146e-08
 352.0000000000    8.1565786210e-08
 352.5000000000    7.6971243138e-08
 353.0000000000    7.2784251023e-08
 353.5000000000    6.8913341654e-08
 354.0000000000    6.5319602433e-08
 354.5000000000    6.2018094377e-08
 355.0000000000    5.9038323292e-08
 355.5000000000    5.6378004466e-08
 356.0000000000    5.3986914283e-08
 356.5000000000    5.1791779399e-08
 357.0000000000    4.9740035427e-08
 357.5000000000    4.7825936143e-08
 358.0000000000    4.6078090774e-08
 358.5000000000    4.4520095692e-08
 359.0000000000    4.3138128655e-08
 359.5000000000    4.1882523780e-08
 360.0000000000    4.0700678999e-08
 360.5000000000    3.9571956322e-08
 361.0000000000    3.8514586516e-08
 361.5000000000    3.7559792657e-08
 362.0000000000    3.6716766388e-08
 362.5000000000    3.5958976518e-08
 363.0000000000    3.5242474692e-08
 363.5000000000    3.4538950783e-08
 364.0000000000    3.3854005261e-08
 364.5000000000    3.3215952438e-08
 365.0000000000    3.2646009199e-08
 365.5000000000    3.2136601320e-08
 366.0000000000    3.1655993989e-08
 366.5000000000    3.1173876418e-08
 367.0000000000    3.0684762873e-08
 367.5000000000    3.0209126702e-08
 368.0000000000    2.9772373359e-08
 368.5000000000    2.9380821959e-08
 369.0000000000    2.9015503094e-08
 369.5000000000    2.8648228040e-08
 370.0000000000    2.8265048849e-08
 370.5000000000    2.7876614380e-08
 371.0000000000    2.7507114630e-08
 371.5000000000    2.7172144068e-08
 372.0000000000    2.6864849931e-08
 372.5000000000    2.6561931514e-08
 373.0000000000    2.6243695736e-08
 373.5000000000    2.5910447677e-08
 374.0000000000    2.5581156872e-08
 374.5000000000    2.5276064653e-08
 375.0000000000    2.4998754490e-08
 375.5000000000    2.4733210704e-08
 376.0000000000    2.4457828587e-08
 376.5000000000    2.4163806049e-08
 377.0000000000    2.3861981045e-08
 377.5000000000    2.3572768287e-08
 378.0000000000    2.3308362464e-08
 378.5000000000    2.3062520748e-08
 379.0000000000    2.2816263201e-08
 379.5000000000    2.2554145387e-08
 380.0000000000    2.2277100823e-08
 380.5000000000    2.2001187303e-08
 381.0000000000    2.1743680720e-08
 381.5000000000    2.1508452563e-08
 382.0000000000    2.1282897150e-08
 382.5000000000    2.1048758052e-08
 383.0000000000    2.0797523232e-08
 383.5000000000    2.0537404914e-08
 384.0000000000    2.0286187760e-08
 384.5000000000    2.0056125399e-08
 385.0000000000    1.9843666556e-08
 385.5000000000    1.9632601756e-08
 386.0000000000    1.9407857578e-08
 386.5000000000    1.9168207791e-08
 387.0000000000    1.8927189024e-08
 387.5000000000    1.8701534781e-08
 388.0000000000    1.8496990682e-08
 388.5000000000    1.8303541692e-08
 389.0000000000    1.8104023547e-08
 389.5000000000    1.7888701066e-08
 390.0000000000    1.7663402901e-08
 390.5000000000    1.7444411586e-08
 391.0000000000    1.7244588106e-08
 391.5000000000    1.7062560308e-08
 392.0000000000    1.6884082486e-08
 392.5000000000    1.6694255949e-08
 393.0000000000    1.6490118895e-08
 393.5000000000    1.6282970397e-08
 394.0000000000    1.6088650535e-08
 394.5000000000    1.5914176701e-08
 395.0000000000    1.5752032678e-08
 395.5000000000    1.5586766742e-08
 396.0000000000    1.5408128598e-08
 396.5000000000    1.5219601640e-08
 397.0000000000    1.5035261668e-08
 397.5000000000    1.4867809714e-08
 398.0000000000    1.4717973995e-08
 398.5000000000    1.4574138948e-08
 399.0000000000    1.4422319528e-08
 399.5000000000    1.4257916719e-08
 400.0000000000    1.4089365845e-08
 400.5000000000    1.3930793168e-08
 401.0000000000    1.3790071305e-08
 401.5000000000    1.3662371325e-08
 402.0000000000    1.3534465662e-08
 402.5000000000    1.3395924853e-08
 403.0000000000    1.3247712284e-08
 403.5000000000    1.3101084469e-08
 404.0000000000    1.2967954987e-08
 404.5000000000    1.2850951391e-08
 405.0000000000    1.2741435759e-08
 405.5000000000    1.2626920174e-08
 406.0000000000    1.2501480012e-08
 406.5000000000    1.2370463431e-08
 407.0000000000    1.2245746701e-08
 407.5000000000    1.2135702238e-08
 408.0000000000    1.2038319325e-08
 408.5000000000    1.1943085023e-08
 409.0000000000    1.1839842763e-08
 409.5000000000    1.1727134352e-08
 410.0000000000    1.1613154401e-08
 410.5000000000    1.1508716533e-08
 411.0000000000    1.1418057967e-08
 411.5000000000    1.1335966692e-08
 412.0000000000    1.1251556232e-08
 412.5000000000    1.1157858465e-08
 413.0000000000    1.1057297059e-08
 413.5000000000    1.0959443965e-08
 414.0000000000    1.0872924034e-08
 414.5000000000    1.0798281645e-08
 415.0000000000    1.0727820051e-08
 415.5000000000    1.0651632397e-08
 416.0000000000    1.0566424540e-08
 416.5000000000    1.0477605944e-08
 417.0000000000    1.0394745075e-08
 417.5000000000    1.0323522386e-08
 418.0000000000    1.0261068583e-08
 418.5000000000    1.0198491248e-08
 419.0000000000    1.0128209280e-08
 419.5000000000    1.0050568276e-08
 420.0000000000    9.9728020826e-09
 420.5000000000    9.9032874472e-09
 421.0000000000    9.8444564699e-09
 421.5000000000    9.7908928723e-09
 422.0000000000    9.7339470371e-09
 422.5000000000    9.6689220092e-09
 423.0000000000    9.5988403162e-09
 423.5000000000    9.5317606056e-09
 424.0000000000    9.4739559893e-09
 424.5000000000    9.4247711556e-09
 425.0000000000    9.3772921844e-09
 425.5000000000    9.3241471685e-09
 426.0000000000    9.2636098549e-09
 426.5000000000    9.2008734709e-09
 427.0000000000    9.1435999392e-09
 427.5000000000    9.0955371058e-09
 428.0000000000    9.0535068795e-09
 428.5000000000    9.0101689503e-09
 429.0000000000    8.9601586932e-09
 429.5000000000    8.9044232996e-09
 430.0000000000    8.8493205355e-09
 430.5000000000    8.8012200341e-09
 431.0000000000    8.7612443906e-09
 431.5000000000    8.7244386792e-09
 432.0000000000    8.6839641699e-09
 432.5000000000    8.6367486919e-09
 433.0000000000    8.5859088669e-09
 433.5000000000    8.5380316323e-09
 434.0000000000    8.4976691542e-09
 434.5000000000    8.4636259966e-09
 435.0000000000    8.4300433161e-09
 435.5000000000    8.3912960500e-09
 436.0000000000    8.3466029354e-09
 436.5000000000    8.3005588712e-09
 437.0000000000    8.2592368628e-09
 437.5000000000    8.2251651519e-09
 438.0000000000    8.1953255745e-09
 438.5000000000    8.1637392954e-09
 439.0000000000    8.1264234736e-09
 439.5000000000    8.0846172289e-09
 440.0000000000    8.0436632383e-09
 440.5000000000    8.0085305103e-09
 441.0000000000    7.9797150726e-09
 441.5000000000    7.9528937065e-09
 442.0000000000    7.9225542771e-09
 442.5000000000    7.8865386484e-09
 443.0000000000    7.8477457396e-09
 443.5000000000    7.8116521143e-09
 444.0000000000    7.7817634477e-09
 444.5000000000    7.7567655359e-09
 445.0000000000    7.7316794893e-09
 445.5000000000    7.7020029517e-09
 446.0000000000    7.6673940333e-09
 446.5000000000    7.6318781732e-09
 447.0000000000    7.6004594715e-09
 447.5000000000    7.5749773906e-09
 448.0000000000    7.5526273754e-09
 448.5000000000    7.5283234407e-09
 449.0000000000    7.4989031476e-09
 449.5000000000    7.4656918343e-09
 450.0000000000    7.4333421000e-09
 450.5000000000    7.4059566893e-09
 451.0000000000    7.3837189420e-09
 451.5000000000    7.3627942790e-09
 452.0000000000    7.3385379799e-09
 452.5000000000    7.3093246265e-09
 453.0000000000    7.2778605668e-09
 453.5000000000    7.2488920491e-09
 454.0000000000    7.2252848202e-09
 454.5000000000    7.2056801164e-09
 455.0000000000    7.1856583647e-09
 455.5000000000    7.1614115897e-09
 456.0000000000    7.1328707633e-09
 456.5000000000    7.1037186414e-09
 457.0000000000    7.0783106312e-09
 457.5000000000    7.0580715053e-09
 458.0000000000    7.0403411565e-09
 458.5000000000    7.0206000384e-09
 459.0000000000    6.9962094957e-09
 459.5000000000    6.9685653833e-09
 460.0000000000    6.9419003099e-09
 460.5000000000    6.9197579009e-09
 461.0000000000    6.9020720079e-09
 461.5000000000    6.8852521024e-09
 462.0000000000    6.8651749466e-09
 462.5000000000    6.8405911779e-09
 463.0000000000    6.8141337240e-09
 463.5000000000    6.7901138720e-09
 464.0000000000    6.7709462423e-09
 464.5000000000    6.7551646194e-09
 465.0000000000    6.7386583171e-09
 465.5000000000    6.7180856947e-09
 466.0000000000    6.6936287708e-09
 466.5000000000    6.6688167945e-09
 467.0000000000    6.6475851107e-09
 467.5000000000    6.6310181088e-09
 468.0000000000    6.6164683817e-09
 468.5000000000    6.5997664633e-09
 469.0000000000    6.5786777882e-09
 469.5000000000    6.5547429605e-09
 470.0000000000    6.5319847864e-09
 470.5000000000    6.5135637269e-09
 471.0000000000    6.4991598884e-09
 471.5000000000    6.4852482356e-09
 472.0000000000    6.4680306592e-09
 472.5000000000    6.4465843481e-09
 473.0000000000    6.4236133991e-09
 473.5000000000    6.4031872527e-09
 474.0000000000    6.3873534360e-09
 474.5000000000    6.3744418553e-09
 475.0000000000    6.3604617966e-09
 475.5000000000    6.3424208861e-09
 476.0000000000    6.3208037833e-09
 476.5000000000    6.2991565223e-09
 477.0000000000    6.2811309363e-09
 477.5000000000    6.2674508740e-09
 478.0000000000    6.2553193694e-09
 478.5000000000    6.2407520608e-09
 479.0000000000    6.2218905549e-09
 479.5000000000    6.2005421086e-09
 480.0000000000    6.1806702449e-09
 480.5000000000    6.1650968176e-09
 481.0000000000    6.1531571787e-09
 481.5000000000    6.1412575067e-09
 482.0000000000    6.1258693375e-09
 482.5000000000    6.1064666560e-09
 483.0000000000    6.0859604904e-09
 483.5000000000    6.0682684463e-09
 484.0000000000    6.0550482185e-09
 484.5000000000    6.0443176383e-09
 485.0000000000    6.0321098535e-09
 485.5000000000    6.0157809325e-09
 486.0000000000    5.9962117278e-09
 486.5000000000    5.9770693060e-09
 487.0000000000    5.9617452823e-09
 487.5000000000    5.9505267977e-09
 488.0000000000    5.9403601427e-09
 488.5000000000    5.9274009027e-09
 489.0000000000    5.9102198967e-09
 489.5000000000    5.8909912600e-09
 490.0000000000    5.8736743338e-09
 490.5000000000    5.8607082557e-09
 491.0000000000    5.8509782288e-09
 491.5000000000    5.8407486301e-09
 492.0000000000    5.8267805415e-09
 492.5000000000    5.8090317568e-09
 493.0000000000    5.7906895675e-09
 493.5000000000    5.7755105201e-09
 494.0000000000    5.7646851116e-09
 494.5000000000    5.7558430048e-09
 495.0000000000    5.7450308182e-09
 495.5000000000    5.7300133378e-09
 496.0000000000    5.7121413236e-09
 496.5000000000    5.6952237359e-09
 497.0000000000    5.6823457578e-09
 497.5000000000    5.6732860284e-09
 498.0000000000    5.6647029982e-09
 498.5000000000    5.6529224906e-09
 499.0000000000    5.6370124794e-09
 499.5000000000    5.6195599973e-09
 500.0000000000    5.6045127378e-09
 500.5000000000    5.5938772413e-09
 501.0000000000    5.5860396537e-09
 501.5000000000    5.5771153118e-09
 502.0000000000    5.5641998087e-09
 502.5000000000    5.5477995907e-09
 503.0000000000    5.5314070517e-09
 503.5000000000    5.5185785731e-09
 504.0000000000    5.5099572486e-09
 504.5000000000    5.5027403840e-09
 505.0000000000    5.4930204065e-09
 505.5000000000    5.4790503149e-09
 506.0000000000    5.4627009933e-09
 506.5000000000    5.4478949971e-09
 507.0000000000    5.4373272143e-09
 507.5000000000    5.4302114124e-09
 508.0000000000    5.4229352879e-09
 508.5000000000    5.4120774742e-09
 509.0000000000    5.3972682922e-09
 509.5000000000    5.3815026931e-09
 510.0000000000    5.3686376164e-09
 510.5000000000    5.3601647577e-09
 511.0000000000    5.3539595235e-09
 511.5000000000    5.3460562215e-09
 512.0000000000    5.3339657461e-09
 512.5000000000    5.3187616600e-09
 513.0000000000    5.3041865777e-09
 513.5000000000    5.2935206147e-09
 514.0000000000    5.2868306890e-09
 514.5000000000    5.2809100336e-09
 515.0000000000    5.2719617258e-09
 515.5000000000    5.2587836454e-09
 516.0000000000    5.2437792678e-09
 516.5000000000    5.2309458914e-09
 517.0000000000    5.2225224650e-09
 517.5000000000    5.2171110192e-09
 518.0000000000    5.2108461476e-09
 518.5000000000    5.2006395303e-09
 519.0000000000    5.1867752866e-09
 519.5000000000    5.1726739345e-09
 520.0000000000    5.1620207993e-09
 520.5000000000    5.1556715492e-09
 521.0000000000    5.1509340097e-09
 521.5000000000    5.1438273453e-09
 522.0000000000    5.1324206505e-09
 522.5000000000    5.1184504986e-09
 523.0000000000    5.1058629875e-09
 523.5000000000    5.0975041282e-09
 524.0000000000    5.0927330540e-09
 524.5000000000    5.0879591992e-09
 525.0000000000    5.0796542531e-09
 525.5000000000    5.0673144956e-09
 526.0000000000    5.0538870672e-09
 526.5000000000    5.0432992129e-09
 527.0000000000    5.0371619112e-09
 527.5000000000    5.0334148547e-09
 528.0000000000    5.0280529473e-09
 528.5000000000    5.0184874701e-09
 529.0000000000    5.0057209201e-09
 529.5000000000    4.9935656213e-09
 530.0000000000    4.9852569640e-09
 530.5000000000    4.9809859839e-09
 531.0000000000    4.9775491448e-09
 531.5000000000    4.9710953557e-09
 532.0000000000    4.9603061935e-09
 532.5000000000    4.9476922485e-09
 533.0000000000    4.9372372529e-09
 533.5000000000    4.9312302328e-09
 534.0000000000    4.9282804075e-09
 534.5000000000    4.9244868425e-09
 535.0000000000    4.9166851766e-09
 535.5000000000    4.9052381186e-09
 536.0000000000    4.8935556868e-09
 536.5000000000    4.8853411954e-09
 537.0000000000    4.8814612077e-09
 537.5000000000    4.8791989599e-09
 538.0000000000    4.8745383172e-09
 538.5000000000    4.8655494702e-09
 539.0000000000    4.8540116266e-09
 539.5000000000    4.8439148343e-09
 540.0000000000    4.8381017555e-09
 540.5000000000    4.8358742779e-09
 541.0000000000    4.8335789902e-09
 541.5000000000    4.8276809020e-09
 542.0000000000    4.8177396808e-09
 542.5000000000    4.8067818527e-09
 543.0000000000    4.7987533734e-09
 543.5000000000    4.7951959202e-09
 544.0000000000    4.7939458939e-09
 544.5000000000    4.7909531634e-09
 545.0000000000    4.7836900633e-09
 545.5000000000    4.7732813716e-09
 546.0000000000    4.7635597649e-09
 546.5000000000    4.7578378610e-09
 547.0000000000    4.7561136642e-09
 547.5000000000    4.7550677109e-09
 548.0000000000    4.7508608152e-09
 548.5000000000    4.7423767017e-09
 549.0000000000    4.7321715169e-09
 549.5000000000    4.7243228399e-09
 550.0000000000    4.7209897160e-09
 550.5000000000    4.7205887901e-09
 551.0000000000    4.7191298671e-09
 551.5000000000    4.7135844612e-09
 552.0000000000    4.7044422024e-09
 552.5000000000    4.6952956360e-09
 553.0000000000    4.6898058035e-09
 553.5000000000    4.6886111122e-09
 554.0000000000    4.6888379715e-09
 554.5000000000    4.6863623061e-09
 555.0000000000    4.6795065739e-09
 555.5000000000    4.6702933911e-09
 556.0000000000    4.6627916706e-09
 556.5000000000    4.6596358022e-09
 557.0000000000    4.6599638487e-09
 557.5000000000    4.6599283975e-09
 558.0000000000    4.6560990092e-09
 558.5000000000    4.6483031953e-09
 559.0000000000    4.6397645084e-09
 559.5000000000    4.6343804370e-09
 560.0000000000    4.6334835191e-09
 560.5000000000    4.6346684679e-09
 561.0000000000    4.6337945832e-09
 561.5000000000    4.6285752989e-09
 562.0000000000    4.6204124259e-09
 562.5000000000    4.6132431528e-09
 563.0000000000    4.6102254435e-09
 563.5000000000    4.6110809941e-09
 564.0000000000    4.6123301851e-09
 564.5000000000    4.6102209753e-09
 565.0000000000    4.6038878417e-09
 565.5000000000    4.5960824688e-09
 566.0000000000    4.5908593976e-09
 566.5000000000    4.5901629169e-09
 567.0000000000    4.5921692047e-09
 567.5000000000    4.5928784152e-09
 568.0000000000    4.5894191533e-09
 568.5000000000    4.5824685648e-09
 569.0000000000    4.5757470161e-09
 569.5000000000    4.5728262664e-09
 570.0000000000    4.5741368660e-09
 570.5000000000    4.5766006836e-09
 571.0000000000    4.5762196125e-09
 571.5000000000    4.5714430437e-09
 572.0000000000    4.5644757452e-09
 572.5000000000    4.5594214401e-09
 573.0000000000    4.5588237371e-09
 573.5000000000    4.5615189028e-09
 574.0000000000    4.5636125807e-09
 574.5000000000    4.5617596613e-09
 575.0000000000    4.5559843866e-09
 575.5000000000    4.5496621455e-09
 576.0000000000    4.5466761360e-09
 576.5000000000    4.5481444105e-09
 577.0000000000    4.5514767541e-09
 577.5000000000    4.5525568242e-09
 578.0000000000    4.5492123453e-09
 578.5000000000    4.5430475344e-09
 579.0000000000    4.5380936917e-09
 579.5000000000    4.5374137380e-09
 580.0000000000    4.5405218313e-09
 580.5000000000    4.5437934838e-09
 581.0000000000    4.5435199848e-09
 581.5000000000    4.5390342722e-09
 582.0000000000    4.5332744896e-09
 582.5000000000    4.5303101942e-09
 583.0000000000    4.5319145954e-09
 583.5000000000    4.5360709267e-09
 584.0000000000    4.5386699439e-09
 584.5000000000    4.5369703380e-09
 585.0000000000    4.5319077007e-09
 585.5000000000    4.5273064101e-09
 586.0000000000    4.5266586357e-09
 586.5000000000    4.5301814558e-09
 587.0000000000    4.5346308807e-09
 587.5000000000    4.5360304829e-09
 588.0000000000    4.5330187432e-09
 588.5000000000    4.5279967390e-09
 589.0000000000    4.5251073896e-09
 589.5000000000    4.5267457538e-09
 590.0000000000    4.5315384717e-09
 590.5000000000    4.5354963473e-09
 591.0000000000    4.5353726949e-09
 591.5000000000    4.5314000093e-09
 592.0000000000    4.5270981211e-09
 592.5000000000    4.5263115072e-09
 593.0000000000    4.5299695297e-09
 593.5000000000    4.5352997909e-09
 594.0000000000    4.5381609779e-09
 594.5000000000    4.5365328380e-09
 595.0000000000    4.5322223092e-09
 595.5000000000    4.5293450093e-09
 596.0000000000    4.5308579609e-09
 596.5000000000    4.5360651128e-09
 597.0000000000    4.5411997388e-09
 597.5000000000    4.5425965650e-09
 598.0000000000    4.5397818508e-09
 598.5000000000    4.5358757874e-09
 599.0000000000    4.5349647125e-09
 599.5000000000    4.5386555774e-09
 600.0000000000    4.5447172387e-09
 600.5000000000    4.5489567958e-09
 601.0000000000    4.5487520777e-09
 601.5000000000    4.5452630488e-09
 602.0000000000    4.5424563883e-09
 602.5000000000    4.5437626362e-09
 603.0000000000    4.5491823905e-09
 603.5000000000    4.5552819416e-09
 604.0000000000    4.5580845053e-09
 604.5000000000    4.5564220987e-09
 605.0000000000    4.5529225312e-09
 605.5000000000    4.5517977930e-09
 606.0000000000    4.5552948078e-09
 606.5000000000    4.5617997289e-09
 607.0000000000    4.5671949533e-09
 607.5000000000    4.5683280639e-09
 608.0000000000    4.5656703088e-09
 608.5000000000    4.5629233698e-09
 609.0000000000    4.5639027897e-09
 609.5000000000    4.5693219869e-09
 610.0000000000    4.5761871443e-09
 610.5000000000    4.5803160926e-09
 611.0000000000    4.5798621138e-09
 611.5000000000    4.5768737012e-09
 612.0000000000    4.5755726653e-09
 612.5000000000    4.5787704373e-09
 613.0000000000    4.5855799557e-09
 613.5000000000    4.5920409817e-09
 614.0000000000    4.5945391275e-09
 614.5000000000    4.5928270212e-09
 615.0000000000    4.5902380278e-09
 615.5000000000    4.5908803149e-09
 616.0000000000    4.5961728633e-09
 616.5000000000    4.6036437797e-09
 617.0000000000    4.6090082732e-09
 617.5000000000    4.6097794399e-09
 618.0000000000    4.6073692553e-09
 618.5000000000    4.6059047869e-09
 619.0000000000    4.6087516039e-09
 619.5000000000    4.6156729399e-09
 620.0000000000    4.6230226503e-09
 620.5000000000    4.6268151002e-09
 621.0000000000    4.6260870840e-09
 621.5000000000    4.6237156501e-09
 622.0000000000    4.6239972471e-09
 622.5000000000    4.6290247649e-09
 623.0000000000    4.6369169469e-09
 623.5000000000    4.6433980069e-09
 624.0000000000    4.6454010120e-09
 624.5000000000    4.6436574149e-09
 625.0000000000    4.6420854937e-09
 625.5000000000    4.6444885887e-09
 626.0000000000    4.6513450677e-09
 626.5000000000    4.6593984402e-09
 627.0000000000    4.6643974911e-09
 627.5000000000    4.6646796198e-09
 628.0000000000    4.6625763020e-09
 628.5000000000    4.6624519675e-09
 629.0000000000    4.6670248139e-09
 629.5000000000    4.6750699026e-09
 630.0000000000    4.6824441628e-09
 630.5000000000    4.6855744841e-09
 631.0000000000    4.6844714660e-09
 631.5000000000    4.6827259721e-09
 632.0000000000    4.6844862060e-09
 632.5000000000    4.6909594135e-09
 633.0000000000    4.6993873884e-09
 633.5000000000    4.7053644759e-09
 634.0000000000    4.7065500384e-09
 634.5000000000    4.7046473719e-09
 635.0000000000    4.7039764281e-09
 635.5000000000    4.7078365400e-09
 636.0000000000    4.7157218190e-09
 636.5000000000    4.7237397893e-09
 637.0000000000    4.7278878862e-09
 637.5000000000    4.7274308345e-09
 638.0000000000    4.7255300170e-09
 638.5000000000    4.7265869666e-09
 639.0000000000    4.7325338062e-09
 639.5000000000    4.7411974880e-09
 640.0000000000    4.7481231341e-09
 640.5000000000    4.7503270329e-09
 641.0000000000    4.7488180410e-09
 641.5000000000    4.7477569843e-09
 642.0000000000    4.7509544781e-09
 642.5000000000    4.7586548664e-09
 643.0000000000    4.7673203942e-09
 643.5000000000    4.7726056927e-09
 644.0000000000    4.7730210340e-09
 644.5000000000    4.7711956673e-09
 645.0000000000    4.7716696052e-09
 645.5000000000    4.7770683680e-09
 646.0000000000    4.7858828171e-09
 646.5000000000    4.7937301526e-09
 647.0000000000    4.7970409792e-09
 647.5000000000    4.7960696040e-09
 648.0000000000    4.7946879045e-09
 648.5000000000    4.7971294560e-09
 649.0000000000    4.8044411812e-09
 649.5000000000    4.8135245759e-09
 650.0000000000    4.8198251388e-09
 650.5000000000    4.8210774499e-09
 651.0000000000    4.8193050132e-09
 651.5000000000    4.8190366254e-09
 652.0000000000    4.8235627028e-09
 652.5000000000    4.8321386217e-09
 653.0000000000    4.8405995781e-09
 653.5000000000    4.8448565073e-09
 654.0000000000    4.8443367013e-09
 654.5000000000    4.8424730977e-09
 655.0000000000    4.8438242237e-09
 655.5000000000    4.8502407284e-09
 656.0000000000    4.8592986690e-09
 656.5000000000    4.8663297031e-09
 657.0000000000    4.8683386403e-09
 657.5000000000    4.8664913703e-09
 658.0000000000    4.8651882101e-09
 658.5000000000    4.8683366349e-09
 659.0000000000    4.8760820424e-09
 659.5000000000    4.8847461918e-09
 660.0000000000    4.8896713032e-09
 660.5000000000    4.8894548771e-09
 661.0000000000    4.8869076657e-09
 661.5000000000    4.8867890208e-09
 662.0000000000    4.8918156771e-09
 662.5000000000    4.9002933935e-09
 663.0000000000    4.9078196264e-09
 663.5000000000    4.9105670375e-09
 664.0000000000    4.9088797372e-09
 664.5000000000    4.9068861699e-09
 665.0000000000    4.9090367560e-09
 665.5000000000    4.9163411010e-09
 666.0000000000    4.9254888547e-09
 666.5000000000    4.9316324393e-09
 667.0000000000    4.9324942184e-09
 667.5000000000    4.9302814489e-09
 668.0000000000    4.9299103642e-09
 668.5000000000    4.9346992148e-09
 669.0000000000    4.9436159820e-09
 669.5000000000    4.9520702343e-09
 670.0000000000    4.9558279583e-09
 670.5000000000    4.9546482667e-09
 671.0000000000    4.9522731830e-09
 671.5000000000    4.9535787429e-09
 672.0000000000    4.9602151362e-09
 672.5000000000    4.9692659263e-09
 673.0000000000    4.9756384635e-09
 673.5000000000    4.9766282335e-09
 674.0000000000    4.9739173475e-09
 674.5000000000    4.9723438308e-09
 675.0000000000    4.9758674240e-09
 675.5000000000    4.9841153331e-09
 676.0000000000    4.9927058929e-09
 676.5000000000    4.9969489864e-09
 677.0000000000    4.9958003940e-09
 677.5000000000    4.9928596787e-09
 678.0000000000    4.9932005444e-09
 678.5000000000    4.9991684075e-09
 679.0000000000    5.0083069561e-09
 679.5000000000    5.0154626354e-09
 680.0000000000    5.0171111162e-09
 680.5000000000    5.0143572651e-09
 681.0000000000    5.0120105364e-09
 681.5000000000    5.0145231575e-09
 682.0000000000    5.0222313554e-09
 682.5000000000    5.0310499681e-09
 683.0000000000    5.0359398078e-09
 683.5000000000    5.0351295553e-09
 684.0000000000    5.0316542064e-09
 684.5000000000    5.0308062137e-09
 685.0000000000    5.0356747044e-09
 685.5000000000    5.0445234176e-09
 686.0000000000    5.0522326940e-09
 686.5000000000    5.0546091399e-09
 687.0000000000    5.0519323225e-09
 687.5000000000    5.0487508005e-09
 688.0000000000    5.0500199833e-09
 688.5000000000    5.0569505801e-09
 689.0000000000    5.0659331653e-09
 689.5000000000    5.0716119686e-09
 690.0000000000    5.0713081213e-09
 690.5000000000    5.0674189897e-09
 691.0000000000    5.0653478947e-09
 691.5000000000    5.0689201837e-09
 692.0000000000    5.0772560256e-09
 692.5000000000    5.0853572405e-09
 693.0000000000    5.0884071690e-09
 693.5000000000    5.0858205150e-09
 694.0000000000    5.0817641095e-09
 694.5000000000    5.0816543644e-09
 695.0000000000    5.0875726939e-09
 695.5000000000    5.0964787477e-09
 696.0000000000    5.1027557841e-09
 696.5000000000    5.1029577110e-09
 697.0000000000    5.0987438306e-09
 697.5000000000    5.0955001881e-09
 698.0000000000    5.0977916223e-09
 698.5000000000    5.1054852959e-09
 699.0000000000    5.1138374047e-09
 699.5000000000    5.1174924249e-09
 700.0000000000    5.1150237067e-09
