#          time         max mod phi
   0.0000000000    8.8587406776e-02
   0.5000000000    8.8594950952e-02
   1.0000000000    8.8591778568e-02
   1.5000000000    8.8594716455e-02
   2.0000000000    8.8593690867e-02
   2.5000000000    8.8593801723e-02
   3.0000000000    8.8594801123e-02
   3.5000000000    8.8592000497e-02
   4.0000000000    8.8595227045e-02
   4.5000000000    8.8590623692e-02
   5.0000000000    8.8595366833e-02
   5.5000000000    8.8592768400e-02
   6.0000000000    8.8594794081e-02
   6.5000000000    8.8594042822e-02
   7.0000000000    8.8593643458e-02
   7.5000000000    8.8595043217e-02
   8.0000000000    8.8592461342e-02
   8.5000000000    8.8595824551e-02
   9.0000000000    8.8590838429e-02
   9.5000000000    8.8595823937e-02
  10.0000000000    8.8592304730e-02
  10.5000000000    8.8595458144e-02
  11.0000000000    8.8593884146e-02
  11.5000000000    8.8595188579e-02
  12.0000000000    8.8595251009e-02
  12.5000000000    8.8594433008e-02
  13.0000000000    8.8595847982e-02
  13.5000000000    8.8593133948e-02
  14.0000000000    8.8596229184e-02
  14.5000000000    8.8592014216e-02
  15.0000000000    8.8596779104e-02
  15.5000000000    8.8592416282e-02
  16.0000000000    8.8596830650e-02
  16.5000000000    8.8593576857e-02
  17.0000000000    8.8596384068e-02
  17.5000000000    8.8594592839e-02
  18.0000000000    8.8596191024e-02
  18.5000000000    8.8595857691e-02
  19.0000000000    8.8595966642e-02
  19.5000000000    8.8596602681e-02
  20.0000000000    8.8595184791e-02
  20.5000000000    8.8596889871e-02
  21.0000000000    8.8594267216e-02
  21.5000000000    8.8597425696e-02
  22.0000000000    8.8593747469e-02
  22.5000000000    8.8597989792e-02
  23.0000000000    8.8592889702e-02
  23.5000000000    8.8597946538e-02
  24.0000000000    8.8593331315e-02
  24.5000000000    8.8597848325e-02
  25.0000000000    8.8594490484e-02
  25.5000000000    8.8598142408e-02
  26.0000000000    8.8595687459e-02
  26.5000000000    8.8598073204e-02
  27.0000000000    8.8596348048e-02
  27.5000000000    8.8597578980e-02
  28.0000000000    8.8596888885e-02
  28.5000000000    8.8597368337e-02
  29.0000000000    8.8597791147e-02
  29.5000000000    8.8597317600e-02
  30.0000000000    8.8598452462e-02
  30.5000000000    8.8596784236e-02
  31.0000000000    8.8598654841e-02
  31.5000000000    8.8596113046e-02
  32.0000000000    8.8599078231e-02
  32.5000000000    8.8595818402e-02
  33.0000000000    8.8599699869e-02
  33.5000000000    8.8595379717e-02
  34.0000000000    8.8599880526e-02
  34.5000000000    8.8594520232e-02
  35.0000000000    8.8599845708e-02
  35.5000000000    8.8595280499e-02
  36.0000000000    8.8600204125e-02
  36.5000000000    8.8596535803e-02
  37.0000000000    8.8600444786e-02
  37.5000000000    8.8597408965e-02
  38.0000000000    8.8600233383e-02
  38.5000000000    8.8598052682e-02
  39.0000000000    8.8600120891e-02
  39.5000000000    8.8599023831e-02
  40.0000000000    8.8600257622e-02
  40.5000000000    8.8599964231e-02
  41.0000000000    8.8600048969e-02
  41.5000000000    8.8600467955e-02
  42.0000000000    8.8599550726e-02
  42.5000000000    8.8601011747e-02
  43.0000000000    8.8599311533e-02
  43.5000000000    8.8601830167e-02
  44.0000000000    8.8599056093e-02
  44.5000000000    8.8602348610e-02
  45.0000000000    8.8598360570e-02
  45.5000000000    8.8602564943e-02
  46.0000000000    8.8597597766e-02
  46.5000000000    8.8602983515e-02
  47.0000000000    8.8598385848e-02
  47.5000000000    8.8603470668e-02
  48.0000000000    8.8599733221e-02
  48.5000000000    8.8603469061e-02
  49.0000000000    8.8600727243e-02
  49.5000000000    8.8603403209e-02
  50.0000000000    8.8601956595e-02
  50.5000000000    8.8603537233e-02
  51.0000000000    8.8603215567e-02
  51.5000000000    8.8603406617e-02
  52.0000000000    8.8604083208e-02
  52.5000000000    8.8602872758e-02
  53.0000000000    8.8604797586e-02
  53.5000000000    8.8602401832e-02
  54.0000000000    8.8605713675e-02
  54.5000000000    8.8601941249e-02
  55.0000000000    8.8606414141e-02
  55.5000000000    8.8601022583e-02
  56.0000000000    8.8606677097e-02
  56.5000000000    8.8602605302e-02
  57.0000000000    8.8606945589e-02
  57.5000000000    8.8604375530e-02
  58.0000000000    8.8607328156e-02
  58.5000000000    8.8605910362e-02
  59.0000000000    8.8607301129e-02
  59.5000000000    8.8606959735e-02
  60.0000000000    8.8607029835e-02
  60.5000000000    8.8608069583e-02
  61.0000000000    8.8606896492e-02
  61.5000000000    8.8609309626e-02
  62.0000000000    8.8606567860e-02
  62.5000000000    8.8610162545e-02
  63.0000000000    8.8605718621e-02
  63.5000000000    8.8610686279e-02
  64.0000000000    8.8606058671e-02
  64.5000000000    8.8611324662e-02
  65.0000000000    8.8608275706e-02
  65.5000000000    8.8611814679e-02
  66.0000000000    8.8610112384e-02
  66.5000000000    8.8611751214e-02
  67.0000000000    8.8611553308e-02
  67.5000000000    8.8611495676e-02
  68.0000000000    8.8613072330e-02
  68.5000000000    8.8611273591e-02
  69.0000000000    8.8614470215e-02
  69.5000000000    8.8610595345e-02
  70.0000000000    8.8615286616e-02
  70.5000000000    8.8610587671e-02
  71.0000000000    8.8615823131e-02
  71.5000000000    8.8613069397e-02
  72.0000000000    8.8616373860e-02
  72.5000000000    8.8615445374e-02
  73.0000000000    8.8616482474e-02
  73.5000000000    8.8617214130e-02
  74.0000000000    8.8615920718e-02
  74.5000000000    8.8618583368e-02
  75.0000000000    8.8615157680e-02
  75.5000000000    8.8619940213e-02
  76.0000000000    8.8615624377e-02
  76.5000000000    8.8620906624e-02
  77.0000000000    8.8618420583e-02
  77.5000000000    8.8621043614e-02
  78.0000000000    8.8620574924e-02
  78.5000000000    8.8620817522e-02
  79.0000000000    8.8622746447e-02
  79.5000000000    8.8620536278e-02
  80.0000000000    8.8624556995e-02
  80.5000000000    8.8619589836e-02
  81.0000000000    8.8625404746e-02
  81.5000000000    8.8622672623e-02
  82.0000000000    8.8625821710e-02
  82.5000000000    8.8625595727e-02
  83.0000000000    8.8625967894e-02
  83.5000000000    8.8628081007e-02
  84.0000000000    8.8625304305e-02
  84.5000000000    8.8629630535e-02
  85.0000000000    8.8625387760e-02
  85.5000000000    8.8630550218e-02
  86.0000000000    8.8629013706e-02
  86.5000000000    8.8631122604e-02
  87.0000000000    8.8632118723e-02
  87.5000000000    8.8630788776e-02
  88.0000000000    8.8634217221e-02
  88.5000000000    8.8629394459e-02
  89.0000000000    8.8635506673e-02
  89.5000000000    8.8633433005e-02
  90.0000000000    8.8636292909e-02
  90.5000000000    8.8637015495e-02
  91.0000000000    8.8636147055e-02
  91.5000000000    8.8639484293e-02
  92.0000000000    8.8634751248e-02
  92.5000000000    8.8640931456e-02
  93.0000000000    8.8639161076e-02
  93.5000000000    8.8641710830e-02
  94.0000000000    8.8642960274e-02
  94.5000000000    8.8641458129e-02
  95.0000000000    8.8645530691e-02
  95.5000000000    8.8641689820e-02
  96.0000000000    8.8646862351e-02
  96.5000000000    8.8646225178e-02
  97.0000000000    8.8647317662e-02
  97.5000000000    8.8649918981e-02
  98.0000000000    8.8646604811e-02
  98.5000000000    8.8652225879e-02
  99.0000000000    8.8650161036e-02
  99.5000000000    8.8653040745e-02
 100.0000000000    8.8654395454e-02
 100.5000000000    8.8652846264e-02
 101.0000000000    8.8657636005e-02
 101.5000000000    8.8654879496e-02
 102.0000000000    8.8659122795e-02
 102.5000000000    8.8659685556e-02
 103.0000000000    8.8659031154e-02
 103.5000000000    8.8663168631e-02
 104.0000000000    8.8660115161e-02
 104.5000000000    8.8665263767e-02
 105.0000000000    8.8665811121e-02
 105.5000000000    8.8665621098e-02
 106.0000000000    8.8669631404e-02
 106.5000000000    8.8666571326e-02
 107.0000000000    8.8671642482e-02
 107.5000000000    8.8672433905e-02
 108.0000000000    8.8672065309e-02
 108.5000000000    8.8676645474e-02
 109.0000000000    8.8674294120e-02
 109.5000000000    8.8678673195e-02
 110.0000000000    8.8680064029e-02
 110.5000000000    8.8678550230e-02
 111.0000000000    8.8683958070e-02
 111.5000000000    8.8682769077e-02
 112.0000000000    8.8685919311e-02
 112.5000000000    8.8688649267e-02
 113.0000000000    8.8685385134e-02
 113.5000000000    8.8692012449e-02
 114.0000000000    8.8692201869e-02
 114.5000000000    8.8693108716e-02
 115.0000000000    8.8697566031e-02
 115.5000000000    8.8695688314e-02
 116.0000000000    8.8700465270e-02
 116.5000000000    8.8702645428e-02
 117.0000000000    8.8700435670e-02
 117.5000000000    8.8706812237e-02
 118.0000000000    8.8707108057e-02
 118.5000000000    8.8708456522e-02
 119.0000000000    8.8713180282e-02
 119.5000000000    8.8711833581e-02
 120.0000000000    8.8716199601e-02
 120.5000000000    8.8719107022e-02
 121.0000000000    8.8716119298e-02
 121.5000000000    8.8723353867e-02
 122.0000000000    8.8725030875e-02
 122.5000000000    8.8724702844e-02
 123.0000000000    8.8730925375e-02
 123.5000000000    8.8731358619e-02
 124.0000000000    8.8733182577e-02
 124.5000000000    8.8738122926e-02
 125.0000000000    8.8737549019e-02
 125.5000000000    8.8741584837e-02
 126.0000000000    8.8745869177e-02
 126.5000000000    8.8744687056e-02
 127.0000000000    8.8750448831e-02
 127.5000000000    8.8753845848e-02
 128.0000000000    8.8751879716e-02
 128.5000000000    8.8759012330e-02
 129.0000000000    8.8762031915e-02
 129.5000000000    8.8760426029e-02
 130.0000000000    8.8768368546e-02
 130.5000000000    8.8771091817e-02
 131.0000000000    8.8770164934e-02
 131.5000000000    8.8777653107e-02
 132.0000000000    8.8780154313e-02
 132.5000000000    8.8779815889e-02
 133.0000000000    8.8787481981e-02
 133.5000000000    8.8790282016e-02
 134.0000000000    8.8790170368e-02
 134.5000000000    8.8797872608e-02
 135.0000000000    8.8800746360e-02
 135.5000000000    8.8800299545e-02
 136.0000000000    8.8808375642e-02
 136.5000000000    8.8811909480e-02
 137.0000000000    8.8811130972e-02
 137.5000000000    8.8819863530e-02
 138.0000000000    8.8824002853e-02
 138.5000000000    8.8823616002e-02
 139.0000000000    8.8831370729e-02
 139.5000000000    8.8836307784e-02
 140.0000000000    8.8837018467e-02
 140.5000000000    8.8843603868e-02
 141.0000000000    8.8849737053e-02
 141.5000000000    8.8851593417e-02
 142.0000000000    8.8856188012e-02
 142.5000000000    8.8863276786e-02
 143.0000000000    8.8866322398e-02
 143.5000000000    8.8868763748e-02
 144.0000000000    8.8877418364e-02
 144.5000000000    8.8882126527e-02
 145.0000000000    8.8882876419e-02
 145.5000000000    8.8891919271e-02
 146.0000000000    8.8898013327e-02
 146.5000000000    8.8900345297e-02
 147.0000000000    8.8906187896e-02
 147.5000000000    8.8914252382e-02
 148.0000000000    8.8918694232e-02
 148.5000000000    8.8920897343e-02
 149.0000000000    8.8930758971e-02
 149.5000000000    8.8937003839e-02
 150.0000000000    8.8939780080e-02
 150.5000000000    8.8946741631e-02
 151.0000000000    8.8955347715e-02
 151.5000000000    8.8960644428e-02
 152.0000000000    8.8962883772e-02
 152.5000000000    8.8973718552e-02
 153.0000000000    8.8981241310e-02
 153.5000000000    8.8985585083e-02
 154.0000000000    8.8991195757e-02
 154.5000000000    8.9001426120e-02
 155.0000000000    8.9008654785e-02
 155.5000000000    8.9012873886e-02
 156.0000000000    8.9021223868e-02
 156.5000000000    8.9031065748e-02
 157.0000000000    8.9038009459e-02
 157.5000000000    8.9042188182e-02
 158.0000000000    8.9052425521e-02
 158.5000000000    8.9062559974e-02
 159.0000000000    8.9069983706e-02
 159.5000000000    8.9074706364e-02
 160.0000000000    8.9085836084e-02
 160.5000000000    8.9096290704e-02
 161.0000000000    8.9104235909e-02
 161.5000000000    8.9109776421e-02
 162.0000000000    8.9121079497e-02
 162.5000000000    8.9132545655e-02
 163.0000000000    8.9141596727e-02
 163.5000000000    8.9148268897e-02
 164.0000000000    8.9158487412e-02
 164.5000000000    8.9170965327e-02
 165.0000000000    8.9181289922e-02
 165.5000000000    8.9189536586e-02
 166.0000000000    8.9197971133e-02
 166.5000000000    8.9212056450e-02
 167.0000000000    8.9224023376e-02
 167.5000000000    8.9233938553e-02
 168.0000000000    8.9241912633e-02
 168.5000000000    8.9254917145e-02
 169.0000000000    8.9268854048e-02
 169.5000000000    8.9281011244e-02
 170.0000000000    8.9291388711e-02
 170.5000000000    8.9300087008e-02
 171.0000000000    8.9316114329e-02
 171.5000000000    8.9330425339e-02
 172.0000000000    8.9343150435e-02
 172.5000000000    8.9354399037e-02
 173.0000000000    8.9364919782e-02
 173.5000000000    8.9382017003e-02
 174.0000000000    8.9397576618e-02
 174.5000000000    8.9411627350e-02
 175.0000000000    8.9424263965e-02
 175.5000000000    8.9435625086e-02
 176.0000000000    8.9453050167e-02
 176.5000000000    8.9470320763e-02
 177.0000000000    8.9486402191e-02
 177.5000000000    8.9501265350e-02
 178.0000000000    8.9514919972e-02
 178.5000000000    8.9530075144e-02
 179.0000000000    8.9549291746e-02
 179.5000000000    8.9567563885e-02
 180.0000000000    8.9584965382e-02
 180.5000000000    8.9601494534e-02
 181.0000000000    8.9617114213e-02
 181.5000000000    8.9634559881e-02
 182.0000000000    8.9655489665e-02
 182.5000000000    8.9675605135e-02
 183.0000000000    8.9695049950e-02
 183.5000000000    8.9713912239e-02
 184.0000000000    8.9732200702e-02
 184.5000000000    8.9749875539e-02
 185.0000000000    8.9772559939e-02
 185.5000000000    8.9795368965e-02
 186.0000000000    8.9817609109e-02
 186.5000000000    8.9839427045e-02
 187.0000000000    8.9860924756e-02
 187.5000000000    8.9882124862e-02
 188.0000000000    8.9902991510e-02
 188.5000000000    8.9926800472e-02
 189.0000000000    8.9952570941e-02
 189.5000000000    8.9978001120e-02
 190.0000000000    9.0003231224e-02
 190.5000000000    9.0028372296e-02
 191.0000000000    9.0053464846e-02
 191.5000000000    9.0078486710e-02
 192.0000000000    9.0103402542e-02
 192.5000000000    9.0128451938e-02
 193.0000000000    9.0157949913e-02
 193.5000000000    9.0187443922e-02
 194.0000000000    9.0217050451e-02
 194.5000000000    9.0246827589e-02
 195.0000000000    9.0276767756e-02
 195.5000000000    9.0306837866e-02
 196.0000000000    9.0337031954e-02
 196.5000000000    9.0367404813e-02
 197.0000000000    9.0398061544e-02
 197.5000000000    9.0429115533e-02
 198.0000000000    9.0460916959e-02
 198.5000000000    9.0496291724e-02
 199.0000000000    9.0532002995e-02
 199.5000000000    9.0568033028e-02
 200.0000000000    9.0604409883e-02
 200.5000000000    9.0641212887e-02
 201.0000000000    9.0678545848e-02
 201.5000000000    9.0716492755e-02
 202.0000000000    9.0755088775e-02
 202.5000000000    9.0794322737e-02
 203.0000000000    9.0834168750e-02
 203.5000000000    9.0874628945e-02
 204.0000000000    9.0915754741e-02
 204.5000000000    9.0957635115e-02
 205.0000000000    9.1000358996e-02
 205.5000000000    9.1043977877e-02
 206.0000000000    9.1088496941e-02
 206.5000000000    9.1133891119e-02
 207.0000000000    9.1180142210e-02
 207.5000000000    9.1227270316e-02
 208.0000000000    9.1275341777e-02
 208.5000000000    9.1324445059e-02
 209.0000000000    9.1374647901e-02
 209.5000000000    9.1425968603e-02
 210.0000000000    9.1478383227e-02
 210.5000000000    9.1531857374e-02
 211.0000000000    9.1586387449e-02
 211.5000000000    9.1642015410e-02
 212.0000000000    9.1698817619e-02
 212.5000000000    9.1756869629e-02
 213.0000000000    9.1816207441e-02
 213.5000000000    9.1876811330e-02
 214.0000000000    9.1938632820e-02
 214.5000000000    9.2001640021e-02
 215.0000000000    9.2065852160e-02
 215.5000000000    9.2131333609e-02
 216.0000000000    9.2198159794e-02
 216.5000000000    9.2266373297e-02
 217.0000000000    9.2335959664e-02
 217.5000000000    9.2406861777e-02
 218.0000000000    9.2479024141e-02
 218.5000000000    9.2552435633e-02
 219.0000000000    9.2627140957e-02
 219.5000000000    9.2703211266e-02
 220.0000000000    9.2780694940e-02
 220.5000000000    9.2859580659e-02
 221.0000000000    9.2939802646e-02
 221.5000000000    9.3021386937e-02
 222.0000000000    9.3108318208e-02
 222.5000000000    9.3196702276e-02
 223.0000000000    9.3286599983e-02
 223.5000000000    9.3378066469e-02
 224.0000000000    9.3471098287e-02
 224.5000000000    9.3565625099e-02
 225.0000000000    9.3661543279e-02
 225.5000000000    9.3758777074e-02
 226.0000000000    9.3857313323e-02
 226.5000000000    9.3960526431e-02
 227.0000000000    9.4068289111e-02
 227.5000000000    9.4177704607e-02
 228.0000000000    9.4288699121e-02
 228.5000000000    9.4401148704e-02
 229.0000000000    9.4514938249e-02
 229.5000000000    9.4630011550e-02
 230.0000000000    9.4750196487e-02
 230.5000000000    9.4876186891e-02
 231.0000000000    9.5003811293e-02
 231.5000000000    9.5132995900e-02
 232.0000000000    9.5263598262e-02
 232.5000000000    9.5395461502e-02
 233.0000000000    9.5534875739e-02
 233.5000000000    9.5679040901e-02
 234.0000000000    9.5824678433e-02
 234.5000000000    9.5971786775e-02
 235.0000000000    9.6120288820e-02
 235.5000000000    9.6277119348e-02
 236.0000000000    9.6439529748e-02
 236.5000000000    9.6603196562e-02
 237.0000000000    9.6768022685e-02
 237.5000000000    9.6935950634e-02
 238.0000000000    9.7116011696e-02
 238.5000000000    9.7297521800e-02
 239.0000000000    9.7480309609e-02
 239.5000000000    9.7665617665e-02
 240.0000000000    9.7864806648e-02
 240.5000000000    9.8065109311e-02
 241.0000000000    9.8266419804e-02
 241.5000000000    9.8474794937e-02
 242.0000000000    9.8694132110e-02
 242.5000000000    9.8914646372e-02
 243.0000000000    9.9136058716e-02
 243.5000000000    9.9374634583e-02
 244.0000000000    9.9615187092e-02
 244.5000000000    9.9856449880e-02
 245.0000000000    1.0011210998e-01
 245.5000000000    1.0037408562e-01
 246.0000000000    1.0063689661e-01
 246.5000000000    1.0091473305e-01
 247.0000000000    1.0119967549e-01
 247.5000000000    1.0148510044e-01
 248.0000000000    1.0178967148e-01
 248.5000000000    1.0209847485e-01
 249.0000000000    1.0241082619e-01
 249.5000000000    1.0274474553e-01
 250.0000000000    1.0307929541e-01
 250.5000000000    1.0342838576e-01
 251.0000000000    1.0378962261e-01
 251.5000000000    1.0415342618e-01
 252.0000000000    1.0454282147e-01
 252.5000000000    1.0493252731e-01
 253.0000000000    1.0534416765e-01
 253.5000000000    1.0576434972e-01
 254.0000000000    1.0619952787e-01
 254.5000000000    1.0665207924e-01
 255.0000000000    1.0711450620e-01
 255.5000000000    1.0760131285e-01
 256.0000000000    1.0809522073e-01
 256.5000000000    1.0861874376e-01
 257.0000000000    1.0914915542e-01
 257.5000000000    1.0971219872e-01
 258.0000000000    1.1028448218e-01
 258.5000000000    1.1088972465e-01
 259.0000000000    1.1150956143e-01
 259.5000000000    1.1215989574e-01
 260.0000000000    1.1283388668e-01
 260.5000000000    1.1353286532e-01
 261.0000000000    1.1426871708e-01
 261.5000000000    1.1502023921e-01
 262.0000000000    1.1582645897e-01
 262.5000000000    1.1665255381e-01
 263.0000000000    1.1752048886e-01
 263.5000000000    1.1843209751e-01
 264.0000000000    1.1937207429e-01
 264.5000000000    1.2037546281e-01
 265.0000000000    1.2142046446e-01
 265.5000000000    1.2250475157e-01
 266.0000000000    1.2366758505e-01
 266.5000000000    1.2488132667e-01
 267.0000000000    1.2614829376e-01
 267.5000000000    1.2749999912e-01
 268.0000000000    1.2892813249e-01
 268.5000000000    1.3042831873e-01
 269.0000000000    1.3200776375e-01
 269.5000000000    1.3371001267e-01
 270.0000000000    1.3551082960e-01
 270.5000000000    1.3741901038e-01
 271.0000000000    1.3944571386e-01
 271.5000000000    1.4161248708e-01
 272.0000000000    1.4395030728e-01
 272.5000000000    1.4645068408e-01
 273.0000000000    1.4913176153e-01
 273.5000000000    1.5201399382e-01
 274.0000000000    1.5512046355e-01
 274.5000000000    1.5847724112e-01
 275.0000000000    1.6211376049e-01
 275.5000000000    1.6606315693e-01
 276.0000000000    1.7036249692e-01
 276.5000000000    1.7505278681e-01
 277.0000000000    1.8017856198e-01
 277.5000000000    1.8578671597e-01
 278.0000000000    1.9192399884e-01
 278.5000000000    1.9863225257e-01
 279.0000000000    2.0593988332e-01
 279.5000000000    2.1384717261e-01
 280.0000000000    2.2230155863e-01
 280.5000000000    2.3115653504e-01
 281.0000000000    2.4059388303e-01
 281.5000000000    2.5020927900e-01
 282.0000000000    2.5924000323e-01
 282.5000000000    2.6790871615e-01
 283.0000000000    2.7562089153e-01
 283.5000000000    2.8007548295e-01
 284.0000000000    2.8420416632e-01
 284.5000000000    2.7807045539e-01
 285.0000000000    2.7161099454e-01
 285.5000000000    2.4564152307e-01
 286.0000000000    2.2314138691e-01
 286.5000000000    1.8672372407e-01
 287.0000000000    1.5835759151e-01
 287.5000000000    1.3000020890e-01
 288.0000000000    1.0529639756e-01
 288.5000000000    8.9316844959e-02
 289.0000000000    7.3083908738e-02
 289.5000000000    6.3290300866e-02
 290.0000000000    5.5635767305e-02
 290.5000000000    4.8214769900e-02
 291.0000000000    4.3952967897e-02
 291.5000000000    4.0401641803e-02
 292.0000000000    3.6589267011e-02
 292.5000000000    3.2906543794e-02
 293.0000000000    3.0783556815e-02
 293.5000000000    2.8476179999e-02
 294.0000000000    2.6168455957e-02
 294.5000000000    2.4035473455e-02
 295.0000000000    2.2176343373e-02
 295.5000000000    2.0592582932e-02
 296.0000000000    1.9203567368e-02
 296.5000000000    1.7880673046e-02
 297.0000000000    1.6495960189e-02
 297.5000000000    1.5693286422e-02
 298.0000000000    1.4888760195e-02
 298.5000000000    1.3708450823e-02
 299.0000000000    1.3165418608e-02
 299.5000000000    1.2296611765e-02
 300.0000000000    1.1754596706e-02
 300.5000000000    1.0975592344e-02
 301.0000000000    1.0643439891e-02
 301.5000000000    1.0137834819e-02
 302.0000000000    9.6069776389e-03
 302.5000000000    9.2816284530e-03
 303.0000000000    9.0116885307e-03
 303.5000000000    8.7278684742e-03
 304.0000000000    8.4501161286e-03
 304.5000000000    8.1811432012e-03
 305.0000000000    7.9092838234e-03
 305.5000000000    7.7155078629e-03
 306.0000000000    7.6169009464e-03
 306.5000000000    7.3899805905e-03
 307.0000000000    7.2880584270e-03
 307.5000000000    7.1101146816e-03
 308.0000000000    6.9895154034e-03
 308.5000000000    6.8474425747e-03
 309.0000000000    6.7552459175e-03
 309.5000000000    6.6468989264e-03
 310.0000000000    6.4530237588e-03
 310.5000000000    6.4211263249e-03
 311.0000000000    6.2991825705e-03
 311.5000000000    6.2530906735e-03
 312.0000000000    6.0886508715e-03
 312.5000000000    6.0334551135e-03
 313.0000000000    5.9052384740e-03
 313.5000000000    6.0542157139e-03
 314.0000000000    5.9320853834e-03
 314.5000000000    5.7108560632e-03
 315.0000000000    5.5172527878e-03
 315.5000000000    5.2870252756e-03
 316.0000000000    4.9307470518e-03
 316.5000000000    4.4365986766e-03
 317.0000000000    3.8518618314e-03
 317.5000000000    3.2405869790e-03
 318.0000000000    2.6587238741e-03
 318.5000000000    2.3385222710e-03
 319.0000000000    2.1497899974e-03
 319.5000000000    1.9798397726e-03
 320.0000000000    1.8447527194e-03
 320.5000000000    1.7355109179e-03
 321.0000000000    1.6359130957e-03
 321.5000000000    1.5416877848e-03
 322.0000000000    1.4511790919e-03
 322.5000000000    1.3652366160e-03
 323.0000000000    1.2856555565e-03
 323.5000000000    1.2132984186e-03
 324.0000000000    1.1471459561e-03
 324.5000000000    1.0848355228e-03
 325.0000000000    1.0241590162e-03
 325.5000000000    9.6437732587e-04
 326.0000000000    9.0648588095e-04
 326.5000000000    8.5530190846e-04
 327.0000000000    8.1094162790e-04
 327.5000000000    7.6925457784e-04
 328.0000000000    7.2847246983e-04
 328.5000000000    6.8800044974e-04
 329.0000000000    6.4865918481e-04
 329.5000000000    6.1198626454e-04
 330.0000000000    5.7909111657e-04
 330.5000000000    5.4984212553e-04
 331.0000000000    5.2762208124e-04
 331.5000000000    5.1713194070e-04
 332.0000000000    5.0443787505e-04
 332.5000000000    4.9119061502e-04
 333.0000000000    4.7876745311e-04
 333.5000000000    4.6730945110e-04
 334.0000000000    4.5579645518e-04
 334.5000000000    4.4300268020e-04
 335.0000000000    4.2847376915e-04
 335.5000000000    4.1281512517e-04
 336.0000000000    3.9720851794e-04
 336.5000000000    3.8259042919e-04
 337.0000000000    3.6908901163e-04
 337.5000000000    3.5607963185e-04
 338.0000000000    3.4273787270e-04
 338.5000000000    3.2863952076e-04
 339.0000000000    3.1401652518e-04
 339.5000000000    2.9956755145e-04
 340.0000000000    2.8598960444e-04
 340.5000000000    2.7354076841e-04
 341.0000000000    2.6191568511e-04
 341.5000000000    2.5049946119e-04
 342.0000000000    2.3880135024e-04
 342.5000000000    2.2677078785e-04
 343.0000000000    2.1480984641e-04
 343.5000000000    2.0349313078e-04
 344.0000000000    1.9317803541e-04
 344.5000000000    1.8376614096e-04
 345.0000000000    1.7478474900e-04
 345.5000000000    1.6572230466e-04
 346.0000000000    1.5637053359e-04
 346.5000000000    1.4694796057e-04
 347.0000000000    1.3793918421e-04
 347.5000000000    1.2975663331e-04
 348.0000000000    1.2244979587e-04
 348.5000000000    1.1567403513e-04
 349.0000000000    1.0894118839e-04
 349.5000000000    1.0455741727e-04
 350.0000000000    1.0021768287e-04
 350.5000000000    9.5626935721e-05
 351.0000000000    9.1417697120e-05
 351.5000000000    8.8024628290e-05
 352.0000000000    8.5497455320e-05
 352.5000000000    8.2880706616e-05
 353.0000000000    8.0050307206e-05
 353.5000000000    7.6686711170e-05
 354.0000000000    7.3083640897e-05
 354.5000000000    6.9778732158e-05
 355.0000000000    6.7588920626e-05
 355.5000000000    6.5712043665e-05
 356.0000000000    6.3516631241e-05
 356.5000000000    6.1099423093e-05
 357.0000000000    5.8467785332e-05
 357.5000000000    5.5618705322e-05
 358.0000000000    5.3174228729e-05
 358.5000000000    5.1599266583e-05
 359.0000000000    5.0152345231e-05
 359.5000000000    4.8426172030e-05
 360.0000000000    4.6298035604e-05
 360.5000000000    4.4208966731e-05
 361.0000000000    4.1928390845e-05
 361.5000000000    4.0162928067e-05
 362.0000000000    3.8933734741e-05
 362.5000000000    3.7799446072e-05
 363.0000000000    3.6546137298e-05
 363.5000000000    3.7498073610e-05
 364.0000000000    3.8435467430e-05
 364.5000000000    3.8941136719e-05
 365.0000000000    3.9111233378e-05
 365.5000000000    4.0069037551e-05
 366.0000000000    4.1229507038e-05
 366.5000000000    4.2105170528e-05
 367.0000000000    4.2799479368e-05
 367.5000000000    4.3393855409e-05
 368.0000000000    4.3517106007e-05
 368.5000000000    4.3268972096e-05
 369.0000000000    4.3379212864e-05
 369.5000000000    4.4162765151e-05
 370.0000000000    4.4712780386e-05
 370.5000000000    4.5214455480e-05
 371.0000000000    4.5580362403e-05
 371.5000000000    4.5334043513e-05
 372.0000000000    4.4756061463e-05
 372.5000000000    4.4357196425e-05
 373.0000000000    4.4803845811e-05
 373.5000000000    4.5166398340e-05
 374.0000000000    4.5598064229e-05
 374.5000000000    4.5661721158e-05
 375.0000000000    4.5144826459e-05
 375.5000000000    4.4358554996e-05
 376.0000000000    4.3804427130e-05
 376.5000000000    4.3886039026e-05
 377.0000000000    4.4156288857e-05
 377.5000000000    4.4455552064e-05
 378.0000000000    4.4278190087e-05
 378.5000000000    4.3569540619e-05
 379.0000000000    4.2657867035e-05
 379.5000000000    4.2018178983e-05
 380.0000000000    4.1904774923e-05
 380.5000000000    4.2142034303e-05
 381.0000000000    4.2276295863e-05
 381.5000000000    4.1938184036e-05
 382.0000000000    4.1110279808e-05
 382.5000000000    4.0138618342e-05
 383.0000000000    3.9482608892e-05
 383.5000000000    3.9350354723e-05
 384.0000000000    3.9520648168e-05
 384.5000000000    3.9532816939e-05
 385.0000000000    3.9055770159e-05
 385.5000000000    3.8129248063e-05
 386.0000000000    3.7135338731e-05
 386.5000000000    3.6514543443e-05
 387.0000000000    3.6404847584e-05
 387.5000000000    3.6521248801e-05
 388.0000000000    3.6403377371e-05
 388.5000000000    3.5782601107e-05
 389.0000000000    3.4775315172e-05
 389.5000000000    3.3798281942e-05
 390.0000000000    3.3279859825e-05
 390.5000000000    3.3176545751e-05
 391.0000000000    3.3230347777e-05
 391.5000000000    3.2975026324e-05
 392.0000000000    3.2225386080e-05
 392.5000000000    3.1176566351e-05
 393.0000000000    3.0261502844e-05
 393.5000000000    2.9892293805e-05
 394.0000000000    2.9774855748e-05
 394.5000000000    2.9760110527e-05
 395.0000000000    2.9378856385e-05
 395.5000000000    2.8537048615e-05
 396.0000000000    2.7524966737e-05
 396.5000000000    2.6712953082e-05
 397.0000000000    2.6483144340e-05
 397.5000000000    2.6361359983e-05
 398.0000000000    2.6281006353e-05
 398.5000000000    2.5796606895e-05
 399.0000000000    2.4907544408e-05
 399.5000000000    2.3968283865e-05
 400.0000000000    2.3483128651e-05
 400.5000000000    2.3210358447e-05
 401.0000000000    2.3089474235e-05
 401.5000000000    2.2939700163e-05
 402.0000000000    2.2373459082e-05
 402.5000000000    2.1501263733e-05
 403.0000000000    2.0693879303e-05
 403.5000000000    2.0440887060e-05
 404.0000000000    2.0139748447e-05
 404.5000000000    2.0037989692e-05
 405.0000000000    1.9818926030e-05
 405.5000000000    1.9194999997e-05
 406.0000000000    1.8394173305e-05
 406.5000000000    1.7969305896e-05
 407.0000000000    1.7864536937e-05
 407.5000000000    1.7548399179e-05
 408.0000000000    1.7269240717e-05
 408.5000000000    1.6982038074e-05
 409.0000000000    1.6321230019e-05
 409.5000000000    1.6433868316e-05
 410.0000000000    1.6410825905e-05
 410.5000000000    1.6145546687e-05
 411.0000000000    1.5670000959e-05
 411.5000000000    1.5068705914e-05
 412.0000000000    1.4960630254e-05
 412.5000000000    1.5105541715e-05
 413.0000000000    1.5174135112e-05
 413.5000000000    1.5009619306e-05
 414.0000000000    1.4598867968e-05
 414.5000000000    1.4072733277e-05
 415.0000000000    1.3860013953e-05
 415.5000000000    1.3964251432e-05
 416.0000000000    1.4102756851e-05
 416.5000000000    1.4061389065e-05
 417.0000000000    1.3764356447e-05
 417.5000000000    1.3307027570e-05
 418.0000000000    1.3002461473e-05
 418.5000000000    1.3011183713e-05
 419.0000000000    1.3165346455e-05
 419.5000000000    1.3236724288e-05
 420.0000000000    1.3080391507e-05
 420.5000000000    1.2714879132e-05
 421.0000000000    1.2358132231e-05
 421.5000000000    1.2244948639e-05
 422.0000000000    1.2352853311e-05
 422.5000000000    1.2494978686e-05
 423.0000000000    1.2481339466e-05
 423.5000000000    1.2242237598e-05
 424.0000000000    1.1893381234e-05
 424.5000000000    1.1666785522e-05
 425.0000000000    1.1670065314e-05
 425.5000000000    1.1811494793e-05
 426.0000000000    1.1904587711e-05
 426.5000000000    1.1807131542e-05
 427.0000000000    1.1527778966e-05
 427.5000000000    1.1238144938e-05
 428.0000000000    1.1119420869e-05
 428.5000000000    1.1195564857e-05
 429.0000000000    1.1337081847e-05
 429.5000000000    1.1369833845e-05
 430.0000000000    1.1208568887e-05
 430.5000000000    1.0929758149e-05
 431.0000000000    1.0715060490e-05
 431.5000000000    1.0684206148e-05
 432.0000000000    1.0801860967e-05
 432.5000000000    1.0917244198e-05
 433.0000000000    1.0884808606e-05
 433.5000000000    1.0680259140e-05
 434.0000000000    1.0425613724e-05
 434.5000000000    1.0283972214e-05
 435.0000000000    1.0318452251e-05
 435.5000000000    1.0448998124e-05
 436.0000000000    1.0520751052e-05
 436.5000000000    1.0428492538e-05
 437.0000000000    1.0203224432e-05
 437.5000000000    9.9887432674e-06
 438.0000000000    9.9165949841e-06
 438.5000000000    9.9996265079e-06
 439.0000000000    1.0125217660e-05
 439.5000000000    1.0148583676e-05
 440.0000000000    1.0010060796e-05
 440.5000000000    9.7856052197e-06
 441.0000000000    9.6221895483e-06
 441.5000000000    9.6138424778e-06
 442.0000000000    9.7273338913e-06
 442.5000000000    9.8304251779e-06
 443.0000000000    9.8017812389e-06
 443.5000000000    9.6298847976e-06
 444.0000000000    9.4226466095e-06
 444.5000000000    9.3160950342e-06
 445.0000000000    9.3625919826e-06
 445.5000000000    9.4887559649e-06
 446.0000000000    9.5565537996e-06
 446.5000000000    9.4781841044e-06
 447.0000000000    9.2874795318e-06
 447.5000000000    9.1106346215e-06
 448.0000000000    9.0613936623e-06
 448.5000000000    9.1482699293e-06
 449.0000000000    9.2668601387e-06
 449.5000000000    9.2887471864e-06
 450.0000000000    9.1667990179e-06
 450.5000000000    8.9726772728e-06
 451.0000000000    8.8366426280e-06
 451.5000000000    8.8413162839e-06
 452.0000000000    8.9529047429e-06
 452.5000000000    9.0494870923e-06
 453.0000000000    9.0241789331e-06
 453.5000000000    8.8715051765e-06
 454.0000000000    8.6904272274e-06
 454.5000000000    8.6033020043e-06
 455.0000000000    8.6558074652e-06
 455.5000000000    8.7771959990e-06
 456.0000000000    8.8408158920e-06
 456.5000000000    8.7701754780e-06
 457.0000000000    8.5995084105e-06
 457.5000000000    8.4446630016e-06
 458.0000000000    8.4093726398e-06
 458.5000000000    8.4985656793e-06
 459.0000000000    8.6128073018e-06
 459.5000000000    8.6342182116e-06
 460.0000000000    8.5233371991e-06
 460.5000000000    8.3485537693e-06
 461.0000000000    8.2309819367e-06
 461.5000000000    8.2457245829e-06
 462.0000000000    8.3571002934e-06
 462.5000000000    8.4490219818e-06
 463.0000000000    8.4246734075e-06
 463.5000000000    8.2833242395e-06
 464.0000000000    8.1191851856e-06
 464.5000000000    8.0463027188e-06
 465.0000000000    8.1041839658e-06
 465.5000000000    8.2220370673e-06
 466.0000000000    8.2807636900e-06
 466.5000000000    8.2129054311e-06
 467.0000000000    8.0542154594e-06
 467.5000000000    7.9146928121e-06
 468.0000000000    7.8906194356e-06
 468.5000000000    7.9818885902e-06
 469.0000000000    8.0913791056e-06
 469.5000000000    8.1097584669e-06
 470.0000000000    8.0040705543e-06
 470.5000000000    7.8417212419e-06
 471.0000000000    7.7376995112e-06
 471.5000000000    7.7604579945e-06
 472.0000000000    7.8715421162e-06
 472.5000000000    7.9592011556e-06
 473.0000000000    7.9343290146e-06
 473.5000000000    7.7999972255e-06
 474.0000000000    7.6482348518e-06
 474.5000000000    7.5875451006e-06
 475.0000000000    7.6513921627e-06
 475.5000000000    7.7675071502e-06
 476.0000000000    7.8222610489e-06
 476.5000000000    7.7551410292e-06
 477.0000000000    7.6039795378e-06
 477.5000000000    7.4759121071e-06
 478.0000000000    7.4615406141e-06
 478.5000000000    7.5556862639e-06
 479.0000000000    7.6619246894e-06
 479.5000000000    7.6769622645e-06
 480.0000000000    7.5733064666e-06
 480.5000000000    7.4191295907e-06
 481.0000000000    7.3258959639e-06
 481.5000000000    7.3564463028e-06
 482.0000000000    7.4682244861e-06
 482.5000000000    7.5518694722e-06
 483.0000000000    7.5245237086e-06
 483.5000000000    7.3933356224e-06
 484.0000000000    7.2500586080e-06
 484.5000000000    7.1994114163e-06
 485.0000000000    7.2692512275e-06
 485.5000000000    7.3848481115e-06
 486.0000000000    7.4358511468e-06
 486.5000000000    7.3672831394e-06
 487.0000000000    7.2202074935e-06
 487.5000000000    7.1012419211e-06
 488.0000000000    7.0965330214e-06
 488.5000000000    7.1953437857e-06
 489.0000000000    7.2996872187e-06
 489.5000000000    7.3104449977e-06
 490.0000000000    7.2055545526e-06
 490.5000000000    7.0561346478e-06
 491.0000000000    6.9725295432e-06
 491.5000000000    7.0119954654e-06
 492.0000000000    7.1265525770e-06
 492.5000000000    7.2066675986e-06
 493.0000000000    7.1743972682e-06
 493.5000000000    7.0425929722e-06
 494.0000000000    6.9054963440e-06
 494.5000000000    6.8651444793e-06
 495.0000000000    6.9425728009e-06
 495.5000000000    7.0582366479e-06
 496.0000000000    7.1037670995e-06
 496.5000000000    7.0300835758e-06
 497.0000000000    6.8837125868e-06
 497.5000000000    6.7725503150e-06
 498.0000000000    6.7784066464e-06
 498.5000000000    6.8832956461e-06
 499.0000000000    6.9860221708e-06
 499.5000000000    6.9906933505e-06
 500.0000000000    6.8816739132e-06
 500.5000000000    6.7350566690e-06
 501.0000000000    6.6611711212e-06
 501.5000000000    6.7111809806e-06
 502.0000000000    6.8298066864e-06
 502.5000000000    6.9061154760e-06
 503.0000000000    6.8670130857e-06
 503.5000000000    6.7321913246e-06
 504.0000000000    6.6000736166e-06
 504.5000000000    6.5706531755e-06
 505.0000000000    6.6573595120e-06
 505.5000000000    6.7744160310e-06
 506.0000000000    6.8140577582e-06
 506.5000000000    6.7335419011e-06
 507.0000000000    6.5864298512e-06
 507.5000000000    6.4833497616e-06
 508.0000000000    6.5013893713e-06
 508.5000000000    6.6139219299e-06
 509.0000000000    6.7152648287e-06
 509.5000000000    6.7126924172e-06
 510.0000000000    6.5982605193e-06
 510.5000000000    6.4545593790e-06
 511.0000000000    6.3920309659e-06
 511.5000000000    6.4542457096e-06
 512.0000000000    6.5773594855e-06
 512.5000000000    6.6487760366e-06
 513.0000000000    6.6012232431e-06
 513.5000000000    6.4629022323e-06
 514.0000000000    6.3372967737e-06
 514.5000000000    6.3214508750e-06
 515.0000000000    6.4195080342e-06
 515.5000000000    6.5381450616e-06
 516.0000000000    6.5705544858e-06
 516.5000000000    6.4820713846e-06
 517.0000000000    6.3352527253e-06
 517.5000000000    6.2431290671e-06
 518.0000000000    6.2762195923e-06
 518.5000000000    6.3975516499e-06
 519.0000000000    6.4963028360e-06
 519.5000000000    6.4843941082e-06
 520.0000000000    6.3644655576e-06
 520.5000000000    6.2269627243e-06
 521.0000000000    6.1803766598e-06
 521.5000000000    6.2583837094e-06
 522.0000000000    6.3866441714e-06
 522.5000000000    6.4513887271e-06
 523.0000000000    6.3947408683e-06
 523.5000000000    6.2564932793e-06
 524.0000000000    6.1428138716e-06
 524.5000000000    6.1435835210e-06
 525.0000000000    6.2522853497e-06
 525.5000000000    6.3693871424e-06
 526.0000000000    6.3925840161e-06
 526.5000000000    6.2990449160e-06
 527.0000000000    6.1588064085e-06
 527.5000000000    6.0820663195e-06
 528.0000000000    6.1312632466e-06
 528.5000000000    6.2595394131e-06
 529.0000000000    6.3532377096e-06
 529.5000000000    6.3329932312e-06
 530.0000000000    6.2128157924e-06
 530.5000000000    6.0859729680e-06
 531.0000000000    6.0558566343e-06
 531.5000000000    6.1466317285e-06
 532.0000000000    6.2763125130e-06
 532.5000000000    6.3334254781e-06
 533.0000000000    6.2705373128e-06
 533.5000000000    6.1358329400e-06
 534.0000000000    6.0363883655e-06
 534.5000000000    6.0554879125e-06
 535.0000000000    6.1748859128e-06
 535.5000000000    6.2891718632e-06
 536.0000000000    6.3022311754e-06
 536.5000000000    6.2027886799e-06
 537.0000000000    6.0687640076e-06
 537.5000000000    6.0099129627e-06
 538.0000000000    6.0765248817e-06
 538.5000000000    6.2087069602e-06
 539.0000000000    6.2922315374e-06
 539.5000000000    6.2581714333e-06
 540.0000000000    6.1329227736e-06
 540.5000000000    6.0166883873e-06
 541.0000000000    6.0072064880e-06
 541.5000000000    6.1121696698e-06
 542.0000000000    6.2389728223e-06
 542.5000000000    6.2806232758e-06
 543.0000000000    6.2033697948e-06
 543.5000000000    6.0683957752e-06
 544.0000000000    5.9863387293e-06
 544.5000000000    6.0282142173e-06
 545.0000000000    6.1573930703e-06
 545.5000000000    6.2625684821e-06
 546.0000000000    6.2573168219e-06
 546.5000000000    6.1461938049e-06
 547.0000000000    6.0191361456e-06
 547.5000000000    5.9839740970e-06
 548.0000000000    6.0728318128e-06
 548.5000000000    6.2084206709e-06
 549.0000000000    6.2765345573e-06
 549.5000000000    6.2228524970e-06
 550.0000000000    6.0912478181e-06
 550.5000000000    5.9905963087e-06
 551.0000000000    6.0084344421e-06
 551.5000000000    6.1299216951e-06
 552.0000000000    6.2502282025e-06
 552.5000000000    6.2700364642e-06
 553.0000000000    6.1741953980e-06
 553.5000000000    6.0404158302e-06
 554.0000000000    5.9812854325e-06
 554.5000000000    6.0494188229e-06
 555.0000000000    6.1859749075e-06
 555.5000000000    6.2752718318e-06
 556.0000000000    6.2453231740e-06
 556.5000000000    6.1211707174e-06
 557.0000000000    6.0052244559e-06
 557.5000000000    5.9979595730e-06
 558.0000000000    6.1076227703e-06
 558.5000000000    6.2403028472e-06
 559.0000000000    6.2864370974e-06
 559.5000000000    6.2105029063e-06
 560.0000000000    6.0752074156e-06
 560.5000000000    5.9948186248e-06
 561.0000000000    6.0412871406e-06
 561.5000000000    6.1760981589e-06
 562.0000000000    6.2856012527e-06
 562.5000000000    6.2817026116e-06
 563.0000000000    6.1695714929e-06
 563.5000000000    6.0422705840e-06
 564.0000000000    6.0098294762e-06
 564.5000000000    6.1032050100e-06
 565.0000000000    6.2431261225e-06
 565.5000000000    6.3138299917e-06
 566.0000000000    6.2601127790e-06
 566.5000000000    6.1271420541e-06
 567.0000000000    6.0267664741e-06
 567.5000000000    6.0479299425e-06
 568.0000000000    6.1747970415e-06
 568.5000000000    6.3003207943e-06
 569.0000000000    6.3228706456e-06
 569.5000000000    6.2266172665e-06
 570.0000000000    6.0917763863e-06
 570.5000000000    6.0343056483e-06
 571.0000000000    6.1075301069e-06
 571.5000000000    6.2504227518e-06
 572.0000000000    6.3445470306e-06
 572.5000000000    6.3159017297e-06
 573.0000000000    6.1903783074e-06
 573.5000000000    6.0740157364e-06
 574.0000000000    6.0700267221e-06
 574.5000000000    6.1858885013e-06
 575.0000000000    6.3247189405e-06
 575.5000000000    6.3740920167e-06
 576.0000000000    6.2974724865e-06
 576.5000000000    6.1600911721e-06
 577.0000000000    6.0802310366e-06
 577.5000000000    6.1312728816e-06
 578.0000000000    6.2724570234e-06
 578.5000000000    6.3865637873e-06
 579.0000000000    6.3833187783e-06
 579.5000000000    6.2685509394e-06
 580.0000000000    6.1391929185e-06
 580.5000000000    6.1087891012e-06
 581.0000000000    6.2078735216e-06
 581.5000000000    6.3537461372e-06
 582.0000000000    6.4270594674e-06
 582.5000000000    6.3714861752e-06
 583.0000000000    6.2349025320e-06
 583.5000000000    6.1339063221e-06
 584.0000000000    6.1596377666e-06
 584.5000000000    6.2935559652e-06
 585.0000000000    6.4242025016e-06
 585.5000000000    6.4471276327e-06
 586.0000000000    6.3473307818e-06
 586.5000000000    6.2096236707e-06
 587.0000000000    6.1544819456e-06
 587.5000000000    6.2348843880e-06
 588.0000000000    6.3852955988e-06
 588.5000000000    6.4826989090e-06
 589.0000000000    6.4520661386e-06
 589.5000000000    6.3223076556e-06
 590.0000000000    6.2050950028e-06
 590.5000000000    6.2063504885e-06
 591.0000000000    6.3306065698e-06
 591.5000000000    6.4755399386e-06
 592.0000000000    6.5254714843e-06
 592.5000000000    6.4448910854e-06
 593.0000000000    6.3039147964e-06
 593.5000000000    6.2260250489e-06
 594.0000000000    6.2847515666e-06
 594.5000000000    6.4341983613e-06
 595.0000000000    6.5521838325e-06
 595.5000000000    6.5468610526e-06
 596.0000000000    6.4272347302e-06
 596.5000000000    6.2962323070e-06
 597.0000000000    6.2709633694e-06
 597.5000000000    6.3792478090e-06
 598.0000000000    6.5322741988e-06
 598.5000000000    6.6066462518e-06
 599.0000000000    6.5467325494e-06
 599.5000000000    6.4055042576e-06
 600.0000000000    6.3055857399e-06
 600.5000000000    6.3391651630e-06
 601.0000000000    6.4824605299e-06
 601.5000000000    6.6177467106e-06
 602.0000000000    6.6383682553e-06
 602.5000000000    6.5324480247e-06
 603.0000000000    6.3913905097e-06
 603.5000000000    6.3404542086e-06
 604.0000000000    6.4304674203e-06
 604.5000000000    6.5887902942e-06
 605.0000000000    6.6873114245e-06
 605.5000000000    6.6512022856e-06
 606.0000000000    6.5148732300e-06
 606.5000000000    6.3969437093e-06
 607.0000000000    6.4056395358e-06
 607.5000000000    6.5399601137e-06
 608.0000000000    6.6902496395e-06
 608.5000000000    6.7377117404e-06
 609.0000000000    6.6497894225e-06
 609.5000000000    6.5037312656e-06
 610.0000000000    6.4290181944e-06
 610.5000000000    6.4978636704e-06
 611.0000000000    6.6567547223e-06
 611.5000000000    6.7770007840e-06
 612.0000000000    6.7663098335e-06
 612.5000000000    6.6391237205e-06
 613.0000000000    6.5061885050e-06
 613.5000000000    6.4882900159e-06
 614.0000000000    6.6082461146e-06
 614.5000000000    6.7686189066e-06
 615.0000000000    6.8416480805e-06
 615.5000000000    6.7741898655e-06
 616.0000000000    6.6267025015e-06
 616.5000000000    6.5291286723e-06
 617.0000000000    6.5735036741e-06
 617.5000000000    6.7280731616e-06
 618.0000000000    6.8672003791e-06
 618.5000000000    6.8827656689e-06
 619.0000000000    6.7683371523e-06
 619.5000000000    6.6238876476e-06
 620.0000000000    6.5797096979e-06
 620.5000000000    6.6823589810e-06
 621.0000000000    6.8496632089e-06
 621.5000000000    6.9476805819e-06
 622.0000000000    6.9034735100e-06
 622.5000000000    6.7592667324e-06
 623.0000000000    6.6421462025e-06
 623.5000000000    6.6615866494e-06
 624.0000000000    6.8086246929e-06
 624.5000000000    6.9641378114e-06
 625.0000000000    7.0066425047e-06
 625.5000000000    6.9088895436e-06
 626.0000000000    6.7575563995e-06
 626.5000000000    6.6887036768e-06
 627.0000000000    6.7711397178e-06
 627.5000000000    6.9407441845e-06
 628.0000000000    7.0614387828e-06
 628.5000000000    7.0420787131e-06
 629.0000000000    6.9053982472e-06
 629.5000000000    6.7717492347e-06
 630.0000000000    6.7645615294e-06
 630.5000000000    6.8986086239e-06
 631.0000000000    7.0656786821e-06
 631.5000000000    7.1341363266e-06
 632.0000000000    7.0558830384e-06
 632.5000000000    6.9014481174e-06
 633.0000000000    6.8083801714e-06
 633.5000000000    6.8664178150e-06
 634.0000000000    7.0327932214e-06
 634.5000000000    7.1732922135e-06
 635.0000000000    7.1801057659e-06
 635.5000000000    7.0547772939e-06
 636.0000000000    6.9074860014e-06
 636.5000000000    6.8724487837e-06
 637.0000000000    6.9891630838e-06
 637.5000000000    7.1642222614e-06
 638.0000000000    7.2586111705e-06
 638.5000000000    7.2033277508e-06
 639.0000000000    7.0502831133e-06
 639.5000000000    6.9352677709e-06
 640.0000000000    6.9670959573e-06
 640.5000000000    7.1268467039e-06
 641.0000000000    7.2857796846e-06
 641.5000000000    7.3210209320e-06
 642.0000000000    7.2120057613e-06
 642.5000000000    7.0557120413e-06
 643.0000000000    6.9939063616e-06
 643.5000000000    7.0905325296e-06
 644.0000000000    7.2703851436e-06
 644.5000000000    7.3904800135e-06
 645.0000000000    7.3617068335e-06
 645.5000000000    7.2155229078e-06
 646.0000000000    7.0818110083e-06
 646.5000000000    7.0857769744e-06
 647.0000000000    7.2340018981e-06
 647.5000000000    7.4078989275e-06
 648.0000000000    7.4724066422e-06
 648.5000000000    7.3843203042e-06
 649.0000000000    7.2236609185e-06
 649.5000000000    7.1351137536e-06
 650.0000000000    7.2061545633e-06
 650.5000000000    7.3844250209e-06
 651.0000000000    7.5279677093e-06
 651.5000000000    7.5288237310e-06
 652.0000000000    7.3948450719e-06
 652.5000000000    7.2445823240e-06
 653.0000000000    7.2160423946e-06
 653.5000000000    7.3442369726e-06
 654.0000000000    7.5275423554e-06
 654.5000000000    7.6222689508e-06
 655.0000000000    7.5606653289e-06
 655.5000000000    7.4004546350e-06
 656.0000000000    7.2836782262e-06
 656.5000000000    7.3213319341e-06
 657.0000000000    7.4902056322e-06
 657.5000000000    7.6548799989e-06
 658.0000000000    7.6885954496e-06
 658.5000000000    7.5722456934e-06
 659.0000000000    7.4091377671e-06
 659.5000000000    7.3480139108e-06
 660.0000000000    7.4532809473e-06
 660.5000000000    7.6423826998e-06
 661.0000000000    7.7640200336e-06
 661.5000000000    7.7274556475e-06
 662.0000000000    7.5710033871e-06
 662.5000000000    7.4352920297e-06
 663.0000000000    7.4496802713e-06
 663.5000000000    7.6120856878e-06
 664.0000000000    7.7911242662e-06
 664.5000000000    7.8471741876e-06
 665.0000000000    7.7442683468e-06
 665.5000000000    7.5762954989e-06
 666.0000000000    7.4967606870e-06
 666.5000000000    7.5868666808e-06
 667.0000000000    7.7780527403e-06
 667.5000000000    7.9179153071e-06
 668.0000000000    7.9021586192e-06
 668.5000000000    7.7530575702e-06
 669.0000000000    7.6041008311e-06
 669.5000000000    7.5953269873e-06
 670.0000000000    7.7460925310e-06
 670.5000000000    7.9358294903e-06
 671.0000000000    8.0160107682e-06
 671.5000000000    7.9312605462e-06
 672.0000000000    7.7602376783e-06
 672.5000000000    7.6584189207e-06
 673.0000000000    7.7269522142e-06
 673.5000000000    7.9160782658e-06
 674.0000000000    8.0734803828e-06
 674.5000000000    8.0791047784e-06
 675.0000000000    7.9378304268e-06
 675.5000000000    7.7762281202e-06
 676.0000000000    7.7442893673e-06
 676.5000000000    7.8811068825e-06
 677.0000000000    8.0770266295e-06
 677.5000000000    8.1771288936e-06
 678.0000000000    8.1096481777e-06
 678.5000000000    7.9382518323e-06
 679.0000000000    7.8163121337e-06
 679.5000000000    7.8608412786e-06
 680.0000000000    8.0430664536e-06
 680.5000000000    8.2162675905e-06
 681.0000000000    8.2471913861e-06
 681.5000000000    8.1199249754e-06
 682.0000000000    7.9477344937e-06
 682.5000000000    7.8878440479e-06
 683.0000000000    8.0039203251e-06
 683.5000000000    8.2044099118e-06
 684.0000000000    8.3296766864e-06
 684.5000000000    8.2871163492e-06
 685.0000000000    8.1200721116e-06
 685.5000000000    7.9770542630e-06
 686.0000000000    7.9927593028e-06
 686.5000000000    8.1639760170e-06
 687.0000000000    8.3525277135e-06
 687.5000000000    8.4117330729e-06
 688.0000000000    8.3029815828e-06
 688.5000000000    8.1237681505e-06
 689.0000000000    8.0359564512e-06
 689.5000000000    8.1276031590e-06
 690.0000000000    8.3286165555e-06
 690.5000000000    8.4778723419e-06
 691.0000000000    8.4628943400e-06
 691.5000000000    8.3047720584e-06
 692.0000000000    8.1437025376e-06
 692.5000000000    8.1294906608e-06
 693.0000000000    8.2857515508e-06
 693.5000000000    8.4865372638e-06
 694.0000000000    8.5737292184e-06
 694.5000000000    8.4860017565e-06
 695.0000000000    8.3037203153e-06
 695.5000000000    8.1906097178e-06
 696.0000000000    8.2569347974e-06
 696.5000000000    8.4547541984e-06
 697.0000000000    8.6242340594e-06
 697.5000000000    8.6354699837e-06
 698.0000000000    8.4884652703e-06
 698.5000000000    8.3135113777e-06
 699.0000000000    8.2714633714e-06
 699.5000000000    8.4104750450e-06
 700.0000000000    8.6188815512e-06
