#          time             Min_Chi
   0.0000000000    5.1774079851e-01
   0.5000000000    5.1757363310e-01
   1.0000000000    5.1724486923e-01
   1.5000000000    5.1691916359e-01
   2.0000000000    5.1664764674e-01
   2.5000000000    5.1643373175e-01
   3.0000000000    5.1623877244e-01
   3.5000000000    5.1604750994e-01
   4.0000000000    5.1586151899e-01
   4.5000000000    5.1566100990e-01
   5.0000000000    5.1547026228e-01
   5.5000000000    5.1525829915e-01
   6.0000000000    5.1505797905e-01
   6.5000000000    5.1484134954e-01
   7.0000000000    5.1463248095e-01
   7.5000000000    5.1441321860e-01
   8.0000000000    5.1419742868e-01
   8.5000000000    5.1397651174e-01
   9.0000000000    5.1375538793e-01
   9.5000000000    5.1353391046e-01
  10.0000000000    5.1330921041e-01
  10.5000000000    5.1308831389e-01
  11.0000000000    5.1286163858e-01
  11.5000000000    5.1264234146e-01
  12.0000000000    5.1241477743e-01
  12.5000000000    5.1219759557e-01
  13.0000000000    5.1197102038e-01
  13.5000000000    5.1175648004e-01
  14.0000000000    5.1153144457e-01
  14.5000000000    5.1132065771e-01
  15.0000000000    5.1109815270e-01
  15.5000000000    5.1089118685e-01
  16.0000000000    5.1067196945e-01
  16.5000000000    5.1046788315e-01
  17.0000000000    5.1025381746e-01
  17.5000000000    5.1005578403e-01
  18.0000000000    5.0984512704e-01
  18.5000000000    5.0965165281e-01
  19.0000000000    5.0944575079e-01
  19.5000000000    5.0925705765e-01
  20.0000000000    5.0905651940e-01
  20.5000000000    5.0887278009e-01
  21.0000000000    5.0867768136e-01
  21.5000000000    5.0849904356e-01
  22.0000000000    5.0830958400e-01
  22.5000000000    5.0813490330e-01
  23.0000000000    5.0795351521e-01
  23.5000000000    5.0778368176e-01
  24.0000000000    5.0760656471e-01
  24.5000000000    5.0744317337e-01
  25.0000000000    5.0727165260e-01
  25.5000000000    5.0711349379e-01
  26.0000000000    5.0694774184e-01
  26.5000000000    5.0679426610e-01
  27.0000000000    5.0663471542e-01
  27.5000000000    5.0648623770e-01
  28.0000000000    5.0633268807e-01
  28.5000000000    5.0618909350e-01
  29.0000000000    5.0604141446e-01
  29.5000000000    5.0590253711e-01
  30.0000000000    5.0576063998e-01
  30.5000000000    5.0562621949e-01
  31.0000000000    5.0548911233e-01
  31.5000000000    5.0535969261e-01
  32.0000000000    5.0523016572e-01
  32.5000000000    5.0510548944e-01
  33.0000000000    5.0497899074e-01
  33.5000000000    5.0485877299e-01
  34.0000000000    5.0473866887e-01
  34.5000000000    5.0462243516e-01
  35.0000000000    5.0450687403e-01
  35.5000000000    5.0439534360e-01
  36.0000000000    5.0428462334e-01
  36.5000000000    5.0417715031e-01
  37.0000000000    5.0407098425e-01
  37.5000000000    5.0396764995e-01
  38.0000000000    5.0386595019e-01
  38.5000000000    5.0376677354e-01
  39.0000000000    5.0366925717e-01
  39.5000000000    5.0357410266e-01
  40.0000000000    5.0348055880e-01
  40.5000000000    5.0338926193e-01
  41.0000000000    5.0329948998e-01
  41.5000000000    5.0321217901e-01
  42.0000000000    5.0312594975e-01
  42.5000000000    5.0304249070e-01
  43.0000000000    5.0295972342e-01
  43.5000000000    5.0288000259e-01
  44.0000000000    5.0280023455e-01
  44.5000000000    5.0272453019e-01
  45.0000000000    5.0264796994e-01
  45.5000000000    5.0257574246e-01
  46.0000000000    5.0250157755e-01
  46.5000000000    5.0243316233e-01
  47.0000000000    5.0236181377e-01
  47.5000000000    5.0229712446e-01
  48.0000000000    5.0222783666e-01
  48.5000000000    5.0216663624e-01
  49.0000000000    5.0209962514e-01
  49.5000000000    5.0204230422e-01
  50.0000000000    5.0197720018e-01
  50.5000000000    5.0192344031e-01
  51.0000000000    5.0185998663e-01
  51.5000000000    5.0180984518e-01
  52.0000000000    5.0174792533e-01
  52.5000000000    5.0170147850e-01
  53.0000000000    5.0164074967e-01
  53.5000000000    5.0159770443e-01
  54.0000000000    5.0153776904e-01
  54.5000000000    5.0149621653e-01
  55.0000000000    5.0143726887e-01
  55.5000000000    5.0139371388e-01
  56.0000000000    5.0133369329e-01
  56.5000000000    5.0128160868e-01
  57.0000000000    5.0121151815e-01
  57.5000000000    5.0114097651e-01
  58.0000000000    5.0105763693e-01
  58.5000000000    5.0098073691e-01
  59.0000000000    5.0091217183e-01
  59.5000000000    5.0086324722e-01
  60.0000000000    5.0082540959e-01
  60.5000000000    5.0079543086e-01
  61.0000000000    5.0076767864e-01
  61.5000000000    5.0073833458e-01
  62.0000000000    5.0071327186e-01
  62.5000000000    5.0068249089e-01
  63.0000000000    5.0065709521e-01
  63.5000000000    5.0062051682e-01
  64.0000000000    5.0059606244e-01
  64.5000000000    5.0056080221e-01
  65.0000000000    5.0054182970e-01
  65.5000000000    5.0050462302e-01
  66.0000000000    5.0048496348e-01
  66.5000000000    5.0044965192e-01
  67.0000000000    5.0042964229e-01
  67.5000000000    5.0039749714e-01
  68.0000000000    5.0037611226e-01
  68.5000000000    5.0034814213e-01
  69.0000000000    5.0032546698e-01
  69.5000000000    5.0030117844e-01
  70.0000000000    5.0027722900e-01
  70.5000000000    5.0025703998e-01
  71.0000000000    5.0023199603e-01
  71.5000000000    5.0021578450e-01
  72.0000000000    5.0018912115e-01
  72.5000000000    5.0017696644e-01
  73.0000000000    5.0014870836e-01
  73.5000000000    5.0013734678e-01
  74.0000000000    5.0011105387e-01
  74.5000000000    5.0009792118e-01
  75.0000000000    5.0007600196e-01
  75.5000000000    5.0006097700e-01
  76.0000000000    5.0004352816e-01
  76.5000000000    5.0002647762e-01
  77.0000000000    5.0001350740e-01
  77.5000000000    4.9999401946e-01
  78.0000000000    4.9998587957e-01
  78.5000000000    4.9996439815e-01
  79.0000000000    4.9995922364e-01
  79.5000000000    4.9993744962e-01
  80.0000000000    4.9992942858e-01
  80.5000000000    4.9991226375e-01
  81.0000000000    4.9990121164e-01
  81.5000000000    4.9988919094e-01
  82.0000000000    4.9987679786e-01
  82.5000000000    4.9987166792e-01
  83.0000000000    4.9985574998e-01
  83.5000000000    4.9985309938e-01
  84.0000000000    4.9983291562e-01
  84.5000000000    4.9982953666e-01
  85.0000000000    4.9981589487e-01
  85.5000000000    4.9980915408e-01
  86.0000000000    4.9980075438e-01
  86.5000000000    4.9979079354e-01
  87.0000000000    4.9978798974e-01
  87.5000000000    4.9977425918e-01
  88.0000000000    4.9977572972e-01
  88.5000000000    4.9976065067e-01
  89.0000000000    4.9975842872e-01
  89.5000000000    4.9974945160e-01
  90.0000000000    4.9974347272e-01
  90.5000000000    4.9974074652e-01
  91.0000000000    4.9973099875e-01
  91.5000000000    4.9973472534e-01
  92.0000000000    4.9972102512e-01
  92.5000000000    4.9972177003e-01
  93.0000000000    4.9971387856e-01
  93.5000000000    4.9971036011e-01
  94.0000000000    4.9970924069e-01
  94.5000000000    4.9970152938e-01
  95.0000000000    4.9970745373e-01
  95.5000000000    4.9969545856e-01
  96.0000000000    4.9969739552e-01
  96.5000000000    4.9969225658e-01
  97.0000000000    4.9968955050e-01
  97.5000000000    4.9969196179e-01
  98.0000000000    4.9968453081e-01
  98.5000000000    4.9969060840e-01
  99.0000000000    4.9968233610e-01
  99.5000000000    4.9968373499e-01
 100.0000000000    4.9968350153e-01
 100.5000000000    4.9968011015e-01
 101.0000000000    4.9968788035e-01
 101.5000000000    4.9967910152e-01
 102.0000000000    4.9968338059e-01
 102.5000000000    4.9968128828e-01
 103.0000000000    4.9968060288e-01
 103.5000000000    4.9968716534e-01
 104.0000000000    4.9968111244e-01
 104.5000000000    4.9968759991e-01
 105.0000000000    4.9968473433e-01
 105.5000000000    4.9968594496e-01
 106.0000000000    4.9969224104e-01
 106.5000000000    4.9968783972e-01
 107.0000000000    4.9969575387e-01
 107.5000000000    4.9969326635e-01
 108.0000000000    4.9969533759e-01
 108.5000000000    4.9970251989e-01
 109.0000000000    4.9969877365e-01
 109.5000000000    4.9970706044e-01
 110.0000000000    4.9970618836e-01
 110.5000000000    4.9970852120e-01
 111.0000000000    4.9971783115e-01
 111.5000000000    4.9971400720e-01
 112.0000000000    4.9972187118e-01
 112.5000000000    4.9972382588e-01
 113.0000000000    4.9972545998e-01
 113.5000000000    4.9973831962e-01
 114.0000000000    4.9973360585e-01
 114.5000000000    4.9974031142e-01
 115.0000000000    4.9974640588e-01
 115.5000000000    4.9974644387e-01
 116.0000000000    4.9975756904e-01
 116.5000000000    4.9975742613e-01
 117.0000000000    4.9976187309e-01
 117.5000000000    4.9977345591e-01
 118.0000000000    4.9977109507e-01
 118.5000000000    4.9977945161e-01
 119.0000000000    4.9978544079e-01
 119.5000000000    4.9978708499e-01
 120.0000000000    4.9979946670e-01
 120.5000000000    4.9980077068e-01
 121.0000000000    4.9980572597e-01
 121.5000000000    4.9981933337e-01
 122.0000000000    4.9981698327e-01
 122.5000000000    4.9982485913e-01
 123.0000000000    4.9983450034e-01
 123.5000000000    4.9983533026e-01
 124.0000000000    4.9984614500e-01
 124.5000000000    4.9985218665e-01
 125.0000000000    4.9985545617e-01
 125.5000000000    4.9986829320e-01
 126.0000000000    4.9987092456e-01
 126.5000000000    4.9987645457e-01
 127.0000000000    4.9989130745e-01
 127.5000000000    4.9989108335e-01
 128.0000000000    4.9989832423e-01
 128.5000000000    4.9991330934e-01
 129.0000000000    4.9991269460e-01
 129.5000000000    4.9992110261e-01
 130.0000000000    4.9993419072e-01
 130.5000000000    4.9993499709e-01
 131.0000000000    4.9994449934e-01
 131.5000000000    4.9995630028e-01
 132.0000000000    4.9995826015e-01
 132.5000000000    4.9996877059e-01
 133.0000000000    4.9997981688e-01
 133.5000000000    4.9998207931e-01
 134.0000000000    4.9999307795e-01
 134.5000000000    5.0000436487e-01
 135.0000000000    5.0000694670e-01
 135.5000000000    5.0001799836e-01
 136.0000000000    5.0003002381e-01
 136.5000000000    5.0003263539e-01
 137.0000000000    5.0004328788e-01
 137.5000000000    5.0005647490e-01
 138.0000000000    5.0005884561e-01
 138.5000000000    5.0006904247e-01
 139.0000000000    5.0008403517e-01
 139.5000000000    5.0008579244e-01
 140.0000000000    5.0009513143e-01
 140.5000000000    5.0011200543e-01
 141.0000000000    5.0011353679e-01
 141.5000000000    5.0012169901e-01
 142.0000000000    5.0013714569e-01
 142.5000000000    5.0014208846e-01
 143.0000000000    5.0014890410e-01
 143.5000000000    5.0016275984e-01
 144.0000000000    5.0017178835e-01
 144.5000000000    5.0017683024e-01
 145.0000000000    5.0018872574e-01
 145.5000000000    5.0020265986e-01
 146.0000000000    5.0020579112e-01
 146.5000000000    5.0021561893e-01
 147.0000000000    5.0023206050e-01
 147.5000000000    5.0023620076e-01
 148.0000000000    5.0024355108e-01
 148.5000000000    5.0025734107e-01
 149.0000000000    5.0026820141e-01
 149.5000000000    5.0027307749e-01
 150.0000000000    5.0028409988e-01
 150.5000000000    5.0030127576e-01
 151.0000000000    5.0030448824e-01
 151.5000000000    5.0031247424e-01
 152.0000000000    5.0032637135e-01
 152.5000000000    5.0033819335e-01
 153.0000000000    5.0034308024e-01
 153.5000000000    5.0035364686e-01
 154.0000000000    5.0036980074e-01
 154.5000000000    5.0037639243e-01
 155.0000000000    5.0038333575e-01
 155.5000000000    5.0039566687e-01
 156.0000000000    5.0041287721e-01
 156.5000000000    5.0041617927e-01
 157.0000000000    5.0042463619e-01
 157.5000000000    5.0043816032e-01
 158.0000000000    5.0045263237e-01
 158.5000000000    5.0045676927e-01
 159.0000000000    5.0046589324e-01
 159.5000000000    5.0048026258e-01
 160.0000000000    5.0049414877e-01
 160.5000000000    5.0049922508e-01
 161.0000000000    5.0050841606e-01
 161.5000000000    5.0052200089e-01
 162.0000000000    5.0053558281e-01
 162.5000000000    5.0054049587e-01
 163.0000000000    5.0054995609e-01
 163.5000000000    5.0056355499e-01
 164.0000000000    5.0057952543e-01
 164.5000000000    5.0058368620e-01
 165.0000000000    5.0059202491e-01
 165.5000000000    5.0060437942e-01
 166.0000000000    5.0062058362e-01
 166.5000000000    5.0062735401e-01
 167.0000000000    5.0063446952e-01
 167.5000000000    5.0064541031e-01
 168.0000000000    5.0065998060e-01
 168.5000000000    5.0067292250e-01
 169.0000000000    5.0067837865e-01
 169.5000000000    5.0068733194e-01
 170.0000000000    5.0069970467e-01
 170.5000000000    5.0071545850e-01
 171.0000000000    5.0072431650e-01
 171.5000000000    5.0073110585e-01
 172.0000000000    5.0074106709e-01
 172.5000000000    5.0075410934e-01
 173.0000000000    5.0077009044e-01
 173.5000000000    5.0077759567e-01
 174.0000000000    5.0078478519e-01
 174.5000000000    5.0079481283e-01
 175.0000000000    5.0080760477e-01
 175.5000000000    5.0082309200e-01
 176.0000000000    5.0083243520e-01
 176.5000000000    5.0083916374e-01
 177.0000000000    5.0084844992e-01
 177.5000000000    5.0086027291e-01
 178.0000000000    5.0087447552e-01
 178.5000000000    5.0088895643e-01
 179.0000000000    5.0089476962e-01
 179.5000000000    5.0090285205e-01
 180.0000000000    5.0091305101e-01
 180.5000000000    5.0092532717e-01
 181.0000000000    5.0093965250e-01
 181.5000000000    5.0095271107e-01
 182.0000000000    5.0095895482e-01
 182.5000000000    5.0096709040e-01
 183.0000000000    5.0097696502e-01
 183.5000000000    5.0098846830e-01
 184.0000000000    5.0100152488e-01
 184.5000000000    5.0101607542e-01
 185.0000000000    5.0102298764e-01
 185.5000000000    5.0102971625e-01
 186.0000000000    5.0103786183e-01
 186.5000000000    5.0104733318e-01
 187.0000000000    5.0105812523e-01
 187.5000000000    5.0107029631e-01
 188.0000000000    5.0108380836e-01
 188.5000000000    5.0109233163e-01
 189.0000000000    5.0109907269e-01
 189.5000000000    5.0110719096e-01
 190.0000000000    5.0111649394e-01
 190.5000000000    5.0112687982e-01
 191.0000000000    5.0113825304e-01
 191.5000000000    5.0115052157e-01
 192.0000000000    5.0116363161e-01
 192.5000000000    5.0117509636e-01
 193.0000000000    5.0118181628e-01
 193.5000000000    5.0118930080e-01
 194.0000000000    5.0119759822e-01
 194.5000000000    5.0120662542e-01
 195.0000000000    5.0121625318e-01
 195.5000000000    5.0122652335e-01
 196.0000000000    5.0123745846e-01
 196.5000000000    5.0124885086e-01
 197.0000000000    5.0126063630e-01
 197.5000000000    5.0127282077e-01
 198.0000000000    5.0128124756e-01
 198.5000000000    5.0128851026e-01
 199.0000000000    5.0129623089e-01
 199.5000000000    5.0130439323e-01
 200.0000000000    5.0131293086e-01
 200.5000000000    5.0132171499e-01
 201.0000000000    5.0133070199e-01
 201.5000000000    5.0133993308e-01
 202.0000000000    5.0134939180e-01
 202.5000000000    5.0135904738e-01
 203.0000000000    5.0136888282e-01
 203.5000000000    5.0137884195e-01
 204.0000000000    5.0138879138e-01
 204.5000000000    5.0139864205e-01
 205.0000000000    5.0140839017e-01
 205.5000000000    5.0141804804e-01
 206.0000000000    5.0142761478e-01
 206.5000000000    5.0143708454e-01
 207.0000000000    5.0144646871e-01
 207.5000000000    5.0145573266e-01
 208.0000000000    5.0146406892e-01
 208.5000000000    5.0147188801e-01
 209.0000000000    5.0147978667e-01
 209.5000000000    5.0148772428e-01
 210.0000000000    5.0149567117e-01
 210.5000000000    5.0150366954e-01
 211.0000000000    5.0151170482e-01
 211.5000000000    5.0151973969e-01
 212.0000000000    5.0152775963e-01
 212.5000000000    5.0153579573e-01
 213.0000000000    5.0154387815e-01
 213.5000000000    5.0155065356e-01
 214.0000000000    5.0155716567e-01
 214.5000000000    5.0156352447e-01
 215.0000000000    5.0156975790e-01
 215.5000000000    5.0157581124e-01
 216.0000000000    5.0158169990e-01
 216.5000000000    5.0158752225e-01
 217.0000000000    5.0159333604e-01
 217.5000000000    5.0159916570e-01
 218.0000000000    5.0160506885e-01
 218.5000000000    5.0161103795e-01
 219.0000000000    5.0161702000e-01
 219.5000000000    5.0162302318e-01
 220.0000000000    5.0162916537e-01
 220.5000000000    5.0163560065e-01
 221.0000000000    5.0164246312e-01
 221.5000000000    5.0164988509e-01
 222.0000000000    5.0165794984e-01
 222.5000000000    5.0166452113e-01
 223.0000000000    5.0166699094e-01
 223.5000000000    5.0166969009e-01
 224.0000000000    5.0167271732e-01
 224.5000000000    5.0167621030e-01
 225.0000000000    5.0168039776e-01
 225.5000000000    5.0168552433e-01
 226.0000000000    5.0169170946e-01
 226.5000000000    5.0169894848e-01
 227.0000000000    5.0170484893e-01
 227.5000000000    5.0170474130e-01
 228.0000000000    5.0170554912e-01
 228.5000000000    5.0170749855e-01
 229.0000000000    5.0171088131e-01
 229.5000000000    5.0171585343e-01
 230.0000000000    5.0172245317e-01
 230.5000000000    5.0172579363e-01
 231.0000000000    5.0172391822e-01
 231.5000000000    5.0172354822e-01
 232.0000000000    5.0172493436e-01
 232.5000000000    5.0172837779e-01
 233.0000000000    5.0173415886e-01
 233.5000000000    5.0173217894e-01
 234.0000000000    5.0172949702e-01
 234.5000000000    5.0172960548e-01
 235.0000000000    5.0173271463e-01
 235.5000000000    5.0173892709e-01
 236.0000000000    5.0173513326e-01
 236.5000000000    5.0173181313e-01
 237.0000000000    5.0173135663e-01
 237.5000000000    5.0173410905e-01
 238.0000000000    5.0173248705e-01
 238.5000000000    5.0172580374e-01
 239.0000000000    5.0172326230e-01
 239.5000000000    5.0172504372e-01
 240.0000000000    5.0172171353e-01
 240.5000000000    5.0171357059e-01
 241.0000000000    5.0171003729e-01
 241.5000000000    5.0171176421e-01
 242.0000000000    5.0170209970e-01
 242.5000000000    5.0169576380e-01
 243.0000000000    5.0169561037e-01
 243.5000000000    5.0169107120e-01
 244.0000000000    5.0168096331e-01
 244.5000000000    5.0167644600e-01
 245.0000000000    5.0167072224e-01
 245.5000000000    5.0165655193e-01
 246.0000000000    5.0165023100e-01
 246.5000000000    5.0164395223e-01
 247.0000000000    5.0163053992e-01
 247.5000000000    5.0162540051e-01
 248.0000000000    5.0161445657e-01
 248.5000000000    5.0160006793e-01
 249.0000000000    5.0159447052e-01
 249.5000000000    5.0157497899e-01
 250.0000000000    5.0156282343e-01
 250.5000000000    5.0155191873e-01
 251.0000000000    5.0153367733e-01
 251.5000000000    5.0152635326e-01
 252.0000000000    5.0150304521e-01
 252.5000000000    5.0148919110e-01
 253.0000000000    5.0146927916e-01
 253.5000000000    5.0145054501e-01
 254.0000000000    5.0143333993e-01
 254.5000000000    5.0141050806e-01
 255.0000000000    5.0139378861e-01
 255.5000000000    5.0136677415e-01
 256.0000000000    5.0134860678e-01
 256.5000000000    5.0131859542e-01
 257.0000000000    5.0129832869e-01
 257.5000000000    5.0126703137e-01
 258.0000000000    5.0124351053e-01
 258.5000000000    5.0121191289e-01
 259.0000000000    5.0118354765e-01
 259.5000000000    5.0115262686e-01
 260.0000000000    5.0111800543e-01
 260.5000000000    5.0108906355e-01
 261.0000000000    5.0104706944e-01
 261.5000000000    5.0101480697e-01
 262.0000000000    5.0097160148e-01
 262.5000000000    5.0093025637e-01
 263.0000000000    5.0089355981e-01
 263.5000000000    5.0084287578e-01
 264.0000000000    5.0079924351e-01
 264.5000000000    5.0075463940e-01
 265.0000000000    5.0069982436e-01
 265.5000000000    5.0064962772e-01
 266.0000000000    5.0059914648e-01
 266.5000000000    5.0053574504e-01
 267.0000000000    5.0047545840e-01
 267.5000000000    5.0041769831e-01
 268.0000000000    5.0035093535e-01
 268.5000000000    5.0027965250e-01
 269.0000000000    5.0020930137e-01
 269.5000000000    5.0013897141e-01
 270.0000000000    5.0006368621e-01
 270.5000000000    4.9997814851e-01
 271.0000000000    4.9989123039e-01
 271.5000000000    4.9980230521e-01
 272.0000000000    4.9971083913e-01
 272.5000000000    4.9961635512e-01
 273.0000000000    4.9951843028e-01
 273.5000000000    4.9941002781e-01
 274.0000000000    4.9929790636e-01
 274.5000000000    4.9918159255e-01
 275.0000000000    4.9906021879e-01
 275.5000000000    4.9893293101e-01
 276.0000000000    4.9879914890e-01
 276.5000000000    4.9865875995e-01
 277.0000000000    4.9851208838e-01
 277.5000000000    4.9835962655e-01
 278.0000000000    4.9820159637e-01
 278.5000000000    4.9803756839e-01
 279.0000000000    4.9786652403e-01
 279.5000000000    4.9768742410e-01
 280.0000000000    4.9749467443e-01
 280.5000000000    4.9729002990e-01
 281.0000000000    4.9707761305e-01
 281.5000000000    4.9685856724e-01
 282.0000000000    4.9663319393e-01
 282.5000000000    4.9640050989e-01
 283.0000000000    4.9614495432e-01
 283.5000000000    4.9588095105e-01
 284.0000000000    4.9560978036e-01
 284.5000000000    4.9532358720e-01
 285.0000000000    4.9502145012e-01
 285.5000000000    4.9471474690e-01
 286.0000000000    4.9438724434e-01
 286.5000000000    4.9404669072e-01
 287.0000000000    4.9369425675e-01
 287.5000000000    4.9332008723e-01
 288.0000000000    4.9293812840e-01
 288.5000000000    4.9253272303e-01
 289.0000000000    4.9211533436e-01
 289.5000000000    4.9167945921e-01
 290.0000000000    4.9122071979e-01
 290.5000000000    4.9075034878e-01
 291.0000000000    4.9025491719e-01
 291.5000000000    4.8973677120e-01
 292.0000000000    4.8920009782e-01
 292.5000000000    4.8864160451e-01
 293.0000000000    4.8805801378e-01
 293.5000000000    4.8744204440e-01
 294.0000000000    4.8679545635e-01
 294.5000000000    4.8611536547e-01
 295.0000000000    4.8539694645e-01
 295.5000000000    4.8462651232e-01
 296.0000000000    4.8380128743e-01
 296.5000000000    4.8291302591e-01
 297.0000000000    4.8194456300e-01
 297.5000000000    4.8086931714e-01
 298.0000000000    4.7966697343e-01
 298.5000000000    4.7830059726e-01
 299.0000000000    4.7671775946e-01
 299.5000000000    4.7485040719e-01
 300.0000000000    4.7258441753e-01
 300.5000000000    4.6975162322e-01
 301.0000000000    4.6601318114e-01
 301.5000000000    4.5032790284e-01
 302.0000000000    4.3258109185e-01
 302.5000000000    4.1436508267e-01
 303.0000000000    3.9571992231e-01
 303.5000000000    3.7669140159e-01
 304.0000000000    3.5733020642e-01
 304.5000000000    3.3769087647e-01
 305.0000000000    3.1783078342e-01
 305.5000000000    2.9780936500e-01
 306.0000000000    2.7768786002e-01
 306.5000000000    2.5752978313e-01
 307.0000000000    2.3740230977e-01
 307.5000000000    2.1737868907e-01
 308.0000000000    1.9754161347e-01
 308.5000000000    1.7798724721e-01
 309.0000000000    1.5882925833e-01
 309.5000000000    1.4020184315e-01
 310.0000000000    1.2226043103e-01
 310.5000000000    1.0517866697e-01
 311.0000000000    8.9140593464e-02
 311.5000000000    7.4327789749e-02
 312.0000000000    6.0902545363e-02
 312.5000000000    4.8989618598e-02
 313.0000000000    3.8660209271e-02
 313.5000000000    2.9921855166e-02
 314.0000000000    2.2716808543e-02
 314.5000000000    1.6929361364e-02
 315.0000000000    1.2400347659e-02
 315.5000000000    8.9454930524e-03
 316.0000000000    6.3738790948e-03
 316.5000000000    4.5034563450e-03
 317.0000000000    3.1718262190e-03
 317.5000000000    2.2419184681e-03
 318.0000000000    1.6033223059e-03
 318.5000000000    1.1706134532e-03
 319.0000000000    8.8002734808e-04
 319.5000000000    6.8550350887e-04
 320.0000000000    5.5475945372e-04
 320.5000000000    4.6577704508e-04
 321.0000000000    4.0389147537e-04
 321.5000000000    3.5953079642e-04
 322.0000000000    3.2655454190e-04
 322.5000000000    3.0108567983e-04
 323.0000000000    2.8071520081e-04
 323.5000000000    2.6397024196e-04
 324.0000000000    2.4996094648e-04
 324.5000000000    2.3814709199e-04
 325.0000000000    2.2818620979e-04
 325.5000000000    2.1983846559e-04
 326.0000000000    2.1291121831e-04
 326.5000000000    2.0723042380e-04
 327.0000000000    2.0262893504e-04
 327.5000000000    1.9894427848e-04
 328.0000000000    1.9602082847e-04
 328.5000000000    1.9371328666e-04
 329.0000000000    1.9188985911e-04
 329.5000000000    1.9043448436e-04
 330.0000000000    1.8924797030e-04
 330.5000000000    1.8824815582e-04
 331.0000000000    1.8736929130e-04
 331.5000000000    1.8656083031e-04
 332.0000000000    1.8578582128e-04
 332.5000000000    1.8501906729e-04
 333.0000000000    1.8424519422e-04
 333.5000000000    1.8345674678e-04
 334.0000000000    1.8265240274e-04
 334.5000000000    1.8183536176e-04
 335.0000000000    1.8101194212e-04
 335.5000000000    1.8019039046e-04
 336.0000000000    1.7937990108e-04
 336.5000000000    1.7858983500e-04
 337.0000000000    1.7782913019e-04
 337.5000000000    1.7710588108e-04
 338.0000000000    1.7642706997e-04
 338.5000000000    1.7579842468e-04
 339.0000000000    1.7522437800e-04
 339.5000000000    1.7470810219e-04
 340.0000000000    1.7425159079e-04
 340.5000000000    1.7385577181e-04
 341.0000000000    1.7352063354e-04
 341.5000000000    1.7324535463e-04
 342.0000000000    1.7302842517e-04
 342.5000000000    1.7286775385e-04
 343.0000000000    1.7276075753e-04
 343.5000000000    1.7270443294e-04
 344.0000000000    1.7269541062e-04
 344.5000000000    1.7272999723e-04
 345.0000000000    1.7280420852e-04
 345.5000000000    1.7291379821e-04
 346.0000000000    1.7305429038e-04
 346.5000000000    1.7322101660e-04
 347.0000000000    1.7340915906e-04
 347.5000000000    1.7361380506e-04
 348.0000000000    1.7383001571e-04
 348.5000000000    1.7405290667e-04
 349.0000000000    1.7427773362e-04
 349.5000000000    1.7449998392e-04
 350.0000000000    1.7471546628e-04
 350.5000000000    1.7492039107e-04
 351.0000000000    1.7511144071e-04
 351.5000000000    1.7528582572e-04
 352.0000000000    1.7544132537e-04
 352.5000000000    1.7557631151e-04
 353.0000000000    1.7568976144e-04
 353.5000000000    1.7578126260e-04
 354.0000000000    1.7585099335e-04
 354.5000000000    1.7589967715e-04
 355.0000000000    1.7592851435e-04
 355.5000000000    1.7593909838e-04
 356.0000000000    1.7593333146e-04
 356.5000000000    1.7591335401e-04
 357.0000000000    1.7588148969e-04
 357.5000000000    1.7584018844e-04
 358.0000000000    1.7579195615e-04
 358.5000000000    1.7573926587e-04
 359.0000000000    1.7568446196e-04
 359.5000000000    1.7562968116e-04
 360.0000000000    1.7557681954e-04
 360.5000000000    1.7552753832e-04
 361.0000000000    1.7548328831e-04
 361.5000000000    1.7544532124e-04
 362.0000000000    1.7541467312e-04
 362.5000000000    1.7539213040e-04
 363.0000000000    1.7537820941e-04
 363.5000000000    1.7537317027e-04
 364.0000000000    1.7537706375e-04
 364.5000000000    1.7538977988e-04
 365.0000000000    1.7541107724e-04
 365.5000000000    1.7544058150e-04
 366.0000000000    1.7547777196e-04
 366.5000000000    1.7552197955e-04
 367.0000000000    1.7557241140e-04
 367.5000000000    1.7562819194e-04
 368.0000000000    1.7568840291e-04
 368.5000000000    1.7575210764e-04
 369.0000000000    1.7581835676e-04
 369.5000000000    1.7588619401e-04
 370.0000000000    1.7595466610e-04
 370.5000000000    1.7602284500e-04
 371.0000000000    1.7608984782e-04
 371.5000000000    1.7615485452e-04
 372.0000000000    1.7621711723e-04
 372.5000000000    1.7627596848e-04
 373.0000000000    1.7633083429e-04
 373.5000000000    1.7638125282e-04
 374.0000000000    1.7642689503e-04
 374.5000000000    1.7646758573e-04
 375.0000000000    1.7650332067e-04
 375.5000000000    1.7653427563e-04
 376.0000000000    1.7656079923e-04
 376.5000000000    1.7658338813e-04
 377.0000000000    1.7660264067e-04
 377.5000000000    1.7661919237e-04
 378.0000000000    1.7663364136e-04
 378.5000000000    1.7664647328e-04
 379.0000000000    1.7665799755e-04
 379.5000000000    1.7666830363e-04
 380.0000000000    1.7667725192e-04
 380.5000000000    1.7668450423e-04
 381.0000000000    1.7668960081e-04
 381.5000000000    1.7669208003e-04
 382.0000000000    1.7669162500e-04
 382.5000000000    1.7668819841e-04
 383.0000000000    1.7668215313e-04
 383.5000000000    1.7667429809e-04
 384.0000000000    1.7666589365e-04
 384.5000000000    1.7665856547e-04
 385.0000000000    1.7665415152e-04
 385.5000000000    1.7665449865e-04
 386.0000000000    1.7666122766e-04
 386.5000000000    1.7667550561e-04
 387.0000000000    1.7669787749e-04
 387.5000000000    1.7672817893e-04
 388.0000000000    1.7676554539e-04
 388.5000000000    1.7680852545e-04
 389.0000000000    1.7685527759e-04
 389.5000000000    1.7690381478e-04
 390.0000000000    1.7695226201e-04
 390.5000000000    1.7699908491e-04
 391.0000000000    1.7704324984e-04
 391.5000000000    1.7708429061e-04
 392.0000000000    1.7712227323e-04
 392.5000000000    1.7715767489e-04
 393.0000000000    1.7719120398e-04
 393.5000000000    1.7722360258e-04
 394.0000000000    1.7725546682e-04
 394.5000000000    1.7728712347e-04
 395.0000000000    1.7731857699e-04
 395.5000000000    1.7734953318e-04
 396.0000000000    1.7737948634e-04
 396.5000000000    1.7740784687e-04
 397.0000000000    1.7743407657e-04
 397.5000000000    1.7745780294e-04
 398.0000000000    1.7747888959e-04
 398.5000000000    1.7749745717e-04
 399.0000000000    1.7751384815e-04
 399.5000000000    1.7752855547e-04
 400.0000000000    1.7754213346e-04
 400.5000000000    1.7755511009e-04
 401.0000000000    1.7756791877e-04
 401.5000000000    1.7758086143e-04
 402.0000000000    1.7759410711e-04
 402.5000000000    1.7760771804e-04
 403.0000000000    1.7762169082e-04
 403.5000000000    1.7763600161e-04
 404.0000000000    1.7765064356e-04
 404.5000000000    1.7766564924e-04
 405.0000000000    1.7768109504e-04
 405.5000000000    1.7769709081e-04
 406.0000000000    1.7771375923e-04
 406.5000000000    1.7773121008e-04
 407.0000000000    1.7774951699e-04
 407.5000000000    1.7776870077e-04
 408.0000000000    1.7778872202e-04
 408.5000000000    1.7780948180e-04
 409.0000000000    1.7783082785e-04
 409.5000000000    1.7785256374e-04
 410.0000000000    1.7787446044e-04
 410.5000000000    1.7789627155e-04
 411.0000000000    1.7791775205e-04
 411.5000000000    1.7793867952e-04
 412.0000000000    1.7795887705e-04
 412.5000000000    1.7797823281e-04
 413.0000000000    1.7799671381e-04
 413.5000000000    1.7801436893e-04
 414.0000000000    1.7803132381e-04
 414.5000000000    1.7804776390e-04
 415.0000000000    1.7806390718e-04
 415.5000000000    1.7807997514e-04
 416.0000000000    1.7809616291e-04
 416.5000000000    1.7811261369e-04
 417.0000000000    1.7812940560e-04
 417.5000000000    1.7814655212e-04
 418.0000000000    1.7816401263e-04
 418.5000000000    1.7818171273e-04
 419.0000000000    1.7819956714e-04
 419.5000000000    1.7821749957e-04
 420.0000000000    1.7823545690e-04
 420.5000000000    1.7825341589e-04
 421.0000000000    1.7827138038e-04
 421.5000000000    1.7828937104e-04
 422.0000000000    1.7830741144e-04
 422.5000000000    1.7832551381e-04
 423.0000000000    1.7834366710e-04
 423.5000000000    1.7836183247e-04
 424.0000000000    1.7837994722e-04
 424.5000000000    1.7839793399e-04
 425.0000000000    1.7841571447e-04
 425.5000000000    1.7843322527e-04
 426.0000000000    1.7845043088e-04
 426.5000000000    1.7846733086e-04
 427.0000000000    1.7848396193e-04
 427.5000000000    1.7850039378e-04
 428.0000000000    1.7851671851e-04
 428.5000000000    1.7853303543e-04
 429.0000000000    1.7854943467e-04
 429.5000000000    1.7856598183e-04
 430.0000000000    1.7858270660e-04
 430.5000000000    1.7859959844e-04
 431.0000000000    1.7861660926e-04
 431.5000000000    1.7863366246e-04
 432.0000000000    1.7865066665e-04
 432.5000000000    1.7866753134e-04
 433.0000000000    1.7868418243e-04
 433.5000000000    1.7870057420e-04
 434.0000000000    1.7871669447e-04
 434.5000000000    1.7873256390e-04
 435.0000000000    1.7874822892e-04
 435.5000000000    1.7876375117e-04
 436.0000000000    1.7877919329e-04
 436.5000000000    1.7879460822e-04
 437.0000000000    1.7881002962e-04
 437.5000000000    1.7882546580e-04
 438.0000000000    1.7884089784e-04
 438.5000000000    1.7885628364e-04
 439.0000000000    1.7887156597e-04
 439.5000000000    1.7888668370e-04
 440.0000000000    1.7890158359e-04
 440.5000000000    1.7891623137e-04
 441.0000000000    1.7893061927e-04
 441.5000000000    1.7894476914e-04
 442.0000000000    1.7895873185e-04
 442.5000000000    1.7897258233e-04
 443.0000000000    1.7898641076e-04
 443.5000000000    1.7900031074e-04
 444.0000000000    1.7901436705e-04
 444.5000000000    1.7902864545e-04
 445.0000000000    1.7904318513e-04
 445.5000000000    1.7905799559e-04
 446.0000000000    1.7907305695e-04
 446.5000000000    1.7908832296e-04
 447.0000000000    1.7910372829e-04
 447.5000000000    1.7911919764e-04
 448.0000000000    1.7913465338e-04
 448.5000000000    1.7915002282e-04
 449.0000000000    1.7916524984e-04
 449.5000000000    1.7918030068e-04
 450.0000000000    1.7919516155e-04
 450.5000000000    1.7920983829e-04
 451.0000000000    1.7922435623e-04
 451.5000000000    1.7923875314e-04
 452.0000000000    1.7925306885e-04
 452.5000000000    1.7926733610e-04
 453.0000000000    1.7928157553e-04
 453.5000000000    1.7929579285e-04
 454.0000000000    1.7930998204e-04
 454.5000000000    1.7932412821e-04
 455.0000000000    1.7933821194e-04
 455.5000000000    1.7935221254e-04
 456.0000000000    1.7936611085e-04
 456.5000000000    1.7937989271e-04
 457.0000000000    1.7939355194e-04
 457.5000000000    1.7940709184e-04
 458.0000000000    1.7942052639e-04
 458.5000000000    1.7943387828e-04
 459.0000000000    1.7944717407e-04
 459.5000000000    1.7946043896e-04
 460.0000000000    1.7947369264e-04
 460.5000000000    1.7948694647e-04
 461.0000000000    1.7950020341e-04
 461.5000000000    1.7951346000e-04
 462.0000000000    1.7952670958e-04
 462.5000000000    1.7953994473e-04
 463.0000000000    1.7955315868e-04
 463.5000000000    1.7956634585e-04
 464.0000000000    1.7957950241e-04
 464.5000000000    1.7959262688e-04
 465.0000000000    1.7960572008e-04
 465.5000000000    1.7961878459e-04
 466.0000000000    1.7963182409e-04
 466.5000000000    1.7964484188e-04
 467.0000000000    1.7965783909e-04
 467.5000000000    1.7967081341e-04
 468.0000000000    1.7968376072e-04
 468.5000000000    1.7969667708e-04
 469.0000000000    1.7970955836e-04
 469.5000000000    1.7972239912e-04
 470.0000000000    1.7973519490e-04
 470.5000000000    1.7974794182e-04
 471.0000000000    1.7976063151e-04
 471.5000000000    1.7977325501e-04
 472.0000000000    1.7978580848e-04
 472.5000000000    1.7979829147e-04
 473.0000000000    1.7981070667e-04
 473.5000000000    1.7982306063e-04
 474.0000000000    1.7983536284e-04
 474.5000000000    1.7984762391e-04
 475.0000000000    1.7985985333e-04
 475.5000000000    1.7987205797e-04
 476.0000000000    1.7988424013e-04
 476.5000000000    1.7989639658e-04
 477.0000000000    1.7990852021e-04
 477.5000000000    1.7992060353e-04
 478.0000000000    1.7993264345e-04
 478.5000000000    1.7994464362e-04
 479.0000000000    1.7995661408e-04
 479.5000000000    1.7996856889e-04
 480.0000000000    1.7998052144e-04
 480.5000000000    1.7999247943e-04
 481.0000000000    1.8000444205e-04
 481.5000000000    1.8001639998e-04
 482.0000000000    1.8002833889e-04
 482.5000000000    1.8004024535e-04
 483.0000000000    1.8005211217e-04
 483.5000000000    1.8006394050e-04
 484.0000000000    1.8007573832e-04
 484.5000000000    1.8008751548e-04
 485.0000000000    1.8009927754e-04
 485.5000000000    1.8011102181e-04
 486.0000000000    1.8012273746e-04
 486.5000000000    1.8013441027e-04
 487.0000000000    1.8014602947e-04
 487.5000000000    1.8015759274e-04
 488.0000000000    1.8016910698e-04
 488.5000000000    1.8018058481e-04
 489.0000000000    1.8019203786e-04
 489.5000000000    1.8020346986e-04
 490.0000000000    1.8021487542e-04
 490.5000000000    1.8022624038e-04
 491.0000000000    1.8023754928e-04
 491.5000000000    1.8024879042e-04
 492.0000000000    1.8025996297e-04
 492.5000000000    1.8027107574e-04
 493.0000000000    1.8028214375e-04
 493.5000000000    1.8029318151e-04
 494.0000000000    1.8030419844e-04
 494.5000000000    1.8031519658e-04
 495.0000000000    1.8032617323e-04
 495.5000000000    1.8033712451e-04
 496.0000000000    1.8034804850e-04
 496.5000000000    1.8035894475e-04
 497.0000000000    1.8036981117e-04
 497.5000000000    1.8038064064e-04
 498.0000000000    1.8039141816e-04
 498.5000000000    1.8040212097e-04
 499.0000000000    1.8041272159e-04
 499.5000000000    1.8042319297e-04
 500.0000000000    1.8043351382e-04
 500.5000000000    1.8044367221e-04
 501.0000000000    1.8045366890e-04
 501.5000000000    1.8046352154e-04
 502.0000000000    1.8047327089e-04
 502.5000000000    1.8048298803e-04
 503.0000000000    1.8049278001e-04
 503.5000000000    1.8050279022e-04
 504.0000000000    1.8051318993e-04
 504.5000000000    1.8052415835e-04
 505.0000000000    1.8053585293e-04
 505.5000000000    1.8054837534e-04
 506.0000000000    1.8056173645e-04
 506.5000000000    1.8057582378e-04
 507.0000000000    1.8059038270e-04
 507.5000000000    1.8060501722e-04
 508.0000000000    1.8061920403e-04
 508.5000000000    1.8063232305e-04
 509.0000000000    1.8064370987e-04
 509.5000000000    1.8065273420e-04
 510.0000000000    1.8065888638e-04
 510.5000000000    1.8066186134e-04
 511.0000000000    1.8066163648e-04
 511.5000000000    1.8065852207e-04
 512.0000000000    1.8065316814e-04
 512.5000000000    1.8064652117e-04
 513.0000000000    1.8063972957e-04
 513.5000000000    1.8063400823e-04
 514.0000000000    1.8063048350e-04
 514.5000000000    1.8063004957e-04
 515.0000000000    1.8063326424e-04
 515.5000000000    1.8064030188e-04
 516.0000000000    1.8065096538e-04
 516.5000000000    1.8066475437e-04
 517.0000000000    1.8068097106e-04
 517.5000000000    1.8069884219e-04
 518.0000000000    1.8071763752e-04
 518.5000000000    1.8073676171e-04
 519.0000000000    1.8075580828e-04
 519.5000000000    1.8077456748e-04
 520.0000000000    1.8079298946e-04
 520.5000000000    1.8081111769e-04
 521.0000000000    1.8082901108e-04
 521.5000000000    1.8084667870e-04
 522.0000000000    1.8086404584e-04
 522.5000000000    1.8088095824e-04
 523.0000000000    1.8089721880e-04
 523.5000000000    1.8091264078e-04
 524.0000000000    1.8092709833e-04
 524.5000000000    1.8094055966e-04
 525.0000000000    1.8095309333e-04
 525.5000000000    1.8096484657e-04
 526.0000000000    1.8097601083e-04
 526.5000000000    1.8098678130e-04
 527.0000000000    1.8099731971e-04
 527.5000000000    1.8100772675e-04
 528.0000000000    1.8101803662e-04
 528.5000000000    1.8102822826e-04
 529.0000000000    1.8103824089e-04
 529.5000000000    1.8104800701e-04
 530.0000000000    1.8105747777e-04
 530.5000000000    1.8106663762e-04
 531.0000000000    1.8107550987e-04
 531.5000000000    1.8108414635e-04
 532.0000000000    1.8109261881e-04
 532.5000000000    1.8110100359e-04
 533.0000000000    1.8110937094e-04
 533.5000000000    1.8111778294e-04
 534.0000000000    1.8112629051e-04
 534.5000000000    1.8113492945e-04
 535.0000000000    1.8114371752e-04
 535.5000000000    1.8115265387e-04
 536.0000000000    1.8116172221e-04
 536.5000000000    1.8117089614e-04
 537.0000000000    1.8118014695e-04
 537.5000000000    1.8118945237e-04
 538.0000000000    1.8119880527e-04
 538.5000000000    1.8120822291e-04
 539.0000000000    1.8121775422e-04
 539.5000000000    1.8122748387e-04
 540.0000000000    1.8123753117e-04
 540.5000000000    1.8124803868e-04
 541.0000000000    1.8125914568e-04
 541.5000000000    1.8127095376e-04
 542.0000000000    1.8128349388e-04
 542.5000000000    1.8129668948e-04
 543.0000000000    1.8131032380e-04
 543.5000000000    1.8132402915e-04
 544.0000000000    1.8133729985e-04
 544.5000000000    1.8134952532e-04
 545.0000000000    1.8136004299e-04
 545.5000000000    1.8136822635e-04
 546.0000000000    1.8137359257e-04
 546.5000000000    1.8137590555e-04
 547.0000000000    1.8137527107e-04
 547.5000000000    1.8137220723e-04
 548.0000000000    1.8136766754e-04
 548.5000000000    1.8136300731e-04
 549.0000000000    1.8135989213e-04
 549.5000000000    1.8136014975e-04
 550.0000000000    1.8136557502e-04
 550.5000000000    1.8137770236e-04
 551.0000000000    1.8139758245e-04
 551.5000000000    1.8142559227e-04
 552.0000000000    1.8146131693e-04
 552.5000000000    1.8150352806e-04
 553.0000000000    1.8155027979e-04
 553.5000000000    1.8159910728e-04
 554.0000000000    1.8164730761e-04
 554.5000000000    1.8169224979e-04
 555.0000000000    1.8173167781e-04
 555.5000000000    1.8176395791e-04
 556.0000000000    1.8178822822e-04
 556.5000000000    1.8180443621e-04
 557.0000000000    1.8181325370e-04
 557.5000000000    1.8181588788e-04
 558.0000000000    1.8181382443e-04
 558.5000000000    1.8180854928e-04
 559.0000000000    1.8180131655e-04
 559.5000000000    1.8179300513e-04
 560.0000000000    1.8178409068e-04
 560.5000000000    1.8177472961e-04
 561.0000000000    1.8176491397e-04
 561.5000000000    1.8175464685e-04
 562.0000000000    1.8174408481e-04
 562.5000000000    1.8173360554e-04
 563.0000000000    1.8172378702e-04
 563.5000000000    1.8171531036e-04
 564.0000000000    1.8170881973e-04
 564.5000000000    1.8170477858e-04
 565.0000000000    1.8170336415e-04
 565.5000000000    1.8170442985e-04
 566.0000000000    1.8170754242e-04
 566.5000000000    1.8171208839e-04
 567.0000000000    1.8171742685e-04
 567.5000000000    1.8172303938e-04
 568.0000000000    1.8172863481e-04
 568.5000000000    1.8173419293e-04
 569.0000000000    1.8173993667e-04
 569.5000000000    1.8174624738e-04
 570.0000000000    1.8175355256e-04
 570.5000000000    1.8176220850e-04
 571.0000000000    1.8177241696e-04
 571.5000000000    1.8178418762e-04
 572.0000000000    1.8179733444e-04
 572.5000000000    1.8181150707e-04
 573.0000000000    1.8182624813e-04
 573.5000000000    1.8184105847e-04
 574.0000000000    1.8185546047e-04
 574.5000000000    1.8186905230e-04
 575.0000000000    1.8188154625e-04
 575.5000000000    1.8189278619e-04
 576.0000000000    1.8190274933e-04
 576.5000000000    1.8191153004e-04
 577.0000000000    1.8191931977e-04
 577.5000000000    1.8192637144e-04
 578.0000000000    1.8193296195e-04
 578.5000000000    1.8193935462e-04
 579.0000000000    1.8194576288e-04
 579.5000000000    1.8195232383e-04
 580.0000000000    1.8195908938e-04
 580.5000000000    1.8196603183e-04
 581.0000000000    1.8197306860e-04
 581.5000000000    1.8198009254e-04
 582.0000000000    1.8198700483e-04
 582.5000000000    1.8199374229e-04
 583.0000000000    1.8200029077e-04
 583.5000000000    1.8200668392e-04
 584.0000000000    1.8201299357e-04
 584.5000000000    1.8201930845e-04
 585.0000000000    1.8202571570e-04
 585.5000000000    1.8203228189e-04
 586.0000000000    1.8203904534e-04
 586.5000000000    1.8204601046e-04
 587.0000000000    1.8205315800e-04
 587.5000000000    1.8206044962e-04
 588.0000000000    1.8206783999e-04
 588.5000000000    1.8207528645e-04
 589.0000000000    1.8208275586e-04
 589.5000000000    1.8209022731e-04
 590.0000000000    1.8209768833e-04
 590.5000000000    1.8210513826e-04
 591.0000000000    1.8211258080e-04
 591.5000000000    1.8212001980e-04
 592.0000000000    1.8212746289e-04
 592.5000000000    1.8213492126e-04
 593.0000000000    1.8214240307e-04
 593.5000000000    1.8214991108e-04
 594.0000000000    1.8215744612e-04
 594.5000000000    1.8216500944e-04
 595.0000000000    1.8217259861e-04
 595.5000000000    1.8218020225e-04
 596.0000000000    1.8218780673e-04
 596.5000000000    1.8219539937e-04
 597.0000000000    1.8220296520e-04
 597.5000000000    1.8221049010e-04
 598.0000000000    1.8221796292e-04
 598.5000000000    1.8222537320e-04
 599.0000000000    1.8223270829e-04
 599.5000000000    1.8223995439e-04
 600.0000000000    1.8224709290e-04
 600.5000000000    1.8225410024e-04
 601.0000000000    1.8226094665e-04
 601.5000000000    1.8226759564e-04
 602.0000000000    1.8227400747e-04
 602.5000000000    1.8228014148e-04
 603.0000000000    1.8228596574e-04
 603.5000000000    1.8229145773e-04
 604.0000000000    1.8229660872e-04
 604.5000000000    1.8230142654e-04
 605.0000000000    1.8230593834e-04
 605.5000000000    1.8231018793e-04
 606.0000000000    1.8231423713e-04
 606.5000000000    1.8231816617e-04
 607.0000000000    1.8232206544e-04
 607.5000000000    1.8232603750e-04
 608.0000000000    1.8233019191e-04
 608.5000000000    1.8233463818e-04
 609.0000000000    1.8233948215e-04
 609.5000000000    1.8234482024e-04
 610.0000000000    1.8235073216e-04
 610.5000000000    1.8235727765e-04
 611.0000000000    1.8236449465e-04
 611.5000000000    1.8237239465e-04
 612.0000000000    1.8238096531e-04
 612.5000000000    1.8239017514e-04
 613.0000000000    1.8239997547e-04
 613.5000000000    1.8241030642e-04
 614.0000000000    1.8242110484e-04
 614.5000000000    1.8243230618e-04
 615.0000000000    1.8244384979e-04
 615.5000000000    1.8245568031e-04
 616.0000000000    1.8246774418e-04
 616.5000000000    1.8247998878e-04
 617.0000000000    1.8249235576e-04
 617.5000000000    1.8250477826e-04
 618.0000000000    1.8251717634e-04
 618.5000000000    1.8252945225e-04
 619.0000000000    1.8254148874e-04
 619.5000000000    1.8255315082e-04
 620.0000000000    1.8256429002e-04
 620.5000000000    1.8257475023e-04
 621.0000000000    1.8258437684e-04
 621.5000000000    1.8259303048e-04
 622.0000000000    1.8260059526e-04
 622.5000000000    1.8260699334e-04
 623.0000000000    1.8261219213e-04
 623.5000000000    1.8261621042e-04
 624.0000000000    1.8261912161e-04
 624.5000000000    1.8262105255e-04
 625.0000000000    1.8262218007e-04
 625.5000000000    1.8262271935e-04
 626.0000000000    1.8262291406e-04
 626.5000000000    1.8262301895e-04
 627.0000000000    1.8262327945e-04
 627.5000000000    1.8262391711e-04
 628.0000000000    1.8262511686e-04
 628.5000000000    1.8262701467e-04
 629.0000000000    1.8262969051e-04
 629.5000000000    1.8263317344e-04
 630.0000000000    1.8263744524e-04
 630.5000000000    1.8264244781e-04
 631.0000000000    1.8264810007e-04
 631.5000000000    1.8265431481e-04
 632.0000000000    1.8266100917e-04
 632.5000000000    1.8266812029e-04
 633.0000000000    1.8267561147e-04
 633.5000000000    1.8268347212e-04
 634.0000000000    1.8269171374e-04
 634.5000000000    1.8270035716e-04
 635.0000000000    1.8270942258e-04
 635.5000000000    1.8271892041e-04
 636.0000000000    1.8272883665e-04
 636.5000000000    1.8273912527e-04
 637.0000000000    1.8274970739e-04
 637.5000000000    1.8276047217e-04
 638.0000000000    1.8277128087e-04
 638.5000000000    1.8278197697e-04
 639.0000000000    1.8279239711e-04
 639.5000000000    1.8280238341e-04
 640.0000000000    1.8281179807e-04
 640.5000000000    1.8282053389e-04
 641.0000000000    1.8282852402e-04
 641.5000000000    1.8283575054e-04
 642.0000000000    1.8284224524e-04
 642.5000000000    1.8284808988e-04
 643.0000000000    1.8285341201e-04
 643.5000000000    1.8285837100e-04
 644.0000000000    1.8286314453e-04
 644.5000000000    1.8286791432e-04
 645.0000000000    1.8287284821e-04
 645.5000000000    1.8287808786e-04
 646.0000000000    1.8288374053e-04
 646.5000000000    1.8288987525e-04
 647.0000000000    1.8289652454e-04
 647.5000000000    1.8290369288e-04
 648.0000000000    1.8291136396e-04
 648.5000000000    1.8291951208e-04
 649.0000000000    1.8292811134e-04
 649.5000000000    1.8293713569e-04
 650.0000000000    1.8294656109e-04
 650.5000000000    1.8295635808e-04
 651.0000000000    1.8296648487e-04
 651.5000000000    1.8297687706e-04
 652.0000000000    1.8298744157e-04
 652.5000000000    1.8299804956e-04
 653.0000000000    1.8300854026e-04
 653.5000000000    1.8301872260e-04
 654.0000000000    1.8302838562e-04
 654.5000000000    1.8303731025e-04
 655.0000000000    1.8304528223e-04
 655.5000000000    1.8305210605e-04
 656.0000000000    1.8305761562e-04
 656.5000000000    1.8306168391e-04
 657.0000000000    1.8306422894e-04
 657.5000000000    1.8306521811e-04
 658.0000000000    1.8306466907e-04
 658.5000000000    1.8306265078e-04
 659.0000000000    1.8305928041e-04
 659.5000000000    1.8305472190e-04
 660.0000000000    1.8304918639e-04
 660.5000000000    1.8304292722e-04
 661.0000000000    1.8303623731e-04
 661.5000000000    1.8302944231e-04
 662.0000000000    1.8302289262e-04
 662.5000000000    1.8301694779e-04
 663.0000000000    1.8301196335e-04
 663.5000000000    1.8300827253e-04
 664.0000000000    1.8300616812e-04
 664.5000000000    1.8300588796e-04
 665.0000000000    1.8300760021e-04
 665.5000000000    1.8301139695e-04
 666.0000000000    1.8301729082e-04
 666.5000000000    1.8302521963e-04
 667.0000000000    1.8303505581e-04
 667.5000000000    1.8304662079e-04
 668.0000000000    1.8305969918e-04
 668.5000000000    1.8307405500e-04
 669.0000000000    1.8308944584e-04
 669.5000000000    1.8310563332e-04
 670.0000000000    1.8312238832e-04
 670.5000000000    1.8313949203e-04
 671.0000000000    1.8315673089e-04
 671.5000000000    1.8317388904e-04
 672.0000000000    1.8319074025e-04
 672.5000000000    1.8320704051e-04
 673.0000000000    1.8322252393e-04
 673.5000000000    1.8323690415e-04
 674.0000000000    1.8324988298e-04
 674.5000000000    1.8326116599e-04
 675.0000000000    1.8327048070e-04
 675.5000000000    1.8327760247e-04
 676.0000000000    1.8328237890e-04
 676.5000000000    1.8328474965e-04
 677.0000000000    1.8328476365e-04
 677.5000000000    1.8328258762e-04
 678.0000000000    1.8327850182e-04
 678.5000000000    1.8327288785e-04
 679.0000000000    1.8326620641e-04
 679.5000000000    1.8325896444e-04
 680.0000000000    1.8325168064e-04
 680.5000000000    1.8324484731e-04
 681.0000000000    1.8323889186e-04
 681.5000000000    1.8323414909e-04
 682.0000000000    1.8323083915e-04
 682.5000000000    1.8322905462e-04
 683.0000000000    1.8322876374e-04
 683.5000000000    1.8322982054e-04
 684.0000000000    1.8323198409e-04
 684.5000000000    1.8323494587e-04
 685.0000000000    1.8323835926e-04
 685.5000000000    1.8324186883e-04
 686.0000000000    1.8324513693e-04
 686.5000000000    1.8324786377e-04
 687.0000000000    1.8324980166e-04
 687.5000000000    1.8325076153e-04
 688.0000000000    1.8325061245e-04
 688.5000000000    1.8324927558e-04
 689.0000000000    1.8324671496e-04
 689.5000000000    1.8324292700e-04
 690.0000000000    1.8323792718e-04
 690.5000000000    1.8323173994e-04
 691.0000000000    1.8322439052e-04
 691.5000000000    1.8321589915e-04
 692.0000000000    1.8320628165e-04
 692.5000000000    1.8319555465e-04
 693.0000000000    1.8318374544e-04
 693.5000000000    1.8317090637e-04
 694.0000000000    1.8315712913e-04
 694.5000000000    1.8314256076e-04
 695.0000000000    1.8312741793e-04
 695.5000000000    1.8311199828e-04
 696.0000000000    1.8309668665e-04
 696.5000000000    1.8308195435e-04
 697.0000000000    1.8306835081e-04
 697.5000000000    1.8305648448e-04
 698.0000000000    1.8304699636e-04
 698.5000000000    1.8304052717e-04
 699.0000000000    1.8303768009e-04
 699.5000000000    1.8303898325e-04
 700.0000000000    1.8304485432e-04
