#          time         max mod phi
   0.0000000000    8.1390352496e-02
   0.5000000000    8.1396138563e-02
   1.0000000000    8.1393700116e-02
   1.5000000000    8.1396003482e-02
   2.0000000000    8.1395191510e-02
   2.5000000000    8.1395320991e-02
   3.0000000000    8.1396020326e-02
   3.5000000000    8.1393890676e-02
   4.0000000000    8.1396345866e-02
   4.5000000000    8.1392854583e-02
   5.0000000000    8.1396502615e-02
   5.5000000000    8.1394532617e-02
   6.0000000000    8.1396016109e-02
   6.5000000000    8.1395453708e-02
   7.0000000000    8.1395080073e-02
   7.5000000000    8.1396253179e-02
   8.0000000000    8.1394218901e-02
   8.5000000000    8.1396907400e-02
   9.0000000000    8.1393066523e-02
   9.5000000000    8.1396823773e-02
  10.0000000000    8.1394254910e-02
  10.5000000000    8.1396484984e-02
  11.0000000000    8.1395509557e-02
  11.5000000000    8.1396310519e-02
  12.0000000000    8.1396591150e-02
  12.5000000000    8.1395648774e-02
  13.0000000000    8.1396944795e-02
  13.5000000000    8.1394504201e-02
  14.0000000000    8.1397185432e-02
  14.5000000000    8.1393607304e-02
  15.0000000000    8.1397629150e-02
  15.5000000000    8.1394684342e-02
  16.0000000000    8.1397566419e-02
  16.5000000000    8.1395472046e-02
  17.0000000000    8.1397083515e-02
  17.5000000000    8.1396239468e-02
  18.0000000000    8.1396889162e-02
  18.5000000000    8.1397209793e-02
  19.0000000000    8.1396653103e-02
  19.5000000000    8.1397674009e-02
  20.0000000000    8.1395821191e-02
  20.5000000000    8.1397767847e-02
  21.0000000000    8.1395029655e-02
  21.5000000000    8.1398174351e-02
  22.0000000000    8.1394557549e-02
  22.5000000000    8.1398514245e-02
  23.0000000000    8.1395017896e-02
  23.5000000000    8.1398287553e-02
  24.0000000000    8.1395597016e-02
  24.5000000000    8.1398124817e-02
  25.0000000000    8.1396499674e-02
  25.5000000000    8.1398296494e-02
  26.0000000000    8.1397347482e-02
  26.5000000000    8.1398008551e-02
  27.0000000000    8.1397650638e-02
  27.5000000000    8.1397451867e-02
  28.0000000000    8.1398011340e-02
  28.5000000000    8.1397220121e-02
  29.0000000000    8.1398659269e-02
  29.5000000000    8.1397003007e-02
  30.0000000000    8.1398961451e-02
  30.5000000000    8.1396313838e-02
  31.0000000000    8.1398941328e-02
  31.5000000000    8.1395658524e-02
  32.0000000000    8.1399223287e-02
  32.5000000000    8.1395308814e-02
  33.0000000000    8.1399543753e-02
  33.5000000000    8.1395993719e-02
  34.0000000000    8.1399411724e-02
  34.5000000000    8.1396492577e-02
  35.0000000000    8.1399233213e-02
  35.5000000000    8.1397245332e-02
  36.0000000000    8.1399411647e-02
  36.5000000000    8.1398052912e-02
  37.0000000000    8.1399305420e-02
  37.5000000000    8.1398429261e-02
  38.0000000000    8.1398858425e-02
  38.5000000000    8.1398783641e-02
  39.0000000000    8.1398661975e-02
  39.5000000000    8.1399446361e-02
  40.0000000000    8.1398545564e-02
  40.5000000000    8.1399870091e-02
  41.0000000000    8.1397994734e-02
  41.5000000000    8.1399948547e-02
  42.0000000000    8.1397368268e-02
  42.5000000000    8.1400249866e-02
  43.0000000000    8.1397025570e-02
  43.5000000000    8.1400656897e-02
  44.0000000000    8.1396497238e-02
  44.5000000000    8.1400646670e-02
  45.0000000000    8.1397154337e-02
  45.5000000000    8.1400531614e-02
  46.0000000000    8.1398001763e-02
  46.5000000000    8.1400684124e-02
  47.0000000000    8.1399008187e-02
  47.5000000000    8.1400674255e-02
  48.0000000000    8.1399592512e-02
  48.5000000000    8.1400207671e-02
  49.0000000000    8.1400030503e-02
  49.5000000000    8.1399903854e-02
  50.0000000000    8.1400771194e-02
  50.5000000000    8.1399696663e-02
  51.0000000000    8.1401331116e-02
  51.5000000000    8.1399065448e-02
  52.0000000000    8.1401485627e-02
  52.5000000000    8.1398204740e-02
  53.0000000000    8.1401720069e-02
  53.5000000000    8.1397797050e-02
  54.0000000000    8.1402083846e-02
  54.5000000000    8.1399058050e-02
  55.0000000000    8.1402048686e-02
  55.5000000000    8.1399887159e-02
  56.0000000000    8.1401724281e-02
  56.5000000000    8.1400727959e-02
  57.0000000000    8.1401587698e-02
  57.5000000000    8.1401720565e-02
  58.0000000000    8.1401373752e-02
  58.5000000000    8.1402304944e-02
  59.0000000000    8.1400719389e-02
  59.5000000000    8.1402578359e-02
  60.0000000000    8.1400056315e-02
  60.5000000000    8.1403062854e-02
  61.0000000000    8.1399522700e-02
  61.5000000000    8.1403484387e-02
  62.0000000000    8.1399881271e-02
  62.5000000000    8.1403434564e-02
  63.0000000000    8.1400863486e-02
  63.5000000000    8.1403290483e-02
  64.0000000000    8.1402010941e-02
  64.5000000000    8.1403280549e-02
  65.0000000000    8.1403118320e-02
  65.5000000000    8.1402908523e-02
  66.0000000000    8.1403739530e-02
  66.5000000000    8.1402090986e-02
  67.0000000000    8.1404205553e-02
  67.5000000000    8.1401311177e-02
  68.0000000000    8.1404794187e-02
  68.5000000000    8.1400998115e-02
  69.0000000000    8.1405039345e-02
  69.5000000000    8.1402356724e-02
  70.0000000000    8.1404786764e-02
  70.5000000000    8.1403491354e-02
  71.0000000000    8.1404519997e-02
  71.5000000000    8.1404731541e-02
  72.0000000000    8.1404147592e-02
  72.5000000000    8.1405633299e-02
  73.0000000000    8.1403186337e-02
  73.5000000000    8.1405983028e-02
  74.0000000000    8.1401829699e-02
  74.5000000000    8.1406233715e-02
  75.0000000000    8.1403714771e-02
  75.5000000000    8.1406395599e-02
  76.0000000000    8.1405320128e-02
  76.5000000000    8.1405963824e-02
  77.0000000000    8.1406293243e-02
  77.5000000000    8.1404976125e-02
  78.0000000000    8.1407017727e-02
  78.5000000000    8.1403909221e-02
  79.0000000000    8.1407711400e-02
  79.5000000000    8.1404639679e-02
  80.0000000000    8.1407767517e-02
  80.5000000000    8.1406209051e-02
  81.0000000000    8.1407180140e-02
  81.5000000000    8.1407484649e-02
  82.0000000000    8.1406437651e-02
  82.5000000000    8.1408604660e-02
  83.0000000000    8.1405239410e-02
  83.5000000000    8.1409053319e-02
  84.0000000000    8.1406211700e-02
  84.5000000000    8.1408801395e-02
  85.0000000000    8.1407937707e-02
  85.5000000000    8.1408284379e-02
  86.0000000000    8.1409450529e-02
  86.5000000000    8.1407261329e-02
  87.0000000000    8.1410209131e-02
  87.5000000000    8.1406673651e-02
  88.0000000000    8.1410167884e-02
  88.5000000000    8.1408740266e-02
  89.0000000000    8.1409733437e-02
  89.5000000000    8.1410482875e-02
  90.0000000000    8.1408725043e-02
  90.5000000000    8.1411433827e-02
  91.0000000000    8.1407821490e-02
  91.5000000000    8.1411439713e-02
  92.0000000000    8.1410054215e-02
  92.5000000000    8.1410904045e-02
  93.0000000000    8.1411855406e-02
  93.5000000000    8.1409709954e-02
  94.0000000000    8.1412781598e-02
  94.5000000000    8.1409707762e-02
  95.0000000000    8.1412613867e-02
  95.5000000000    8.1411890461e-02
  96.0000000000    8.1411737381e-02
  96.5000000000    8.1413505090e-02
  97.0000000000    8.1410089736e-02
  97.5000000000    8.1414138401e-02
  98.0000000000    8.1412218059e-02
  98.5000000000    8.1413494729e-02
  99.0000000000    8.1414039940e-02
  99.5000000000    8.1411959939e-02
 100.0000000000    8.1415188904e-02
 100.5000000000    8.1412673747e-02
 101.0000000000    8.1415209623e-02
 101.5000000000    8.1415017118e-02
 102.0000000000    8.1413670388e-02
 102.5000000000    8.1416123720e-02
 103.0000000000    8.1413087529e-02
 103.5000000000    8.1416361765e-02
 104.0000000000    8.1416042774e-02
 104.5000000000    8.1415281268e-02
 105.0000000000    8.1417519531e-02
 105.5000000000    8.1414261174e-02
 106.0000000000    8.1417502873e-02
 106.5000000000    8.1417122338e-02
 107.0000000000    8.1416315594e-02
 107.5000000000    8.1418837150e-02
 108.0000000000    8.1415997608e-02
 108.5000000000    8.1418872875e-02
 109.0000000000    8.1418756658e-02
 109.5000000000    8.1417119113e-02
 110.0000000000    8.1419994517e-02
 110.5000000000    8.1417796620e-02
 111.0000000000    8.1419854551e-02
 111.5000000000    8.1420622182e-02
 112.0000000000    8.1417811398e-02
 112.5000000000    8.1421425387e-02
 113.0000000000    8.1420029942e-02
 113.5000000000    8.1420406799e-02
 114.0000000000    8.1422249798e-02
 114.5000000000    8.1419223736e-02
 115.0000000000    8.1422692552e-02
 115.5000000000    8.1422691169e-02
 116.0000000000    8.1420823049e-02
 116.5000000000    8.1423899972e-02
 117.0000000000    8.1422268596e-02
 117.5000000000    8.1423175737e-02
 118.0000000000    8.1424913622e-02
 118.5000000000    8.1421960695e-02
 119.0000000000    8.1425250369e-02
 119.5000000000    8.1425427373e-02
 120.0000000000    8.1422947254e-02
 120.5000000000    8.1426453591e-02
 121.0000000000    8.1425524843e-02
 121.5000000000    8.1425299017e-02
 122.0000000000    8.1427810474e-02
 122.5000000000    8.1425825073e-02
 123.0000000000    8.1427261830e-02
 123.5000000000    8.1428584460e-02
 124.0000000000    8.1425620503e-02
 124.5000000000    8.1428756146e-02
 125.0000000000    8.1429466495e-02
 125.5000000000    8.1426334130e-02
 126.0000000000    8.1430503717e-02
 126.5000000000    8.1430396718e-02
 127.0000000000    8.1428232931e-02
 127.5000000000    8.1431667167e-02
 128.0000000000    8.1431104109e-02
 128.5000000000    8.1430082051e-02
 129.0000000000    8.1433246722e-02
 129.5000000000    8.1432359195e-02
 130.0000000000    8.1431883728e-02
 130.5000000000    8.1434503066e-02
 131.0000000000    8.1433237954e-02
 131.5000000000    8.1433212875e-02
 132.0000000000    8.1435823907e-02
 132.5000000000    8.1434663312e-02
 133.0000000000    8.1434859184e-02
 133.5000000000    8.1437318549e-02
 134.0000000000    8.1435997271e-02
 134.5000000000    8.1435901719e-02
 135.0000000000    8.1438443705e-02
 135.5000000000    8.1437459339e-02
 136.0000000000    8.1437153993e-02
 136.5000000000    8.1440033247e-02
 137.0000000000    8.1439314009e-02
 137.5000000000    8.1438118906e-02
 138.0000000000    8.1441183833e-02
 138.5000000000    8.1440875923e-02
 139.0000000000    8.1438796824e-02
 139.5000000000    8.1442558423e-02
 140.0000000000    8.1442986478e-02
 140.5000000000    8.1440069634e-02
 141.0000000000    8.1443813741e-02
 141.5000000000    8.1444761555e-02
 142.0000000000    8.1442555273e-02
 142.5000000000    8.1444681555e-02
 143.0000000000    8.1446659602e-02
 143.5000000000    8.1445550908e-02
 144.0000000000    8.1445663531e-02
 144.5000000000    8.1448430107e-02
 145.0000000000    8.1448131181e-02
 145.5000000000    8.1445735380e-02
 146.0000000000    8.1449602703e-02
 146.5000000000    8.1450629279e-02
 147.0000000000    8.1448800558e-02
 147.5000000000    8.1450727554e-02
 148.0000000000    8.1452838004e-02
 148.5000000000    8.1452092197e-02
 149.0000000000    8.1450664715e-02
 149.5000000000    8.1454123071e-02
 150.0000000000    8.1454967529e-02
 150.5000000000    8.1453188164e-02
 151.0000000000    8.1455083715e-02
 151.5000000000    8.1457292674e-02
 152.0000000000    8.1456858689e-02
 152.5000000000    8.1454505087e-02
 153.0000000000    8.1458301145e-02
 153.5000000000    8.1459700932e-02
 154.0000000000    8.1458700548e-02
 154.5000000000    8.1458584654e-02
 155.0000000000    8.1461620605e-02
 155.5000000000    8.1462229962e-02
 156.0000000000    8.1460531796e-02
 156.5000000000    8.1461749216e-02
 157.0000000000    8.1464399425e-02
 157.5000000000    8.1464870738e-02
 158.0000000000    8.1463139469e-02
 158.5000000000    8.1465148322e-02
 159.0000000000    8.1467462912e-02
 159.5000000000    8.1467666130e-02
 160.0000000000    8.1465874862e-02
 160.5000000000    8.1467995179e-02
 161.0000000000    8.1470539262e-02
 161.5000000000    8.1471096491e-02
 162.0000000000    8.1469661434e-02
 162.5000000000    8.1471000568e-02
 163.0000000000    8.1473644064e-02
 163.5000000000    8.1474466817e-02
 164.0000000000    8.1473554952e-02
 164.5000000000    8.1473580478e-02
 165.0000000000    8.1476895237e-02
 165.5000000000    8.1478413887e-02
 166.0000000000    8.1478158576e-02
 166.5000000000    8.1476205135e-02
 167.0000000000    8.1479554872e-02
 167.5000000000    8.1481817892e-02
 168.0000000000    8.1482565516e-02
 168.5000000000    8.1481797025e-02
 169.0000000000    8.1481966712e-02
 169.5000000000    8.1485154597e-02
 170.0000000000    8.1486795009e-02
 170.5000000000    8.1486992312e-02
 171.0000000000    8.1485855020e-02
 171.5000000000    8.1487193819e-02
 172.0000000000    8.1490205277e-02
 172.5000000000    8.1491852983e-02
 173.0000000000    8.1492125205e-02
 173.5000000000    8.1491064763e-02
 174.0000000000    8.1492046274e-02
 174.5000000000    8.1494957847e-02
 175.0000000000    8.1496760897e-02
 175.5000000000    8.1497471429e-02
 176.0000000000    8.1497056970e-02
 176.5000000000    8.1496520769e-02
 177.0000000000    8.1499771735e-02
 177.5000000000    8.1501914045e-02
 178.0000000000    8.1503073847e-02
 178.5000000000    8.1503345940e-02
 179.0000000000    8.1502753097e-02
 179.5000000000    8.1503797470e-02
 180.0000000000    8.1506844283e-02
 180.5000000000    8.1508878828e-02
 181.0000000000    8.1509991027e-02
 181.5000000000    8.1510309691e-02
 182.0000000000    8.1509937391e-02
 182.5000000000    8.1510231184e-02
 183.0000000000    8.1513515349e-02
 183.5000000000    8.1515964476e-02
 184.0000000000    8.1517579396e-02
 184.5000000000    8.1518438837e-02
 185.0000000000    8.1518668300e-02
 185.5000000000    8.1518375341e-02
 186.0000000000    8.1519451656e-02
 186.5000000000    8.1522604304e-02
 187.0000000000    8.1525092484e-02
 187.5000000000    8.1526903599e-02
 188.0000000000    8.1528103288e-02
 188.5000000000    8.1528810425e-02
 189.0000000000    8.1529134422e-02
 189.5000000000    8.1529119617e-02
 190.0000000000    8.1531019683e-02
 190.5000000000    8.1533982151e-02
 191.0000000000    8.1536403765e-02
 191.5000000000    8.1538335574e-02
 192.0000000000    8.1539884602e-02
 192.5000000000    8.1541156831e-02
 193.0000000000    8.1542202846e-02
 193.5000000000    8.1543003220e-02
 194.0000000000    8.1543502398e-02
 194.5000000000    8.1544025278e-02
 195.0000000000    8.1546861235e-02
 195.5000000000    8.1549392140e-02
 196.0000000000    8.1551720030e-02
 196.5000000000    8.1553902548e-02
 197.0000000000    8.1555929024e-02
 197.5000000000    8.1557748551e-02
 198.0000000000    8.1559320387e-02
 198.5000000000    8.1560658364e-02
 199.0000000000    8.1561833240e-02
 199.5000000000    8.1562936661e-02
 200.0000000000    8.1564031521e-02
 200.5000000000    8.1565122695e-02
 201.0000000000    8.1566168123e-02
 201.5000000000    8.1568024872e-02
 202.0000000000    8.1570519877e-02
 202.5000000000    8.1572865153e-02
 203.0000000000    8.1575139170e-02
 203.5000000000    8.1577404964e-02
 204.0000000000    8.1579678875e-02
 204.5000000000    8.1581926644e-02
 205.0000000000    8.1584096921e-02
 205.5000000000    8.1586164863e-02
 206.0000000000    8.1588155151e-02
 206.5000000000    8.1590130432e-02
 207.0000000000    8.1592152350e-02
 207.5000000000    8.1594247462e-02
 208.0000000000    8.1596391808e-02
 208.5000000000    8.1598534537e-02
 209.0000000000    8.1600630644e-02
 209.5000000000    8.1602677589e-02
 210.0000000000    8.1604716314e-02
 210.5000000000    8.1606806317e-02
 211.0000000000    8.1608982139e-02
 211.5000000000    8.1611229110e-02
 212.0000000000    8.1613492687e-02
 212.5000000000    8.1615712770e-02
 213.0000000000    8.1617860721e-02
 213.5000000000    8.1619954308e-02
 214.0000000000    8.1622042098e-02
 214.5000000000    8.1624163647e-02
 215.0000000000    8.1626314865e-02
 215.5000000000    8.1628440089e-02
 216.0000000000    8.1630462583e-02
 216.5000000000    8.1632326595e-02
 217.0000000000    8.1634025130e-02
 217.5000000000    8.1635593037e-02
 218.0000000000    8.1638813555e-02
 218.5000000000    8.1642251721e-02
 219.0000000000    8.1645673105e-02
 219.5000000000    8.1648987980e-02
 220.0000000000    8.1652112411e-02
 220.5000000000    8.1655009051e-02
 221.0000000000    8.1657696455e-02
 221.5000000000    8.1660212314e-02
 222.0000000000    8.1662564385e-02
 222.5000000000    8.1664698167e-02
 223.0000000000    8.1666511205e-02
 223.5000000000    8.1667891946e-02
 224.0000000000    8.1671683058e-02
 224.5000000000    8.1675699391e-02
 225.0000000000    8.1679378067e-02
 225.5000000000    8.1682728339e-02
 226.0000000000    8.1685697689e-02
 226.5000000000    8.1688171881e-02
 227.0000000000    8.1690015188e-02
 227.5000000000    8.1691128153e-02
 228.0000000000    8.1695560328e-02
 228.5000000000    8.1699940360e-02
 229.0000000000    8.1703719864e-02
 229.5000000000    8.1706846617e-02
 230.0000000000    8.1709196251e-02
 230.5000000000    8.1710608849e-02
 231.0000000000    8.1714209716e-02
 231.5000000000    8.1719105053e-02
 232.0000000000    8.1723002179e-02
 232.5000000000    8.1725897061e-02
 233.0000000000    8.1727733715e-02
 233.5000000000    8.1730001011e-02
 234.0000000000    8.1735762252e-02
 234.5000000000    8.1740140430e-02
 235.0000000000    8.1743025435e-02
 235.5000000000    8.1744374364e-02
 236.0000000000    8.1748294732e-02
 236.5000000000    8.1753782162e-02
 237.0000000000    8.1757677063e-02
 237.5000000000    8.1759774035e-02
 238.0000000000    8.1762787908e-02
 238.5000000000    8.1768725790e-02
 239.0000000000    8.1772590195e-02
 239.5000000000    8.1774333112e-02
 240.0000000000    8.1778485284e-02
 240.5000000000    8.1784404334e-02
 241.0000000000    8.1787928461e-02
 241.5000000000    8.1788808126e-02
 242.0000000000    8.1796106295e-02
 242.5000000000    8.1800620799e-02
 243.0000000000    8.1802245054e-02
 243.5000000000    8.1807850441e-02
 244.0000000000    8.1813374404e-02
 244.5000000000    8.1815686432e-02
 245.0000000000    8.1820987836e-02
 245.5000000000    8.1826687237e-02
 246.0000000000    8.1828623260e-02
 246.5000000000    8.1834536829e-02
 247.0000000000    8.1839787468e-02
 247.5000000000    8.1841011997e-02
 248.0000000000    8.1849128693e-02
 248.5000000000    8.1853329519e-02
 249.0000000000    8.1856952358e-02
 249.5000000000    8.1863743031e-02
 250.0000000000    8.1865533487e-02
 250.5000000000    8.1872974736e-02
 251.0000000000    8.1877168142e-02
 251.5000000000    8.1882007858e-02
 252.0000000000    8.1888315418e-02
 252.5000000000    8.1891026126e-02
 253.0000000000    8.1898876023e-02
 253.5000000000    8.1900295308e-02
 254.0000000000    8.1909158453e-02
 254.5000000000    8.1911586456e-02
 255.0000000000    8.1919872834e-02
 255.5000000000    8.1922902479e-02
 256.0000000000    8.1931013591e-02
 256.5000000000    8.1933865212e-02
 257.0000000000    8.1942163907e-02
 257.5000000000    8.1944290005e-02
 258.0000000000    8.1953469868e-02
 258.5000000000    8.1956415497e-02
 259.0000000000    8.1965066147e-02
 259.5000000000    8.1969834411e-02
 260.0000000000    8.1976278450e-02
 260.5000000000    8.1983023554e-02
 261.0000000000    8.1986353044e-02
 261.5000000000    8.1995505665e-02
 262.0000000000    8.2000221298e-02
 262.5000000000    8.2006948637e-02
 263.0000000000    8.2014817784e-02
 263.5000000000    8.2018924390e-02
 264.0000000000    8.2027200274e-02
 264.5000000000    8.2034708350e-02
 265.0000000000    8.2039202002e-02
 265.5000000000    8.2047186874e-02
 266.0000000000    8.2055642295e-02
 266.5000000000    8.2061774031e-02
 267.0000000000    8.2067298594e-02
 267.5000000000    8.2077280146e-02
 268.0000000000    8.2085360181e-02
 268.5000000000    8.2091864088e-02
 269.0000000000    8.2097183515e-02
 269.5000000000    8.2107670345e-02
 270.0000000000    8.2117070570e-02
 270.5000000000    8.2125580792e-02
 271.0000000000    8.2133371450e-02
 271.5000000000    8.2140623892e-02
 272.0000000000    8.2148539395e-02
 272.5000000000    8.2158994049e-02
 273.0000000000    8.2169126873e-02
 273.5000000000    8.2179099784e-02
 274.0000000000    8.2189012072e-02
 274.5000000000    8.2198916253e-02
 275.0000000000    8.2208850610e-02
 275.5000000000    8.2218865152e-02
 276.0000000000    8.2229023748e-02
 276.5000000000    8.2239382018e-02
 277.0000000000    8.2249954868e-02
 277.5000000000    8.2260693418e-02
 278.0000000000    8.2271483891e-02
 278.5000000000    8.2282166172e-02
 279.0000000000    8.2292558164e-02
 279.5000000000    8.2302470087e-02
 280.0000000000    8.2311698866e-02
 280.5000000000    8.2322029279e-02
 281.0000000000    8.2333863401e-02
 281.5000000000    8.2344640517e-02
 282.0000000000    8.2353903942e-02
 282.5000000000    8.2361127360e-02
 283.0000000000    8.2368257674e-02
 283.5000000000    8.2377203508e-02
 284.0000000000    8.2382829308e-02
 284.5000000000    8.2384413161e-02
 285.0000000000    8.2388689337e-02
 285.5000000000    8.2389496461e-02
 286.0000000000    8.2384017194e-02
 286.5000000000    8.2381484080e-02
 287.0000000000    8.2371440953e-02
 287.5000000000    8.2357682028e-02
 288.0000000000    8.2339921527e-02
 288.5000000000    8.2313748473e-02
 289.0000000000    8.2284127619e-02
 289.5000000000    8.2243039500e-02
 290.0000000000    8.2195870831e-02
 290.5000000000    8.2135550486e-02
 291.0000000000    8.2063377079e-02
 291.5000000000    8.1977617116e-02
 292.0000000000    8.1871250550e-02
 292.5000000000    8.1751771809e-02
 293.0000000000    8.1606389229e-02
 293.5000000000    8.1435632047e-02
 294.0000000000    8.1238975869e-02
 294.5000000000    8.1006090783e-02
 295.0000000000    8.0736017010e-02
 295.5000000000    8.0425683528e-02
 296.0000000000    8.0063856613e-02
 296.5000000000    7.9647453592e-02
 297.0000000000    7.9171946087e-02
 297.5000000000    7.8623478855e-02
 298.0000000000    7.7999536979e-02
 298.5000000000    7.7288402324e-02
 299.0000000000    7.6479854550e-02
 299.5000000000    7.5566649005e-02
 300.0000000000    7.4537894883e-02
 300.5000000000    7.3382210985e-02
 301.0000000000    7.2093616212e-02
 301.5000000000    7.3775377241e-02
 302.0000000000    7.8077660749e-02
 302.5000000000    8.2564729926e-02
 303.0000000000    8.7231553667e-02
 303.5000000000    9.2071464876e-02
 304.0000000000    9.7076395535e-02
 304.5000000000    1.0223722288e-01
 305.0000000000    1.0754419602e-01
 305.5000000000    1.1298738002e-01
 306.0000000000    1.1855702418e-01
 306.5000000000    1.2424373711e-01
 307.0000000000    1.3003833516e-01
 307.5000000000    1.3593124713e-01
 308.0000000000    1.4191138300e-01
 308.5000000000    1.4796445974e-01
 309.0000000000    1.5407087989e-01
 309.5000000000    1.6020341782e-01
 310.0000000000    1.6632511507e-01
 310.5000000000    1.7238792110e-01
 311.0000000000    1.7833261472e-01
 311.5000000000    1.8409038354e-01
 312.0000000000    1.8958606800e-01
 312.5000000000    1.9474258247e-01
 313.0000000000    1.9948556947e-01
 313.5000000000    2.0374707910e-01
 314.0000000000    2.0746677814e-01
 314.5000000000    2.1058771801e-01
 315.0000000000    2.1303922367e-01
 315.5000000000    2.1469402265e-01
 316.0000000000    2.1529386330e-01
 316.5000000000    2.1437421617e-01
 317.0000000000    2.1126410743e-01
 317.5000000000    2.0522427151e-01
 318.0000000000    1.9569089991e-01
 318.5000000000    1.8250115809e-01
 319.0000000000    1.6598667286e-01
 319.5000000000    1.4691156227e-01
 320.0000000000    1.2631106781e-01
 320.5000000000    1.0530660272e-01
 321.0000000000    8.4949186367e-02
 321.5000000000    6.6111123540e-02
 322.0000000000    5.4009078703e-02
 322.5000000000    5.1108624908e-02
 323.0000000000    4.8494969241e-02
 323.5000000000    4.6193241661e-02
 324.0000000000    4.3835678003e-02
 324.5000000000    4.1469227516e-02
 325.0000000000    3.9129204262e-02
 325.5000000000    3.6961317351e-02
 326.0000000000    3.4888231877e-02
 326.5000000000    3.2866864115e-02
 327.0000000000    3.0903141987e-02
 327.5000000000    2.9006231955e-02
 328.0000000000    2.7185810013e-02
 328.5000000000    2.5450038187e-02
 329.0000000000    2.3804421091e-02
 329.5000000000    2.2251480491e-02
 330.0000000000    2.0791041359e-02
 330.5000000000    1.9420868725e-02
 331.0000000000    1.8137411413e-02
 331.5000000000    1.6936469580e-02
 332.0000000000    1.5813680910e-02
 332.5000000000    1.4764794399e-02
 333.0000000000    1.3785757611e-02
 333.5000000000    1.2872678080e-02
 334.0000000000    1.2021732131e-02
 334.5000000000    1.1252360712e-02
 335.0000000000    1.0643653449e-02
 335.5000000000    1.0066420576e-02
 336.0000000000    9.5180283829e-03
 336.5000000000    8.9962006201e-03
 337.0000000000    8.4990027684e-03
 337.5000000000    8.0248174312e-03
 338.0000000000    7.5723037788e-03
 338.5000000000    7.1403465161e-03
 339.0000000000    6.7280018603e-03
 339.5000000000    6.3344450193e-03
 340.0000000000    5.9589226822e-03
 340.5000000000    5.6007171719e-03
 341.0000000000    5.2591307473e-03
 341.5000000000    4.9334932296e-03
 342.0000000000    4.6231844693e-03
 342.5000000000    4.3276534036e-03
 343.0000000000    4.0486794659e-03
 343.5000000000    3.7961138260e-03
 344.0000000000    3.5558351162e-03
 344.5000000000    3.3275436485e-03
 345.0000000000    3.1109336552e-03
 345.5000000000    2.9056925859e-03
 346.0000000000    2.7115281150e-03
 346.5000000000    2.5282000747e-03
 347.0000000000    2.3555449913e-03
 347.5000000000    2.1966583801e-03
 348.0000000000    2.0622631171e-03
 348.5000000000    1.9362522047e-03
 349.0000000000    1.8185629858e-03
 349.5000000000    1.7091107001e-03
 350.0000000000    1.6077797128e-03
 350.5000000000    1.5144313034e-03
 351.0000000000    1.4289154826e-03
 351.5000000000    1.3510728986e-03
 352.0000000000    1.2807211028e-03
 352.5000000000    1.2176305697e-03
 353.0000000000    1.1615024352e-03
 353.5000000000    1.1119587162e-03
 354.0000000000    1.0685486497e-03
 354.5000000000    1.0307669673e-03
 355.0000000000    9.9807582241e-04
 355.5000000000    9.6992314448e-04
 356.0000000000    9.5238160705e-04
 356.5000000000    9.4497201762e-04
 357.0000000000    9.3999017971e-04
 357.5000000000    9.3671880097e-04
 358.0000000000    9.3522947603e-04
 358.5000000000    9.4099838605e-04
 359.0000000000    9.4615783945e-04
 359.5000000000    9.5043958483e-04
 360.0000000000    9.5485831167e-04
 360.5000000000    9.5811618139e-04
 361.0000000000    9.5981794260e-04
 361.5000000000    9.5998333423e-04
 362.0000000000    9.5866105732e-04
 362.5000000000    9.5592798207e-04
 363.0000000000    9.5188064337e-04
 363.5000000000    9.4661993968e-04
 364.0000000000    9.4023723955e-04
 364.5000000000    9.3281110515e-04
 365.0000000000    9.2441651246e-04
 365.5000000000    9.1513843746e-04
 366.0000000000    9.0507744745e-04
 366.5000000000    8.9434077701e-04
 367.0000000000    8.8302438886e-04
 367.5000000000    8.7119995591e-04
 368.0000000000    8.5891797308e-04
 368.5000000000    8.4622542414e-04
 369.0000000000    8.3318386147e-04
 369.5000000000    8.1987233557e-04
 370.0000000000    8.0637134030e-04
 370.5000000000    7.9273991728e-04
 371.0000000000    7.7900472089e-04
 371.5000000000    7.6517091976e-04
 372.0000000000    7.5124691260e-04
 372.5000000000    7.3726275136e-04
 373.0000000000    7.2326647210e-04
 373.5000000000    7.0930048870e-04
 374.0000000000    6.9537747906e-04
 374.5000000000    6.8147661785e-04
 375.0000000000    6.6756487087e-04
 375.5000000000    6.5362715174e-04
 376.0000000000    6.3968089260e-04
 376.5000000000    6.2576271326e-04
 377.0000000000    6.1189788691e-04
 377.5000000000    5.9807823116e-04
 378.0000000000    5.8426789439e-04
 378.5000000000    5.7043354152e-04
 379.0000000000    5.5657457942e-04
 379.5000000000    5.4272809624e-04
 380.0000000000    5.2894348242e-04
 380.5000000000    5.1524701626e-04
 381.0000000000    5.0162598542e-04
 381.5000000000    4.8804653376e-04
 382.0000000000    4.7449124181e-04
 382.5000000000    4.6098498302e-04
 383.0000000000    4.4758635361e-04
 383.5000000000    4.3435089033e-04
 384.0000000000    4.2129617956e-04
 384.5000000000    4.0839871885e-04
 385.0000000000    3.9562640832e-04
 385.5000000000    3.8297951966e-04
 386.0000000000    3.7050487717e-04
 386.5000000000    3.5827019337e-04
 387.0000000000    3.4631937325e-04
 387.5000000000    3.3464698129e-04
 388.0000000000    3.2461285815e-04
 388.5000000000    3.2012171162e-04
 389.0000000000    3.1589465708e-04
 389.5000000000    3.1183306568e-04
 390.0000000000    3.0787048338e-04
 390.5000000000    3.0400714466e-04
 391.0000000000    3.0028947550e-04
 391.5000000000    2.9675087369e-04
 392.0000000000    2.9337207872e-04
 392.5000000000    2.9009393493e-04
 393.0000000000    2.8686067366e-04
 393.5000000000    2.8366168941e-04
 394.0000000000    2.8053108082e-04
 394.5000000000    2.7750965349e-04
 395.0000000000    2.7460564278e-04
 395.5000000000    2.7178608364e-04
 396.0000000000    2.6900353326e-04
 396.5000000000    2.6623299897e-04
 397.0000000000    2.6349023333e-04
 397.5000000000    2.6080945010e-04
 398.0000000000    2.5821704208e-04
 398.5000000000    2.5570587011e-04
 399.0000000000    2.5324499166e-04
 399.5000000000    2.5079927915e-04
 400.0000000000    2.4836173326e-04
 400.5000000000    2.4595511428e-04
 401.0000000000    2.4361096223e-04
 401.5000000000    2.4134285612e-04
 402.0000000000    2.3913719069e-04
 402.5000000000    2.3696376723e-04
 403.0000000000    2.3479952370e-04
 403.5000000000    2.3264732513e-04
 404.0000000000    2.3053163966e-04
 404.5000000000    2.2847842749e-04
 405.0000000000    2.2649474782e-04
 405.5000000000    2.2455906151e-04
 406.0000000000    2.2264653971e-04
 406.5000000000    2.2073970382e-04
 407.0000000000    2.1885126096e-04
 407.5000000000    2.1700472889e-04
 408.0000000000    2.1522174623e-04
 408.5000000000    2.1349942632e-04
 409.0000000000    2.1181401180e-04
 409.5000000000    2.1014067796e-04
 410.0000000000    2.0847416567e-04
 410.5000000000    2.0682922861e-04
 411.0000000000    2.0523100702e-04
 411.5000000000    2.0369251328e-04
 412.0000000000    2.0220340741e-04
 412.5000000000    2.0073821179e-04
 413.0000000000    1.9927683698e-04
 413.5000000000    1.9782047052e-04
 414.0000000000    1.9638981222e-04
 414.5000000000    1.9500725642e-04
 415.0000000000    1.9367778921e-04
 415.5000000000    1.9238436296e-04
 416.0000000000    1.9110146421e-04
 416.5000000000    1.8981560580e-04
 417.0000000000    1.8853580204e-04
 417.5000000000    1.8728541245e-04
 418.0000000000    1.8608216486e-04
 418.5000000000    1.8492290830e-04
 419.0000000000    1.8378571599e-04
 419.5000000000    1.8356535721e-04
 420.0000000000    1.8433860301e-04
 420.5000000000    1.8498957042e-04
 421.0000000000    1.8554007382e-04
 421.5000000000    1.8604946875e-04
 422.0000000000    1.8656492755e-04
 422.5000000000    1.8708251191e-04
 423.0000000000    1.8762153826e-04
 423.5000000000    1.8810257319e-04
 424.0000000000    1.8847430199e-04
 424.5000000000    1.8874297501e-04
 425.0000000000    1.8896091997e-04
 425.5000000000    1.8918359758e-04
 426.0000000000    1.8942428080e-04
 426.5000000000    1.8964476589e-04
 427.0000000000    1.8978969900e-04
 427.5000000000    1.8983503854e-04
 428.0000000000    1.8980967235e-04
 428.5000000000    1.8977225889e-04
 429.0000000000    1.8976300418e-04
 429.5000000000    1.8977114054e-04
 430.0000000000    1.8974554920e-04
 430.5000000000    1.8963924203e-04
 431.0000000000    1.8944987943e-04
 431.5000000000    1.8922230675e-04
 432.0000000000    1.8901126799e-04
 432.5000000000    1.8883589005e-04
 433.0000000000    1.8866444031e-04
 433.5000000000    1.8844205964e-04
 434.0000000000    1.8813767774e-04
 434.5000000000    1.8777048858e-04
 435.0000000000    1.8739396923e-04
 435.5000000000    1.8705109193e-04
 436.0000000000    1.8673857177e-04
 436.5000000000    1.8641031646e-04
 437.0000000000    1.8601688380e-04
 437.5000000000    1.8554737239e-04
 438.0000000000    1.8503856693e-04
 438.5000000000    1.8454391470e-04
 439.0000000000    1.8408859274e-04
 439.5000000000    1.8364864801e-04
 440.0000000000    1.8317173058e-04
 440.5000000000    1.8262156869e-04
 441.0000000000    1.8200852356e-04
 441.5000000000    1.8138073161e-04
 442.0000000000    1.8078352027e-04
 442.5000000000    1.8022139156e-04
 443.0000000000    1.7965470529e-04
 443.5000000000    1.7903365186e-04
 444.0000000000    1.7834050468e-04
 444.5000000000    1.7760456158e-04
 445.0000000000    1.7687745922e-04
 445.5000000000    1.7618985122e-04
 446.0000000000    1.7552603783e-04
 446.5000000000    1.7483797944e-04
 447.0000000000    1.7408650690e-04
 447.5000000000    1.7327462573e-04
 448.0000000000    1.7244520825e-04
 448.5000000000    1.7164514044e-04
 449.0000000000    1.7088627824e-04
 449.5000000000    1.7013626875e-04
 450.0000000000    1.6934673975e-04
 450.5000000000    1.6849476087e-04
 451.0000000000    1.6760250669e-04
 451.5000000000    1.6671882035e-04
 452.0000000000    1.6587846534e-04
 452.5000000000    1.6507350338e-04
 453.0000000000    1.6426092519e-04
 453.5000000000    1.6339978503e-04
 454.0000000000    1.6248621888e-04
 454.5000000000    1.6155696090e-04
 455.0000000000    1.6065868115e-04
 455.5000000000    1.5980912086e-04
 456.0000000000    1.5898286157e-04
 456.5000000000    1.5813360954e-04
 457.0000000000    1.5723381947e-04
 457.5000000000    1.5629812111e-04
 458.0000000000    1.5537106201e-04
 458.5000000000    1.5448971395e-04
 459.0000000000    1.5365276785e-04
 459.5000000000    1.5282220365e-04
 460.0000000000    1.5195586889e-04
 460.5000000000    1.5104318708e-04
 461.0000000000    1.5011396056e-04
 461.5000000000    1.4921311475e-04
 462.0000000000    1.4836282684e-04
 462.5000000000    1.4754408119e-04
 463.0000000000    1.4671315272e-04
 463.5000000000    1.4583876327e-04
 464.0000000000    1.4492839234e-04
 464.5000000000    1.4402176246e-04
 465.0000000000    1.4315721258e-04
 465.5000000000    1.4233943652e-04
 466.0000000000    1.4153589562e-04
 466.5000000000    1.4070471469e-04
 467.0000000000    1.3983014729e-04
 467.5000000000    1.3893568945e-04
 468.0000000000    1.3806406537e-04
 468.5000000000    1.3724112186e-04
 469.0000000000    1.3645425642e-04
 469.5000000000    1.3566343084e-04
 470.0000000000    1.3483541428e-04
 470.5000000000    1.3397171899e-04
 471.0000000000    1.3310696269e-04
 471.5000000000    1.3227959793e-04
 472.0000000000    1.3149954523e-04
 472.5000000000    1.3073988456e-04
 473.0000000000    1.2996014117e-04
 473.5000000000    1.2914056533e-04
 474.0000000000    1.2829845940e-04
 474.5000000000    1.2747322361e-04
 475.0000000000    1.2669301928e-04
 475.5000000000    1.2595114990e-04
 476.0000000000    1.2521191478e-04
 476.5000000000    1.2444092549e-04
 477.0000000000    1.2363409827e-04
 477.5000000000    1.2282080506e-04
 478.0000000000    1.2203882200e-04
 478.5000000000    1.2130246030e-04
 479.0000000000    1.2059075085e-04
 479.5000000000    1.1986553637e-04
 480.0000000000    1.1910394574e-04
 480.5000000000    1.1831767278e-04
 481.0000000000    1.1754293829e-04
 481.5000000000    1.1680982129e-04
 482.0000000000    1.1611701808e-04
 482.5000000000    1.1543339356e-04
 483.0000000000    1.1472472730e-04
 483.5000000000    1.1398270607e-04
 484.0000000000    1.1323173554e-04
 484.5000000000    1.1250812360e-04
 485.0000000000    1.1182939907e-04
 485.5000000000    1.1117975986e-04
 486.0000000000    1.1052382641e-04
 486.5000000000    1.0983671319e-04
 487.0000000000    1.0912486424e-04
 487.5000000000    1.0842030687e-04
 488.0000000000    1.0775340609e-04
 488.5000000000    1.0712723218e-04
 489.0000000000    1.0651526010e-04
 489.5000000000    1.0588408429e-04
 490.0000000000    1.0522164018e-04
 490.5000000000    1.0473427168e-04
 491.0000000000    1.0452855408e-04
 491.5000000000    1.0432715737e-04
 492.0000000000    1.0411692183e-04
 492.5000000000    1.0389431108e-04
 493.0000000000    1.0366847468e-04
 493.5000000000    1.0345322784e-04
 494.0000000000    1.0325560855e-04
 494.5000000000    1.0306945895e-04
 495.0000000000    1.0288135949e-04
 495.5000000000    1.0268154959e-04
 496.0000000000    1.0247201587e-04
 496.5000000000    1.0226498671e-04
 497.0000000000    1.0207201797e-04
 497.5000000000    1.0189460004e-04
 498.0000000000    1.0172310431e-04
 498.5000000000    1.0154464074e-04
 499.0000000000    1.0135389070e-04
 499.5000000000    1.0115763467e-04
 500.0000000000    1.0096874921e-04
 500.5000000000    1.0079524282e-04
 501.0000000000    1.0063378134e-04
 501.5000000000    1.0047245919e-04
 502.0000000000    1.0030076164e-04
 502.5000000000    1.0011833312e-04
 503.0000000000    9.9935358567e-05
 503.5000000000    9.9763650564e-05
 504.0000000000    9.9606870423e-05
 504.5000000000    9.9457640139e-05
 505.0000000000    9.9303671988e-05
 505.5000000000    9.9138124873e-05
 506.0000000000    9.8965316112e-05
 506.5000000000    9.8797056072e-05
 507.0000000000    9.8642704772e-05
 507.5000000000    9.8501314236e-05
 508.0000000000    9.8362505337e-05
 508.5000000000    9.8215352061e-05
 509.0000000000    9.8057622618e-05
 509.5000000000    9.7897364541e-05
 510.0000000000    9.7746258718e-05
 510.5000000000    9.7609709073e-05
 511.0000000000    9.7482365910e-05
 511.5000000000    9.7352717797e-05
 512.0000000000    9.7212810002e-05
 512.5000000000    9.7064885258e-05
 513.0000000000    9.6919412164e-05
 513.5000000000    9.6786208748e-05
 514.0000000000    9.6666206356e-05
 514.5000000000    9.6550762175e-05
 515.0000000000    9.6428987486e-05
 515.5000000000    9.6296921248e-05
 516.0000000000    9.6160735526e-05
 516.5000000000    9.6031501079e-05
 517.0000000000    9.5915808551e-05
 517.5000000000    9.5810271794e-05
 518.0000000000    9.5704486646e-05
 518.5000000000    9.5589784314e-05
 519.0000000000    9.5466524591e-05
 519.5000000000    9.5343589622e-05
 520.0000000000    9.5230944599e-05
 520.5000000000    9.5131225033e-05
 521.0000000000    9.5037534977e-05
 521.5000000000    9.4939436461e-05
 522.0000000000    9.4831559009e-05
 522.5000000000    9.4718231718e-05
 523.0000000000    9.4609569357e-05
 523.5000000000    9.4513105744e-05
 524.0000000000    9.4427464026e-05
 524.5000000000    9.4343383829e-05
 525.0000000000    9.4251733568e-05
 525.5000000000    9.4151099931e-05
 526.0000000000    9.4048859908e-05
 526.5000000000    9.3954889163e-05
 527.0000000000    9.3873241337e-05
 527.5000000000    9.3798758330e-05
 528.0000000000    9.3721444524e-05
 528.5000000000    9.3634870165e-05
 529.0000000000    9.3541512876e-05
 529.5000000000    9.3450590174e-05
 530.0000000000    9.3370343337e-05
 530.5000000000    9.3300861041e-05
 531.0000000000    9.3234221425e-05
 531.5000000000    9.3161128074e-05
 532.0000000000    9.3078733110e-05
 532.5000000000    9.2993015591e-05
 533.0000000000    9.2913594908e-05
 533.5000000000    9.2845636373e-05
 534.0000000000    9.2785725724e-05
 534.5000000000    9.2724554145e-05
 535.0000000000    9.2654951428e-05
 535.5000000000    9.2578027650e-05
 536.0000000000    9.2502079753e-05
 536.5000000000    9.2435460508e-05
 537.0000000000    9.2379649011e-05
 537.5000000000    9.2328256248e-05
 538.0000000000    9.2272030697e-05
 538.5000000000    9.2207123405e-05
 539.0000000000    9.2138134087e-05
 539.5000000000    9.2074042019e-05
 540.0000000000    9.2020597207e-05
 540.5000000000    9.1975906707e-05
 541.0000000000    9.1931354261e-05
 541.5000000000    9.1879559877e-05
 542.0000000000    9.1820299107e-05
 542.5000000000    9.1760565049e-05
 543.0000000000    9.1708724715e-05
 543.5000000000    9.1667449709e-05
 544.0000000000    9.1631291988e-05
 544.5000000000    9.1591674068e-05
 545.0000000000    9.1543945863e-05
 545.5000000000    9.1491453046e-05
 546.0000000000    9.1442294181e-05
 546.5000000000    9.1402889967e-05
 547.0000000000    9.1372329778e-05
 547.5000000000    9.1343498790e-05
 548.0000000000    9.1308850265e-05
 548.5000000000    9.1266803910e-05
 549.0000000000    9.1223276290e-05
 549.5000000000    9.1186385454e-05
 550.0000000000    9.1159790477e-05
 550.5000000000    9.1139419143e-05
 551.0000000000    9.1116898714e-05
 551.5000000000    9.1086991042e-05
 552.0000000000    9.1051698137e-05
 552.5000000000    9.1018677237e-05
 553.0000000000    9.0994266319e-05
 553.5000000000    9.0978561690e-05
 554.0000000000    9.0965243389e-05
 554.5000000000    9.0947192348e-05
 555.0000000000    9.0921744809e-05
 555.5000000000    9.0893633919e-05
 556.0000000000    9.0870554419e-05
 556.5000000000    9.0856723716e-05
 557.0000000000    9.0849450605e-05
 557.5000000000    9.0840943628e-05
 558.0000000000    9.0825584082e-05
 558.5000000000    9.0804284544e-05
 559.0000000000    9.0783809849e-05
 559.5000000000    9.0770681336e-05
 560.0000000000    9.0766016320e-05
 560.5000000000    9.0764614852e-05
 561.0000000000    9.0759339085e-05
 561.5000000000    9.0747014314e-05
 562.0000000000    9.0731401868e-05
 562.5000000000    9.0719694011e-05
 563.0000000000    9.0716895255e-05
 563.5000000000    9.0720697927e-05
 564.0000000000    9.0724482005e-05
 564.5000000000    9.0722861317e-05
 565.0000000000    9.0715595154e-05
 565.5000000000    9.0708185654e-05
 566.0000000000    9.0707004053e-05
 566.5000000000    9.0714170049e-05
 567.0000000000    9.0725417370e-05
 567.5000000000    9.0733855990e-05
 568.0000000000    9.0735977327e-05
 568.5000000000    9.0734502358e-05
 569.0000000000    9.0735498464e-05
 569.5000000000    9.0743794806e-05
 570.0000000000    9.0758717922e-05
 570.5000000000    9.0774960775e-05
 571.0000000000    9.0786327242e-05
 571.5000000000    9.0791828217e-05
 572.0000000000    9.0796072972e-05
 572.5000000000    9.0805512594e-05
 573.0000000000    9.0822579945e-05
 573.5000000000    9.0844209815e-05
 574.0000000000    9.0864629218e-05
 574.5000000000    9.0879348949e-05
 575.0000000000    9.0890017772e-05
 575.5000000000    9.0902482559e-05
 576.0000000000    9.0921957745e-05
 576.5000000000    9.0948161675e-05
 577.0000000000    9.0976495096e-05
 577.5000000000    9.1001389165e-05
 578.0000000000    9.1020919886e-05
 578.5000000000    9.1038697707e-05
 579.0000000000    9.1060739638e-05
 579.5000000000    9.1089847840e-05
 580.0000000000    9.1123617564e-05
 580.5000000000    9.1156997230e-05
 581.0000000000    9.1185477332e-05
 581.5000000000    9.1209644490e-05
 582.0000000000    9.1234291150e-05
 582.5000000000    9.1264607872e-05
 583.0000000000    9.1301085060e-05
 583.5000000000    9.1339785635e-05
 584.0000000000    9.1375942421e-05
 584.5000000000    9.1406972807e-05
 585.0000000000    9.1435523828e-05
 585.5000000000    9.1466693973e-05
 586.0000000000    9.1504181700e-05
 586.5000000000    9.1546533127e-05
 587.0000000000    9.1588865302e-05
 587.5000000000    9.1627474636e-05
 588.0000000000    9.1661975009e-05
 588.5000000000    9.1696317468e-05
 589.0000000000    9.1735148239e-05
 589.5000000000    9.1780321219e-05
 590.0000000000    9.1828460775e-05
 590.5000000000    9.1874729877e-05
 591.0000000000    9.1917077895e-05
 591.5000000000    9.1957013706e-05
 592.0000000000    9.1999034432e-05
 592.5000000000    9.2046440129e-05
 593.0000000000    9.2099047646e-05
 593.5000000000    9.2152287106e-05
 594.0000000000    9.2202327871e-05
 594.5000000000    9.2249045411e-05
 595.0000000000    9.2295227466e-05
 595.5000000000    9.2344889394e-05
 596.0000000000    9.2399588541e-05
 596.5000000000    9.2457512006e-05
 597.0000000000    9.2514173352e-05
 597.5000000000    9.2567227711e-05
 598.0000000000    9.2617971243e-05
 598.5000000000    9.2669875323e-05
 599.0000000000    9.2725806783e-05
 599.5000000000    9.2785776735e-05
 600.0000000000    9.2847276411e-05
 600.5000000000    9.2906385959e-05
 601.0000000000    9.2962197659e-05
 601.5000000000    9.3017014431e-05
 602.0000000000    9.3074471665e-05
 602.5000000000    9.3136096279e-05
 603.0000000000    9.3200693315e-05
 603.5000000000    9.3265343012e-05
 604.0000000000    9.3327112392e-05
 604.5000000000    9.3386534317e-05
 605.0000000000    9.3446650354e-05
 605.5000000000    9.3510469521e-05
 606.0000000000    9.3578086491e-05
 606.5000000000    9.3647471623e-05
 607.0000000000    9.3715646211e-05
 607.5000000000    9.3781206120e-05
 608.0000000000    9.3845836664e-05
 608.5000000000    9.3912711052e-05
 609.0000000000    9.3983473115e-05
 609.5000000000    9.4056900851e-05
 610.0000000000    9.4130727000e-05
 610.5000000000    9.4202650395e-05
 611.0000000000    9.4272812753e-05
 611.5000000000    9.4343415212e-05
 612.0000000000    9.4416882807e-05
 612.5000000000    9.4493417567e-05
 613.0000000000    9.4571083747e-05
 613.5000000000    9.4648027189e-05
 614.0000000000    9.4723320463e-05
 614.5000000000    9.4797877681e-05
 615.0000000000    9.4873586824e-05
 615.5000000000    9.4951656509e-05
 616.0000000000    9.5031875286e-05
 616.5000000000    9.5112214502e-05
 617.0000000000    9.5191423123e-05
 617.5000000000    9.5269738262e-05
 618.0000000000    9.5348201699e-05
 618.5000000000    9.5428059261e-05
 619.0000000000    9.5509689638e-05
 619.5000000000    9.5592834309e-05
 620.0000000000    9.5675835257e-05
 620.5000000000    9.5757923578e-05
 621.0000000000    9.5839474301e-05
 621.5000000000    9.5921751499e-05
 622.0000000000    9.6005637734e-05
 622.5000000000    9.6090791715e-05
 623.0000000000    9.6176528419e-05
 623.5000000000    9.6262154663e-05
 624.0000000000    9.6347117012e-05
 624.5000000000    9.6432047104e-05
 625.0000000000    9.6517712440e-05
 625.5000000000    9.6604810288e-05
 626.0000000000    9.6692711277e-05
 626.5000000000    9.6780568857e-05
 627.0000000000    9.6868155384e-05
 627.5000000000    9.6956092107e-05
 628.0000000000    9.7044627202e-05
 628.5000000000    9.7133946761e-05
 629.0000000000    9.7223863593e-05
 629.5000000000    9.7314536787e-05
 630.0000000000    9.7405324111e-05
 630.5000000000    9.7496614725e-05
 631.0000000000    9.7588734227e-05
 631.5000000000    9.7681954989e-05
 632.0000000000    9.7775590218e-05
 632.5000000000    9.7869143475e-05
 633.0000000000    9.7963314186e-05
 633.5000000000    9.8058450590e-05
 634.0000000000    9.8154848060e-05
 634.5000000000    9.8252158312e-05
 635.0000000000    9.8349659505e-05
 635.5000000000    9.8446816911e-05
 636.0000000000    9.8543576726e-05
 636.5000000000    9.8641135488e-05
 637.0000000000    9.8740587264e-05
 637.5000000000    9.8841409164e-05
 638.0000000000    9.8942346852e-05
 638.5000000000    9.9042106396e-05
 639.0000000000    9.9141256795e-05
 639.5000000000    9.9240383760e-05
 640.0000000000    9.9341095204e-05
 640.5000000000    9.9443882615e-05
 641.0000000000    9.9548000659e-05
 641.5000000000    9.9651205057e-05
 642.0000000000    9.9752536829e-05
 642.5000000000    9.9853245438e-05
 643.0000000000    9.9955202737e-05
 643.5000000000    1.0005973402e-04
 644.0000000000    1.0016646324e-04
 644.5000000000    1.0027334617e-04
 645.0000000000    1.0037884439e-04
 645.5000000000    1.0048225239e-04
 646.0000000000    1.0058557541e-04
 646.5000000000    1.0069178046e-04
 647.0000000000    1.0080142373e-04
 647.5000000000    1.0091288916e-04
 648.0000000000    1.0102324681e-04
 648.5000000000    1.0113109470e-04
 649.0000000000    1.0123751026e-04
 649.5000000000    1.0134519566e-04
 650.0000000000    1.0145665917e-04
 650.5000000000    1.0157168278e-04
 651.0000000000    1.0168736253e-04
 651.5000000000    1.0180009283e-04
 652.0000000000    1.0190917409e-04
 652.5000000000    1.0201771321e-04
 653.0000000000    1.0212908551e-04
 653.5000000000    1.0224474136e-04
 654.0000000000    1.0236251563e-04
 654.5000000000    1.0247813382e-04
 655.0000000000    1.0258942276e-04
 655.5000000000    1.0269729875e-04
 656.0000000000    1.0280586950e-04
 656.5000000000    1.0291886985e-04
 657.0000000000    1.0303612959e-04
 657.5000000000    1.0315404934e-04
 658.0000000000    1.0326796180e-04
 658.5000000000    1.0337682543e-04
 659.0000000000    1.0348430946e-04
 659.5000000000    1.0359585901e-04
 660.0000000000    1.0371353373e-04
 660.5000000000    1.0383490779e-04
 661.0000000000    1.0395463377e-04
 661.5000000000    1.0406952873e-04
 662.0000000000    1.0418083368e-04
 662.5000000000    1.0429348978e-04
 663.0000000000    1.0441231626e-04
 663.5000000000    1.0453765395e-04
 664.0000000000    1.0466473111e-04
 664.5000000000    1.0478755870e-04
 665.0000000000    1.0490430168e-04
 665.5000000000    1.0501937216e-04
 666.0000000000    1.0513828695e-04
 666.5000000000    1.0526441967e-04
 667.0000000000    1.0539525597e-04
 667.5000000000    1.0552449866e-04
 668.0000000000    1.0564768444e-04
 668.5000000000    1.0576508671e-04
 669.0000000000    1.0588275153e-04
 669.5000000000    1.0600711725e-04
 670.0000000000    1.0613914470e-04
 670.5000000000    1.0627349355e-04
 671.0000000000    1.0640299416e-04
 671.5000000000    1.0652483859e-04
 672.0000000000    1.0664317051e-04
 672.5000000000    1.0676495282e-04
 673.0000000000    1.0689507196e-04
 673.5000000000    1.0703133239e-04
 674.0000000000    1.0716627891e-04
 674.5000000000    1.0729362341e-04
 675.0000000000    1.0741290548e-04
 675.5000000000    1.0753097476e-04
 676.0000000000    1.0765576671e-04
 676.5000000000    1.0778956106e-04
 677.0000000000    1.0792665853e-04
 677.5000000000    1.0805815588e-04
 678.0000000000    1.0817965549e-04
 678.5000000000    1.0829520272e-04
 679.0000000000    1.0841423361e-04
 679.5000000000    1.0854286490e-04
 680.0000000000    1.0867947316e-04
 680.5000000000    1.0881542275e-04
 681.0000000000    1.0894242600e-04
 681.5000000000    1.0906037849e-04
 682.0000000000    1.0917622514e-04
 682.5000000000    1.0929953223e-04
 683.0000000000    1.0943376518e-04
 683.5000000000    1.0957301091e-04
 684.0000000000    1.0970722368e-04
 684.5000000000    1.0983042534e-04
 685.0000000000    1.0994571049e-04
 685.5000000000    1.1006332206e-04
 686.0000000000    1.1019162455e-04
 686.5000000000    1.1032979445e-04
 687.0000000000    1.1046878862e-04
 687.5000000000    1.1059808163e-04
 688.0000000000    1.1071543192e-04
 688.5000000000    1.1082873074e-04
 689.0000000000    1.1094961104e-04
 689.5000000000    1.1108320890e-04
 690.0000000000    1.1122389146e-04
 690.5000000000    1.1135989235e-04
 691.0000000000    1.1148321577e-04
 691.5000000000    1.1159709147e-04
 692.0000000000    1.1171259051e-04
 692.5000000000    1.1183990073e-04
 693.0000000000    1.1197952892e-04
 693.5000000000    1.1212139541e-04
 694.0000000000    1.1225380938e-04
 694.5000000000    1.1237308215e-04
 695.0000000000    1.1248675301e-04
 695.5000000000    1.1260795734e-04
 696.0000000000    1.1274371752e-04
 696.5000000000    1.1288926384e-04
 697.0000000000    1.1303101335e-04
 697.5000000000    1.1315899474e-04
 698.0000000000    1.1327536915e-04
 698.5000000000    1.1339278478e-04
 699.0000000000    1.1352292376e-04
 699.5000000000    1.1366735309e-04
 700.0000000000    1.1381532285e-04
