#          time               M_ADM
   0.0000000000    1.1492552885e-01
   0.5000000000    1.1484434241e-01
   1.0000000000    1.1471039553e-01
   1.5000000000    1.1460415445e-01
   2.0000000000    1.1452269071e-01
   2.5000000000    1.1445077520e-01
   3.0000000000    1.1437924586e-01
   3.5000000000    1.1430445353e-01
   4.0000000000    1.1422580436e-01
   4.5000000000    1.1414390129e-01
   5.0000000000    1.1405957544e-01
   5.5000000000    1.1397356469e-01
   6.0000000000    1.1388647100e-01
   6.5000000000    1.1379877673e-01
   7.0000000000    1.1371085912e-01
   7.5000000000    1.1362300894e-01
   8.0000000000    1.1353545896e-01
   8.5000000000    1.1344841097e-01
   9.0000000000    1.1336204799e-01
   9.5000000000    1.1327653585e-01
  10.0000000000    1.1319201096e-01
  10.5000000000    1.1310856626e-01
  11.0000000000    1.1302628620e-01
  11.5000000000    1.1294525237e-01
  12.0000000000    1.1286557299e-01
  12.5000000000    1.1278731585e-01
  13.0000000000    1.1271054573e-01
  13.5000000000    1.1263530714e-01
  14.0000000000    1.1256162372e-01
  14.5000000000    1.1248951489e-01
  15.0000000000    1.1241906303e-01
  15.5000000000    1.1235027270e-01
  16.0000000000    1.1228319138e-01
  16.5000000000    1.1221785751e-01
  17.0000000000    1.1215427989e-01
  17.5000000000    1.1209245478e-01
  18.0000000000    1.1203237497e-01
  18.5000000000    1.1197404320e-01
  19.0000000000    1.1191748592e-01
  19.5000000000    1.1186284884e-01
  20.0000000000    1.1181007268e-01
  20.5000000000    1.1175919414e-01
  21.0000000000    1.1171024130e-01
  21.5000000000    1.1166321832e-01
  22.0000000000    1.1161814293e-01
  22.5000000000    1.1157506133e-01
  23.0000000000    1.1153404315e-01
  23.5000000000    1.1149517031e-01
  24.0000000000    1.1145851578e-01
  24.5000000000    1.1142411680e-01
  25.0000000000    1.1139210564e-01
  25.5000000000    1.1136265374e-01
  26.0000000000    1.1133578575e-01
  26.5000000000    1.1131151118e-01
  27.0000000000    1.1129007203e-01
  27.5000000000    1.1127168467e-01
  28.0000000000    1.1125649171e-01
  28.5000000000    1.1124469820e-01
  29.0000000000    1.1123651830e-01
  29.5000000000    1.1123218343e-01
  30.0000000000    1.1123194912e-01
  30.5000000000    1.1123611840e-01
  31.0000000000    1.1124500926e-01
  31.5000000000    1.1125900362e-01
  32.0000000000    1.1127849867e-01
  32.5000000000    1.1130387534e-01
  33.0000000000    1.1133557447e-01
  33.5000000000    1.1137403937e-01
  34.0000000000    1.1141972061e-01
  34.5000000000    1.1147307953e-01
  35.0000000000    1.1153455709e-01
  35.5000000000    1.1160455538e-01
  36.0000000000    1.1168339827e-01
  36.5000000000    1.1177119693e-01
  37.0000000000    1.1186790470e-01
  37.5000000000    1.1197309146e-01
  38.0000000000    1.1208579405e-01
  38.5000000000    1.1220427549e-01
  39.0000000000    1.1232564018e-01
  39.5000000000    1.1244526472e-01
  40.0000000000    1.1255599459e-01
  40.5000000000    1.1264695331e-01
  41.0000000000    1.1270170686e-01
  41.5000000000    1.1269545374e-01
  42.0000000000    1.1259074920e-01
  42.5000000000    1.1233103435e-01
  43.0000000000    1.1183078542e-01
  43.5000000000    1.1096095425e-01
  44.0000000000    1.0952847324e-01
  44.5000000000    1.0725087637e-01
  45.0000000000    1.0373430846e-01
  45.5000000000    9.8480554008e-02
  46.0000000000    9.0977723530e-02
  46.5000000000    8.0942296517e-02
  47.0000000000    6.8697377968e-02
  47.5000000000    5.5435971315e-02
  48.0000000000    4.2942955095e-02
  48.5000000000    3.2714457751e-02
  49.0000000000    2.5205198631e-02
  49.5000000000    1.9958463129e-02
  50.0000000000    1.6264470184e-02
  50.5000000000    1.3569278552e-02
  51.0000000000    1.1525623710e-02
  51.5000000000    9.9250744774e-03
  52.0000000000    8.6382431554e-03
  52.5000000000    7.5807558073e-03
  53.0000000000    6.6956537190e-03
  53.5000000000    5.9439361824e-03
  54.0000000000    5.2986765878e-03
  54.5000000000    4.7409409279e-03
  55.0000000000    4.2567560042e-03
  55.5000000000    3.8350346793e-03
  56.0000000000    3.4664089319e-03
  56.5000000000    3.1427268133e-03
  57.0000000000    2.8570305560e-03
  57.5000000000    2.6036307956e-03
  58.0000000000    2.3780929848e-03
  58.5000000000    2.1769634051e-03
  59.0000000000    1.9973907475e-03
  59.5000000000    1.8368400698e-03
  60.0000000000    1.6929660109e-03
  60.5000000000    1.5635850976e-03
  61.0000000000    1.4467492789e-03
  61.5000000000    1.3408329224e-03
  62.0000000000    1.2445548643e-03
  62.5000000000    1.1569284790e-03
  63.0000000000    1.0771398808e-03
  63.5000000000    1.0044339648e-03
  64.0000000000    9.3805718488e-04
  64.5000000000    8.7727436283e-04
  65.0000000000    8.2142444777e-04
  65.5000000000    7.6997141550e-04
  66.0000000000    7.2251248705e-04
  66.5000000000    6.7873845238e-04
  67.0000000000    6.3837395447e-04
  67.5000000000    6.0112984698e-04
  68.0000000000    5.6669750931e-04
  68.5000000000    5.3477187009e-04
  69.0000000000    5.0509145239e-04
  69.5000000000    4.7745604031e-04
  70.0000000000    4.5172254812e-04
  70.5000000000    4.2777362745e-04
  71.0000000000    4.0548921585e-04
  71.5000000000    3.8472934198e-04
  72.0000000000    3.6534255770e-04
  72.5000000000    3.4718894872e-04
  73.0000000000    3.3015873055e-04
  73.5000000000    3.1417713418e-04
  74.0000000000    2.9919051160e-04
  74.5000000000    2.8514663760e-04
  75.0000000000    2.7198003163e-04
  75.5000000000    2.5961190899e-04
  76.0000000000    2.4796314796e-04
  76.5000000000    2.3696912111e-04
  77.0000000000    2.2658694997e-04
  77.5000000000    2.1679009502e-04
  78.0000000000    2.0755539954e-04
  78.5000000000    1.9885117004e-04
  79.0000000000    1.9063485304e-04
  79.5000000000    1.8285932416e-04
  80.0000000000    1.7548434413e-04
  80.5000000000    1.6848343390e-04
  81.0000000000    1.6184241528e-04
  81.5000000000    1.5555119334e-04
  82.0000000000    1.4959430657e-04
  82.5000000000    1.4394764348e-04
  83.0000000000    1.3858201133e-04
  83.5000000000    1.3347134819e-04
  84.0000000000    1.2859840020e-04
  84.5000000000    1.2395540362e-04
  85.0000000000    1.1953829452e-04
  85.5000000000    1.1533943086e-04
  86.0000000000    1.1134437771e-04
  86.5000000000    1.0753448246e-04
  87.0000000000    1.0389271789e-04
  87.5000000000    1.0040761222e-04
  88.0000000000    9.7073925058e-05
  88.5000000000    9.3890319246e-05
  89.0000000000    9.0853780296e-05
  89.5000000000    8.7955718821e-05
  90.0000000000    8.5183289788e-05
  90.5000000000    8.2524561367e-05
  91.0000000000    7.9971632175e-05
  91.5000000000    7.7521731778e-05
  92.0000000000    7.5174875579e-05
  92.5000000000    7.2929606181e-05
  93.0000000000    7.0780414153e-05
  93.5000000000    6.8718717068e-05
  94.0000000000    6.6735874095e-05
  94.5000000000    6.4826368294e-05
  95.0000000000    6.2988692263e-05
  95.5000000000    6.1223526158e-05
  96.0000000000    5.9530456126e-05
  96.5000000000    5.7905853959e-05
  97.0000000000    5.6343675217e-05
  97.5000000000    5.4837755809e-05
  98.0000000000    5.3384377615e-05
  98.5000000000    5.1982919442e-05
  99.0000000000    5.0634250674e-05
  99.5000000000    4.9338410805e-05
 100.0000000000    4.8092770891e-05
 100.5000000000    4.6892711525e-05
 101.0000000000    4.5733453856e-05
 101.5000000000    4.4612189744e-05
 102.0000000000    4.3528489184e-05
 102.5000000000    4.2483094149e-05
 103.0000000000    4.1475997762e-05
 103.5000000000    4.0505186950e-05
 104.0000000000    3.9567103330e-05
 104.5000000000    3.8658268130e-05
 105.0000000000    3.7776762533e-05
 105.5000000000    3.6922581267e-05
 106.0000000000    3.6096681566e-05
 106.5000000000    3.5299299534e-05
 107.0000000000    3.4529053649e-05
 107.5000000000    3.3783337520e-05
 108.0000000000    3.3059600626e-05
 108.5000000000    3.2356603934e-05
 109.0000000000    3.1674560751e-05
 109.5000000000    3.1014317606e-05
 110.0000000000    3.0376034370e-05
 110.5000000000    2.9758569553e-05
 111.0000000000    2.9159810256e-05
 111.5000000000    2.8577747858e-05
 112.0000000000    2.8011425179e-05
 112.5000000000    2.7461154435e-05
 113.0000000000    2.6927677374e-05
 113.5000000000    2.6411122650e-05
 114.0000000000    2.5910493582e-05
 114.5000000000    2.5424066272e-05
 115.0000000000    2.4950282826e-05
 115.5000000000    2.4488567490e-05
 116.0000000000    2.4039321547e-05
 116.5000000000    2.3603205747e-05
 117.0000000000    2.3180288726e-05
 117.5000000000    2.2769700578e-05
 118.0000000000    2.2370049931e-05
 118.5000000000    2.1980196206e-05
 119.0000000000    2.1599784316e-05
 119.5000000000    2.1229222101e-05
 120.0000000000    2.0869064561e-05
 120.5000000000    2.0519344903e-05
 121.0000000000    2.0179308108e-05
 121.5000000000    1.9847813743e-05
 122.0000000000    1.9523936243e-05
 122.5000000000    1.9207461592e-05
 123.0000000000    1.8898866397e-05
 123.5000000000    1.8598652383e-05
 124.0000000000    1.8306805396e-05
 124.5000000000    1.8022567605e-05
 125.0000000000    1.7744989132e-05
 125.5000000000    1.7473404352e-05
 126.0000000000    1.7207748030e-05
 126.5000000000    1.6948520409e-05
 127.0000000000    1.6696111423e-05
 127.5000000000    1.6450426294e-05
 128.0000000000    1.6210760859e-05
 128.5000000000    1.5976307592e-05
 129.0000000000    1.5746607338e-05
 129.5000000000    1.5521750037e-05
 130.0000000000    1.5302153275e-05
 130.5000000000    1.5088141186e-05
 131.0000000000    1.4879545333e-05
 131.5000000000    1.4675727442e-05
 132.0000000000    1.4476041414e-05
 132.5000000000    1.4280204282e-05
 133.0000000000    1.4088364941e-05
 133.5000000000    1.3900883707e-05
 134.0000000000    1.3718007543e-05
 134.5000000000    1.3539559416e-05
 135.0000000000    1.3364959871e-05
 135.5000000000    1.3193583866e-05
 136.0000000000    1.3025200539e-05
 136.5000000000    1.2860046675e-05
 137.0000000000    1.2698556293e-05
 137.5000000000    1.2540904077e-05
 138.0000000000    1.2386839606e-05
 138.5000000000    1.2235894173e-05
 139.0000000000    1.2087735011e-05
 139.5000000000    1.1942319064e-05
 140.0000000000    1.1799862518e-05
 140.5000000000    1.1660655131e-05
 141.0000000000    1.1524792112e-05
 141.5000000000    1.1392031379e-05
 142.0000000000    1.1261845555e-05
 142.5000000000    1.1133854863e-05
 143.0000000000    1.1007418069e-05
 143.5000000000    1.0883317479e-05
 144.0000000000    1.0761886011e-05
 144.5000000000    1.0642609219e-05
 145.0000000000    1.0525551818e-05
 145.5000000000    1.0410057716e-05
 146.0000000000    1.0296142455e-05
 146.5000000000    1.0183772295e-05
 147.0000000000    1.0073474858e-05
 147.5000000000    9.9654469851e-06
 148.0000000000    9.8596452567e-06
 148.5000000000    9.7559163041e-06
 149.0000000000    9.6541041751e-06
 149.5000000000    9.5541537727e-06
 150.0000000000    9.4561374472e-06
 150.5000000000    9.3602376740e-06
 151.0000000000    9.2666559876e-06
 151.5000000000    9.1754346499e-06
 152.0000000000    9.0863051208e-06
 152.5000000000    8.9988248760e-06
 153.0000000000    8.9127216700e-06
 153.5000000000    8.8281064533e-06
 154.0000000000    8.7453141116e-06
 154.5000000000    8.6644981402e-06
 155.0000000000    8.5853958077e-06
 155.5000000000    8.5074793244e-06
 156.0000000000    8.4303407162e-06
 156.5000000000    8.3539653652e-06
 157.0000000000    8.2786316275e-06
 157.5000000000    8.2045453596e-06
 158.0000000000    8.1315760587e-06
 158.5000000000    8.0593375046e-06
 159.0000000000    7.9874964306e-06
 159.5000000000    7.9159866457e-06
 160.0000000000    7.8449988879e-06
 160.5000000000    7.7747377773e-06
 161.0000000000    7.7052593226e-06
 161.5000000000    7.6364963562e-06
 162.0000000000    7.5683412325e-06
 162.5000000000    7.5007509737e-06
 163.0000000000    7.4337610002e-06
 163.5000000000    7.3674793252e-06
 164.0000000000    7.3020613430e-06
 164.5000000000    7.2376674456e-06
 165.0000000000    7.1743953212e-06
 165.5000000000    7.1122046167e-06
 166.0000000000    7.0509634449e-06
 166.5000000000    6.9906034966e-06
 167.0000000000    6.9312227391e-06
 167.5000000000    6.8730558445e-06
 168.0000000000    6.8163078891e-06
 168.5000000000    6.7609793904e-06
 169.0000000000    6.7068641348e-06
 169.5000000000    6.6537253739e-06
 170.0000000000    6.6015045143e-06
 170.5000000000    6.5503804114e-06
 171.0000000000    6.5006034923e-06
 171.5000000000    6.4522559390e-06
 172.0000000000    6.4051608153e-06
 172.5000000000    6.3590030627e-06
 173.0000000000    6.3135747728e-06
 173.5000000000    6.2689189386e-06
 174.0000000000    6.2252622271e-06
 174.5000000000    6.1827725129e-06
 175.0000000000    6.1413678281e-06
 175.5000000000    6.1007501580e-06
 176.0000000000    6.0606305777e-06
 176.5000000000    6.0209367020e-06
 177.0000000000    5.9818331846e-06
 177.5000000000    5.9435268436e-06
 178.0000000000    5.9060452569e-06
 178.5000000000    5.8691799211e-06
 179.0000000000    5.8326411419e-06
 179.5000000000    5.7962803194e-06
 180.0000000000    5.7601766894e-06
 180.5000000000    5.7245077390e-06
 181.0000000000    5.6893526760e-06
 181.5000000000    5.6546125153e-06
 182.0000000000    5.6200833602e-06
 182.5000000000    5.5856268613e-06
 183.0000000000    5.5512567493e-06
 183.5000000000    5.5170901594e-06
 184.0000000000    5.4832116610e-06
 184.5000000000    5.4495940307e-06
 185.0000000000    5.4161498411e-06
 185.5000000000    5.3828095210e-06
 186.0000000000    5.3495655252e-06
 186.5000000000    5.3164420367e-06
 187.0000000000    5.2834613974e-06
 187.5000000000    5.2506324956e-06
 188.0000000000    5.2179606892e-06
 188.5000000000    5.1854633064e-06
 189.0000000000    5.1531554182e-06
 189.5000000000    5.1210207167e-06
 190.0000000000    5.0889930199e-06
 190.5000000000    5.0570415703e-06
 191.0000000000    5.0252256988e-06
 191.5000000000    4.9936586954e-06
 192.0000000000    4.9624127415e-06
 192.5000000000    4.9314521493e-06
 193.0000000000    4.9006526629e-06
 193.5000000000    4.8699284241e-06
 194.0000000000    4.8393306113e-06
 194.5000000000    4.8090136175e-06
 195.0000000000    4.7791079115e-06
 195.5000000000    4.7496040171e-06
 196.0000000000    4.7203696340e-06
 196.5000000000    4.6912698668e-06
 197.0000000000    4.6622971031e-06
 197.5000000000    4.6335882241e-06
 198.0000000000    4.6053029752e-06
 198.5000000000    4.5774961172e-06
 199.0000000000    4.5500675680e-06
 199.5000000000    4.5228648505e-06
 200.0000000000    4.4958151351e-06
 200.5000000000    4.4689872419e-06
 201.0000000000    4.4425239304e-06
 201.5000000000    4.4165286617e-06
 202.0000000000    4.3909811233e-06
 202.5000000000    4.3657566412e-06
 203.0000000000    4.3407388107e-06
 203.5000000000    4.3159036189e-06
 204.0000000000    4.2913389256e-06
 204.5000000000    4.2671684560e-06
 205.0000000000    4.2434464185e-06
 205.5000000000    4.2201248388e-06
 206.0000000000    4.1970901241e-06
 206.5000000000    4.1742516601e-06
 207.0000000000    4.1515207465e-06
 207.5000000000    4.1291571484e-06
 208.0000000000    4.1071909293e-06
 208.5000000000    4.0856586765e-06
 209.0000000000    4.0644875201e-06
 209.5000000000    4.0435437609e-06
 210.0000000000    4.0227527131e-06
 210.5000000000    4.0021529397e-06
 211.0000000000    3.9818770724e-06
 211.5000000000    3.9620287556e-06
 212.0000000000    3.9426132000e-06
 212.5000000000    3.9235072997e-06
 213.0000000000    3.9045548205e-06
 213.5000000000    3.8856983376e-06
 214.0000000000    3.8670330826e-06
 214.5000000000    3.8487224507e-06
 215.0000000000    3.8308431296e-06
 215.5000000000    3.8133179864e-06
 216.0000000000    3.7959914767e-06
 216.5000000000    3.7787621092e-06
 217.0000000000    3.7616787207e-06
 217.5000000000    3.7449004965e-06
 218.0000000000    3.7285565772e-06
 218.5000000000    3.7126387109e-06
 219.0000000000    3.6970015067e-06
 219.5000000000    3.6814824662e-06
 220.0000000000    3.6660345783e-06
 220.5000000000    3.6507633339e-06
 221.0000000000    3.6358204793e-06
 221.5000000000    3.6212596134e-06
 222.0000000000    3.6069729076e-06
 222.5000000000    3.5927938541e-06
 223.0000000000    3.5786517564e-06
 223.5000000000    3.5646390645e-06
 224.0000000000    3.5509192633e-06
 224.5000000000    3.5375844060e-06
 225.0000000000    3.5245893566e-06
 225.5000000000    3.5118162700e-06
 226.0000000000    3.4991912337e-06
 226.5000000000    3.4867380693e-06
 227.0000000000    3.4745466600e-06
 227.5000000000    3.4626919017e-06
 228.0000000000    3.4511694322e-06
 228.5000000000    3.4398852609e-06
 229.0000000000    3.4287300909e-06
 229.5000000000    3.4176573011e-06
 230.0000000000    3.4067136324e-06
 230.5000000000    3.3959828212e-06
 231.0000000000    3.3854961248e-06
 231.5000000000    3.3751892213e-06
 232.0000000000    3.3649691995e-06
 232.5000000000    3.3548152066e-06
 233.0000000000    3.3447964806e-06
 233.5000000000    3.3350017344e-06
 234.0000000000    3.3254582574e-06
 234.5000000000    3.3161214676e-06
 235.0000000000    3.3069396428e-06
 235.5000000000    3.2980263434e-06
 236.0000000000    3.2891166054e-06
 236.5000000000    3.2805710145e-06
 237.0000000000    3.2722792633e-06
 237.5000000000    3.2643156603e-06
 238.0000000000    3.2564092652e-06
 238.5000000000    3.2486746145e-06
 239.0000000000    3.2410021356e-06
 239.5000000000    3.2336483735e-06
 240.0000000000    3.2266060163e-06
 240.5000000000    3.2195807730e-06
 241.0000000000    3.2125308086e-06
 241.5000000000    3.2058306626e-06
 242.0000000000    3.1990838650e-06
 242.5000000000    3.1924438771e-06
 243.0000000000    3.1859286532e-06
 243.5000000000    3.1793747408e-06
 244.0000000000    3.1730928595e-06
 244.5000000000    3.1668388401e-06
 245.0000000000    3.1605549134e-06
 245.5000000000    3.1543823563e-06
 246.0000000000    3.1483704273e-06
 246.5000000000    3.1425158044e-06
 247.0000000000    3.1367625813e-06
 247.5000000000    3.1310661125e-06
 248.0000000000    3.1254482136e-06
 248.5000000000    3.1199867978e-06
 249.0000000000    3.1147478465e-06
 249.5000000000    3.1097201072e-06
 250.0000000000    3.1048313240e-06
 250.5000000000    3.1000223347e-06
 251.0000000000    3.0953035784e-06
 251.5000000000    3.0907332478e-06
 252.0000000000    3.0863493017e-06
 252.5000000000    3.0821259773e-06
 253.0000000000    3.0779966497e-06
 253.5000000000    3.0739136174e-06
 254.0000000000    3.0698775395e-06
 254.5000000000    3.0659149240e-06
 255.0000000000    3.0620340306e-06
 255.5000000000    3.0582103765e-06
 256.0000000000    3.0544078213e-06
 256.5000000000    3.0506094771e-06
 257.0000000000    3.0468178120e-06
 257.5000000000    3.0430422279e-06
 258.0000000000    3.0392740621e-06
 258.5000000000    3.0355002746e-06
 259.0000000000    3.0317225473e-06
 259.5000000000    3.0279593441e-06
 260.0000000000    3.0242274132e-06
 260.5000000000    3.0205297792e-06
 261.0000000000    3.0168605333e-06
 261.5000000000    3.0132216360e-06
 262.0000000000    3.0096322630e-06
 262.5000000000    3.0061165897e-06
 263.0000000000    3.0026893691e-06
 263.5000000000    2.9993580897e-06
 264.0000000000    2.9961222458e-06
 264.5000000000    2.9930177031e-06
 265.0000000000    2.9900336479e-06
 265.5000000000    2.9871524307e-06
 266.0000000000    2.9843592600e-06
 266.5000000000    2.9816649873e-06
 267.0000000000    2.9791066746e-06
 267.5000000000    2.9767072697e-06
 268.0000000000    2.9744325802e-06
 268.5000000000    2.9721997825e-06
 269.0000000000    2.9699424073e-06
 269.5000000000    2.9676710010e-06
 270.0000000000    2.9654574839e-06
 270.5000000000    2.9633547357e-06
 271.0000000000    2.9613172114e-06
 271.5000000000    2.9592139253e-06
 272.0000000000    2.9569272419e-06
 272.5000000000    2.9544524479e-06
 273.0000000000    2.9518918597e-06
 273.5000000000    2.9493499088e-06
 274.0000000000    2.9468201661e-06
 274.5000000000    2.9441738745e-06
 275.0000000000    2.9412667193e-06
 275.5000000000    2.9380724712e-06
 276.0000000000    2.9347023082e-06
 276.5000000000    2.9313068890e-06
 277.0000000000    2.9279372635e-06
 277.5000000000    2.9245042657e-06
 278.0000000000    2.9208693117e-06
 278.5000000000    2.9169819813e-06
 279.0000000000    2.9129337844e-06
 279.5000000000    2.9088872204e-06
 280.0000000000    2.9049618836e-06
 280.5000000000    2.9011454199e-06
 281.0000000000    2.8973322361e-06
 281.5000000000    2.8934576198e-06
 282.0000000000    2.8895352268e-06
 282.5000000000    2.8856660597e-06
 283.0000000000    2.8819595490e-06
 283.5000000000    2.8784600241e-06
 284.0000000000    2.8751319739e-06
 284.5000000000    2.8718945539e-06
 285.0000000000    2.8686854985e-06
 285.5000000000    2.8655087482e-06
 286.0000000000    2.8624387358e-06
 286.5000000000    2.8595814268e-06
 287.0000000000    2.8569844260e-06
 287.5000000000    2.8545916537e-06
 288.0000000000    2.8522655479e-06
 288.5000000000    2.8498788608e-06
 289.0000000000    2.8474061072e-06
 289.5000000000    2.8449268441e-06
 290.0000000000    2.8425273061e-06
 290.5000000000    2.8401715714e-06
 291.0000000000    2.8376681228e-06
 291.5000000000    2.8347780958e-06
 292.0000000000    2.8313801782e-06
 292.5000000000    2.8275561629e-06
 293.0000000000    2.8234784315e-06
 293.5000000000    2.8192261764e-06
 294.0000000000    2.8146735101e-06
 294.5000000000    2.8095661839e-06
 295.0000000000    2.8037203168e-06
 295.5000000000    2.7971655367e-06
 296.0000000000    2.7900971469e-06
 296.5000000000    2.7826800380e-06
 297.0000000000    2.7748681652e-06
 297.5000000000    2.7664002326e-06
 298.0000000000    2.7569966075e-06
 298.5000000000    2.7465667536e-06
 299.0000000000    2.7352873694e-06
 299.5000000000    2.7234604526e-06
 300.0000000000    2.7112845815e-06
 300.5000000000    2.6987371813e-06
 301.0000000000    2.6856551775e-06
 301.5000000000    2.6719475735e-06
 302.0000000000    2.6577498358e-06
 302.5000000000    2.6433927131e-06
 303.0000000000    2.6292108299e-06
 303.5000000000    2.6153583091e-06
 304.0000000000    2.6017581999e-06
 304.5000000000    2.5882414441e-06
 305.0000000000    2.5747125294e-06
 305.5000000000    2.5612085705e-06
 306.0000000000    2.5478338035e-06
 306.5000000000    2.5346697566e-06
 307.0000000000    2.5217610150e-06
 307.5000000000    2.5091525805e-06
 308.0000000000    2.4969003457e-06
 308.5000000000    2.4850368293e-06
 309.0000000000    2.4735059481e-06
 309.5000000000    2.4621799690e-06
 310.0000000000    2.4509281481e-06
 310.5000000000    2.4396293498e-06
 311.0000000000    2.4282121578e-06
 311.5000000000    2.4165096714e-06
 312.0000000000    2.4041665530e-06
 312.5000000000    2.3906352790e-06
 313.0000000000    2.3753145664e-06
 313.5000000000    2.3577522260e-06
 314.0000000000    2.3377412597e-06
 314.5000000000    2.3152774461e-06
 315.0000000000    2.2904625797e-06
 315.5000000000    2.2635171963e-06
 316.0000000000    2.2349169752e-06
 316.5000000000    2.2054658784e-06
 317.0000000000    2.1761410416e-06
 317.5000000000    2.1478013482e-06
 318.0000000000    2.1210044430e-06
 318.5000000000    2.0960460034e-06
 319.0000000000    2.0730647796e-06
 319.5000000000    2.0521242299e-06
 320.0000000000    2.0332145233e-06
 320.5000000000    2.0161876784e-06
 321.0000000000    2.0007335357e-06
 321.5000000000    1.9866213275e-06
 322.0000000000    1.9736326296e-06
 322.5000000000    1.9615874104e-06
 323.0000000000    1.9503803458e-06
 323.5000000000    1.9399427198e-06
 324.0000000000    1.9301990489e-06
 324.5000000000    1.9210629200e-06
 325.0000000000    1.9124729812e-06
 325.5000000000    1.9044368936e-06
 326.0000000000    1.8970032377e-06
 326.5000000000    1.8902276822e-06
 327.0000000000    1.8840779734e-06
 327.5000000000    1.8784594957e-06
 328.0000000000    1.8732884718e-06
 328.5000000000    1.8685470700e-06
 329.0000000000    1.8642909783e-06
 329.5000000000    1.8605502726e-06
 330.0000000000    1.8572868769e-06
 330.5000000000    1.8544017526e-06
 331.0000000000    1.8518066235e-06
 331.5000000000    1.8494697039e-06
 332.0000000000    1.8474075918e-06
 332.5000000000    1.8456220708e-06
 333.0000000000    1.8440580489e-06
 333.5000000000    1.8426196194e-06
 334.0000000000    1.8412254366e-06
 334.5000000000    1.8398345890e-06
 335.0000000000    1.8384362883e-06
 335.5000000000    1.8370287393e-06
 336.0000000000    1.8356125132e-06
 336.5000000000    1.8341856653e-06
 337.0000000000    1.8327288857e-06
 337.5000000000    1.8312039755e-06
 338.0000000000    1.8295784303e-06
 338.5000000000    1.8278566679e-06
 339.0000000000    1.8260868620e-06
 339.5000000000    1.8243242295e-06
 340.0000000000    1.8225787027e-06
 340.5000000000    1.8208042808e-06
 341.0000000000    1.8189484637e-06
 341.5000000000    1.8170162754e-06
 342.0000000000    1.8150825212e-06
 342.5000000000    1.8132343585e-06
 343.0000000000    1.8114942668e-06
 343.5000000000    1.8098010964e-06
 344.0000000000    1.8080691214e-06
 344.5000000000    1.8062669136e-06
 345.0000000000    1.8044418493e-06
 345.5000000000    1.8026744582e-06
 346.0000000000    1.8010010607e-06
 346.5000000000    1.7993750001e-06
 347.0000000000    1.7977007845e-06
 347.5000000000    1.7959146208e-06
 348.0000000000    1.7940358685e-06
 348.5000000000    1.7921493282e-06
 349.0000000000    1.7903256379e-06
 349.5000000000    1.7885517158e-06
 350.0000000000    1.7867349944e-06
 350.5000000000    1.7847780541e-06
 351.0000000000    1.7826588695e-06
 351.5000000000    1.7804491102e-06
 352.0000000000    1.7782502483e-06
 352.5000000000    1.7760994468e-06
 353.0000000000    1.7739299049e-06
 353.5000000000    1.7716258421e-06
 354.0000000000    1.7691292856e-06
 354.5000000000    1.7665012768e-06
 355.0000000000    1.7638763086e-06
 355.5000000000    1.7613440675e-06
 356.0000000000    1.7588675965e-06
 356.5000000000    1.7563166560e-06
 357.0000000000    1.7535915970e-06
 357.5000000000    1.7507235761e-06
 358.0000000000    1.7478534292e-06
 358.5000000000    1.7451048111e-06
 359.0000000000    1.7424760757e-06
 359.5000000000    1.7398392140e-06
 360.0000000000    1.7370653007e-06
 360.5000000000    1.7341461032e-06
 361.0000000000    1.7312040663e-06
 361.5000000000    1.7283798172e-06
 362.0000000000    1.7257041871e-06
 362.5000000000    1.7230718134e-06
 363.0000000000    1.7203370888e-06
 363.5000000000    1.7174445288e-06
 364.0000000000    1.7144766594e-06
 364.5000000000    1.7115773268e-06
 365.0000000000    1.7088211004e-06
 365.5000000000    1.7061483298e-06
 366.0000000000    1.7034110966e-06
 366.5000000000    1.7005159682e-06
 367.0000000000    1.6974978400e-06
 367.5000000000    1.6944974079e-06
 368.0000000000    1.6916228974e-06
 368.5000000000    1.6888606124e-06
 369.0000000000    1.6860852972e-06
 369.5000000000    1.6831729467e-06
 370.0000000000    1.6801115344e-06
 370.5000000000    1.6770106029e-06
 371.0000000000    1.6740025065e-06
 371.5000000000    1.6711241287e-06
 372.0000000000    1.6682850771e-06
 372.5000000000    1.6653506892e-06
 373.0000000000    1.6622639751e-06
 373.5000000000    1.6590965893e-06
 374.0000000000    1.6559843242e-06
 374.5000000000    1.6530062804e-06
 375.0000000000    1.6501167998e-06
 375.5000000000    1.6471903079e-06
 376.0000000000    1.6441371756e-06
 376.5000000000    1.6409813629e-06
 377.0000000000    1.6378416646e-06
 377.5000000000    1.6348225682e-06
 378.0000000000    1.6319219542e-06
 378.5000000000    1.6290378145e-06
 379.0000000000    1.6260564336e-06
 379.5000000000    1.6229560924e-06
 380.0000000000    1.6198227208e-06
 380.5000000000    1.6167709920e-06
 381.0000000000    1.6138425497e-06
 381.5000000000    1.6109711831e-06
 382.0000000000    1.6080439440e-06
 382.5000000000    1.6050018336e-06
 383.0000000000    1.6018901392e-06
 383.5000000000    1.5988174635e-06
 384.0000000000    1.5958558914e-06
 384.5000000000    1.5929833136e-06
 385.0000000000    1.5901015128e-06
 385.5000000000    1.5871236356e-06
 386.0000000000    1.5840545830e-06
 386.5000000000    1.5809796293e-06
 387.0000000000    1.5779914797e-06
 387.5000000000    1.5751082315e-06
 388.0000000000    1.5722599555e-06
 388.5000000000    1.5693524842e-06
 389.0000000000    1.5663512477e-06
 389.5000000000    1.5633103346e-06
 390.0000000000    1.5603233792e-06
 390.5000000000    1.5574430984e-06
 391.0000000000    1.5546280270e-06
 391.5000000000    1.5517962324e-06
 392.0000000000    1.5488834681e-06
 392.5000000000    1.5459063595e-06
 393.0000000000    1.5429438490e-06
 393.5000000000    1.5400669367e-06
 394.0000000000    1.5372775482e-06
 394.5000000000    1.5345094052e-06
 395.0000000000    1.5316882262e-06
 395.5000000000    1.5287967828e-06
 396.0000000000    1.5258882817e-06
 396.5000000000    1.5230386160e-06
 397.0000000000    1.5202807992e-06
 397.5000000000    1.5175781348e-06
 398.0000000000    1.5148577768e-06
 398.5000000000    1.5120742607e-06
 399.0000000000    1.5092477772e-06
 399.5000000000    1.5064448739e-06
 400.0000000000    1.5037200316e-06
 400.5000000000    1.5010694801e-06
 401.0000000000    1.4984363800e-06
 401.5000000000    1.4957610745e-06
 402.0000000000    1.4930322327e-06
 402.5000000000    1.4902957405e-06
 403.0000000000    1.4876149394e-06
 403.5000000000    1.4850167427e-06
 404.0000000000    1.4824698986e-06
 404.5000000000    1.4799128952e-06
 405.0000000000    1.4773070170e-06
 405.5000000000    1.4746693118e-06
 406.0000000000    1.4720576027e-06
 406.5000000000    1.4695208033e-06
 407.0000000000    1.4670573644e-06
 407.5000000000    1.4646172461e-06
 408.0000000000    1.4621454396e-06
 408.5000000000    1.4596293318e-06
 409.0000000000    1.4571094579e-06
 409.5000000000    1.4546449264e-06
 410.0000000000    1.4522632213e-06
 410.5000000000    1.4499373617e-06
 411.0000000000    1.4476098459e-06
 411.5000000000    1.4452420280e-06
 412.0000000000    1.4428489131e-06
 412.5000000000    1.4404788065e-06
 413.0000000000    1.4381805912e-06
 413.5000000000    1.4359540847e-06
 414.0000000000    1.4337512173e-06
 414.5000000000    1.4315159696e-06
 415.0000000000    1.4292275094e-06
 415.5000000000    1.4269265119e-06
 416.0000000000    1.4246653384e-06
 416.5000000000    1.4224704874e-06
 417.0000000000    1.4203158736e-06
 417.5000000000    1.4181443108e-06
 418.0000000000    1.4159186778e-06
 418.5000000000    1.4136514947e-06
 419.0000000000    1.4114018778e-06
 419.5000000000    1.4092234399e-06
 420.0000000000    1.4071234653e-06
 420.5000000000    1.4050550826e-06
 421.0000000000    1.4029656373e-06
 421.5000000000    1.4008412124e-06
 422.0000000000    1.3987229391e-06
 422.5000000000    1.3966747570e-06
 423.0000000000    1.3947247086e-06
 423.5000000000    1.3928447498e-06
 424.0000000000    1.3909725151e-06
 424.5000000000    1.3890635512e-06
 425.0000000000    1.3871278434e-06
 425.5000000000    1.3852185901e-06
 426.0000000000    1.3833909884e-06
 426.5000000000    1.3816380702e-06
 427.0000000000    1.3799037084e-06
 427.5000000000    1.3781267646e-06
 428.0000000000    1.3762977079e-06
 428.5000000000    1.3744586034e-06
 429.0000000000    1.3726798749e-06
 429.5000000000    1.3709935006e-06
 430.0000000000    1.3693668942e-06
 430.5000000000    1.3677339189e-06
 431.0000000000    1.3660525587e-06
 431.5000000000    1.3643431259e-06
 432.0000000000    1.3626713563e-06
 432.5000000000    1.3610902063e-06
 433.0000000000    1.3595931221e-06
 433.5000000000    1.3581157691e-06
 434.0000000000    1.3565932440e-06
 434.5000000000    1.3550151877e-06
 435.0000000000    1.3534363163e-06
 435.5000000000    1.3519286524e-06
 436.0000000000    1.3505187574e-06
 436.5000000000    1.3491631925e-06
 437.0000000000    1.3477878317e-06
 437.5000000000    1.3463527127e-06
 438.0000000000    1.3448888489e-06
 438.5000000000    1.3434721479e-06
 439.0000000000    1.3421567774e-06
 439.5000000000    1.3409262576e-06
 440.0000000000    1.3397071237e-06
 440.5000000000    1.3384317488e-06
 441.0000000000    1.3370984560e-06
 441.5000000000    1.3357734358e-06
 442.0000000000    1.3345290969e-06
 442.5000000000    1.3333894812e-06
 443.0000000000    1.3322951546e-06
 443.5000000000    1.3311638482e-06
 444.0000000000    1.3299597991e-06
 444.5000000000    1.3287285605e-06
 445.0000000000    1.3275485435e-06
 445.5000000000    1.3264739321e-06
 446.0000000000    1.3254771006e-06
 446.5000000000    1.3244754879e-06
 447.0000000000    1.3234031256e-06
 447.5000000000    1.3222701266e-06
 448.0000000000    1.3211547211e-06
 448.5000000000    1.3201352831e-06
 449.0000000000    1.3192201267e-06
 449.5000000000    1.3183403992e-06
 450.0000000000    1.3174092752e-06
 450.5000000000    1.3163990070e-06
 451.0000000000    1.3153662108e-06
 451.5000000000    1.3144025871e-06
 452.0000000000    1.3135538463e-06
 452.5000000000    1.3127784664e-06
 453.0000000000    1.3119833881e-06
 453.5000000000    1.3111059030e-06
 454.0000000000    1.3101695412e-06
 454.5000000000    1.3092639537e-06
 455.0000000000    1.3084659759e-06
 455.5000000000    1.3077712748e-06
 456.0000000000    1.3070971710e-06
 456.5000000000    1.3063548618e-06
 457.0000000000    1.3055278225e-06
 457.5000000000    1.3046871412e-06
 458.0000000000    1.3039293602e-06
 458.5000000000    1.3032910157e-06
 459.0000000000    1.3027154152e-06
 459.5000000000    1.3021017583e-06
 460.0000000000    1.3013939797e-06
 460.5000000000    1.3006309199e-06
 461.0000000000    1.2999128765e-06
 461.5000000000    1.2993130497e-06
 462.0000000000    1.2988119051e-06
 462.5000000000    1.2983132758e-06
 463.0000000000    1.2977288455e-06
 463.5000000000    1.2970564734e-06
 464.0000000000    1.2963827260e-06
 464.5000000000    1.2958042881e-06
 465.0000000000    1.2953501489e-06
 465.5000000000    1.2949446674e-06
 466.0000000000    1.2944841409e-06
 466.5000000000    1.2939181755e-06
 467.0000000000    1.2933055340e-06
 467.5000000000    1.2927550187e-06
 468.0000000000    1.2923320170e-06
 468.5000000000    1.2920002191e-06
 469.0000000000    1.2916527994e-06
 469.5000000000    1.2912062619e-06
 470.0000000000    1.2906745010e-06
 470.5000000000    1.2901572144e-06
 471.0000000000    1.2897521743e-06
 471.5000000000    1.2894683631e-06
 472.0000000000    1.2892169401e-06
 472.5000000000    1.2888889190e-06
 473.0000000000    1.2884515296e-06
 473.5000000000    1.2879778556e-06
 474.0000000000    1.2875827309e-06
 474.5000000000    1.2873209370e-06
 475.0000000000    1.2871377246e-06
 475.5000000000    1.2869161909e-06
 476.0000000000    1.2865803439e-06
 476.5000000000    1.2861627507e-06
 477.0000000000    1.2857762999e-06
 477.5000000000    1.2855144811e-06
 478.0000000000    1.2853674383e-06
 478.5000000000    1.2852324012e-06
 479.0000000000    1.2850015852e-06
 479.5000000000    1.2846576431e-06
 480.0000000000    1.2842922275e-06
 480.5000000000    1.2840230728e-06
 481.0000000000    1.2838907942e-06
 481.5000000000    1.2838225347e-06
 482.0000000000    1.2836956659e-06
 482.5000000000    1.2834457576e-06
 483.0000000000    1.2831237522e-06
 483.5000000000    1.2828515276e-06
 484.0000000000    1.2827143027e-06
 484.5000000000    1.2826845544e-06
 485.0000000000    1.2826451771e-06
 485.5000000000    1.2824922248e-06
 486.0000000000    1.2822269138e-06
 486.5000000000    1.2819552211e-06
 487.0000000000    1.2817945418e-06
 487.5000000000    1.2817694364e-06
 488.0000000000    1.2817890743e-06
 488.5000000000    1.2817269951e-06
 489.0000000000    1.2815330296e-06
 489.5000000000    1.2812783331e-06
 490.0000000000    1.2810932404e-06
 490.5000000000    1.2810524321e-06
 491.0000000000    1.2811086984e-06
 491.5000000000    1.2811342167e-06
 492.0000000000    1.2810333475e-06
 492.5000000000    1.2808273655e-06
 493.0000000000    1.2806360179e-06
 493.5000000000    1.2805719132e-06
 494.0000000000    1.2806405132e-06
 494.5000000000    1.2807340337e-06
 495.0000000000    1.2807229668e-06
 495.5000000000    1.2805777573e-06
 496.0000000000    1.2803846988e-06
 496.5000000000    1.2802777152e-06
 497.0000000000    1.2803173093e-06
 497.5000000000    1.2804387374e-06
 498.0000000000    1.2805006961e-06
 498.5000000000    1.2804205822e-06
 499.0000000000    1.2802401268e-06
 499.5000000000    1.2800915572e-06
 500.0000000000    1.2800809982e-06
 500.5000000000    1.2801947014e-06
 501.0000000000    1.2803111437e-06
 501.5000000000    1.2803085411e-06
 502.0000000000    1.2801729701e-06
 502.5000000000    1.2800115909e-06
 503.0000000000    1.2799591471e-06
 503.5000000000    1.2800598629e-06
 504.0000000000    1.2802285724e-06
 504.5000000000    1.2803254194e-06
 505.0000000000    1.2802788320e-06
 505.5000000000    1.2801488127e-06
 506.0000000000    1.2800744531e-06
 506.5000000000    1.2801510142e-06
 507.0000000000    1.2803418593e-06
 507.5000000000    1.2805165239e-06
 508.0000000000    1.2805561545e-06
 508.5000000000    1.2804580809e-06
 509.0000000000    1.2803465633e-06
 509.5000000000    1.2803545599e-06
 510.0000000000    1.2805074015e-06
 510.5000000000    1.2806990631e-06
 511.0000000000    1.2807853502e-06
 511.5000000000    1.2807115503e-06
 512.0000000000    1.2805611430e-06
 512.5000000000    1.2804812263e-06
 513.0000000000    1.2805534363e-06
 513.5000000000    1.2807264291e-06
 514.0000000000    1.2808546420e-06
 514.5000000000    1.2808358978e-06
 515.0000000000    1.2806968363e-06
 515.5000000000    1.2805747893e-06
 516.0000000000    1.2805979184e-06
 516.5000000000    1.2807670192e-06
 517.0000000000    1.2809669440e-06
 517.5000000000    1.2810600609e-06
 518.0000000000    1.2810100410e-06
 518.5000000000    1.2809144651e-06
 519.0000000000    1.2809158091e-06
 519.5000000000    1.2810862111e-06
 520.0000000000    1.2813492593e-06
 520.5000000000    1.2815536056e-06
 521.0000000000    1.2816056545e-06
 521.5000000000    1.2815328757e-06
 522.0000000000    1.2814921589e-06
 522.5000000000    1.2815986421e-06
 523.0000000000    1.2818376221e-06
 523.5000000000    1.2820682201e-06
 524.0000000000    1.2821511049e-06
 524.5000000000    1.2820714495e-06
 525.0000000000    1.2819447305e-06
 525.5000000000    1.2819248930e-06
 526.0000000000    1.2820588566e-06
 526.5000000000    1.2822419379e-06
 527.0000000000    1.2823303220e-06
 527.5000000000    1.2822449212e-06
 528.0000000000    1.2820666714e-06
 528.5000000000    1.2819415954e-06
 529.0000000000    1.2819788301e-06
 529.5000000000    1.2821360021e-06
 530.0000000000    1.2822736018e-06
 530.5000000000    1.2822671758e-06
 531.0000000000    1.2821291233e-06
 531.5000000000    1.2819923669e-06
 532.0000000000    1.2819982877e-06
 532.5000000000    1.2821652782e-06
 533.0000000000    1.2823968822e-06
 533.5000000000    1.2825329015e-06
 534.0000000000    1.2825192994e-06
 534.5000000000    1.2824317000e-06
 535.0000000000    1.2824322419e-06
 535.5000000000    1.2826086888e-06
 536.0000000000    1.2828989863e-06
 536.5000000000    1.2831479612e-06
 537.0000000000    1.2832232068e-06
 537.5000000000    1.2831538166e-06
 538.0000000000    1.2830930987e-06
 538.5000000000    1.2831764689e-06
 539.0000000000    1.2834017336e-06
 539.5000000000    1.2836286387e-06
 540.0000000000    1.2836977810e-06
 540.5000000000    1.2835890496e-06
 541.0000000000    1.2834142760e-06
 541.5000000000    1.2833396237e-06
 542.0000000000    1.2834365820e-06
 542.5000000000    1.2836032959e-06
 543.0000000000    1.2836808207e-06
 543.5000000000    1.2835788793e-06
 544.0000000000    1.2833681609e-06
 544.5000000000    1.2831993044e-06
 545.0000000000    1.2831974986e-06
 545.5000000000    1.2833316488e-06
 546.0000000000    1.2834541699e-06
 546.5000000000    1.2834288304e-06
 547.0000000000    1.2832523955e-06
 547.5000000000    1.2830557364e-06
 548.0000000000    1.2829993656e-06
 548.5000000000    1.2831227553e-06
 549.0000000000    1.2833176569e-06
 549.5000000000    1.2834270138e-06
 550.0000000000    1.2833745990e-06
 550.5000000000    1.2832312781e-06
 551.0000000000    1.2831766443e-06
 551.5000000000    1.2833066264e-06
 552.0000000000    1.2835711069e-06
 552.5000000000    1.2838064137e-06
 553.0000000000    1.2838773152e-06
 553.5000000000    1.2838062722e-06
 554.0000000000    1.2837220946e-06
 554.5000000000    1.2837877977e-06
 555.0000000000    1.2840230697e-06
 555.5000000000    1.2842856535e-06
 556.0000000000    1.2844115118e-06
 556.5000000000    1.2843392710e-06
 557.0000000000    1.2841906323e-06
 557.5000000000    1.2841263723e-06
 558.0000000000    1.2842400908e-06
 558.5000000000    1.2844408974e-06
 559.0000000000    1.2845524991e-06
 559.5000000000    1.2844709834e-06
 560.0000000000    1.2842361946e-06
 560.5000000000    1.2840190998e-06
 561.0000000000    1.2839583596e-06
 561.5000000000    1.2840374214e-06
 562.0000000000    1.2841119613e-06
 562.5000000000    1.2840254942e-06
 563.0000000000    1.2837684595e-06
 563.5000000000    1.2834647978e-06
 564.0000000000    1.2832913665e-06
 564.5000000000    1.2833011748e-06
 565.0000000000    1.2833964754e-06
 565.5000000000    1.2834049910e-06
 566.0000000000    1.2832496296e-06
 566.5000000000    1.2829923429e-06
 567.0000000000    1.2828073940e-06
 567.5000000000    1.2828000976e-06
 568.0000000000    1.2829425879e-06
 568.5000000000    1.2830797035e-06
 569.0000000000    1.2830653088e-06
 569.5000000000    1.2828932062e-06
 570.0000000000    1.2827052739e-06
 570.5000000000    1.2826513570e-06
 571.0000000000    1.2827883833e-06
 571.5000000000    1.2829899377e-06
 572.0000000000    1.2830791235e-06
 572.5000000000    1.2829788501e-06
 573.0000000000    1.2827754276e-06
 573.5000000000    1.2826480116e-06
 574.0000000000    1.2827042286e-06
 574.5000000000    1.2828750557e-06
 575.0000000000    1.2830007170e-06
 575.5000000000    1.2829366361e-06
 576.0000000000    1.2827161675e-06
 576.5000000000    1.2824861994e-06
 577.0000000000    1.2824113997e-06
 577.5000000000    1.2824986597e-06
 578.0000000000    1.2826069799e-06
 578.5000000000    1.2825622610e-06
 579.0000000000    1.2823192808e-06
 579.5000000000    1.2820038802e-06
 580.0000000000    1.2817854793e-06
 580.5000000000    1.2817435284e-06
 581.0000000000    1.2817897395e-06
 581.5000000000    1.2817429059e-06
 582.0000000000    1.2815006449e-06
 582.5000000000    1.2811169503e-06
 583.0000000000    1.2807639113e-06
 583.5000000000    1.2805765108e-06
 584.0000000000    1.2805430420e-06
 584.5000000000    1.2805093638e-06
 585.0000000000    1.2803233605e-06
 585.5000000000    1.2799682697e-06
 586.0000000000    1.2795796669e-06
 586.5000000000    1.2793320543e-06
 587.0000000000    1.2792788152e-06
 587.5000000000    1.2793163773e-06
 588.0000000000    1.2792755055e-06
 588.5000000000    1.2790604840e-06
 589.0000000000    1.2787434148e-06
 589.5000000000    1.2784987033e-06
 590.0000000000    1.2784495720e-06
 590.5000000000    1.2785581987e-06
 591.0000000000    1.2786571303e-06
 591.5000000000    1.2785958001e-06
 592.0000000000    1.2783731218e-06
 592.5000000000    1.2781386390e-06
 593.0000000000    1.2780595685e-06
 593.5000000000    1.2781708110e-06
 594.0000000000    1.2783409810e-06
 594.5000000000    1.2783856218e-06
 595.0000000000    1.2782280207e-06
 595.5000000000    1.2779651495e-06
 596.0000000000    1.2777796651e-06
 596.5000000000    1.2777755174e-06
 597.0000000000    1.2778834291e-06
 597.5000000000    1.2779205882e-06
 598.0000000000    1.2777548371e-06
 598.5000000000    1.2774122092e-06
 599.0000000000    1.2770667582e-06
 599.5000000000    1.2768775333e-06
 600.0000000000    1.2768517961e-06
 600.5000000000    1.2768399173e-06
 601.0000000000    1.2766658290e-06
 601.5000000000    1.2762926669e-06
 602.0000000000    1.2758425021e-06
 602.5000000000    1.2754981812e-06
 603.0000000000    1.2753397067e-06
 603.5000000000    1.2752751500e-06
 604.0000000000    1.2751231182e-06
 604.5000000000    1.2747755652e-06
 605.0000000000    1.2742864469e-06
 605.5000000000    1.2738338540e-06
 606.0000000000    1.2735562522e-06
 606.5000000000    1.2734391838e-06
 607.0000000000    1.2733309300e-06
 607.5000000000    1.2730618726e-06
 608.0000000000    1.2726168460e-06
 608.5000000000    1.2721336348e-06
 609.0000000000    1.2717874434e-06
 609.5000000000    1.2716353302e-06
 610.0000000000    1.2715762775e-06
 610.5000000000    1.2714272633e-06
 611.0000000000    1.2710937581e-06
 611.5000000000    1.2706503988e-06
 612.0000000000    1.2702760564e-06
 612.5000000000    1.2700967387e-06
 613.0000000000    1.2700740947e-06
 613.5000000000    1.2700380217e-06
 614.0000000000    1.2698355076e-06
 614.5000000000    1.2694651668e-06
 615.0000000000    1.2690785570e-06
 615.5000000000    1.2688463743e-06
 616.0000000000    1.2688070283e-06
 616.5000000000    1.2688314241e-06
 617.0000000000    1.2687356519e-06
 617.5000000000    1.2684425898e-06
 618.0000000000    1.2680497450e-06
 618.5000000000    1.2677428535e-06
 619.0000000000    1.2676310978e-06
 619.5000000000    1.2676494903e-06
 620.0000000000    1.2676150641e-06
 620.5000000000    1.2673875941e-06
 621.0000000000    1.2669930715e-06
 621.5000000000    1.2666003261e-06
 622.0000000000    1.2663713550e-06
 622.5000000000    1.2663173455e-06
 623.0000000000    1.2662879987e-06
 623.5000000000    1.2661038483e-06
 624.0000000000    1.2657145841e-06
 624.5000000000    1.2652432988e-06
 625.0000000000    1.2648773073e-06
 625.5000000000    1.2647021351e-06
 626.0000000000    1.2646256973e-06
 626.5000000000    1.2644595833e-06
 627.0000000000    1.2640856703e-06
 627.5000000000    1.2635603702e-06
 628.0000000000    1.2630645325e-06
 628.5000000000    1.2627436674e-06
 629.0000000000    1.2625800059e-06
 629.5000000000    1.2624092025e-06
 630.0000000000    1.2620664005e-06
 630.5000000000    1.2615322036e-06
 631.0000000000    1.2609500025e-06
 631.5000000000    1.2605000552e-06
 632.0000000000    1.2602418925e-06
 632.5000000000    1.2600636122e-06
 633.0000000000    1.2597820054e-06
 633.5000000000    1.2593048255e-06
 634.0000000000    1.2587126095e-06
 634.5000000000    1.2581886873e-06
 635.0000000000    1.2578592682e-06
 635.5000000000    1.2576838873e-06
 636.0000000000    1.2574920235e-06
 636.5000000000    1.2571335863e-06
 637.0000000000    1.2566113470e-06
 637.5000000000    1.2560791919e-06
 638.0000000000    1.2557075208e-06
 638.5000000000    1.2555336358e-06
 639.0000000000    1.2554285602e-06
 639.5000000000    1.2552098694e-06
 640.0000000000    1.2548018676e-06
 640.5000000000    1.2543022452e-06
 641.0000000000    1.2538960167e-06
 641.5000000000    1.2536919196e-06
 642.0000000000    1.2536252575e-06
 642.5000000000    1.2535135022e-06
 643.0000000000    1.2532161703e-06
 643.5000000000    1.2527581795e-06
 644.0000000000    1.2523074570e-06
 644.5000000000    1.2520259581e-06
 645.0000000000    1.2519254610e-06
 645.5000000000    1.2518558256e-06
 646.0000000000    1.2516365325e-06
 646.5000000000    1.2512155493e-06
 647.0000000000    1.2507149702e-06
 647.5000000000    1.2503227749e-06
 648.0000000000    1.2501261921e-06
 648.5000000000    1.2500340230e-06
 649.0000000000    1.2498568251e-06
 649.5000000000    1.2494741559e-06
 650.0000000000    1.2489410127e-06
 650.5000000000    1.2484392384e-06
 651.0000000000    1.2481167770e-06
 651.5000000000    1.2479569291e-06
 652.0000000000    1.2477932777e-06
 652.5000000000    1.2474570018e-06
 653.0000000000    1.2469262495e-06
 653.5000000000    1.2463455236e-06
 654.0000000000    1.2458981308e-06
 654.5000000000    1.2456445743e-06
 655.0000000000    1.2454696871e-06
 655.5000000000    1.2451849698e-06
 656.0000000000    1.2446954094e-06
 656.5000000000    1.2440834562e-06
 657.0000000000    1.2435362830e-06
 657.5000000000    1.2431809254e-06
 658.0000000000    1.2429728662e-06
 658.5000000000    1.2427360744e-06
 659.0000000000    1.2423187554e-06
 659.5000000000    1.2417273154e-06
 660.0000000000    1.2411206255e-06
 660.5000000000    1.2406700992e-06
 661.0000000000    1.2404090648e-06
 661.5000000000    1.2402039822e-06
 662.0000000000    1.2398725186e-06
 662.5000000000    1.2393442032e-06
 663.0000000000    1.2387223226e-06
 663.5000000000    1.2381928647e-06
 664.0000000000    1.2378609079e-06
 664.5000000000    1.2376584208e-06
 665.0000000000    1.2374043936e-06
 665.5000000000    1.2369642381e-06
 666.0000000000    1.2363682122e-06
 666.5000000000    1.2357848168e-06
 667.0000000000    1.2353726880e-06
 667.5000000000    1.2351412099e-06
 668.0000000000    1.2349423861e-06
 668.5000000000    1.2346011416e-06
 669.0000000000    1.2340695493e-06
 669.5000000000    1.2334693361e-06
 670.0000000000    1.2329850724e-06
 670.5000000000    1.2327018149e-06
 671.0000000000    1.2325300782e-06
 671.5000000000    1.2322844503e-06
 672.0000000000    1.2318469411e-06
 672.5000000000    1.2312712514e-06
 673.0000000000    1.2307357691e-06
 673.5000000000    1.2303863270e-06
 674.0000000000    1.2302072273e-06
 674.5000000000    1.2300345876e-06
 675.0000000000    1.2297006387e-06
 675.5000000000    1.2291817670e-06
 676.0000000000    1.2286194226e-06
 676.5000000000    1.2281951030e-06
 677.0000000000    1.2279696814e-06
 677.5000000000    1.2278291532e-06
 678.0000000000    1.2275849353e-06
 678.5000000000    1.2271401526e-06
 679.0000000000    1.2265749115e-06
 679.5000000000    1.2260751670e-06
 680.0000000000    1.2257680653e-06
 680.5000000000    1.2256092781e-06
 681.0000000000    1.2254218786e-06
 681.5000000000    1.2250523042e-06
 682.0000000000    1.2245055605e-06
 682.5000000000    1.2239403195e-06
 683.0000000000    1.2235284254e-06
 683.5000000000    1.2233030201e-06
 684.0000000000    1.2231292839e-06
 684.5000000000    1.2228233971e-06
 685.0000000000    1.2223145104e-06
 685.5000000000    1.2217068476e-06
 686.0000000000    1.2211874247e-06
 686.5000000000    1.2208610821e-06
 687.0000000000    1.2206583023e-06
 687.5000000000    1.2203967868e-06
 688.0000000000    1.2199421761e-06
 688.5000000000    1.2193262482e-06
 689.0000000000    1.2187187070e-06
 689.5000000000    1.2182777134e-06
 690.0000000000    1.2180108771e-06
 690.5000000000    1.2177689300e-06
 691.0000000000    1.2173774178e-06
 691.5000000000    1.2167903978e-06
 692.0000000000    1.2161309248e-06
 692.5000000000    1.2155828125e-06
 693.0000000000    1.2152290860e-06
 693.5000000000    1.2149793521e-06
 694.0000000000    1.2146499468e-06
 694.5000000000    1.2141261075e-06
 695.0000000000    1.2134633141e-06
 695.5000000000    1.2128386553e-06
 696.0000000000    1.2123952454e-06
 696.5000000000    1.2121168275e-06
 697.0000000000    1.2118428514e-06
 697.5000000000    1.2114104608e-06
 698.0000000000    1.2107981680e-06
 698.5000000000    1.2101448544e-06
 699.0000000000    1.2096276443e-06
 699.5000000000    1.2093063129e-06
 700.0000000000    1.2090710789e-06
