#          time             Min_Chi
   0.0000000000    4.9855938230e-01
   0.5000000000    4.9837101881e-01
   1.0000000000    4.9801751616e-01
   1.5000000000    4.9768754614e-01
   2.0000000000    4.9742269784e-01
   2.5000000000    4.9721749846e-01
   3.0000000000    4.9702351200e-01
   3.5000000000    4.9683433174e-01
   4.0000000000    4.9664576782e-01
   4.5000000000    4.9644554148e-01
   5.0000000000    4.9625259176e-01
   5.5000000000    4.9604078066e-01
   6.0000000000    4.9584342886e-01
   6.5000000000    4.9562265095e-01
   7.0000000000    4.9541664983e-01
   7.5000000000    4.9519408830e-01
   8.0000000000    4.9498112156e-01
   8.5000000000    4.9475778953e-01
   9.0000000000    4.9453955716e-01
   9.5000000000    4.9431657877e-01
  10.0000000000    4.9409492162e-01
  10.5000000000    4.9387344622e-01
  11.0000000000    4.9364992603e-01
  11.5000000000    4.9343097510e-01
  12.0000000000    4.9320715880e-01
  12.5000000000    4.9299126609e-01
  13.0000000000    4.9276833440e-01
  13.5000000000    4.9255617815e-01
  14.0000000000    4.9233532312e-01
  14.5000000000    4.9212756075e-01
  15.0000000000    4.9190949794e-01
  15.5000000000    4.9170632491e-01
  16.0000000000    4.9149179286e-01
  16.5000000000    4.9129239257e-01
  17.0000000000    4.9108326745e-01
  17.5000000000    4.9089029187e-01
  18.0000000000    4.9068469163e-01
  18.5000000000    4.9049704090e-01
  19.0000000000    4.9029643334e-01
  19.5000000000    4.9011413853e-01
  20.0000000000    4.8991905968e-01
  20.5000000000    4.8974218019e-01
  21.0000000000    4.8955252534e-01
  21.5000000000    4.8938126039e-01
  22.0000000000    4.8919735027e-01
  22.5000000000    4.8903053213e-01
  23.0000000000    4.8885451514e-01
  23.5000000000    4.8869300056e-01
  24.0000000000    4.8852135352e-01
  24.5000000000    4.8836647681e-01
  25.0000000000    4.8820038643e-01
  25.5000000000    4.8805106533e-01
  26.0000000000    4.8789061287e-01
  26.5000000000    4.8774638771e-01
  27.0000000000    4.8759199910e-01
  27.5000000000    4.8745290570e-01
  28.0000000000    4.8730436666e-01
  28.5000000000    4.8717040699e-01
  29.0000000000    4.8702755249e-01
  29.5000000000    4.8689854047e-01
  30.0000000000    4.8676123394e-01
  30.5000000000    4.8663686888e-01
  31.0000000000    4.8650413636e-01
  31.5000000000    4.8638484914e-01
  32.0000000000    4.8625932238e-01
  32.5000000000    4.8614506668e-01
  33.0000000000    4.8602239402e-01
  33.5000000000    4.8591265465e-01
  34.0000000000    4.8579595145e-01
  34.5000000000    4.8569044942e-01
  35.0000000000    4.8557795160e-01
  35.5000000000    4.8547713686e-01
  36.0000000000    4.8536926368e-01
  36.5000000000    4.8527264646e-01
  37.0000000000    4.8516893660e-01
  37.5000000000    4.8507658690e-01
  38.0000000000    4.8497690932e-01
  38.5000000000    4.8488880977e-01
  39.0000000000    4.8479294607e-01
  39.5000000000    4.8470900994e-01
  40.0000000000    4.8461674258e-01
  40.5000000000    4.8453678389e-01
  41.0000000000    4.8444788079e-01
  41.5000000000    4.8437199161e-01
  42.0000000000    4.8428618419e-01
  42.5000000000    4.8421428486e-01
  43.0000000000    4.8413151371e-01
  43.5000000000    4.8406350111e-01
  44.0000000000    4.8398328887e-01
  44.5000000000    4.8391943051e-01
  45.0000000000    4.8384203513e-01
  45.5000000000    4.8378178010e-01
  46.0000000000    4.8370622805e-01
  46.5000000000    4.8364992498e-01
  47.0000000000    4.8357681387e-01
  47.5000000000    4.8352449603e-01
  48.0000000000    4.8345297743e-01
  48.5000000000    4.8340407651e-01
  49.0000000000    4.8333448114e-01
  49.5000000000    4.8328728083e-01
  50.0000000000    4.8322156010e-01
  50.5000000000    4.8317558934e-01
  51.0000000000    4.8311359643e-01
  51.5000000000    4.8306861634e-01
  52.0000000000    4.8301046294e-01
  52.5000000000    4.8296638202e-01
  53.0000000000    4.8291199284e-01
  53.5000000000    4.8286832712e-01
  54.0000000000    4.8281758961e-01
  54.5000000000    4.8277388876e-01
  55.0000000000    4.8272593367e-01
  55.5000000000    4.8268006865e-01
  56.0000000000    4.8263197377e-01
  56.5000000000    4.8257796733e-01
  57.0000000000    4.8252064469e-01
  57.5000000000    4.8244706149e-01
  58.0000000000    4.8237481598e-01
  58.5000000000    4.8229153675e-01
  59.0000000000    4.8223307440e-01
  59.5000000000    4.8217895796e-01
  60.0000000000    4.8215432790e-01
  60.5000000000    4.8212037601e-01
  61.0000000000    4.8210580452e-01
  61.5000000000    4.8207077025e-01
  62.0000000000    4.8205630297e-01
  62.5000000000    4.8202191823e-01
  63.0000000000    4.8200289743e-01
  63.5000000000    4.8196574972e-01
  64.0000000000    4.8194196187e-01
  64.5000000000    4.8191100016e-01
  65.0000000000    4.8188935332e-01
  65.5000000000    4.8186088594e-01
  66.0000000000    4.8183552692e-01
  66.5000000000    4.8181106070e-01
  67.0000000000    4.8178522175e-01
  67.5000000000    4.8176422765e-01
  68.0000000000    4.8173628565e-01
  68.5000000000    4.8172006036e-01
  69.0000000000    4.8169043937e-01
  69.5000000000    4.8167821808e-01
  70.0000000000    4.8164664631e-01
  70.5000000000    4.8163518511e-01
  71.0000000000    4.8160584884e-01
  71.5000000000    4.8159234473e-01
  72.0000000000    4.8156741350e-01
  72.5000000000    4.8155162476e-01
  73.0000000000    4.8153134148e-01
  73.5000000000    4.8151328110e-01
  74.0000000000    4.8149792881e-01
  74.5000000000    4.8147748831e-01
  75.0000000000    4.8146709934e-01
  75.5000000000    4.8144414447e-01
  76.0000000000    4.8143886620e-01
  76.5000000000    4.8141330179e-01
  77.0000000000    4.8140653587e-01
  77.5000000000    4.8138441701e-01
  78.0000000000    4.8137472988e-01
  78.5000000000    4.8135818824e-01
  79.0000000000    4.8134573491e-01
  79.5000000000    4.8133492877e-01
  80.0000000000    4.8131902643e-01
  80.5000000000    4.8131341864e-01
  81.0000000000    4.8129357980e-01
  81.5000000000    4.8129219754e-01
  82.0000000000    4.8127175559e-01
  82.5000000000    4.8126915105e-01
  83.0000000000    4.8125443961e-01
  83.5000000000    4.8124444848e-01
  84.0000000000    4.8123391592e-01
  84.5000000000    4.8122230647e-01
  85.0000000000    4.8122021993e-01
  85.5000000000    4.8120436947e-01
  86.0000000000    4.8120620876e-01
  86.5000000000    4.8118847481e-01
  87.0000000000    4.8118586508e-01
  87.5000000000    4.8117444962e-01
  88.0000000000    4.8116767703e-01
  88.5000000000    4.8116339254e-01
  89.0000000000    4.8115216712e-01
  89.5000000000    4.8115495496e-01
  90.0000000000    4.8113917384e-01
  90.5000000000    4.8114037488e-01
  91.0000000000    4.8112880232e-01
  91.5000000000    4.8112513072e-01
  92.0000000000    4.8112101819e-01
  92.5000000000    4.8111256869e-01
  93.0000000000    4.8111627612e-01
  93.5000000000    4.8110273931e-01
  94.0000000000    4.8110563395e-01
  94.5000000000    4.8109567657e-01
  95.0000000000    4.8109324565e-01
  95.5000000000    4.8109148991e-01
  96.0000000000    4.8108384214e-01
  96.5000000000    4.8109047158e-01
  97.0000000000    4.8107726549e-01
  97.5000000000    4.8108004922e-01
  98.0000000000    4.8107382463e-01
  98.5000000000    4.8107063896e-01
  99.0000000000    4.8107332818e-01
  99.5000000000    4.8106443378e-01
 100.0000000000    4.8107117052e-01
 100.5000000000    4.8106192697e-01
 101.0000000000    4.8106264639e-01
 101.5000000000    4.8106249181e-01
 102.0000000000    4.8105659820e-01
 102.5000000000    4.8106596837e-01
 103.0000000000    4.8105440326e-01
 103.5000000000    4.8105760221e-01
 104.0000000000    4.8105604492e-01
 104.5000000000    4.8105247605e-01
 105.0000000000    4.8106112115e-01
 105.5000000000    4.8105115628e-01
 106.0000000000    4.8105567745e-01
 106.5000000000    4.8105375603e-01
 107.0000000000    4.8105144433e-01
 107.5000000000    4.8106037943e-01
 108.0000000000    4.8105111721e-01
 108.5000000000    4.8105606939e-01
 109.0000000000    4.8105512320e-01
 109.5000000000    4.8105286100e-01
 110.0000000000    4.8106343987e-01
 110.5000000000    4.8105408830e-01
 111.0000000000    4.8105841070e-01
 111.5000000000    4.8105991289e-01
 112.0000000000    4.8105687145e-01
 112.5000000000    4.8106724523e-01
 113.0000000000    4.8106009771e-01
 113.5000000000    4.8106293207e-01
 114.0000000000    4.8106840578e-01
 114.5000000000    4.8106360452e-01
 115.0000000000    4.8107177080e-01
 115.5000000000    4.8106935076e-01
 116.0000000000    4.8106953383e-01
 116.5000000000    4.8108050572e-01
 117.0000000000    4.8107270872e-01
 117.5000000000    4.8107758743e-01
 118.0000000000    4.8108146758e-01
 118.5000000000    4.8107811546e-01
 119.0000000000    4.8108711628e-01
 119.5000000000    4.8108462333e-01
 120.0000000000    4.8108565937e-01
 120.5000000000    4.8109801079e-01
 121.0000000000    4.8109038177e-01
 121.5000000000    4.8109441696e-01
 122.0000000000    4.8110052345e-01
 122.5000000000    4.8109603546e-01
 123.0000000000    4.8110350011e-01
 123.5000000000    4.8110508610e-01
 124.0000000000    4.8110369189e-01
 124.5000000000    4.8111374821e-01
 125.0000000000    4.8111069421e-01
 125.5000000000    4.8111154562e-01
 126.0000000000    4.8112377348e-01
 126.5000000000    4.8111719500e-01
 127.0000000000    4.8112029676e-01
 127.5000000000    4.8112987294e-01
 128.0000000000    4.8112373677e-01
 128.5000000000    4.8112876774e-01
 129.0000000000    4.8113593929e-01
 129.5000000000    4.8113103968e-01
 130.0000000000    4.8113701370e-01
 130.5000000000    4.8114216330e-01
 131.0000000000    4.8113830437e-01
 131.5000000000    4.8114479892e-01
 132.0000000000    4.8114856555e-01
 132.5000000000    4.8114575867e-01
 133.0000000000    4.8115260302e-01
 133.5000000000    4.8115525143e-01
 134.0000000000    4.8115286403e-01
 134.5000000000    4.8116002274e-01
 135.0000000000    4.8116235307e-01
 135.5000000000    4.8115950169e-01
 136.0000000000    4.8116641581e-01
 136.5000000000    4.8116959553e-01
 137.0000000000    4.8116609409e-01
 137.5000000000    4.8117202963e-01
 138.0000000000    4.8117656448e-01
 138.5000000000    4.8117220816e-01
 139.0000000000    4.8117682216e-01
 139.5000000000    4.8118346772e-01
 140.0000000000    4.8117786412e-01
 140.5000000000    4.8118103953e-01
 141.0000000000    4.8119054718e-01
 141.5000000000    4.8118328421e-01
 142.0000000000    4.8118439845e-01
 142.5000000000    4.8119400814e-01
 143.0000000000    4.8118835152e-01
 143.5000000000    4.8118740089e-01
 144.0000000000    4.8119456397e-01
 144.5000000000    4.8119355231e-01
 145.0000000000    4.8118995998e-01
 145.5000000000    4.8119425469e-01
 146.0000000000    4.8119878456e-01
 146.5000000000    4.8119241232e-01
 147.0000000000    4.8119373714e-01
 147.5000000000    4.8120259772e-01
 148.0000000000    4.8119529050e-01
 148.5000000000    4.8119307300e-01
 149.0000000000    4.8119825852e-01
 149.5000000000    4.8119869865e-01
 150.0000000000    4.8119281803e-01
 150.5000000000    4.8119406147e-01
 151.0000000000    4.8120227046e-01
 151.5000000000    4.8119341607e-01
 152.0000000000    4.8119035630e-01
 152.5000000000    4.8119403432e-01
 153.0000000000    4.8119509927e-01
 153.5000000000    4.8118761573e-01
 154.0000000000    4.8118658402e-01
 154.5000000000    4.8119190954e-01
 155.0000000000    4.8118646878e-01
 155.5000000000    4.8118042845e-01
 156.0000000000    4.8118046372e-01
 156.5000000000    4.8118650677e-01
 157.0000000000    4.8117615456e-01
 157.5000000000    4.8117078355e-01
 158.0000000000    4.8117107028e-01
 158.5000000000    4.8117424330e-01
 159.0000000000    4.8116312575e-01
 159.5000000000    4.8115786455e-01
 160.0000000000    4.8115821211e-01
 160.5000000000    4.8116007830e-01
 161.0000000000    4.8114831123e-01
 161.5000000000    4.8114146984e-01
 162.0000000000    4.8113993287e-01
 162.5000000000    4.8114183595e-01
 163.0000000000    4.8112949290e-01
 163.5000000000    4.8112172368e-01
 164.0000000000    4.8111836084e-01
 164.5000000000    4.8111955729e-01
 165.0000000000    4.8110737488e-01
 165.5000000000    4.8109743670e-01
 166.0000000000    4.8109185933e-01
 166.5000000000    4.8109043300e-01
 167.0000000000    4.8108268701e-01
 167.5000000000    4.8106989018e-01
 168.0000000000    4.8106121068e-01
 168.5000000000    4.8105646632e-01
 169.0000000000    4.8105551101e-01
 169.5000000000    4.8103946609e-01
 170.0000000000    4.8102715373e-01
 170.5000000000    4.8101847906e-01
 171.0000000000    4.8101335674e-01
 171.5000000000    4.8100665810e-01
 172.0000000000    4.8099030770e-01
 172.5000000000    4.8097730347e-01
 173.0000000000    4.8096747335e-01
 173.5000000000    4.8096074391e-01
 174.0000000000    4.8095158647e-01
 174.5000000000    4.8093364230e-01
 175.0000000000    4.8091863088e-01
 175.5000000000    4.8090649287e-01
 176.0000000000    4.8089707028e-01
 176.5000000000    4.8088897515e-01
 177.0000000000    4.8086847011e-01
 177.5000000000    4.8085054144e-01
 178.0000000000    4.8083501481e-01
 178.5000000000    4.8082177983e-01
 179.0000000000    4.8081083478e-01
 179.5000000000    4.8079474546e-01
 180.0000000000    4.8077302114e-01
 180.5000000000    4.8075331864e-01
 181.0000000000    4.8073557674e-01
 181.5000000000    4.8071967086e-01
 182.0000000000    4.8070550644e-01
 182.5000000000    4.8068668362e-01
 183.0000000000    4.8066201879e-01
 183.5000000000    4.8063889331e-01
 184.0000000000    4.8061715698e-01
 184.5000000000    4.8059669983e-01
 185.0000000000    4.8057745906e-01
 185.5000000000    4.8055937641e-01
 186.0000000000    4.8053191320e-01
 186.5000000000    4.8050362026e-01
 187.0000000000    4.8047643433e-01
 187.5000000000    4.8045035606e-01
 188.0000000000    4.8042527980e-01
 188.5000000000    4.8040110529e-01
 189.0000000000    4.8037787305e-01
 189.5000000000    4.8035140938e-01
 190.0000000000    4.8031903582e-01
 190.5000000000    4.8028740809e-01
 191.0000000000    4.8025637764e-01
 191.5000000000    4.8022576516e-01
 192.0000000000    4.8019549864e-01
 192.5000000000    4.8016555872e-01
 193.0000000000    4.8013578025e-01
 193.5000000000    4.8010606468e-01
 194.0000000000    4.8007170604e-01
 194.5000000000    4.8003354897e-01
 195.0000000000    4.7999539456e-01
 195.5000000000    4.7995720088e-01
 196.0000000000    4.7991908333e-01
 196.5000000000    4.7988082750e-01
 197.0000000000    4.7984229763e-01
 197.5000000000    4.7980352287e-01
 198.0000000000    4.7976448246e-01
 198.5000000000    4.7972495974e-01
 199.0000000000    4.7968486124e-01
 199.5000000000    4.7964418176e-01
 200.0000000000    4.7959827402e-01
 200.5000000000    4.7955059090e-01
 201.0000000000    4.7950233037e-01
 201.5000000000    4.7945351485e-01
 202.0000000000    4.7940405475e-01
 202.5000000000    4.7935385085e-01
 203.0000000000    4.7930286912e-01
 203.5000000000    4.7925110147e-01
 204.0000000000    4.7919842112e-01
 204.5000000000    4.7914470175e-01
 205.0000000000    4.7908989701e-01
 205.5000000000    4.7903396592e-01
 206.0000000000    4.7897685521e-01
 206.5000000000    4.7891854423e-01
 207.0000000000    4.7885905856e-01
 207.5000000000    4.7879836514e-01
 208.0000000000    4.7873635476e-01
 208.5000000000    4.7867298487e-01
 209.0000000000    4.7860826580e-01
 209.5000000000    4.7854212864e-01
 210.0000000000    4.7847449279e-01
 210.5000000000    4.7840538491e-01
 211.0000000000    4.7833480017e-01
 211.5000000000    4.7826267806e-01
 212.0000000000    4.7818897943e-01
 212.5000000000    4.7811371408e-01
 213.0000000000    4.7803688732e-01
 213.5000000000    4.7795845840e-01
 214.0000000000    4.7787838312e-01
 214.5000000000    4.7779668291e-01
 215.0000000000    4.7771341176e-01
 215.5000000000    4.7762853248e-01
 216.0000000000    4.7754202115e-01
 216.5000000000    4.7745392056e-01
 217.0000000000    4.7736424134e-01
 217.5000000000    4.7727295308e-01
 218.0000000000    4.7718011448e-01
 218.5000000000    4.7708576818e-01
 219.0000000000    4.7698986376e-01
 219.5000000000    4.7689235971e-01
 220.0000000000    4.7679332485e-01
 220.5000000000    4.7669160457e-01
 221.0000000000    4.7658281115e-01
 221.5000000000    4.7647247585e-01
 222.0000000000    4.7636069771e-01
 222.5000000000    4.7624742556e-01
 223.0000000000    4.7613256156e-01
 223.5000000000    4.7601604690e-01
 224.0000000000    4.7589790741e-01
 224.5000000000    4.7577825840e-01
 225.0000000000    4.7565735341e-01
 225.5000000000    4.7553544598e-01
 226.0000000000    4.7540255217e-01
 226.5000000000    4.7526766005e-01
 227.0000000000    4.7513144651e-01
 227.5000000000    4.7499392386e-01
 228.0000000000    4.7485517186e-01
 228.5000000000    4.7471539450e-01
 229.0000000000    4.7457488312e-01
 229.5000000000    4.7442543064e-01
 230.0000000000    4.7426971969e-01
 230.5000000000    4.7411314293e-01
 231.0000000000    4.7395570707e-01
 231.5000000000    4.7379746635e-01
 232.0000000000    4.7363861249e-01
 232.5000000000    4.7346861727e-01
 233.0000000000    4.7329253702e-01
 233.5000000000    4.7311636336e-01
 234.0000000000    4.7294040024e-01
 234.5000000000    4.7276488921e-01
 235.0000000000    4.7257956313e-01
 235.5000000000    4.7238595509e-01
 236.0000000000    4.7219257138e-01
 236.5000000000    4.7199945927e-01
 237.0000000000    4.7180619097e-01
 237.5000000000    4.7159281157e-01
 238.0000000000    4.7138011298e-01
 238.5000000000    4.7116858732e-01
 239.0000000000    4.7095864702e-01
 239.5000000000    4.7072803089e-01
 240.0000000000    4.7049766402e-01
 240.5000000000    4.7026888789e-01
 241.0000000000    4.7003656756e-01
 241.5000000000    4.6978653163e-01
 242.0000000000    4.6953933676e-01
 242.5000000000    4.6929560120e-01
 243.0000000000    4.6903436758e-01
 243.5000000000    4.6876947081e-01
 244.0000000000    4.6850736179e-01
 244.5000000000    4.6823200822e-01
 245.0000000000    4.6794615571e-01
 245.5000000000    4.6766438550e-01
 246.0000000000    4.6737132953e-01
 246.5000000000    4.6706849971e-01
 247.0000000000    4.6677143327e-01
 247.5000000000    4.6645750986e-01
 248.0000000000    4.6613752578e-01
 248.5000000000    4.6582298626e-01
 249.0000000000    4.6547988103e-01
 249.5000000000    4.6514231037e-01
 250.0000000000    4.6479757266e-01
 250.5000000000    4.6443821063e-01
 251.0000000000    4.6408721528e-01
 251.5000000000    4.6370705653e-01
 252.0000000000    4.6333320765e-01
 252.5000000000    4.6294335286e-01
 253.0000000000    4.6254663704e-01
 253.5000000000    4.6214510010e-01
 254.0000000000    4.6172657441e-01
 254.5000000000    4.6131077287e-01
 255.0000000000    4.6087014786e-01
 255.5000000000    4.6043622678e-01
 256.0000000000    4.5997317109e-01
 256.5000000000    4.5951833658e-01
 257.0000000000    4.5903410037e-01
 257.5000000000    4.5855620641e-01
 258.0000000000    4.5805167656e-01
 258.5000000000    4.5754756858e-01
 259.0000000000    4.5702320100e-01
 259.5000000000    4.5648974251e-01
 260.0000000000    4.5594645040e-01
 260.5000000000    4.5538076520e-01
 261.0000000000    4.5481835798e-01
 261.5000000000    4.5421872988e-01
 262.0000000000    4.5361882906e-01
 262.5000000000    4.5300281164e-01
 263.0000000000    4.5236346748e-01
 263.5000000000    4.5172185503e-01
 264.0000000000    4.5105301794e-01
 264.5000000000    4.5036740528e-01
 265.0000000000    4.4967527362e-01
 265.5000000000    4.4895401613e-01
 266.0000000000    4.4821209256e-01
 266.5000000000    4.4745957623e-01
 267.0000000000    4.4668798658e-01
 267.5000000000    4.4588199147e-01
 268.0000000000    4.4506203099e-01
 268.5000000000    4.4422646691e-01
 269.0000000000    4.4336852021e-01
 269.5000000000    4.4247343372e-01
 270.0000000000    4.4155847651e-01
 270.5000000000    4.4062186731e-01
 271.0000000000    4.3966191389e-01
 271.5000000000    4.3867699476e-01
 272.0000000000    4.3765265424e-01
 272.5000000000    4.3659863404e-01
 273.0000000000    4.3551634393e-01
 273.5000000000    4.3440420946e-01
 274.0000000000    4.3326055558e-01
 274.5000000000    4.3208353558e-01
 275.0000000000    4.3087107773e-01
 275.5000000000    4.2962100110e-01
 276.0000000000    4.2833134685e-01
 276.5000000000    4.2700064044e-01
 277.0000000000    4.2562789940e-01
 277.5000000000    4.2421232995e-01
 278.0000000000    4.2275281846e-01
 278.5000000000    4.2124755316e-01
 279.0000000000    4.1969412682e-01
 279.5000000000    4.1809014445e-01
 280.0000000000    4.1643389603e-01
 280.5000000000    4.1472461749e-01
 281.0000000000    4.1294445062e-01
 281.5000000000    4.1110340322e-01
 282.0000000000    4.0920487573e-01
 282.5000000000    4.0724729559e-01
 283.0000000000    4.0522318214e-01
 283.5000000000    4.0310471718e-01
 284.0000000000    4.0092091153e-01
 284.5000000000    3.9867251863e-01
 285.0000000000    3.9631423644e-01
 285.5000000000    3.9388312472e-01
 286.0000000000    3.9136726723e-01
 286.5000000000    3.8873617418e-01
 287.0000000000    3.8603189408e-01
 287.5000000000    3.8318595137e-01
 288.0000000000    3.8026442972e-01
 288.5000000000    3.7719180401e-01
 289.0000000000    3.7402244553e-01
 289.5000000000    3.7071150881e-01
 290.0000000000    3.6726191951e-01
 290.5000000000    3.6368826375e-01
 291.0000000000    3.5994568272e-01
 291.5000000000    3.5604204293e-01
 292.0000000000    3.5198206359e-01
 292.5000000000    3.4775296413e-01
 293.0000000000    3.4334182449e-01
 293.5000000000    3.3872388140e-01
 294.0000000000    3.3389858857e-01
 294.5000000000    3.2886144762e-01
 295.0000000000    3.2360120836e-01
 295.5000000000    3.1810737833e-01
 296.0000000000    3.1234348979e-01
 296.5000000000    3.0631281398e-01
 297.0000000000    3.0001095647e-01
 297.5000000000    2.9343392275e-01
 298.0000000000    2.8654416845e-01
 298.5000000000    2.7930972273e-01
 299.0000000000    2.7178969697e-01
 299.5000000000    2.6385140966e-01
 300.0000000000    2.5561297397e-01
 300.5000000000    2.4693408819e-01
 301.0000000000    2.3788795758e-01
 301.5000000000    2.2846500290e-01
 302.0000000000    2.1859945424e-01
 302.5000000000    2.0829590573e-01
 303.0000000000    1.9758087157e-01
 303.5000000000    1.8645403767e-01
 304.0000000000    1.7492559894e-01
 304.5000000000    1.6301892264e-01
 305.0000000000    1.5077478330e-01
 305.5000000000    1.3825916098e-01
 306.0000000000    1.2555092357e-01
 306.5000000000    1.1263909289e-01
 307.0000000000    9.9874092016e-02
 307.5000000000    8.7204239152e-02
 308.0000000000    7.4971448903e-02
 308.5000000000    6.3370413344e-02
 309.0000000000    5.2510494758e-02
 309.5000000000    4.2685494637e-02
 310.0000000000    3.3916748530e-02
 310.5000000000    2.6547794842e-02
 311.0000000000    2.0234329473e-02
 311.5000000000    1.5123730607e-02
 312.0000000000    1.1009641210e-02
 312.5000000000    7.9571059688e-03
 313.0000000000    5.6878349757e-03
 313.5000000000    3.9821534565e-03
 314.0000000000    2.7504932168e-03
 314.5000000000    1.9515741761e-03
 315.0000000000    1.3348830789e-03
 315.5000000000    8.7536552773e-04
 316.0000000000    5.5184195676e-04
 316.5000000000    3.6859857892e-04
 317.0000000000    2.7079552139e-04
 317.5000000000    2.2114814084e-04
 318.0000000000    1.9695549603e-04
 318.5000000000    1.8552518931e-04
 319.0000000000    1.8021999285e-04
 319.5000000000    1.7775452780e-04
 320.0000000000    1.7657531081e-04
 320.5000000000    1.7597330451e-04
 321.0000000000    1.7563075753e-04
 321.5000000000    1.7540367069e-04
 322.0000000000    1.7522344337e-04
 322.5000000000    1.7505505305e-04
 323.0000000000    1.7488029767e-04
 323.5000000000    1.7469127153e-04
 324.0000000000    1.7448756508e-04
 324.5000000000    1.7427457233e-04
 325.0000000000    1.7406199396e-04
 325.5000000000    1.7386230514e-04
 326.0000000000    1.7368919823e-04
 326.5000000000    1.7355607856e-04
 327.0000000000    1.7347470290e-04
 327.5000000000    1.7345403296e-04
 328.0000000000    1.7349936696e-04
 328.5000000000    1.7361179389e-04
 329.0000000000    1.7378799710e-04
 329.5000000000    1.7402041146e-04
 330.0000000000    1.7429772948e-04
 330.5000000000    1.7460571089e-04
 331.0000000000    1.7492823270e-04
 331.5000000000    1.7524848793e-04
 332.0000000000    1.7555021462e-04
 332.5000000000    1.7581883548e-04
 333.0000000000    1.7604239795e-04
 333.5000000000    1.7621222686e-04
 334.0000000000    1.7632324288e-04
 334.5000000000    1.7637395629e-04
 335.0000000000    1.7636617089e-04
 335.5000000000    1.7630447212e-04
 336.0000000000    1.7619558191e-04
 336.5000000000    1.7604766829e-04
 337.0000000000    1.7586967845e-04
 337.5000000000    1.7567074737e-04
 338.0000000000    1.7545971703e-04
 338.5000000000    1.7524477701e-04
 339.0000000000    1.7503322165e-04
 339.5000000000    1.7483131278e-04
 340.0000000000    1.7464423688e-04
 340.5000000000    1.7447612120e-04
 341.0000000000    1.7433009990e-04
 341.5000000000    1.7420841430e-04
 342.0000000000    1.7411252523e-04
 342.5000000000    1.7404323105e-04
 343.0000000000    1.7400077946e-04
 343.5000000000    1.7398496357e-04
 344.0000000000    1.7399519898e-04
 344.5000000000    1.7403058399e-04
 345.0000000000    1.7408994010e-04
 345.5000000000    1.7417183656e-04
 346.0000000000    1.7427460151e-04
 346.5000000000    1.7439632884e-04
 347.0000000000    1.7453488247e-04
 347.5000000000    1.7468789946e-04
 348.0000000000    1.7485280336e-04
 348.5000000000    1.7502682837e-04
 349.0000000000    1.7520705485e-04
 349.5000000000    1.7539045669e-04
 350.0000000000    1.7557396094e-04
 350.5000000000    1.7575451290e-04
 351.0000000000    1.7592914489e-04
 351.5000000000    1.7609504970e-04
 352.0000000000    1.7624965549e-04
 352.5000000000    1.7639069722e-04
 353.0000000000    1.7651628592e-04
 353.5000000000    1.7662497446e-04
 354.0000000000    1.7671580942e-04
 354.5000000000    1.7678835496e-04
 355.0000000000    1.7684268175e-04
 355.5000000000    1.7687932791e-04
 356.0000000000    1.7689924741e-04
 356.5000000000    1.7690376324e-04
 357.0000000000    1.7689453165e-04
 357.5000000000    1.7687349710e-04
 358.0000000000    1.7684282274e-04
 358.5000000000    1.7680478379e-04
 359.0000000000    1.7676164207e-04
 359.5000000000    1.7671554390e-04
 360.0000000000    1.7666846656e-04
 360.5000000000    1.7662221159e-04
 361.0000000000    1.7657842118e-04
 361.5000000000    1.7653858402e-04
 362.0000000000    1.7650400580e-04
 362.5000000000    1.7647575976e-04
 363.0000000000    1.7645464760e-04
 363.5000000000    1.7644120931e-04
 364.0000000000    1.7643577419e-04
 364.5000000000    1.7643851897e-04
 365.0000000000    1.7644949739e-04
 365.5000000000    1.7646863130e-04
 366.0000000000    1.7649568501e-04
 366.5000000000    1.7653025521e-04
 367.0000000000    1.7657179105e-04
 367.5000000000    1.7661963586e-04
 368.0000000000    1.7667306584e-04
 368.5000000000    1.7673131031e-04
 369.0000000000    1.7679355009e-04
 369.5000000000    1.7685891385e-04
 370.0000000000    1.7692648503e-04
 370.5000000000    1.7699532539e-04
 371.0000000000    1.7706449950e-04
 371.5000000000    1.7713309223e-04
 372.0000000000    1.7720022347e-04
 372.5000000000    1.7726506307e-04
 373.0000000000    1.7732684717e-04
 373.5000000000    1.7738490228e-04
 374.0000000000    1.7743867535e-04
 374.5000000000    1.7748776594e-04
 375.0000000000    1.7753195226e-04
 375.5000000000    1.7757120744e-04
 376.0000000000    1.7760570035e-04
 376.5000000000    1.7763577859e-04
 377.0000000000    1.7766192317e-04
 377.5000000000    1.7768467982e-04
 378.0000000000    1.7770458332e-04
 378.5000000000    1.7772207913e-04
 379.0000000000    1.7773745017e-04
 379.5000000000    1.7775076929e-04
 380.0000000000    1.7776188475e-04
 380.5000000000    1.7777044574e-04
 381.0000000000    1.7777598088e-04
 381.5000000000    1.7777802333e-04
 382.0000000000    1.7777626284e-04
 382.5000000000    1.7777069697e-04
 383.0000000000    1.7776175076e-04
 383.5000000000    1.7775034301e-04
 384.0000000000    1.7773788135e-04
 384.5000000000    1.7772617448e-04
 385.0000000000    1.7771726886e-04
 385.5000000000    1.7771322615e-04
 386.0000000000    1.7771586764e-04
 386.5000000000    1.7772652929e-04
 387.0000000000    1.7774587284e-04
 387.5000000000    1.7777378881e-04
 388.0000000000    1.7780940813e-04
 388.5000000000    1.7785122094e-04
 389.0000000000    1.7789728887e-04
 389.5000000000    1.7794551351e-04
 390.0000000000    1.7799391513e-04
 390.5000000000    1.7804087851e-04
 391.0000000000    1.7808532721e-04
 391.5000000000    1.7812679429e-04
 392.0000000000    1.7816538130e-04
 392.5000000000    1.7820162250e-04
 393.0000000000    1.7823628923e-04
 393.5000000000    1.7827017242e-04
 394.0000000000    1.7830388787e-04
 394.5000000000    1.7833774245e-04
 395.0000000000    1.7837167977e-04
 395.5000000000    1.7840531092e-04
 396.0000000000    1.7843801493e-04
 396.5000000000    1.7846908387e-04
 397.0000000000    1.7849787504e-04
 397.5000000000    1.7852393667e-04
 398.0000000000    1.7854708762e-04
 398.5000000000    1.7856743623e-04
 399.0000000000    1.7858534083e-04
 399.5000000000    1.7860132850e-04
 400.0000000000    1.7861599247e-04
 400.5000000000    1.7862989472e-04
 401.0000000000    1.7864349009e-04
 401.5000000000    1.7865708782e-04
 402.0000000000    1.7867084999e-04
 402.5000000000    1.7868482403e-04
 403.0000000000    1.7869899092e-04
 403.5000000000    1.7871331694e-04
 404.0000000000    1.7872779713e-04
 404.5000000000    1.7874247885e-04
 405.0000000000    1.7875746461e-04
 405.5000000000    1.7877289990e-04
 406.0000000000    1.7878894792e-04
 406.5000000000    1.7880575942e-04
 407.0000000000    1.7882344497e-04
 407.5000000000    1.7884205614e-04
 408.0000000000    1.7886157652e-04
 408.5000000000    1.7888192151e-04
 409.0000000000    1.7890294650e-04
 409.5000000000    1.7892445723e-04
 410.0000000000    1.7894622261e-04
 410.5000000000    1.7896799121e-04
 411.0000000000    1.7898951016e-04
 411.5000000000    1.7901054782e-04
 412.0000000000    1.7903091973e-04
 412.5000000000    1.7905050871e-04
 413.0000000000    1.7906927985e-04
 413.5000000000    1.7908728558e-04
 414.0000000000    1.7910465768e-04
 414.5000000000    1.7912158810e-04
 415.0000000000    1.7913830208e-04
 415.5000000000    1.7915502535e-04
 416.0000000000    1.7917195156e-04
 416.5000000000    1.7918921622e-04
 417.0000000000    1.7920688348e-04
 417.5000000000    1.7922494633e-04
 418.0000000000    1.7924334046e-04
 418.5000000000    1.7926196669e-04
 419.0000000000    1.7928071731e-04
 419.5000000000    1.7929949866e-04
 420.0000000000    1.7931824646e-04
 420.5000000000    1.7933693242e-04
 421.0000000000    1.7935556061e-04
 421.5000000000    1.7937415527e-04
 422.0000000000    1.7939274463e-04
 422.5000000000    1.7941134420e-04
 423.0000000000    1.7942994506e-04
 423.5000000000    1.7944850846e-04
 424.0000000000    1.7946696992e-04
 424.5000000000    1.7948524995e-04
 425.0000000000    1.7950327000e-04
 425.5000000000    1.7952096789e-04
 426.0000000000    1.7953831247e-04
 426.5000000000    1.7955531216e-04
 427.0000000000    1.7957201563e-04
 427.5000000000    1.7958850672e-04
 428.0000000000    1.7960489238e-04
 428.5000000000    1.7962128551e-04
 429.0000000000    1.7963778664e-04
 429.5000000000    1.7965446707e-04
 430.0000000000    1.7967135775e-04
 430.5000000000    1.7968844564e-04
 431.0000000000    1.7970567748e-04
 431.5000000000    1.7972297054e-04
 432.0000000000    1.7974022747e-04
 432.5000000000    1.7975735294e-04
 433.0000000000    1.7977427044e-04
 433.5000000000    1.7979093512e-04
 434.0000000000    1.7980733908e-04
 434.5000000000    1.7982350943e-04
 435.0000000000    1.7983949951e-04
 435.5000000000    1.7985537562e-04
 436.0000000000    1.7987120357e-04
 436.5000000000    1.7988703652e-04
 437.0000000000    1.7990290437e-04
 437.5000000000    1.7991880915e-04
 438.0000000000    1.7993472277e-04
 438.5000000000    1.7995059281e-04
 439.0000000000    1.7996635223e-04
 439.5000000000    1.7998193043e-04
 440.0000000000    1.7999726675e-04
 440.5000000000    1.8001232202e-04
 441.0000000000    1.8002708708e-04
 441.5000000000    1.8004158543e-04
 442.0000000000    1.8005587439e-04
 442.5000000000    1.8007003694e-04
 443.0000000000    1.8008417164e-04
 443.5000000000    1.8009838017e-04
 444.0000000000    1.8011275431e-04
 444.5000000000    1.8012736486e-04
 445.0000000000    1.8014225365e-04
 445.5000000000    1.8015742960e-04
 446.0000000000    1.8017286958e-04
 446.5000000000    1.8018852200e-04
 447.0000000000    1.8020431491e-04
 447.5000000000    1.8022016262e-04
 448.0000000000    1.8023597903e-04
 448.5000000000    1.8025168848e-04
 449.0000000000    1.8026723128e-04
 449.5000000000    1.8028256998e-04
 450.0000000000    1.8029769424e-04
 450.5000000000    1.8031261958e-04
 451.0000000000    1.8032738086e-04
 451.5000000000    1.8034202198e-04
 452.0000000000    1.8035658664e-04
 452.5000000000    1.8037111239e-04
 453.0000000000    1.8038562484e-04
 453.5000000000    1.8040013294e-04
 454.0000000000    1.8041462952e-04
 454.5000000000    1.8042909705e-04
 455.0000000000    1.8044350925e-04
 455.5000000000    1.8045783917e-04
 456.0000000000    1.8047206626e-04
 456.5000000000    1.8048617570e-04
 457.0000000000    1.8050015791e-04
 457.5000000000    1.8051401442e-04
 458.0000000000    1.8052776192e-04
 458.5000000000    1.8054142838e-04
 459.0000000000    1.8055504214e-04
 459.5000000000    1.8056862907e-04
 460.0000000000    1.8058221146e-04
 460.5000000000    1.8059580176e-04
 461.0000000000    1.8060940188e-04
 461.5000000000    1.8062300570e-04
 462.0000000000    1.8063660311e-04
 462.5000000000    1.8065018409e-04
 463.0000000000    1.8066373988e-04
 463.5000000000    1.8067726352e-04
 464.0000000000    1.8069075313e-04
 464.5000000000    1.8070421038e-04
 465.0000000000    1.8071763637e-04
 465.5000000000    1.8073103481e-04
 466.0000000000    1.8074440859e-04
 466.5000000000    1.8075775667e-04
 467.0000000000    1.8077107887e-04
 467.5000000000    1.8078437484e-04
 468.0000000000    1.8079764177e-04
 468.5000000000    1.8081087518e-04
 469.0000000000    1.8082406956e-04
 469.5000000000    1.8083721952e-04
 470.0000000000    1.8085032074e-04
 470.5000000000    1.8086336904e-04
 471.0000000000    1.8087635929e-04
 471.5000000000    1.8088928608e-04
 472.0000000000    1.8090214444e-04
 472.5000000000    1.8091493175e-04
 473.0000000000    1.8092765004e-04
 473.5000000000    1.8094030608e-04
 474.0000000000    1.8095290989e-04
 474.5000000000    1.8096547351e-04
 475.0000000000    1.8097800861e-04
 475.5000000000    1.8099052298e-04
 476.0000000000    1.8100301810e-04
 476.5000000000    1.8101548926e-04
 477.0000000000    1.8102792780e-04
 477.5000000000    1.8104032531e-04
 478.0000000000    1.8105267802e-04
 478.5000000000    1.8106498974e-04
 479.0000000000    1.8107727238e-04
 479.5000000000    1.8108954234e-04
 480.0000000000    1.8110181477e-04
 480.5000000000    1.8111409798e-04
 481.0000000000    1.8112638998e-04
 481.5000000000    1.8113867903e-04
 482.0000000000    1.8115094818e-04
 482.5000000000    1.8116318179e-04
 483.0000000000    1.8117537160e-04
 483.5000000000    1.8118751930e-04
 484.0000000000    1.8119963484e-04
 484.5000000000    1.8121173039e-04
 485.0000000000    1.8122381282e-04
 485.5000000000    1.8123587900e-04
 486.0000000000    1.8124791630e-04
 486.5000000000    1.8125990835e-04
 487.0000000000    1.8127184257e-04
 487.5000000000    1.8128371630e-04
 488.0000000000    1.8129553819e-04
 488.5000000000    1.8130732334e-04
 489.0000000000    1.8131908526e-04
 489.5000000000    1.8133082876e-04
 490.0000000000    1.8134254690e-04
 490.5000000000    1.8135422331e-04
 491.0000000000    1.8136583949e-04
 491.5000000000    1.8137738314e-04
 492.0000000000    1.8138885351e-04
 492.5000000000    1.8140026153e-04
 493.0000000000    1.8141162495e-04
 493.5000000000    1.8142296102e-04
 494.0000000000    1.8143428011e-04
 494.5000000000    1.8144558374e-04
 495.0000000000    1.8145686734e-04
 495.5000000000    1.8146812507e-04
 496.0000000000    1.8147935402e-04
 496.5000000000    1.8149055477e-04
 497.0000000000    1.8150172779e-04
 497.5000000000    1.8151286752e-04
 498.0000000000    1.8152395845e-04
 498.5000000000    1.8153497570e-04
 499.0000000000    1.8154588926e-04
 499.5000000000    1.8155667034e-04
 500.0000000000    1.8156729715e-04
 500.5000000000    1.8157775856e-04
 501.0000000000    1.8158805624e-04
 501.5000000000    1.8159820747e-04
 502.0000000000    1.8160825157e-04
 502.5000000000    1.8161825860e-04
 503.0000000000    1.8162833704e-04
 503.5000000000    1.8163863551e-04
 504.0000000000    1.8164933403e-04
 504.5000000000    1.8166062236e-04
 505.0000000000    1.8167266767e-04
 505.5000000000    1.8168557664e-04
 506.0000000000    1.8169935771e-04
 506.5000000000    1.8171389031e-04
 507.0000000000    1.8172890653e-04
 507.5000000000    1.8174398888e-04
 508.0000000000    1.8175858662e-04
 508.5000000000    1.8177205235e-04
 509.0000000000    1.8178369936e-04
 509.5000000000    1.8179287779e-04
 510.0000000000    1.8179906389e-04
 510.5000000000    1.8180195267e-04
 511.0000000000    1.8180153917e-04
 511.5000000000    1.8179817012e-04
 512.0000000000    1.8179254991e-04
 512.5000000000    1.8178569070e-04
 513.0000000000    1.8177880721e-04
 513.5000000000    1.8177316945e-04
 514.0000000000    1.8176993921e-04
 514.5000000000    1.8177002075e-04
 515.0000000000    1.8177395347e-04
 515.5000000000    1.8178186668e-04
 516.0000000000    1.8179350039e-04
 516.5000000000    1.8180828323e-04
 517.0000000000    1.8182544979e-04
 517.5000000000    1.8184417288e-04
 518.0000000000    1.8186368753e-04
 518.5000000000    1.8188338695e-04
 519.0000000000    1.8190287529e-04
 519.5000000000    1.8192197049e-04
 520.0000000000    1.8194066054e-04
 520.5000000000    1.8195902577e-04
 521.0000000000    1.8197715270e-04
 521.5000000000    1.8199506354e-04
 522.0000000000    1.8201268168e-04
 522.5000000000    1.8202984033e-04
 523.0000000000    1.8204632715e-04
 523.5000000000    1.8206194525e-04
 524.0000000000    1.8207656786e-04
 524.5000000000    1.8209017090e-04
 525.0000000000    1.8210283577e-04
 525.5000000000    1.8211472753e-04
 526.0000000000    1.8212605264e-04
 526.5000000000    1.8213701641e-04
 527.0000000000    1.8214778295e-04
 527.5000000000    1.8215845041e-04
 528.0000000000    1.8216904492e-04
 528.5000000000    1.8217953092e-04
 529.0000000000    1.8218983757e-04
 529.5000000000    1.8219988971e-04
 530.0000000000    1.8220963430e-04
 530.5000000000    1.8221905832e-04
 531.0000000000    1.8222818985e-04
 531.5000000000    1.8223708738e-04
 532.0000000000    1.8224582582e-04
 532.5000000000    1.8225448730e-04
 533.0000000000    1.8226314802e-04
 533.5000000000    1.8227187193e-04
 534.0000000000    1.8228070919e-04
 534.5000000000    1.8228969240e-04
 535.0000000000    1.8229883386e-04
 535.5000000000    1.8230812651e-04
 536.0000000000    1.8231754840e-04
 536.5000000000    1.8232706947e-04
 537.0000000000    1.8233665937e-04
 537.5000000000    1.8234629487e-04
 538.0000000000    1.8235596757e-04
 538.5000000000    1.8236569241e-04
 539.0000000000    1.8237551691e-04
 539.5000000000    1.8238552818e-04
 540.0000000000    1.8239585229e-04
 540.5000000000    1.8240664209e-04
 541.0000000000    1.8241805228e-04
 541.5000000000    1.8243020156e-04
 542.0000000000    1.8244312935e-04
 542.5000000000    1.8245675988e-04
 543.0000000000    1.8247087480e-04
 543.5000000000    1.8248509856e-04
 544.0000000000    1.8249890657e-04
 544.5000000000    1.8251165420e-04
 545.0000000000    1.8252264094e-04
 545.5000000000    1.8253120275e-04
 546.0000000000    1.8253681737e-04
 546.5000000000    1.8253922043e-04
 547.0000000000    1.8253851071e-04
 547.5000000000    1.8253522336e-04
 548.0000000000    1.8253035600e-04
 548.5000000000    1.8252533496e-04
 549.0000000000    1.8252191716e-04
 549.5000000000    1.8252202999e-04
 550.0000000000    1.8252756296e-04
 550.5000000000    1.8254012843e-04
 551.0000000000    1.8256082260e-04
 551.5000000000    1.8259002335e-04
 552.0000000000    1.8262726387e-04
 552.5000000000    1.8267121264e-04
 553.0000000000    1.8271978171e-04
 553.5000000000    1.8277034235e-04
 554.0000000000    1.8282003290e-04
 554.5000000000    1.8286608968e-04
 555.0000000000    1.8290616920e-04
 555.5000000000    1.8293860856e-04
 556.0000000000    1.8296257849e-04
 556.5000000000    1.8297811339e-04
 557.0000000000    1.8298601278e-04
 557.5000000000    1.8298763120e-04
 558.0000000000    1.8298459600e-04
 558.5000000000    1.8297850549e-04
 559.0000000000    1.8297067860e-04
 559.5000000000    1.8296200681e-04
 560.0000000000    1.8295293366e-04
 560.5000000000    1.8294355599e-04
 561.0000000000    1.8293380120e-04
 561.5000000000    1.8292362370e-04
 562.0000000000    1.8291316082e-04
 562.5000000000    1.8290280278e-04
 563.0000000000    1.8289316397e-04
 563.5000000000    1.8288497098e-04
 564.0000000000    1.8287890489e-04
 564.5000000000    1.8287544303e-04
 565.0000000000    1.8287474563e-04
 565.5000000000    1.8287661815e-04
 566.0000000000    1.8288055996e-04
 566.5000000000    1.8288588513e-04
 567.0000000000    1.8289188960e-04
 567.5000000000    1.8289802023e-04
 568.0000000000    1.8290398819e-04
 568.5000000000    1.8290980698e-04
 569.0000000000    1.8291575562e-04
 569.5000000000    1.8292228167e-04
 570.0000000000    1.8292986835e-04
 570.5000000000    1.8293890449e-04
 571.0000000000    1.8294960314e-04
 571.5000000000    1.8296196134e-04
 572.0000000000    1.8297575921e-04
 572.5000000000    1.8299060202e-04
 573.0000000000    1.8300598741e-04
 573.5000000000    1.8302137769e-04
 574.0000000000    1.8303626763e-04
 574.5000000000    1.8305024171e-04
 575.0000000000    1.8306301201e-04
 575.5000000000    1.8307443424e-04
 576.0000000000    1.8308450536e-04
 576.5000000000    1.8309334581e-04
 577.0000000000    1.8310117655e-04
 577.5000000000    1.8310827939e-04
 578.0000000000    1.8311495492e-04
 578.5000000000    1.8312148543e-04
 579.0000000000    1.8312809238e-04
 579.5000000000    1.8313491092e-04
 580.0000000000    1.8314198138e-04
 580.5000000000    1.8314925747e-04
 581.0000000000    1.8315663566e-04
 581.5000000000    1.8316398981e-04
 582.0000000000    1.8317120877e-04
 582.5000000000    1.8317822554e-04
 583.0000000000    1.8318502988e-04
 583.5000000000    1.8319166619e-04
 584.0000000000    1.8319822017e-04
 584.5000000000    1.8320479398e-04
 585.0000000000    1.8321148414e-04
 585.5000000000    1.8321836125e-04
 586.0000000000    1.8322546216e-04
 586.5000000000    1.8323278507e-04
 587.0000000000    1.8324030144e-04
 587.5000000000    1.8324796303e-04
 588.0000000000    1.8325571603e-04
 588.5000000000    1.8326351184e-04
 589.0000000000    1.8327131529e-04
 589.5000000000    1.8327910524e-04
 590.0000000000    1.8328687306e-04
 590.5000000000    1.8329462276e-04
 591.0000000000    1.8330236306e-04
 591.5000000000    1.8331010125e-04
 592.0000000000    1.8331784799e-04
 592.5000000000    1.8332561550e-04
 593.0000000000    1.8333341023e-04
 593.5000000000    1.8334123270e-04
 594.0000000000    1.8334908374e-04
 594.5000000000    1.8335696461e-04
 595.0000000000    1.8336486844e-04
 595.5000000000    1.8337278182e-04
 596.0000000000    1.8338069282e-04
 596.5000000000    1.8338858808e-04
 597.0000000000    1.8339645198e-04
 597.5000000000    1.8340427121e-04
 598.0000000000    1.8341203577e-04
 598.5000000000    1.8341973611e-04
 599.0000000000    1.8342736052e-04
 599.5000000000    1.8343489596e-04
 600.0000000000    1.8344232402e-04
 600.5000000000    1.8344962011e-04
 601.0000000000    1.8345675227e-04
 601.5000000000    1.8346368228e-04
 602.0000000000    1.8347036822e-04
 602.5000000000    1.8347676681e-04
 603.0000000000    1.8348284495e-04
 603.5000000000    1.8348857945e-04
 604.0000000000    1.8349396219e-04
 604.5000000000    1.8349900343e-04
 605.0000000000    1.8350373380e-04
 605.5000000000    1.8350820057e-04
 606.0000000000    1.8351247004e-04
 606.5000000000    1.8351662618e-04
 607.0000000000    1.8352076316e-04
 607.5000000000    1.8352498803e-04
 608.0000000000    1.8352941368e-04
 608.5000000000    1.8353415255e-04
 609.0000000000    1.8353931276e-04
 609.5000000000    1.8354499063e-04
 610.0000000000    1.8355126435e-04
 610.5000000000    1.8355819161e-04
 611.0000000000    1.8356580655e-04
 611.5000000000    1.8357411702e-04
 612.0000000000    1.8358310631e-04
 612.5000000000    1.8359273894e-04
 613.0000000000    1.8360296300e-04
 613.5000000000    1.8361371498e-04
 614.0000000000    1.8362492932e-04
 614.5000000000    1.8363653982e-04
 615.0000000000    1.8364848511e-04
 615.5000000000    1.8366070940e-04
 616.0000000000    1.8367315875e-04
 616.5000000000    1.8368577957e-04
 617.0000000000    1.8369851222e-04
 617.5000000000    1.8371128776e-04
 618.0000000000    1.8372402283e-04
 618.5000000000    1.8373661624e-04
 619.0000000000    1.8374894605e-04
 619.5000000000    1.8376087477e-04
 620.0000000000    1.8377224905e-04
 620.5000000000    1.8378291007e-04
 621.0000000000    1.8379270184e-04
 621.5000000000    1.8380148383e-04
 622.0000000000    1.8380914249e-04
 622.5000000000    1.8381560404e-04
 623.0000000000    1.8382084259e-04
 623.5000000000    1.8382488575e-04
 624.0000000000    1.8382781803e-04
 624.5000000000    1.8382977900e-04
 625.0000000000    1.8383095805e-04
 625.5000000000    1.8383158463e-04
 626.0000000000    1.8383191287e-04
 626.5000000000    1.8383220530e-04
 627.0000000000    1.8383271246e-04
 627.5000000000    1.8383365524e-04
 628.0000000000    1.8383521477e-04
 628.5000000000    1.8383751913e-04
 629.0000000000    1.8384063671e-04
 629.5000000000    1.8384458394e-04
 630.0000000000    1.8384932950e-04
 630.5000000000    1.8385480315e-04
 631.0000000000    1.8386091548e-04
 631.5000000000    1.8386757394e-04
 632.0000000000    1.8387469470e-04
 632.5000000000    1.8388221714e-04
 633.0000000000    1.8389010853e-04
 633.5000000000    1.8389836466e-04
 634.0000000000    1.8390700246e-04
 634.5000000000    1.8391604680e-04
 635.0000000000    1.8392552020e-04
 635.5000000000    1.8393543193e-04
 636.0000000000    1.8394576239e-04
 636.5000000000    1.8395645844e-04
 637.0000000000    1.8396743233e-04
 637.5000000000    1.8397856277e-04
 638.0000000000    1.8398970185e-04
 638.5000000000    1.8400068561e-04
 639.0000000000    1.8401134603e-04
 639.5000000000    1.8402152399e-04
 640.0000000000    1.8403108328e-04
 640.5000000000    1.8403992136e-04
 641.0000000000    1.8404798043e-04
 641.5000000000    1.8405525375e-04
 642.0000000000    1.8406178677e-04
 642.5000000000    1.8406767619e-04
 643.0000000000    1.8407306380e-04
 643.5000000000    1.8407812053e-04
 644.0000000000    1.8408303352e-04
 644.5000000000    1.8408799001e-04
 645.0000000000    1.8409315890e-04
 645.5000000000    1.8409867874e-04
 646.0000000000    1.8410464910e-04
 646.5000000000    1.8411112841e-04
 647.0000000000    1.8411813889e-04
 647.5000000000    1.8412567392e-04
 648.0000000000    1.8413371142e-04
 648.5000000000    1.8414222172e-04
 649.0000000000    1.8415117719e-04
 649.5000000000    1.8416055624e-04
 650.0000000000    1.8417033842e-04
 650.5000000000    1.8418049908e-04
 651.0000000000    1.8419100029e-04
 651.5000000000    1.8420177853e-04
 652.0000000000    1.8421273699e-04
 652.5000000000    1.8422374256e-04
 653.0000000000    1.8423462481e-04
 653.5000000000    1.8424518284e-04
 654.0000000000    1.8425519388e-04
 654.5000000000    1.8426442845e-04
 655.0000000000    1.8427266304e-04
 655.5000000000    1.8427969432e-04
 656.0000000000    1.8428535191e-04
 656.5000000000    1.8428950555e-04
 657.0000000000    1.8429207388e-04
 657.5000000000    1.8429302671e-04
 658.0000000000    1.8429238678e-04
 658.5000000000    1.8429022968e-04
 659.0000000000    1.8428668203e-04
 659.5000000000    1.8428191951e-04
 660.0000000000    1.8427616645e-04
 660.5000000000    1.8426969143e-04
 661.0000000000    1.8426280334e-04
 661.5000000000    1.8425584557e-04
 662.0000000000    1.8424918407e-04
 662.5000000000    1.8424319470e-04
 663.0000000000    1.8423824429e-04
 663.5000000000    1.8423467268e-04
 664.0000000000    1.8423277561e-04
 664.5000000000    1.8423278650e-04
 665.0000000000    1.8423486408e-04
 665.5000000000    1.8423908612e-04
 666.0000000000    1.8424544713e-04
 666.5000000000    1.8425386384e-04
 667.0000000000    1.8426418844e-04
 667.5000000000    1.8427622213e-04
 668.0000000000    1.8428973133e-04
 668.5000000000    1.8430446514e-04
 669.0000000000    1.8432016893e-04
 669.5000000000    1.8433659523e-04
 670.0000000000    1.8435350773e-04
 670.5000000000    1.8437068132e-04
 671.0000000000    1.8438789580e-04
 671.5000000000    1.8440492700e-04
 672.0000000000    1.8442153840e-04
 672.5000000000    1.8443747349e-04
 673.0000000000    1.8445245129e-04
 673.5000000000    1.8446616931e-04
 674.0000000000    1.8447831270e-04
 674.5000000000    1.8448857171e-04
 675.0000000000    1.8449666416e-04
 675.5000000000    1.8450235762e-04
 676.0000000000    1.8450549773e-04
 676.5000000000    1.8450603031e-04
 677.0000000000    1.8450401444e-04
 677.5000000000    1.8449963028e-04
 678.0000000000    1.8449317834e-04
 678.5000000000    1.8448506002e-04
 679.0000000000    1.8447575361e-04
 679.5000000000    1.8446578536e-04
 680.0000000000    1.8445568829e-04
 680.5000000000    1.8444596300e-04
 681.0000000000    1.8443704342e-04
 681.5000000000    1.8442926570e-04
 682.0000000000    1.8442284784e-04
 682.5000000000    1.8441788137e-04
 683.0000000000    1.8441433418e-04
 683.5000000000    1.8441206459e-04
 684.0000000000    1.8441084468e-04
 684.5000000000    1.8441038862e-04
 685.0000000000    1.8441038495e-04
 685.5000000000    1.8441052889e-04
 686.0000000000    1.8441054833e-04
 686.5000000000    1.8441022582e-04
 687.0000000000    1.8440941319e-04
 687.5000000000    1.8440803729e-04
 688.0000000000    1.8440609744e-04
 688.5000000000    1.8440365864e-04
 689.0000000000    1.8440084027e-04
 689.5000000000    1.8439780280e-04
 690.0000000000    1.8439473222e-04
 690.5000000000    1.8439182488e-04
 691.0000000000    1.8438927529e-04
 691.5000000000    1.8438726516e-04
 692.0000000000    1.8438595810e-04
 692.5000000000    1.8438550062e-04
 693.0000000000    1.8438602712e-04
 693.5000000000    1.8438766898e-04
 694.0000000000    1.8439056584e-04
 694.5000000000    1.8439487713e-04
 695.0000000000    1.8440079244e-04
 695.5000000000    1.8440853862e-04
 696.0000000000    1.8441838113e-04
 696.5000000000    1.8443061777e-04
 697.0000000000    1.8444556223e-04
 697.5000000000    1.8446351817e-04
 698.0000000000    1.8448474438e-04
 698.5000000000    1.8450941646e-04
 699.0000000000    1.8453758793e-04
 699.5000000000    1.8456915606e-04
 700.0000000000    1.8460383704e-04
