#          time             L^2_Ham             L^2_Mom
   0.0000000000    4.2001715656e-06    4.0149940393e-06
   0.5000000000    1.2318453393e-06    3.9869367082e-06
   1.0000000000    1.0531176203e-06    3.9434146457e-06
   1.5000000000    9.0353712311e-07    3.9173547221e-06
   2.0000000000    7.6905586943e-07    3.9184782903e-06
   2.5000000000    6.5704997381e-07    3.9426409200e-06
   3.0000000000    5.8946197276e-07    3.9811204646e-06
   3.5000000000    5.5342078961e-07    4.0241458787e-06
   4.0000000000    5.3408007411e-07    4.0644530753e-06
   4.5000000000    5.2038962984e-07    4.0985942172e-06
   5.0000000000    5.0353153329e-07    4.1267876389e-06
   5.5000000000    4.8182621903e-07    4.1505284241e-06
   6.0000000000    4.5759722818e-07    4.1716888539e-06
   6.5000000000    4.3291577307e-07    4.1918738631e-06
   7.0000000000    4.0912365736e-07    4.2123008165e-06
   7.5000000000    3.8705789102e-07    4.2339452465e-06
   8.0000000000    3.6771740594e-07    4.2569842533e-06
   8.5000000000    3.5087637947e-07    4.2821899081e-06
   9.0000000000    3.3643639063e-07    4.3096430635e-06
   9.5000000000    3.2376065091e-07    4.3397017346e-06
  10.0000000000    3.1301072288e-07    4.3703950685e-06
  10.5000000000    3.0375550983e-07    4.4048097923e-06
  11.0000000000    2.9668702773e-07    4.4393274490e-06
  11.5000000000    2.8923499333e-07    4.4763066343e-06
  12.0000000000    2.8401567049e-07    4.5156656120e-06
  12.5000000000    2.7997976613e-07    4.5579452754e-06
  13.0000000000    2.7984604000e-07    4.6002856434e-06
  13.5000000000    2.7602371674e-07    4.6442804449e-06
  14.0000000000    2.8167407292e-07    4.6916968905e-06
  14.5000000000    2.8179078312e-07    4.7392530842e-06
  15.0000000000    2.8017609842e-07    4.7882009781e-06
  15.5000000000    2.7941615120e-07    4.8419848432e-06
  16.0000000000    2.8095010594e-07    4.8916483882e-06
  16.5000000000    2.9147897335e-07    4.9430168536e-06
  17.0000000000    3.1201855054e-07    4.9979921602e-06
  17.5000000000    3.1035688452e-07    5.0535196629e-06
  18.0000000000    3.0680214346e-07    5.1102301185e-06
  18.5000000000    3.0599172293e-07    5.1686026851e-06
  19.0000000000    3.0474375526e-07    5.2280766259e-06
  19.5000000000    3.0713914962e-07    5.2869546061e-06
  20.0000000000    3.1471256106e-07    5.3503045260e-06
  20.5000000000    3.0011930057e-07    5.4089564605e-06
  21.0000000000    2.9871093331e-07    5.4703958251e-06
  21.5000000000    3.0274765905e-07    5.5335249187e-06
  22.0000000000    3.1091330864e-07    5.5984560354e-06
  22.5000000000    3.1979771086e-07    5.6642923661e-06
  23.0000000000    3.2352707976e-07    5.7290840798e-06
  23.5000000000    3.2667124407e-07    5.7962432646e-06
  24.0000000000    3.2960476353e-07    5.8636402566e-06
  24.5000000000    3.3500003684e-07    5.9347367652e-06
  25.0000000000    3.4239704178e-07    6.0056350981e-06
  25.5000000000    3.4770773198e-07    6.0723830603e-06
  26.0000000000    3.5077708248e-07    6.1393674319e-06
  26.5000000000    3.4243764508e-07    6.2096361894e-06
  27.0000000000    3.4679282926e-07    6.2823685360e-06
  27.5000000000    3.5050371611e-07    6.3525162707e-06
  28.0000000000    3.5522640207e-07    6.4234723524e-06
  28.5000000000    3.6017388757e-07    6.4952640090e-06
  29.0000000000    3.6545957441e-07    6.5676744251e-06
  29.5000000000    3.7085231708e-07    6.6406016211e-06
  30.0000000000    3.7648593186e-07    6.7185329242e-06
  30.5000000000    3.8263887961e-07    6.7887943902e-06
  31.0000000000    3.8867297652e-07    6.8632311786e-06
  31.5000000000    3.9526215182e-07    6.9382240772e-06
  32.0000000000    4.0188978334e-07    7.0151980863e-06
  32.5000000000    4.0947928490e-07    7.0885544494e-06
  33.0000000000    4.1649495587e-07    7.1616862655e-06
  33.5000000000    4.2379053436e-07    7.2362359330e-06
  34.0000000000    4.3066444947e-07    7.3188012593e-06
  34.5000000000    4.3675406589e-07    7.3871662421e-06
  35.0000000000    4.4307685718e-07    7.4630305862e-06
  35.5000000000    4.4713357030e-07    7.5437022222e-06
  36.0000000000    4.5125613997e-07    7.6162957904e-06
  36.5000000000    4.5562759816e-07    7.6979037657e-06
  37.0000000000    4.5906386146e-07    7.7706116075e-06
  37.5000000000    4.6266693224e-07    7.8445379142e-06
  38.0000000000    4.6583262327e-07    7.9196717130e-06
  38.5000000000    4.6852829786e-07    7.9956578813e-06
  39.0000000000    4.7130162630e-07    8.0719720022e-06
  39.5000000000    4.7389291844e-07    8.1484631233e-06
  40.0000000000    4.7641110680e-07    8.2250590880e-06
  40.5000000000    4.7943468612e-07    8.3087596556e-06
  41.0000000000    4.8231842124e-07    8.3820345964e-06
  41.5000000000    4.8514127758e-07    8.4562852855e-06
  42.0000000000    4.8810553051e-07    8.5301203851e-06
  42.5000000000    4.9143865008e-07    8.6061748722e-06
  43.0000000000    4.9480118203e-07    8.6822991681e-06
  43.5000000000    4.9832291130e-07    8.7595478370e-06
  44.0000000000    5.0159662580e-07    8.8358483600e-06
  44.5000000000    5.0500852372e-07    8.9121063849e-06
  45.0000000000    5.0894468475e-07    8.9933413864e-06
  45.5000000000    5.1275711356e-07    9.0891233087e-06
  46.0000000000    5.1645231057e-07    9.1626143345e-06
  46.5000000000    5.1998432469e-07    9.2271278495e-06
  47.0000000000    5.2355830814e-07    9.2950792400e-06
  47.5000000000    5.2741585124e-07    9.3702035249e-06
  48.0000000000    5.3124629608e-07    9.4422848275e-06
  48.5000000000    5.3532587802e-07    9.5183770893e-06
  49.0000000000    5.3938287237e-07    9.6021733013e-06
  49.5000000000    5.4312349035e-07    9.6693626092e-06
  50.0000000000    5.4694532528e-07    9.7433084583e-06
  50.5000000000    5.5088775942e-07    9.8395645923e-06
  51.0000000000    5.5489952883e-07    9.9125762875e-06
  51.5000000000    5.5892574373e-07    9.9722118881e-06
  52.0000000000    5.6270991563e-07    1.0041884214e-05
  52.5000000000    5.6676045274e-07    1.0114274836e-05
  53.0000000000    5.7091602305e-07    1.0187647347e-05
  53.5000000000    5.7505861912e-07    1.0261221318e-05
  54.0000000000    5.7917272634e-07    1.0334607783e-05
  54.5000000000    5.8335509440e-07    1.0408840978e-05
  55.0000000000    5.8749720318e-07    1.0482812056e-05
  55.5000000000    5.9143450121e-07    1.0552301675e-05
  56.0000000000    5.9513939124e-07    1.0623854682e-05
  56.5000000000    5.9941110571e-07    1.0694914431e-05
  57.0000000000    6.0335650972e-07    1.0768722281e-05
  57.5000000000    6.0670574000e-07    1.0860953908e-05
  58.0000000000    6.1025551597e-07    1.0907818357e-05
  58.5000000000    6.1375467182e-07    1.0960020540e-05
  59.0000000000    6.1698898540e-07    1.1018344795e-05
  59.5000000000    6.2050822777e-07    1.1082250258e-05
  60.0000000000    6.2438421076e-07    1.1150034058e-05
  60.5000000000    6.2853586983e-07    1.1220989792e-05
  61.0000000000    6.3280210485e-07    1.1293466552e-05
  61.5000000000    6.3727534592e-07    1.1425769159e-05
  62.0000000000    6.4131410128e-07    1.1444979575e-05
  62.5000000000    6.4541599836e-07    1.1513118364e-05
  63.0000000000    6.4904130152e-07    1.1578714142e-05
  63.5000000000    6.5295600992e-07    1.1646273347e-05
  64.0000000000    6.5706995636e-07    1.1716261467e-05
  64.5000000000    6.6105745871e-07    1.1779989072e-05
  65.0000000000    6.6509470354e-07    1.1849537432e-05
  65.5000000000    6.6929198992e-07    1.1915264340e-05
  66.0000000000    6.7347080386e-07    1.1983613186e-05
  66.5000000000    6.7762253652e-07    1.2054859589e-05
  67.0000000000    6.8167947818e-07    1.2120763355e-05
  67.5000000000    6.8577571407e-07    1.2188269868e-05
  68.0000000000    6.8984877879e-07    1.2262876291e-05
  68.5000000000    6.9394748193e-07    1.2383967618e-05
  69.0000000000    6.9783620606e-07    1.2423450330e-05
  69.5000000000    7.0197319865e-07    1.2466625617e-05
  70.0000000000    7.0589214359e-07    1.2520509529e-05
  70.5000000000    7.0991493761e-07    1.2679370966e-05
  71.0000000000    7.1384306402e-07    1.2675549656e-05
  71.5000000000    7.1807938344e-07    1.2740282505e-05
  72.0000000000    7.2195646804e-07    1.2811459617e-05
  72.5000000000    7.2589042647e-07    1.2868505340e-05
  73.0000000000    7.3026742245e-07    1.2911997560e-05
  73.5000000000    7.3470109400e-07    1.2973852412e-05
  74.0000000000    7.3853630384e-07    1.3037609526e-05
  74.5000000000    7.4266353522e-07    1.3113464994e-05
  75.0000000000    7.4886034891e-07    1.3205445575e-05
  75.5000000000    7.5205919769e-07    1.3268180897e-05
  76.0000000000    7.5618302700e-07    1.3323346011e-05
  76.5000000000    7.6049255406e-07    1.3392372404e-05
  77.0000000000    7.6296234172e-07    1.3452497011e-05
  77.5000000000    7.6534941076e-07    1.3504918865e-05
  78.0000000000    7.6960192618e-07    1.3565630540e-05
  78.5000000000    7.7475901140e-07    1.3623841430e-05
  79.0000000000    7.7885162112e-07    1.3679450602e-05
  79.5000000000    7.8319099730e-07    1.3745021706e-05
  80.0000000000    7.8651723663e-07    1.3803930605e-05
  80.5000000000    7.8963655935e-07    1.3864076631e-05
  81.0000000000    7.9329723720e-07    1.3926945177e-05
  81.5000000000    7.9735131630e-07    1.4004783987e-05
  82.0000000000    8.0110827200e-07    1.4053302355e-05
  82.5000000000    8.0530228684e-07    1.4113063401e-05
  83.0000000000    8.0903611897e-07    1.4173425975e-05
  83.5000000000    8.1265558562e-07    1.4234304405e-05
  84.0000000000    8.1666710966e-07    1.4295168550e-05
  84.5000000000    8.2030366764e-07    1.4355899935e-05
  85.0000000000    8.2478048934e-07    1.4416029210e-05
  85.5000000000    8.2969790108e-07    1.4475806575e-05
  86.0000000000    8.3681228193e-07    1.4535748621e-05
  86.5000000000    8.4498814620e-07    1.4612841306e-05
  87.0000000000    8.5268719344e-07    1.4657771041e-05
  87.5000000000    8.6477091070e-07    1.4716599215e-05
  88.0000000000    8.7935725591e-07    1.4775702611e-05
  88.5000000000    8.9145580372e-07    1.4845435966e-05
  89.0000000000    8.9894440727e-07    1.4905022479e-05
  89.5000000000    9.0919405897e-07    1.4958386281e-05
  90.0000000000    9.1720191352e-07    1.5017137558e-05
  90.5000000000    9.2467213571e-07    1.5070307683e-05
  91.0000000000    9.3027506518e-07    1.5128245602e-05
  91.5000000000    9.3427566454e-07    1.5206360904e-05
  92.0000000000    9.3751787618e-07    1.5246895779e-05
  92.5000000000    9.4057490867e-07    1.5305273757e-05
  93.0000000000    9.4315156149e-07    1.5360282354e-05
  93.5000000000    9.4445065520e-07    1.5417822253e-05
  94.0000000000    9.4612232193e-07    1.5475783234e-05
  94.5000000000    9.4880719162e-07    1.5531923209e-05
  95.0000000000    9.5149072349e-07    1.5589591801e-05
  95.5000000000    9.5325593861e-07    1.5644805174e-05
  96.0000000000    9.5531549935e-07    1.5701491948e-05
  96.5000000000    9.5867378616e-07    1.5777510527e-05
  97.0000000000    9.6206735220e-07    1.5819046350e-05
  97.5000000000    9.6467707339e-07    1.5876809675e-05
  98.0000000000    9.6712626221e-07    1.5928624012e-05
  98.5000000000    9.7021881341e-07    1.6041390707e-05
  99.0000000000    9.7349618216e-07    1.6057525781e-05
  99.5000000000    9.7701043327e-07    1.6098598324e-05
 100.0000000000    9.8203017709e-07    1.6152283383e-05
 100.5000000000    9.8605565485e-07    1.6204972130e-05
 101.0000000000    9.8573138909e-07    1.6259655724e-05
 101.5000000000    9.8345849484e-07    1.6321145507e-05
 102.0000000000    9.8599206484e-07    1.6372587115e-05
 102.5000000000    9.9460383802e-07    1.6427790322e-05
 103.0000000000    1.0016710826e-06    1.6609123188e-05
 103.5000000000    1.0003584961e-06    1.6540072510e-05
 104.0000000000    9.9839801316e-07    1.6586336493e-05
 104.5000000000    1.0015459040e-06    1.6649557859e-05
 105.0000000000    1.0066004371e-06    1.6692713248e-05
 105.5000000000    1.0090713962e-06    1.6763882268e-05
 106.0000000000    1.0104569862e-06    1.6797401848e-05
 106.5000000000    1.0130737364e-06    1.6862804969e-05
 107.0000000000    1.0160761662e-06    1.6905713688e-05
 107.5000000000    1.0187524281e-06    1.6959875614e-05
 108.0000000000    1.0212620586e-06    1.7012162383e-05
 108.5000000000    1.0240192412e-06    1.7074413440e-05
 109.0000000000    1.0266573197e-06    1.7122689608e-05
 109.5000000000    1.0291738367e-06    1.7172575142e-05
 110.0000000000    1.0317739831e-06    1.7224140202e-05
 110.5000000000    1.0345203686e-06    1.7275413440e-05
 111.0000000000    1.0373061624e-06    1.7327301158e-05
 111.5000000000    1.0399990815e-06    1.7384582863e-05
 112.0000000000    1.0426359156e-06    1.7432853211e-05
 112.5000000000    1.0453692440e-06    1.7484578291e-05
 113.0000000000    1.0480213267e-06    1.7536236925e-05
 113.5000000000    1.0511572180e-06    1.7615388364e-05
 114.0000000000    1.0538277085e-06    1.7623067968e-05
 114.5000000000    1.0566491552e-06    1.7672744309e-05
 115.0000000000    1.0594098487e-06    1.7729550478e-05
 115.5000000000    1.0623582023e-06    1.7778753533e-05
 116.0000000000    1.0653056798e-06    1.7851705341e-05
 116.5000000000    1.0681353439e-06    1.7879892633e-05
 117.0000000000    1.0709387334e-06    1.7929980097e-05
 117.5000000000    1.0741869524e-06    1.7980848477e-05
 118.0000000000    1.0775014015e-06    1.8052632548e-05
 118.5000000000    1.0808532034e-06    1.8085888795e-05
 119.0000000000    1.0839579351e-06    1.8133367984e-05
 119.5000000000    1.0871263821e-06    1.8182995722e-05
 120.0000000000    1.0908908034e-06    1.8232890024e-05
 120.5000000000    1.0947742762e-06    1.8282805806e-05
 121.0000000000    1.0985328167e-06    1.8338662642e-05
 121.5000000000    1.1020700974e-06    1.8384498164e-05
 122.0000000000    1.1058764692e-06    1.8434359579e-05
 122.5000000000    1.1100912347e-06    1.8484060162e-05
 123.0000000000    1.1139721663e-06    1.8533540346e-05
 123.5000000000    1.1176373614e-06    1.8582891149e-05
 124.0000000000    1.1215580001e-06    1.8632100815e-05
 124.5000000000    1.1258501100e-06    1.8681198285e-05
 125.0000000000    1.1295518696e-06    1.8730242289e-05
 125.5000000000    1.1327131533e-06    1.8805848900e-05
 126.0000000000    1.1362834888e-06    1.8830528989e-05
 126.5000000000    1.1406220466e-06    1.8878928836e-05
 127.0000000000    1.1443356515e-06    1.8928088620e-05
 127.5000000000    1.1470252030e-06    1.8976823052e-05
 128.0000000000    1.1500941928e-06    1.9036178894e-05
 128.5000000000    1.1541374163e-06    1.9078420080e-05
 129.0000000000    1.1577793344e-06    1.9125118180e-05
 129.5000000000    1.1601826708e-06    1.9172729335e-05
 130.0000000000    1.1631800232e-06    1.9220521560e-05
 130.5000000000    1.1669118947e-06    1.9275096467e-05
 131.0000000000    1.1699569029e-06    1.9318559667e-05
 131.5000000000    1.1726195582e-06    1.9366962826e-05
 132.0000000000    1.1756557922e-06    1.9415239986e-05
 132.5000000000    1.1790362894e-06    1.9463190890e-05
 133.0000000000    1.1819069018e-06    1.9511014745e-05
 133.5000000000    1.1847640288e-06    1.9558870996e-05
 134.0000000000    1.1876521364e-06    1.9606658451e-05
 134.5000000000    1.1907860831e-06    1.9654290823e-05
 135.0000000000    1.1937842433e-06    1.9731474974e-05
 135.5000000000    1.1965756317e-06    1.9752066225e-05
 136.0000000000    1.1997013054e-06    1.9799219828e-05
 136.5000000000    1.2026500819e-06    1.9847221142e-05
 137.0000000000    1.2054779768e-06    1.9894843126e-05
 137.5000000000    1.2085198407e-06    1.9953308785e-05
 138.0000000000    1.2113292973e-06    1.9993612362e-05
 138.5000000000    1.2143913209e-06    2.0039281951e-05
 139.0000000000    1.2173452739e-06    2.0086040779e-05
 139.5000000000    1.2202793172e-06    2.0163669433e-05
 140.0000000000    1.2230412140e-06    2.0182557345e-05
 140.5000000000    1.2261463422e-06    2.0229167024e-05
 141.0000000000    1.2291188239e-06    2.0276826367e-05
 141.5000000000    1.2321429811e-06    2.0324041001e-05
 142.0000000000    1.2348640825e-06    2.0371088160e-05
 142.5000000000    1.2378791458e-06    2.0418075404e-05
 143.0000000000    1.2408221864e-06    2.0465051791e-05
 143.5000000000    1.2438952832e-06    2.0511989490e-05
 144.0000000000    1.2469158331e-06    2.0558910058e-05
 144.5000000000    1.2520973591e-06    2.0787504110e-05
 145.0000000000    1.2545892970e-06    2.0715463872e-05
 145.5000000000    1.2568055884e-06    2.0711751345e-05
 146.0000000000    1.2601614107e-06    2.0772960518e-05
 146.5000000000    1.2637719147e-06    2.0831451218e-05
 147.0000000000    1.2674503220e-06    2.0860587052e-05
 147.5000000000    1.2712895434e-06    2.0908090961e-05
 148.0000000000    1.2762516704e-06    2.0942846889e-05
 148.5000000000    1.2837916458e-06    2.0986480032e-05
 149.0000000000    1.2934572831e-06    2.1066204953e-05
 149.5000000000    1.3016468364e-06    2.1096518835e-05
 150.0000000000    1.3094168968e-06    2.1140651719e-05
 150.5000000000    1.3244027302e-06    2.1184009667e-05
 151.0000000000    1.3460617685e-06    2.1226926022e-05
 151.5000000000    1.3609505445e-06    2.1272528373e-05
 152.0000000000    1.3701874789e-06    2.1320449996e-05
 152.5000000000    1.3943719278e-06    2.1540529843e-05
 153.0000000000    1.4271766709e-06    2.1520859543e-05
 153.5000000000    1.4395442750e-06    2.1502247437e-05
 154.0000000000    1.4407569615e-06    2.1528062113e-05
 154.5000000000    1.4687922272e-06    2.1575356123e-05
 155.0000000000    1.5060175267e-06    2.1604865081e-05
 155.5000000000    1.5083656682e-06    2.1683676422e-05
 156.0000000000    1.5001133823e-06    2.1706853751e-05
 156.5000000000    1.5254277371e-06    2.1751797216e-05
 157.0000000000    1.5514911213e-06    2.1796497733e-05
 157.5000000000    1.5400990076e-06    2.1843108371e-05
 158.0000000000    1.5273640335e-06    2.1898749809e-05
 158.5000000000    1.5415883586e-06    2.1938209839e-05
 159.0000000000    1.5500068700e-06    2.1985758468e-05
 159.5000000000    1.5395287201e-06    2.2033192085e-05
 160.0000000000    1.5394310412e-06    2.2299931927e-05
 160.5000000000    1.5530742868e-06    2.2138845081e-05
 161.0000000000    1.5579508995e-06    2.2195601561e-05
 161.5000000000    1.5525047291e-06    2.2240567179e-05
 162.0000000000    1.5491740522e-06    2.2286390788e-05
 162.5000000000    1.5472248282e-06    2.2343147919e-05
 163.0000000000    1.5425185394e-06    2.2382569512e-05
 163.5000000000    1.5386122329e-06    2.2430483298e-05
 164.0000000000    1.5397753802e-06    2.2478131221e-05
 164.5000000000    1.5432028699e-06    2.2536931509e-05
 165.0000000000    1.5437422528e-06    2.2575396492e-05
 165.5000000000    1.5415712014e-06    2.2621330809e-05
 166.0000000000    1.5386704438e-06    2.2668552005e-05
 166.5000000000    1.5362386798e-06    2.2756538729e-05
 167.0000000000    1.5341088730e-06    2.2766577754e-05
 167.5000000000    1.5331003723e-06    2.2813672532e-05
 168.0000000000    1.5329391685e-06    2.2862231957e-05
 168.5000000000    1.5324165334e-06    2.2910005839e-05
 169.0000000000    1.5309942871e-06    2.2957816695e-05
 169.5000000000    1.5296111557e-06    2.3005585543e-05
 170.0000000000    1.5290568609e-06    2.3053516042e-05
 170.5000000000    1.5292750934e-06    2.3101508933e-05
 171.0000000000    1.5297572058e-06    2.3192132080e-05
 171.5000000000    1.5300100623e-06    2.3200569960e-05
 172.0000000000    1.5302245092e-06    2.3248242516e-05
 172.5000000000    1.5305453287e-06    2.3297336941e-05
 173.0000000000    1.5310700774e-06    2.3357422274e-05
 173.5000000000    1.5319271992e-06    2.3396603285e-05
 174.0000000000    1.5328839386e-06    2.3443478511e-05
 174.5000000000    1.5338345637e-06    2.3542546895e-05
 175.0000000000    1.5349057554e-06    2.3570966906e-05
 175.5000000000    1.5363159841e-06    2.3627180109e-05
 176.0000000000    1.5379853484e-06    2.3641599612e-05
 176.5000000000    1.5396179441e-06    2.3685754136e-05
 177.0000000000    1.5412239400e-06    2.3733381624e-05
 177.5000000000    1.5429615931e-06    2.3782206994e-05
 178.0000000000    1.5450370912e-06    2.3858275357e-05
 178.5000000000    1.5471522759e-06    2.3896860417e-05
 179.0000000000    1.5494109022e-06    2.3934553923e-05
 179.5000000000    1.5514886075e-06    2.4023617242e-05
 180.0000000000    1.5536916042e-06    2.4027447125e-05
 180.5000000000    1.5562258288e-06    2.4076040650e-05
 181.0000000000    1.5588077739e-06    2.4126393645e-05
 181.5000000000    1.5614927083e-06    2.4176238284e-05
 182.0000000000    1.5642843241e-06    2.4283578193e-05
 182.5000000000    1.5672522271e-06    2.4292910801e-05
 183.0000000000    1.5703242246e-06    2.4341262960e-05
 183.5000000000    1.5736635066e-06    2.4374183793e-05
 184.0000000000    1.5774015095e-06    2.4463049950e-05
 184.5000000000    1.5813719143e-06    2.4480224068e-05
 185.0000000000    1.5859814642e-06    2.4528827792e-05
 185.5000000000    1.5906090527e-06    2.4579669122e-05
 186.0000000000    1.5952569255e-06    2.4631246793e-05
 186.5000000000    1.5992878168e-06    2.4682243032e-05
 187.0000000000    1.6025529349e-06    2.4732350868e-05
 187.5000000000    1.6050419224e-06    2.4783877877e-05
 188.0000000000    1.6075609525e-06    2.4886015459e-05
 188.5000000000    1.6104280266e-06    2.4891683954e-05
 189.0000000000    1.6140435604e-06    2.4944745856e-05
 189.5000000000    1.6182709988e-06    2.4998067070e-05
 190.0000000000    1.6225155808e-06    2.5050921528e-05
 190.5000000000    1.6273462267e-06    2.5108569350e-05
 191.0000000000    1.6329218140e-06    2.5160138473e-05
 191.5000000000    1.6395378200e-06    2.5211885133e-05
 192.0000000000    1.6463248293e-06    2.5264807077e-05
 192.5000000000    1.6519994356e-06    2.5331107326e-05
 193.0000000000    1.6551797274e-06    2.5375023695e-05
 193.5000000000    1.6560710007e-06    2.5431015500e-05
 194.0000000000    1.6565573058e-06    2.5485671418e-05
 194.5000000000    1.6590259169e-06    2.5540727746e-05
 195.0000000000    1.6648677585e-06    2.5597979805e-05
 195.5000000000    1.6729002973e-06    2.5652953156e-05
 196.0000000000    1.6803604396e-06    2.5708238315e-05
 196.5000000000    1.6849537552e-06    2.5776653807e-05
 197.0000000000    1.6866796787e-06    2.5823116111e-05
 197.5000000000    1.6875597157e-06    2.5881184130e-05
 198.0000000000    1.6900616465e-06    2.5937987293e-05
 198.5000000000    1.6954029293e-06    2.5995447472e-05
 199.0000000000    1.7018279560e-06    2.6053447009e-05
 199.5000000000    1.7078945390e-06    2.6111798760e-05
 200.0000000000    1.7124431955e-06    2.6170348355e-05
 200.5000000000    1.7161793125e-06    2.6283736935e-05
 201.0000000000    1.7202650449e-06    2.6290898267e-05
 201.5000000000    1.7252462827e-06    2.6352092498e-05
 202.0000000000    1.7307284337e-06    2.6411794234e-05
 202.5000000000    1.7360829497e-06    2.6471976835e-05
 203.0000000000    1.7411162698e-06    2.6532891807e-05
 203.5000000000    1.7460343249e-06    2.6594425484e-05
 204.0000000000    1.7512050981e-06    2.6656151587e-05
 204.5000000000    1.7566825272e-06    2.6773284445e-05
 205.0000000000    1.7620196327e-06    2.6783023676e-05
 205.5000000000    1.7671000839e-06    2.6847827835e-05
 206.0000000000    1.7725759193e-06    2.6910531396e-05
 206.5000000000    1.7782747105e-06    2.6974198244e-05
 207.0000000000    1.7840941433e-06    2.7038701557e-05
 207.5000000000    1.7898796481e-06    2.7103708100e-05
 208.0000000000    1.7957444302e-06    2.7169144942e-05
 208.5000000000    1.8016948655e-06    2.7290241533e-05
 209.0000000000    1.8077742276e-06    2.7303731119e-05
 209.5000000000    1.8140382047e-06    2.7372716583e-05
 210.0000000000    1.8202728041e-06    2.7439237255e-05
 210.5000000000    1.8268034528e-06    2.7507215306e-05
 211.0000000000    1.8333520157e-06    2.7576091599e-05
 211.5000000000    1.8398345964e-06    2.7645546054e-05
 212.0000000000    1.8465231918e-06    2.7717314658e-05
 212.5000000000    1.8532378992e-06    2.7841952490e-05
 213.0000000000    1.8610060551e-06    2.7860071783e-05
 213.5000000000    1.8694873902e-06    2.7933554622e-05
 214.0000000000    1.8794413182e-06    2.8004731175e-05
 214.5000000000    1.8926566051e-06    2.8077918428e-05
 215.0000000000    1.9094865979e-06    2.8152141577e-05
 215.5000000000    1.9306649943e-06    2.8227049394e-05
 216.0000000000    1.9541741660e-06    2.8305999677e-05
 216.5000000000    1.9768605820e-06    2.8434499627e-05
 217.0000000000    1.9931887460e-06    2.8459489961e-05
 217.5000000000    2.0004695417e-06    2.8538312534e-05
 218.0000000000    2.0007317565e-06    2.8615577623e-05
 218.5000000000    2.0031439106e-06    2.8695354068e-05
 219.0000000000    2.0207153082e-06    2.8776197232e-05
 219.5000000000    2.0629555530e-06    2.8857965779e-05
 220.0000000000    2.1261430818e-06    2.8940701636e-05
 220.5000000000    2.1931561815e-06    2.9074694218e-05
 221.0000000000    2.2417846586e-06    2.9110572106e-05
 221.5000000000    2.2576330002e-06    2.9196852233e-05
 222.0000000000    2.2428654322e-06    2.9282644130e-05
 222.5000000000    2.2171739071e-06    2.9371101368e-05
 223.0000000000    2.2059889824e-06    2.9460544377e-05
 223.5000000000    2.2228800651e-06    2.9551110970e-05
 224.0000000000    2.2594132241e-06    2.9642854935e-05
 224.5000000000    2.2915573869e-06    2.9738888358e-05
 225.0000000000    2.3003848588e-06    2.9832108589e-05
 225.5000000000    2.2844099786e-06    2.9925212571e-05
 226.0000000000    2.2597557150e-06    3.0022496499e-05
 226.5000000000    2.2461288338e-06    3.0121338198e-05
 227.0000000000    2.2520108113e-06    3.0221468767e-05
 227.5000000000    2.2680837398e-06    3.0323115756e-05
 228.0000000000    2.2790145395e-06    3.0426250462e-05
 228.5000000000    2.2772055081e-06    3.0532046920e-05
 229.0000000000    2.2675563561e-06    3.0638331931e-05
 229.5000000000    2.2616482713e-06    3.0744239207e-05
 230.0000000000    2.2656342692e-06    3.0854919107e-05
 230.5000000000    2.2767175342e-06    3.0967384906e-05
 231.0000000000    2.2873151524e-06    3.1081744806e-05
 231.5000000000    2.2938249940e-06    3.1198038970e-05
 232.0000000000    2.2986544752e-06    3.1351705817e-05
 232.5000000000    2.3068835957e-06    3.1438424149e-05
 233.0000000000    2.3201879991e-06    3.1556859156e-05
 233.5000000000    2.3363482542e-06    3.1681748510e-05
 234.0000000000    2.3519987113e-06    3.1809654490e-05
 234.5000000000    2.3661371664e-06    3.1940358688e-05
 235.0000000000    2.3805200690e-06    3.2074051840e-05
 235.5000000000    2.3970077897e-06    3.2238064610e-05
 236.0000000000    2.4154063232e-06    3.2354640220e-05
 236.5000000000    2.4344249003e-06    3.2491400745e-05
 237.0000000000    2.4531924972e-06    3.2636063595e-05
 237.5000000000    2.4725500125e-06    3.2823917829e-05
 238.0000000000    2.4922883032e-06    3.3059588024e-05
 238.5000000000    2.5129658401e-06    3.3112264391e-05
 239.0000000000    2.5343108154e-06    3.3260810744e-05
 239.5000000000    2.5559950713e-06    3.3438739737e-05
 240.0000000000    2.5786919216e-06    3.3612189691e-05
 240.5000000000    2.6005348770e-06    3.3791036014e-05
 241.0000000000    2.6242385005e-06    3.3944878290e-05
 241.5000000000    2.6496273494e-06    3.5243487871e-05
 242.0000000000    2.6740928674e-06    3.4448921349e-05
 242.5000000000    2.6993053406e-06    3.4548538055e-05
 243.0000000000    2.7255565048e-06    3.4753150624e-05
 243.5000000000    2.7530300076e-06    3.4966733241e-05
 244.0000000000    2.7817340779e-06    3.5119623443e-05
 244.5000000000    2.8117165232e-06    3.5336594314e-05
 245.0000000000    2.8440949889e-06    3.5578596280e-05
 245.5000000000    2.8762037202e-06    3.5822602653e-05
 246.0000000000    2.9110770683e-06    3.6083102960e-05
 246.5000000000    2.9466869239e-06    3.6415114924e-05
 247.0000000000    2.9836905400e-06    3.6601062076e-05
 247.5000000000    3.0226325115e-06    3.6875388744e-05
 248.0000000000    3.0637408008e-06    3.7134568088e-05
 248.5000000000    3.1070344851e-06    3.7419196689e-05
 249.0000000000    3.1525795675e-06    3.7734545676e-05
 249.5000000000    3.2003996234e-06    3.8048362771e-05
 250.0000000000    3.2505232703e-06    3.8387384337e-05
 250.5000000000    3.3032946827e-06    3.8743660566e-05
 251.0000000000    3.3588643227e-06    3.9113744875e-05
 251.5000000000    3.4175500102e-06    3.9501704524e-05
 252.0000000000    3.4794821440e-06    3.9913484665e-05
 252.5000000000    3.5449375086e-06    4.0351220750e-05
 253.0000000000    3.6141401167e-06    4.0815854515e-05
 253.5000000000    3.6874057983e-06    4.1308045491e-05
 254.0000000000    3.7651587259e-06    4.1831866488e-05
 254.5000000000    3.8478445104e-06    4.2390659913e-05
 255.0000000000    3.9360147676e-06    4.2982800223e-05
 255.5000000000    4.0299978749e-06    4.3624231707e-05
 256.0000000000    4.1306430920e-06    4.4325396921e-05
 256.5000000000    4.2384485025e-06    4.5072296008e-05
 257.0000000000    4.3542077300e-06    4.5892935561e-05
 257.5000000000    4.4788742177e-06    4.6783629695e-05
 258.0000000000    4.6135754552e-06    4.7768100950e-05
 258.5000000000    4.7596803815e-06    4.8850499190e-05
 259.0000000000    4.9185801719e-06    5.0062984464e-05
 259.5000000000    5.0918362597e-06    5.1428834261e-05
 260.0000000000    5.2813830250e-06    5.2977352565e-05
 260.5000000000    5.4893685606e-06    5.4752506115e-05
 261.0000000000    5.7187031081e-06    5.6809952951e-05
 261.5000000000    5.9727038442e-06    5.9226990788e-05
 262.0000000000    6.2555186047e-06    6.2103164591e-05
 262.5000000000    6.5718205303e-06    6.5595807349e-05
 263.0000000000    6.9273109513e-06    6.9911839351e-05
 263.5000000000    7.3284129926e-06    7.5349752045e-05
 264.0000000000    7.7835582761e-06    8.2353633228e-05
 264.5000000000    8.3028353388e-06    9.1579392528e-05
 265.0000000000    8.8991227683e-06    1.0402388355e-04
 265.5000000000    9.5881555220e-06    1.2114825151e-04
 266.0000000000    1.0389037806e-05    1.4522399207e-04
 266.5000000000    1.1326164780e-05    1.7963816185e-04
 267.0000000000    1.2434788665e-05    2.2942764546e-04
 267.5000000000    1.3785285862e-05    3.0191112421e-04
 268.0000000000    1.5617968598e-05    4.0735229435e-04
 268.5000000000    1.9258742918e-05    5.5955010351e-04
 269.0000000000    3.1858321897e-05    7.7681774928e-04
 269.5000000000    7.4344375950e-05    1.0885393141e-03
 270.0000000000    1.8066884488e-04    1.5675187481e-03
 270.5000000000    3.8458136020e-04    2.3812050953e-03
 271.0000000000    6.7425038925e-04    3.6682538653e-03
 271.5000000000    9.4597292169e-04    5.2139959465e-03
 272.0000000000    1.0772762694e-03    6.5644116925e-03
 272.5000000000    1.0711714101e-03    7.5738415107e-03
 273.0000000000    1.0115882443e-03    8.3556080474e-03
 273.5000000000    9.4948035604e-04    8.9609113981e-03
 274.0000000000    8.9710324735e-04    9.4046625098e-03
 274.5000000000    8.5388757456e-04    9.7142049386e-03
 275.0000000000    8.1734195952e-04    9.9204005248e-03
 275.5000000000    7.8544333728e-04    1.0049583507e-02
 276.0000000000    7.5691048231e-04    1.0122474796e-02
 276.5000000000    7.3110079411e-04    1.0154082695e-02
 277.0000000000    7.0784867468e-04    1.0152759499e-02
 277.5000000000    6.8732594267e-04    1.0118638635e-02
 278.0000000000    6.6993849516e-04    1.0041825047e-02
 278.5000000000    6.5618361565e-04    9.9010498681e-03
 279.0000000000    6.4632703802e-04    9.6660179887e-03
 279.5000000000    6.3977163894e-04    9.3153871218e-03
 280.0000000000    6.3420450004e-04    8.8977693069e-03
 280.5000000000    6.2538160814e-04    8.6311966734e-03
 281.0000000000    6.0951855133e-04    8.8162841995e-03
 281.5000000000    5.8831398222e-04    9.3789757575e-03
 282.0000000000    5.7032723089e-04    9.8462911211e-03
 282.5000000000    5.6496096167e-04    9.8650997224e-03
 283.0000000000    5.7442830037e-04    9.2507410455e-03
 283.5000000000    5.8356904116e-04    8.5042787499e-03
 284.0000000000    5.6959077944e-04    9.2239704910e-03
 284.5000000000    5.5471266763e-04    9.9012784178e-03
 285.0000000000    5.7045575197e-04    9.0616082336e-03
 285.5000000000    5.7281720509e-04    8.8808807154e-03
 286.0000000000    5.5443237442e-04    9.8893139118e-03
 286.5000000000    5.7796565668e-04    8.5903930485e-03
 287.0000000000    5.5847366039e-04    9.7635146264e-03
 287.5000000000    5.7567099575e-04    8.8772936566e-03
 288.0000000000    5.6195678043e-04    9.6847516376e-03
 288.5000000000    5.7895730336e-04    8.7875847278e-03
 289.0000000000    5.6015026987e-04    9.8159021503e-03
 289.5000000000    5.8312223065e-04    8.5494395031e-03
 290.0000000000    5.6171425760e-04    9.7234707267e-03
 290.5000000000    5.7015206821e-04    9.2545542900e-03
 291.0000000000    5.7901363590e-04    8.6697670471e-03
 291.5000000000    5.5917138889e-04    9.6796781610e-03
 292.0000000000    5.5984346123e-04    9.5690530730e-03
 292.5000000000    5.7287633307e-04    8.7522181665e-03
 293.0000000000    5.7417333147e-04    8.5703237356e-03
 293.5000000000    5.6607899245e-04    9.0060240827e-03
 294.0000000000    5.5903949549e-04    9.3516020693e-03
 294.5000000000    5.5581641259e-04    9.4921379389e-03
 295.0000000000    5.5570167352e-04    9.4931635299e-03
 295.5000000000    5.5854576481e-04    9.3622701559e-03
 296.0000000000    5.6505554323e-04    9.0370153972e-03
 296.5000000000    5.7312752473e-04    8.5955841990e-03
 297.0000000000    5.7237057686e-04    8.7332095802e-03
 297.5000000000    5.6012661281e-04    9.5044476403e-03
 298.0000000000    5.6431277349e-04    9.3825155864e-03
 298.5000000000    5.8042744984e-04    8.5691706656e-03
 299.0000000000    5.6360603622e-04    9.5782968413e-03
 299.5000000000    5.8329066978e-04    8.6620351554e-03
 300.0000000000    5.6821798141e-04    9.5433172207e-03
 300.5000000000    5.8932863825e-04    8.5878031159e-03
 301.0000000000    5.7547229033e-04    9.4161380926e-03
 301.5000000000    5.8055920934e-04    9.2858263145e-03
 302.0000000000    5.9666077715e-04    8.6235256903e-03
 302.5000000000    5.9328397785e-04    8.9357966678e-03
 303.0000000000    5.8556209833e-04    9.3842096616e-03
 303.5000000000    5.8608622027e-04    9.4644161507e-03
 304.0000000000    5.9417341152e-04    9.2752449745e-03
 304.5000000000    6.0640640177e-04    8.9462982100e-03
 305.0000000000    6.1822791606e-04    8.6647986518e-03
 305.5000000000    6.2004974425e-04    8.8408092830e-03
 306.0000000000    6.1021044260e-04    9.3918141276e-03
 306.5000000000    6.3174320993e-04    8.9291292580e-03
 307.0000000000    6.2809302403e-04    9.2989198191e-03
 307.5000000000    6.5689271764e-04    8.7612309499e-03
 308.0000000000    6.6912329603e-04    8.7585609780e-03
 308.5000000000    6.5573165022e-04    9.3460412483e-03
 309.0000000000    7.0410104997e-04    8.6423790069e-03
 309.5000000000    7.2408816519e-04    8.6251117457e-03
 310.0000000000    7.1125595428e-04    9.1846406358e-03
 310.5000000000    7.7411524717e-04    8.6148563897e-03
 311.0000000000    8.0453099441e-04    8.6248568410e-03
 311.5000000000    7.8608765993e-04    9.1245433285e-03
 312.0000000000    8.6595075384e-04    8.6503187158e-03
 312.5000000000    8.6315672678e-04    8.7549576570e-03
 313.0000000000    8.9736133052e-04    8.5442005001e-03
 313.5000000000    9.1981526850e-04    8.5555501331e-03
 314.0000000000    8.4321716207e-04    8.4276789547e-03
 314.5000000000    8.6030439176e-04    7.6226067361e-03
 315.0000000000    7.8537981429e-04    7.0425952857e-03
 315.5000000000    6.9518759570e-04    6.3926885418e-03
 316.0000000000    5.5764558098e-04    5.2959102819e-03
 316.5000000000    4.1187798360e-04    4.0459230519e-03
 317.0000000000    2.8395596638e-04    2.9241015631e-03
 317.5000000000    1.9041197402e-04    2.2531782361e-03
 318.0000000000    1.3457015097e-04    2.0461654875e-03
 318.5000000000    1.0625594433e-04    2.1115631571e-03
 319.0000000000    9.4173902895e-05    2.2853912989e-03
 319.5000000000    9.0246979538e-05    2.4706216553e-03
 320.0000000000    8.9579495641e-05    2.6240321934e-03
 320.5000000000    8.9763086610e-05    2.7338635582e-03
 321.0000000000    8.9870086527e-05    2.8028210445e-03
 321.5000000000    8.9668562490e-05    2.8389497330e-03
 322.0000000000    8.9192073743e-05    2.8513751816e-03
 322.5000000000    8.8543605419e-05    2.8484559403e-03
 323.0000000000    8.7819571255e-05    2.8370904832e-03
 323.5000000000    8.7088333407e-05    2.8225895863e-03
 324.0000000000    8.6390725243e-05    2.8087974373e-03
 324.5000000000    8.5747642757e-05    2.7983249416e-03
 325.0000000000    8.5168705520e-05    2.7928078247e-03
 325.5000000000    8.4659701562e-05    2.7931572076e-03
 326.0000000000    8.4226778593e-05    2.7997597051e-03
 326.5000000000    8.3877994880e-05    2.8126156516e-03
 327.0000000000    8.3622969285e-05    2.8314241617e-03
 327.5000000000    8.3471429453e-05    2.8556386225e-03
 328.0000000000    8.3431624471e-05    2.8845085161e-03
 328.5000000000    8.3508604340e-05    2.9171203551e-03
 329.0000000000    8.3702811655e-05    2.9524430659e-03
 329.5000000000    8.4009448265e-05    2.9893777001e-03
 330.0000000000    8.4418231613e-05    3.0268082831e-03
 330.5000000000    8.4913858519e-05    3.0636528141e-03
 331.0000000000    8.5476656403e-05    3.0989116111e-03
 331.5000000000    8.6084024664e-05    3.1317110313e-03
 332.0000000000    8.6711761199e-05    3.1613366020e-03
 332.5000000000    8.7335079394e-05    3.1872512243e-03
 333.0000000000    8.7930467160e-05    3.2090967536e-03
 333.5000000000    8.8476647991e-05    3.2266815210e-03
 334.0000000000    8.8955774074e-05    3.2399616836e-03
 334.5000000000    8.9354260225e-05    3.2490232051e-03
 335.0000000000    8.9663368568e-05    3.2540644919e-03
 335.5000000000    8.9878877125e-05    3.2553763082e-03
 336.0000000000    9.0000922510e-05    3.2533195462e-03
 336.5000000000    9.0033270402e-05    3.2483044437e-03
 337.0000000000    8.9982719987e-05    3.2407736857e-03
 337.5000000000    8.9858556085e-05    3.2311889491e-03
 338.0000000000    8.9671690903e-05    3.2200195442e-03
 338.5000000000    8.9433846762e-05    3.2077318865e-03
 339.0000000000    8.9157208537e-05    3.1947791846e-03
 339.5000000000    8.8853624207e-05    3.1815918176e-03
 340.0000000000    8.8534295334e-05    3.1685691963e-03
 340.5000000000    8.8209253558e-05    3.1560740410e-03
 341.0000000000    8.7887315477e-05    3.1444288745e-03
 341.5000000000    8.7575766441e-05    3.1339134440e-03
 342.0000000000    8.7280577425e-05    3.1247620737e-03
 342.5000000000    8.7006314713e-05    3.1171612049e-03
 343.0000000000    8.6756617414e-05    3.1112480849e-03
 343.5000000000    8.6533998546e-05    3.1071116167e-03
 344.0000000000    8.6340440004e-05    3.1047952691e-03
 344.5000000000    8.6177196336e-05    3.1043004417e-03
 345.0000000000    8.6045027629e-05    3.1055889986e-03
 345.5000000000    8.5944208264e-05    3.1085856981e-03
 346.0000000000    8.5874570700e-05    3.1131815522e-03
 346.5000000000    8.5835634533e-05    3.1192381286e-03
 347.0000000000    8.5826692500e-05    3.1265921869e-03
 347.5000000000    8.5846639998e-05    3.1350604046e-03
 348.0000000000    8.5894111955e-05    3.1444442420e-03
 348.5000000000    8.5967180677e-05    3.1545348141e-03
 349.0000000000    8.6063758238e-05    3.1651178702e-03
 349.5000000000    8.6181240098e-05    3.1759791497e-03
 350.0000000000    8.6316483311e-05    3.1869101813e-03
 350.5000000000    8.6466149766e-05    3.1977132242e-03
 351.0000000000    8.6626492279e-05    3.2082053250e-03
 351.5000000000    8.6793509253e-05    3.2182217517e-03
 352.0000000000    8.6963259298e-05    3.2276187866e-03
 352.5000000000    8.7131765203e-05    3.2362759448e-03
 353.0000000000    8.7295135493e-05    3.2440979728e-03
 353.5000000000    8.7449901153e-05    3.2510155881e-03
 354.0000000000    8.7592774632e-05    3.2569858097e-03
 354.5000000000    8.7721173795e-05    3.2619910483e-03
 355.0000000000    8.7832759482e-05    3.2660376440e-03
 355.5000000000    8.7926093758e-05    3.2691537839e-03
 356.0000000000    8.8000036814e-05    3.2713870582e-03
 356.5000000000    8.8054109897e-05    3.2728016934e-03
 357.0000000000    8.8088263762e-05    3.2734756936e-03
 357.5000000000    8.8103126116e-05    3.2734980369e-03
 358.0000000000    8.8099967999e-05    3.2729657379e-03
 358.5000000000    8.8080428529e-05    3.2719806424e-03
 359.0000000000    8.8046671936e-05    3.2706461043e-03
 359.5000000000    8.8000981470e-05    3.2690642870e-03
 360.0000000000    8.7945514356e-05    3.2673365607e-03
 360.5000000000    8.7882208379e-05    3.2655498526e-03
 361.0000000000    8.7813395542e-05    3.2637991104e-03
 361.5000000000    8.7741034664e-05    3.2621616160e-03
 362.0000000000    8.7667151230e-05    3.2607120191e-03
 362.5000000000    8.7594127425e-05    3.2595123881e-03
 363.0000000000    8.7523596198e-05    3.2586180024e-03
 363.5000000000    8.7456818866e-05    3.2580726531e-03
 364.0000000000    8.7394750282e-05    3.2579114702e-03
 364.5000000000    8.7338259685e-05    3.2581584570e-03
 365.0000000000    8.7288274473e-05    3.2588276211e-03
 365.5000000000    8.7245598054e-05    3.2599216339e-03
 366.0000000000    8.7210794417e-05    3.2614326772e-03
 366.5000000000    8.7184363850e-05    3.2633431433e-03
 367.0000000000    8.7166451259e-05    3.2656277381e-03
 367.5000000000    8.7156843036e-05    3.2682544672e-03
 368.0000000000    8.7155589376e-05    3.2711851987e-03
 368.5000000000    8.7162392957e-05    3.2743760884e-03
 369.0000000000    8.7176837543e-05    3.2777796716e-03
 369.5000000000    8.7198496251e-05    3.2813476790e-03
 370.0000000000    8.7226693426e-05    3.2850331114e-03
 370.5000000000    8.7260254184e-05    3.2887905982e-03
 371.0000000000    8.7298285566e-05    3.2925763937e-03
 371.5000000000    8.7339734209e-05    3.2963488280e-03
 372.0000000000    8.7383517710e-05    3.3000686217e-03
 372.5000000000    8.7428554868e-05    3.3036984172e-03
 373.0000000000    8.7473993313e-05    3.3072022255e-03
 373.5000000000    8.7518987726e-05    3.3105457892e-03
 374.0000000000    8.7562564521e-05    3.3136978297e-03
 374.5000000000    8.7604120609e-05    3.3166311202e-03
 375.0000000000    8.7643333107e-05    3.3193228958e-03
 375.5000000000    8.7679776044e-05    3.3217555518e-03
 376.0000000000    8.7713690787e-05    3.3239184588e-03
 376.5000000000    8.7745393140e-05    3.3258101523e-03
 377.0000000000    8.7775229402e-05    3.3274393762e-03
 377.5000000000    8.7803620982e-05    3.3288244546e-03
 378.0000000000    8.7830840480e-05    3.3299920610e-03
 378.5000000000    8.7856941759e-05    3.3309756581e-03
 379.0000000000    8.7881534957e-05    3.3318145112e-03
 379.5000000000    8.7903784581e-05    3.3325422376e-03
 380.0000000000    8.7922579055e-05    3.3331998564e-03
 380.5000000000    8.7936010111e-05    3.3338178938e-03
 381.0000000000    8.7942411476e-05    3.3344220814e-03
 381.5000000000    8.7939837225e-05    3.3350295126e-03
 382.0000000000    8.7926649469e-05    3.3356490821e-03
 382.5000000000    8.7901885700e-05    3.3362847541e-03
 383.0000000000    8.7865410212e-05    3.3369383099e-03
 383.5000000000    8.7818244389e-05    3.3376157025e-03
 384.0000000000    8.7762454437e-05    3.3383110004e-03
 384.5000000000    8.7701139077e-05    3.3390445168e-03
 385.0000000000    8.7638129330e-05    3.3398465471e-03
 385.5000000000    8.7577627239e-05    3.3407339342e-03
 386.0000000000    8.7523892226e-05    3.3416665404e-03
 386.5000000000    8.7480663271e-05    3.3427641775e-03
 387.0000000000    8.7450574529e-05    3.3440122743e-03
 387.5000000000    8.7435033401e-05    3.3454241450e-03
 388.0000000000    8.7433690359e-05    3.3470004527e-03
 388.5000000000    8.7445245657e-05    3.3487289226e-03
 389.0000000000    8.7467110575e-05    3.3505845810e-03
 389.5000000000    8.7495910408e-05    3.3525325673e-03
 390.0000000000    8.7528311064e-05    3.3545321090e-03
 390.5000000000    8.7561209266e-05    3.3565411501e-03
 391.0000000000    8.7592203915e-05    3.3585214986e-03
 391.5000000000    8.7619834890e-05    3.3604440366e-03
 392.0000000000    8.7643690912e-05    3.3622920331e-03
 392.5000000000    8.7664318832e-05    3.3640613065e-03
 393.0000000000    8.7682744217e-05    3.3657583545e-03
 393.5000000000    8.7700270855e-05    3.3673977669e-03
 394.0000000000    8.7718187192e-05    3.3689987796e-03
 394.5000000000    8.7737403037e-05    3.3705809147e-03
 395.0000000000    8.7758239448e-05    3.3721594495e-03
 395.5000000000    8.7780470241e-05    3.3737418786e-03
 396.0000000000    8.7803355090e-05    3.3753263901e-03
 396.5000000000    8.7825814831e-05    3.3769024258e-03
 397.0000000000    8.7846646720e-05    3.3784527179e-03
 397.5000000000    8.7864819800e-05    3.3799562828e-03
 398.0000000000    8.7879648281e-05    3.3813922089e-03
 398.5000000000    8.7890826650e-05    3.3827435753e-03
 399.0000000000    8.7898444585e-05    3.3840004185e-03
 399.5000000000    8.7902975766e-05    3.3851612736e-03
 400.0000000000    8.7905064199e-05    3.3862332767e-03
 400.5000000000    8.7905388577e-05    3.3872310379e-03
 401.0000000000    8.7904604610e-05    3.3881745396e-03
 401.5000000000    8.7903218726e-05    3.3890863271e-03
 402.0000000000    8.7901580095e-05    3.3899883369e-03
 402.5000000000    8.7899829337e-05    3.3908990942e-03
 403.0000000000    8.7898030413e-05    3.3918319172e-03
 403.5000000000    8.7896104061e-05    3.3927942680e-03
 404.0000000000    8.7894118311e-05    3.3937881623e-03
 404.5000000000    8.7892100259e-05    3.3948113990e-03
 405.0000000000    8.7890211952e-05    3.3958592405e-03
 405.5000000000    8.7888624282e-05    3.3969261876e-03
 406.0000000000    8.7887504072e-05    3.3980075523e-03
 406.5000000000    8.7886956367e-05    3.3991005071e-03
 407.0000000000    8.7887105882e-05    3.4002043738e-03
 407.5000000000    8.7888109328e-05    3.4013202326e-03
 408.0000000000    8.7890062953e-05    3.4024499827e-03
 408.5000000000    8.7893052946e-05    3.4035951070e-03
 409.0000000000    8.7897158063e-05    3.4047555299e-03
 409.5000000000    8.7902410177e-05    3.4059289071e-03
 410.0000000000    8.7908800870e-05    3.4071106511e-03
 410.5000000000    8.7916156500e-05    3.4082946442e-03
 411.0000000000    8.7924183318e-05    3.4094742916e-03
 411.5000000000    8.7932521217e-05    3.4106437806e-03
 412.0000000000    8.7940594502e-05    3.4117994483e-03
 412.5000000000    8.7947858409e-05    3.4129407767e-03
 413.0000000000    8.7953800955e-05    3.4140705275e-03
 413.5000000000    8.7957995747e-05    3.4151942035e-03
 414.0000000000    8.7960239705e-05    3.4163187147e-03
 414.5000000000    8.7960589511e-05    3.4174507832e-03
 415.0000000000    8.7959355047e-05    3.4185952823e-03
 415.5000000000    8.7957052639e-05    3.4197539534e-03
 416.0000000000    8.7954282527e-05    3.4209245778e-03
 416.5000000000    8.7951699846e-05    3.4221008022e-03
 417.0000000000    8.7949984988e-05    3.4232729262e-03
 417.5000000000    8.7949641100e-05    3.4244295161e-03
 418.0000000000    8.7950947553e-05    3.4255594810e-03
 418.5000000000    8.7953951339e-05    3.4266541397e-03
 419.0000000000    8.7958474860e-05    3.4277088424e-03
 419.5000000000    8.7964163374e-05    3.4287238407e-03
 420.0000000000    8.7970561888e-05    3.4297043152e-03
 420.5000000000    8.7977204462e-05    3.4306595466e-03
 421.0000000000    8.7983695892e-05    3.4316012771e-03
 421.5000000000    8.7989776961e-05    3.4325416514e-03
 422.0000000000    8.7995305726e-05    3.4334913067e-03
 422.5000000000    8.8000284507e-05    3.4344578289e-03
 423.0000000000    8.8004919885e-05    3.4354444511e-03
 423.5000000000    8.8009437517e-05    3.4364494092e-03
 424.0000000000    8.8014131249e-05    3.4374665763e-03
 424.5000000000    8.8019152558e-05    3.4384870839e-03
 425.0000000000    8.8024673812e-05    3.4395012548e-03
 425.5000000000    8.8030415285e-05    3.4405003752e-03
 426.0000000000    8.8036060298e-05    3.4414781600e-03
 426.5000000000    8.8041433526e-05    3.4424318376e-03
 427.0000000000    8.8046144288e-05    3.4433626497e-03
 427.5000000000    8.8050127001e-05    3.4442755670e-03
 428.0000000000    8.8053484867e-05    3.4451782143e-03
 428.5000000000    8.8056414396e-05    3.4460793434e-03
 429.0000000000    8.8059175437e-05    3.4469873241e-03
 429.5000000000    8.8061988055e-05    3.4479088169e-03
 430.0000000000    8.8064970323e-05    3.4488477026e-03
 430.5000000000    8.8068153931e-05    3.4498045748e-03
 431.0000000000    8.8071553680e-05    3.4507769237e-03
 431.5000000000    8.8075200393e-05    3.4517597944e-03
 432.0000000000    8.8079135908e-05    3.4527467470e-03
 432.5000000000    8.8083359457e-05    3.4537309635e-03
 433.0000000000    8.8087794970e-05    3.4547062050e-03
 433.5000000000    8.8092271189e-05    3.4556675703e-03
 434.0000000000    8.8096557828e-05    3.4566121903e-03
 434.5000000000    8.8100470545e-05    3.4575395465e-03
 435.0000000000    8.8103952798e-05    3.4584511454e-03
 435.5000000000    8.8107097748e-05    3.4593499752e-03
 436.0000000000    8.8110107597e-05    3.4602400536e-03
 436.5000000000    8.8113191526e-05    3.4611257622e-03
 437.0000000000    8.8116464884e-05    3.4620110721e-03
 437.5000000000    8.8119923020e-05    3.4628988789e-03
 438.0000000000    8.8123483959e-05    3.4637904449e-03
 438.5000000000    8.8127054309e-05    3.4646852661e-03
 439.0000000000    8.8130537112e-05    3.4655815237e-03
 439.5000000000    8.8133860114e-05    3.4664766913e-03
 440.0000000000    8.8136944658e-05    3.4673678160e-03
 440.5000000000    8.8139666060e-05    3.4682518713e-03
 441.0000000000    8.8141887623e-05    3.4691265845e-03
 441.5000000000    8.8143541880e-05    3.4699909494e-03
 442.0000000000    8.8144658817e-05    3.4708450631e-03
 442.5000000000    8.8145359528e-05    3.4716899960e-03
 443.0000000000    8.8145842631e-05    3.4725276088e-03
 443.5000000000    8.8146340182e-05    3.4733602052e-03
 444.0000000000    8.8147064881e-05    3.4741901339e-03
 444.5000000000    8.8148191489e-05    3.4750194286e-03
 445.0000000000    8.8149875308e-05    3.4758495979e-03
 445.5000000000    8.8152168465e-05    3.4766815672e-03
 446.0000000000    8.8155118278e-05    3.4775156765e-03
 446.5000000000    8.8158656303e-05    3.4783516990e-03
 447.0000000000    8.8162629748e-05    3.4791888602e-03
 447.5000000000    8.8166903255e-05    3.4800258608e-03
 448.0000000000    8.8171331978e-05    3.4808611177e-03
 448.5000000000    8.8175796710e-05    3.4816930082e-03
 449.0000000000    8.8180203267e-05    3.4825201905e-03
 449.5000000000    8.8184480073e-05    3.4833505903e-03
 450.0000000000    8.8188537233e-05    3.4841576873e-03
 450.5000000000    8.8192340950e-05    3.4849675549e-03
 451.0000000000    8.8195857449e-05    3.4857719071e-03
 451.5000000000    8.8199101696e-05    3.4865723819e-03
 452.0000000000    8.8202181945e-05    3.4873701922e-03
 452.5000000000    8.8205237105e-05    3.4881691757e-03
 453.0000000000    8.8208335613e-05    3.4889740412e-03
 453.5000000000    8.8211484137e-05    3.4897577297e-03
 454.0000000000    8.8214730241e-05    3.4905544541e-03
 454.5000000000    8.8218026668e-05    3.4913573084e-03
 455.0000000000    8.8221332480e-05    3.4921420070e-03
 455.5000000000    8.8224696278e-05    3.4929354177e-03
 456.0000000000    8.8228152519e-05    3.4937240522e-03
 456.5000000000    8.8231714799e-05    3.4945092406e-03
 457.0000000000    8.8235417298e-05    3.4952899669e-03
 457.5000000000    8.8239206659e-05    3.4960652623e-03
 458.0000000000    8.8242989707e-05    3.4968346586e-03
 458.5000000000    8.8246627085e-05    3.4975987547e-03
 459.0000000000    8.8250006483e-05    3.4983579270e-03
 459.5000000000    8.8253041015e-05    3.4991133975e-03
 460.0000000000    8.8255736425e-05    3.4998664210e-03
 460.5000000000    8.8258195741e-05    3.5006181003e-03
 461.0000000000    8.8260611883e-05    3.5013691782e-03
 461.5000000000    8.8263165538e-05    3.5021200161e-03
 462.0000000000    8.8265978531e-05    3.5028706834e-03
 462.5000000000    8.8269120727e-05    3.5036210569e-03
 463.0000000000    8.8272510973e-05    3.5043708938e-03
 463.5000000000    8.8276049932e-05    3.5051198694e-03
 464.0000000000    8.8279642960e-05    3.5058676277e-03
 464.5000000000    8.8283287181e-05    3.5066138214e-03
 465.0000000000    8.8287038890e-05    3.5073581068e-03
 465.5000000000    8.8290882152e-05    3.5081000937e-03
 466.0000000000    8.8294757130e-05    3.5088393689e-03
 466.5000000000    8.8298469319e-05    3.5095756095e-03
 467.0000000000    8.8301751161e-05    3.5103086663e-03
 467.5000000000    8.8304410930e-05    3.5110385551e-03
 468.0000000000    8.8306552956e-05    3.5117653675e-03
 468.5000000000    8.8308522903e-05    3.5124891742e-03
 469.0000000000    8.8310867683e-05    3.5132100106e-03
 469.5000000000    8.8314048322e-05    3.5139279091e-03
 470.0000000000    8.8318168928e-05    3.5146428680e-03
 470.5000000000    8.8322895573e-05    3.5153547564e-03
 471.0000000000    8.8327569397e-05    3.5160633370e-03
 471.5000000000    8.8331541166e-05    3.5167683917e-03
 472.0000000000    8.8334487048e-05    3.5174697479e-03
 472.5000000000    8.8336535672e-05    3.5181672696e-03
 473.0000000000    8.8338140392e-05    3.5188609561e-03
 473.5000000000    8.8339800466e-05    3.5195524785e-03
 474.0000000000    8.8341754231e-05    3.5202387436e-03
 474.5000000000    8.8343998394e-05    3.5209229753e-03
 475.0000000000    8.8346330072e-05    3.5216049669e-03
 475.5000000000    8.8348535435e-05    3.5222850632e-03
 476.0000000000    8.8350538887e-05    3.5229634382e-03
 476.5000000000    8.8352396173e-05    3.5236398354e-03
 477.0000000000    8.8354209372e-05    3.5243141982e-03
 477.5000000000    8.8356036330e-05    3.5249868031e-03
 478.0000000000    8.8357871791e-05    3.5256582106e-03
 478.5000000000    8.8359687111e-05    3.5263290906e-03
 479.0000000000    8.8361480050e-05    3.5270015351e-03
 479.5000000000    8.8363245818e-05    3.5276712606e-03
 480.0000000000    8.8365056010e-05    3.5283427113e-03
 480.5000000000    8.8366966122e-05    3.5290143064e-03
 481.0000000000    8.8369024213e-05    3.5296842294e-03
 481.5000000000    8.8371218891e-05    3.5303529220e-03
 482.0000000000    8.8373526961e-05    3.5310208841e-03
 482.5000000000    8.8375862323e-05    3.5316846080e-03
 483.0000000000    8.8378191803e-05    3.5323473665e-03
 483.5000000000    8.8380507979e-05    3.5330084366e-03
 484.0000000000    8.8382818209e-05    3.5336683114e-03
 484.5000000000    8.8385171282e-05    3.5343268444e-03
 485.0000000000    8.8387594646e-05    3.5349834254e-03
 485.5000000000    8.8390058031e-05    3.5356375798e-03
 486.0000000000    8.8392563297e-05    3.5362890982e-03
 486.5000000000    8.8395049983e-05    3.5369380250e-03
 487.0000000000    8.8397490063e-05    3.5375846275e-03
 487.5000000000    8.8399879488e-05    3.5382292582e-03
 488.0000000000    8.8402250542e-05    3.5388720931e-03
 488.5000000000    8.8404649169e-05    3.5395129469e-03
 489.0000000000    8.8407110882e-05    3.5401513498e-03
 489.5000000000    8.8409638689e-05    3.5407867758e-03
 490.0000000000    8.8412200741e-05    3.5414189081e-03
 490.5000000000    8.8414747476e-05    3.5420478671e-03
 491.0000000000    8.8417231735e-05    3.5426741094e-03
 491.5000000000    8.8419625801e-05    3.5432982043e-03
 492.0000000000    8.8421927283e-05    3.5439206168e-03
 492.5000000000    8.8424152113e-05    3.5445415583e-03
 493.0000000000    8.8426325672e-05    3.5451610224e-03
 493.5000000000    8.8428483006e-05    3.5457789074e-03
 494.0000000000    8.8430655852e-05    3.5463951015e-03
 494.5000000000    8.8432868812e-05    3.5470095648e-03
 495.0000000000    8.8435116255e-05    3.5476223988e-03
 495.5000000000    8.8437379626e-05    3.5482337937e-03
 496.0000000000    8.8439646229e-05    3.5488438603e-03
 496.5000000000    8.8441913687e-05    3.5494525151e-03
 497.0000000000    8.8444199289e-05    3.5500595320e-03
 497.5000000000    8.8446530359e-05    3.5506646200e-03
 498.0000000000    8.8448928941e-05    3.5512674263e-03
 498.5000000000    8.8451403521e-05    3.5518675426e-03
 499.0000000000    8.8453956559e-05    3.5524645812e-03
 499.5000000000    8.8456594161e-05    3.5530582647e-03
 500.0000000000    8.8459326055e-05    3.5536485410e-03
 500.5000000000    8.8462150299e-05    3.5542357772e-03
 501.0000000000    8.8465078744e-05    3.5548209575e-03
 501.5000000000    8.8468066397e-05    3.5554058407e-03
 502.0000000000    8.8471033037e-05    3.5559930053e-03
 502.5000000000    8.8473936500e-05    3.5565856879e-03
 503.0000000000    8.8476755812e-05    3.5571874466e-03
 503.5000000000    8.8479563992e-05    3.5578016652e-03
 504.0000000000    8.8482558904e-05    3.5584308602e-03
 504.5000000000    8.8486097024e-05    3.5590758226e-03
 505.0000000000    8.8490666284e-05    3.5597346896e-03
 505.5000000000    8.8496843270e-05    3.5604021455e-03
 506.0000000000    8.8505203644e-05    3.5610690777e-03
 506.5000000000    8.8516200403e-05    3.5617230224e-03
 507.0000000000    8.8530047236e-05    3.5623495466e-03
 507.5000000000    8.8546587939e-05    3.5629344161e-03
 508.0000000000    8.8565183014e-05    3.5634663475e-03
 508.5000000000    8.8584671781e-05    3.5639397339e-03
 509.0000000000    8.8603393422e-05    3.5643565778e-03
 509.5000000000    8.8619309114e-05    3.5647270386e-03
 510.0000000000    8.8630240656e-05    3.5650684031e-03
 510.5000000000    8.8634188507e-05    3.5654025949e-03
 511.0000000000    8.8629671064e-05    3.5657527968e-03
 511.5000000000    8.8616023161e-05    3.5661398214e-03
 512.0000000000    8.8593593849e-05    3.5665789731e-03
 512.5000000000    8.8563786776e-05    3.5670779207e-03
 513.0000000000    8.8528924304e-05    3.5676358594e-03
 513.5000000000    8.8491962967e-05    3.5682440060e-03
 514.0000000000    8.8456111481e-05    3.5688886434e-03
 514.5000000000    8.8424363488e-05    3.5695472890e-03
 515.0000000000    8.8399147899e-05    3.5702044075e-03
 515.5000000000    8.8381973905e-05    3.5708429190e-03
 516.0000000000    8.8373326804e-05    3.5714520568e-03
 516.5000000000    8.8372664888e-05    3.5720300309e-03
 517.0000000000    8.8378544423e-05    3.5725782836e-03
 517.5000000000    8.8389065762e-05    3.5731093295e-03
 518.0000000000    8.8402170458e-05    3.5736361545e-03
 518.5000000000    8.8416046219e-05    3.5741729137e-03
 519.0000000000    8.8429415071e-05    3.5747307745e-03
 519.5000000000    8.8441684694e-05    3.5753159256e-03
 520.0000000000    8.8452914613e-05    3.5759290864e-03
 520.5000000000    8.8463605556e-05    3.5765657566e-03
 521.0000000000    8.8474402345e-05    3.5772174914e-03
 521.5000000000    8.8485803482e-05    3.5778736643e-03
 522.0000000000    8.8497962829e-05    3.5785232128e-03
 522.5000000000    8.8510607346e-05    3.5791563597e-03
 523.0000000000    8.8523157498e-05    3.5797658051e-03
 523.5000000000    8.8534907665e-05    3.5803477703e-03
 524.0000000000    8.8545226068e-05    3.5809025108e-03
 524.5000000000    8.8553766806e-05    3.5814339906e-03
 525.0000000000    8.8560523778e-05    3.5819490266e-03
 525.5000000000    8.8565784616e-05    3.5824558528e-03
 526.0000000000    8.8570008442e-05    3.5829625257e-03
 526.5000000000    8.8573702707e-05    3.5834755387e-03
 527.0000000000    8.8577277639e-05    3.5839986424e-03
 527.5000000000    8.8580956024e-05    3.5845325925e-03
 528.0000000000    8.8584764015e-05    3.5850755545e-03
 528.5000000000    8.8588570707e-05    3.5856239040e-03
 529.0000000000    8.8592147984e-05    3.5861732103e-03
 529.5000000000    8.8595258386e-05    3.5867191778e-03
 530.0000000000    8.8597719005e-05    3.5872583749e-03
 530.5000000000    8.8599444727e-05    3.5877886497e-03
 531.0000000000    8.8600483060e-05    3.5883092310e-03
 531.5000000000    8.8600984118e-05    3.5888206251e-03
 532.0000000000    8.8601172341e-05    3.5893243310e-03
 532.5000000000    8.8601318142e-05    3.5898224555e-03
 533.0000000000    8.8601635230e-05    3.5903174020e-03
 533.5000000000    8.8602244581e-05    3.5908117129e-03
 534.0000000000    8.8603140540e-05    3.5913079059e-03
 534.5000000000    8.8604201371e-05    3.5918081265e-03
 535.0000000000    8.8605277374e-05    3.5923143517e-03
 535.5000000000    8.8606255539e-05    3.5928248152e-03
 536.0000000000    8.8607125222e-05    3.5933407856e-03
 536.5000000000    8.8608018125e-05    3.5938599392e-03
 537.0000000000    8.8609107110e-05    3.5943736376e-03
 537.5000000000    8.8610515426e-05    3.5948851100e-03
 538.0000000000    8.8612251878e-05    3.5953914818e-03
 538.5000000000    8.8614110600e-05    3.5958936265e-03
 539.0000000000    8.8615873022e-05    3.5963946316e-03
 539.5000000000    8.8617302091e-05    3.5968993120e-03
 540.0000000000    8.8618332707e-05    3.5974135246e-03
 540.5000000000    8.8619069698e-05    3.5979424811e-03
 541.0000000000    8.8619739417e-05    3.5984898831e-03
 541.5000000000    8.8620597444e-05    3.5990566533e-03
 542.0000000000    8.8621835546e-05    3.5996400481e-03
 542.5000000000    8.8623549997e-05    3.6002330594e-03
 543.0000000000    8.8625762679e-05    3.6008241247e-03
 543.5000000000    8.8628446993e-05    3.6013976637e-03
 544.0000000000    8.8631520009e-05    3.6019354675e-03
 544.5000000000    8.8634768320e-05    3.6024191409e-03
 545.0000000000    8.8637690848e-05    3.6028334622e-03
 545.5000000000    8.8639363191e-05    3.6031702863e-03
 546.0000000000    8.8638389114e-05    3.6034322592e-03
 546.5000000000    8.8632982212e-05    3.6036354258e-03
 547.0000000000    8.8621225176e-05    3.6038099879e-03
 547.5000000000    8.8601463289e-05    3.6039984865e-03
 548.0000000000    8.8572782904e-05    3.6042509810e-03
 548.5000000000    8.8535467969e-05    3.6046175345e-03
 549.0000000000    8.8491347040e-05    3.6051391338e-03
 549.5000000000    8.8443921546e-05    3.6058387693e-03
 550.0000000000    8.8398173954e-05    3.6067147607e-03
 550.5000000000    8.8360079765e-05    3.6077382459e-03
 551.0000000000    8.8335793466e-05    3.6088558490e-03
 551.5000000000    8.8330678382e-05    3.6099971445e-03
 552.0000000000    8.8348351712e-05    3.6110859226e-03
 552.5000000000    8.8389945876e-05    3.6120527938e-03
 553.0000000000    8.8453727978e-05    3.6128468791e-03
 553.5000000000    8.8535184845e-05    3.6134440959e-03
 554.0000000000    8.8627578333e-05    3.6138507047e-03
 554.5000000000    8.8722877057e-05    3.6141013935e-03
 555.0000000000    8.8812896014e-05    3.6142523594e-03
 555.5000000000    8.8890480304e-05    3.6143705952e-03
 556.0000000000    8.8950504072e-05    3.6145214811e-03
 556.5000000000    8.8990531847e-05    3.6147570146e-03
 557.0000000000    8.9010981245e-05    3.6151070340e-03
 557.5000000000    8.9014757021e-05    3.6155752168e-03
 558.0000000000    8.9006431584e-05    3.6161403793e-03
 558.5000000000    8.8991147992e-05    3.6167625110e-03
 559.0000000000    8.8973533178e-05    3.6173937951e-03
 559.5000000000    8.8956785239e-05    3.6179799508e-03
 560.0000000000    8.8942313964e-05    3.6184868921e-03
 560.5000000000    8.8929852910e-05    3.6188902783e-03
 561.0000000000    8.8917877188e-05    3.6191844546e-03
 561.5000000000    8.8904453683e-05    3.6193848603e-03
 562.0000000000    8.8887929494e-05    3.6195206211e-03
 562.5000000000    8.8867528537e-05    3.6196287502e-03
 563.0000000000    8.8843601880e-05    3.6197489724e-03
 563.5000000000    8.8817549632e-05    3.6199154869e-03
 564.0000000000    8.8791462305e-05    3.6201528762e-03
 564.5000000000    8.8767532467e-05    3.6204729102e-03
 565.0000000000    8.8747612738e-05    3.6208741231e-03
 565.5000000000    8.8732663076e-05    3.6213438919e-03
 566.0000000000    8.8722674141e-05    3.6218617321e-03
 566.5000000000    8.8716660072e-05    3.6224036241e-03
 567.0000000000    8.8713124218e-05    3.6229465832e-03
 567.5000000000    8.8710456651e-05    3.6234691927e-03
 568.0000000000    8.8707371409e-05    3.6239605134e-03
 568.5000000000    8.8703220101e-05    3.6244129905e-03
 569.0000000000    8.8698137530e-05    3.6248303258e-03
 569.5000000000    8.8692737646e-05    3.6252216317e-03
 570.0000000000    8.8688015765e-05    3.6256003939e-03
 570.5000000000    8.8684923455e-05    3.6259818751e-03
 571.0000000000    8.8684409696e-05    3.6263797237e-03
 571.5000000000    8.8686983146e-05    3.6268032081e-03
 572.0000000000    8.8692859225e-05    3.6272557676e-03
 572.5000000000    8.8701847962e-05    3.6277345851e-03
 573.0000000000    8.8713435203e-05    3.6282317583e-03
 573.5000000000    8.8726790820e-05    3.6287364451e-03
 574.0000000000    8.8740985175e-05    3.6292373036e-03
 574.5000000000    8.8754969765e-05    3.6297245607e-03
 575.0000000000    8.8767838660e-05    3.6301914887e-03
 575.5000000000    8.8778808938e-05    3.6306353864e-03
 576.0000000000    8.8787402915e-05    3.6310574396e-03
 576.5000000000    8.8793412507e-05    3.6314619176e-03
 577.0000000000    8.8796968593e-05    3.6318549726e-03
 577.5000000000    8.8798459095e-05    3.6322431419e-03
 578.0000000000    8.8798492003e-05    3.6326322263e-03
 578.5000000000    8.8797765424e-05    3.6330264579e-03
 579.0000000000    8.8796892491e-05    3.6334281384e-03
 579.5000000000    8.8796444352e-05    3.6338376808e-03
 580.0000000000    8.8796642063e-05    3.6342540011e-03
 580.5000000000    8.8797545629e-05    3.6346749931e-03
 581.0000000000    8.8798927817e-05    3.6350980060e-03
 581.5000000000    8.8800561491e-05    3.6355202684e-03
 582.0000000000    8.8802163030e-05    3.6359392654e-03
 582.5000000000    8.8803431298e-05    3.6363531091e-03
 583.0000000000    8.8804244850e-05    3.6367608094e-03
 583.5000000000    8.8804565560e-05    3.6371623441e-03
 584.0000000000    8.8804488800e-05    3.6375585564e-03
 584.5000000000    8.8804153327e-05    3.6379509813e-03
 585.0000000000    8.8803767337e-05    3.6383415965e-03
 585.5000000000    8.8803513007e-05    3.6387324442e-03
 586.0000000000    8.8803512507e-05    3.6391252557e-03
 586.5000000000    8.8803835945e-05    3.6395212333e-03
 587.0000000000    8.8804571135e-05    3.6399208865e-03
 587.5000000000    8.8805643719e-05    3.6403240344e-03
 588.0000000000    8.8807028306e-05    3.6407298881e-03
 588.5000000000    8.8808629949e-05    3.6411372837e-03
 589.0000000000    8.8810338114e-05    3.6415449149e-03
 589.5000000000    8.8812050607e-05    3.6419515232e-03
 590.0000000000    8.8813625599e-05    3.6423561328e-03
 590.5000000000    8.8815041039e-05    3.6427581269e-03
 591.0000000000    8.8816311539e-05    3.6431573015e-03
 591.5000000000    8.8817509367e-05    3.6435537884e-03
 592.0000000000    8.8818783855e-05    3.6439479832e-03
 592.5000000000    8.8820252012e-05    3.6443406255e-03
 593.0000000000    8.8822005148e-05    3.6447325181e-03
 593.5000000000    8.8823974631e-05    3.6451243342e-03
 594.0000000000    8.8826083588e-05    3.6455166223e-03
 594.5000000000    8.8828178376e-05    3.6459095231e-03
 595.0000000000    8.8830117908e-05    3.6463029209e-03
 595.5000000000    8.8831825027e-05    3.6466967497e-03
 596.0000000000    8.8833453843e-05    3.6470908681e-03
 596.5000000000    8.8835089195e-05    3.6474849331e-03
 597.0000000000    8.8836855516e-05    3.6478785029e-03
 597.5000000000    8.8838755917e-05    3.6482711423e-03
 598.0000000000    8.8840750535e-05    3.6486623641e-03
 598.5000000000    8.8842619086e-05    3.6490515471e-03
 599.0000000000    8.8844514537e-05    3.6494379616e-03
 599.5000000000    8.8846079478e-05    3.6498207786e-03
 600.0000000000    8.8847558504e-05    3.6501990243e-03
 600.5000000000    8.8849074690e-05    3.6505716811e-03
 601.0000000000    8.8850687955e-05    3.6509375928e-03
 601.5000000000    8.8852114200e-05    3.6512954376e-03
 602.0000000000    8.8853589862e-05    3.6516435619e-03
 602.5000000000    8.8854929737e-05    3.6519801847e-03
 603.0000000000    8.8856097364e-05    3.6523034751e-03
 603.5000000000    8.8857170631e-05    3.6526118681e-03
 604.0000000000    8.8858188733e-05    3.6529040249e-03
 604.5000000000    8.8859356372e-05    3.6531788439e-03
 605.0000000000    8.8860630919e-05    3.6534359646e-03
 605.5000000000    8.8862027139e-05    3.6536758260e-03
 606.0000000000    8.8863569514e-05    3.6538999691e-03
 606.5000000000    8.8865267537e-05    3.6541110598e-03
 607.0000000000    8.8867093145e-05    3.6543129102e-03
 607.5000000000    8.8869070305e-05    3.6545105463e-03
 608.0000000000    8.8871153294e-05    3.6547098143e-03
 608.5000000000    8.8873288239e-05    3.6549171189e-03
 609.0000000000    8.8875385371e-05    3.6551391124e-03
 609.5000000000    8.8877311693e-05    3.6553822745e-03
 610.0000000000    8.8879022215e-05    3.6556526540e-03
 610.5000000000    8.8880427092e-05    3.6559556867e-03
 611.0000000000    8.8881450962e-05    3.6562959449e-03
 611.5000000000    8.8882074600e-05    3.6566769664e-03
 612.0000000000    8.8882248047e-05    3.6571011511e-03
 612.5000000000    8.8881910013e-05    3.6575698080e-03
 613.0000000000    8.8881105232e-05    3.6580829897e-03
 613.5000000000    8.8879927223e-05    3.6586394508e-03
 614.0000000000    8.8878491007e-05    3.6592365968e-03
 614.5000000000    8.8876923110e-05    3.6598705100e-03
 615.0000000000    8.8875486027e-05    3.6605359328e-03
 615.5000000000    8.8874461554e-05    3.6612269585e-03
 616.0000000000    8.8874116362e-05    3.6619339151e-03
 616.5000000000    8.8874736459e-05    3.6626502144e-03
 617.0000000000    8.8876595240e-05    3.6633654239e-03
 617.5000000000    8.8879904960e-05    3.6640710581e-03
 618.0000000000    8.8884699100e-05    3.6647569805e-03
 618.5000000000    8.8890999062e-05    3.6654147424e-03
 619.0000000000    8.8898699953e-05    3.6660357727e-03
 619.5000000000    8.8907552094e-05    3.6666133303e-03
 620.0000000000    8.8917265951e-05    3.6671413992e-03
 620.5000000000    8.8927478866e-05    3.6676158239e-03
 621.0000000000    8.8937742700e-05    3.6680340204e-03
 621.5000000000    8.8947565277e-05    3.6683953790e-03
 622.0000000000    8.8956509666e-05    3.6687012424e-03
 622.5000000000    8.8964146029e-05    3.6689548146e-03
 623.0000000000    8.8970112977e-05    3.6691610463e-03
 623.5000000000    8.8974125989e-05    3.6693263598e-03
 624.0000000000    8.8976362353e-05    3.6694584758e-03
 624.5000000000    8.8976456493e-05    3.6695660377e-03
 625.0000000000    8.8974782387e-05    3.6696580064e-03
 625.5000000000    8.8971677846e-05    3.6697431088e-03
 626.0000000000    8.8967378627e-05    3.6698293261e-03
 626.5000000000    8.8962442663e-05    3.6699233746e-03
 627.0000000000    8.8957387647e-05    3.6700305255e-03
 627.5000000000    8.8952738785e-05    3.6701547228e-03
 628.0000000000    8.8948858811e-05    3.6702987704e-03
 628.5000000000    8.8946029133e-05    3.6704648361e-03
 629.0000000000    8.8944338352e-05    3.6706549014e-03
 629.5000000000    8.8943732848e-05    3.6708712055e-03
 630.0000000000    8.8944017428e-05    3.6711164930e-03
 630.5000000000    8.8944860603e-05    3.6713940710e-03
 631.0000000000    8.8946066668e-05    3.6717077403e-03
 631.5000000000    8.8947105859e-05    3.6720613955e-03
 632.0000000000    8.8947833848e-05    3.6724584930e-03
 632.5000000000    8.8948390904e-05    3.6729014570e-03
 633.0000000000    8.8948430263e-05    3.6733911083e-03
 633.5000000000    8.8948439828e-05    3.6739263113e-03
 634.0000000000    8.8948738110e-05    3.6745039028e-03
 634.5000000000    8.8949657753e-05    3.6751188599e-03
 635.0000000000    8.8951691272e-05    3.6757647611e-03
 635.5000000000    8.8955277742e-05    3.6764343396e-03
 636.0000000000    8.8960800262e-05    3.6771200220e-03
 636.5000000000    8.8968469747e-05    3.6778144653e-03
 637.0000000000    8.8978308322e-05    3.6785108249e-03
 637.5000000000    8.8990247561e-05    3.6792031328e-03
 638.0000000000    8.9003877736e-05    3.6798842498e-03
 638.5000000000    8.9018926832e-05    3.6805499157e-03
 639.0000000000    8.9034798426e-05    3.6811932073e-03
 639.5000000000    8.9050957392e-05    3.6817945493e-03
 640.0000000000    8.9067073319e-05    3.6823568777e-03
 640.5000000000    8.9082669474e-05    3.6828631424e-03
 641.0000000000    8.9097320588e-05    3.6832974522e-03
 641.5000000000    8.9110699852e-05    3.6836463927e-03
 642.0000000000    8.9122586342e-05    3.6838931697e-03
 642.5000000000    8.9132874133e-05    3.6840217912e-03
 643.0000000000    8.9141530567e-05    3.6840180907e-03
 643.5000000000    8.9148662318e-05    3.6838722580e-03
 644.0000000000    8.9154482347e-05    3.6835775004e-03
 644.5000000000    8.9158995102e-05    3.6831379999e-03
 645.0000000000    8.9162221721e-05    3.6825678592e-03
 645.5000000000    8.9163812591e-05    3.6818883855e-03
 646.0000000000    8.9162948011e-05    3.6811327038e-03
 646.5000000000    8.9158180077e-05    3.6803487347e-03
 647.0000000000    8.9147731352e-05    3.6795893221e-03
 647.5000000000    8.9129344403e-05    3.6789122434e-03
 648.0000000000    8.9100512659e-05    3.6783777675e-03
 648.5000000000    8.9058842396e-05    3.6780425589e-03
 649.0000000000    8.9002092174e-05    3.6779476168e-03
 649.5000000000    8.8928857265e-05    3.6781303356e-03
 650.0000000000    8.8838641725e-05    3.6786051109e-03
 650.5000000000    8.8732362350e-05    3.6793679079e-03
 651.0000000000    8.8612755390e-05    3.6804087660e-03
 651.5000000000    8.8483917634e-05    3.6816684127e-03
 652.0000000000    8.8352419861e-05    3.6831221100e-03
 652.5000000000    8.8225924540e-05    3.6847108926e-03
 653.0000000000    8.8113057231e-05    3.6863747075e-03
 653.5000000000    8.8022943266e-05    3.6880620983e-03
 654.0000000000    8.7964090328e-05    3.6897278752e-03
 654.5000000000    8.7943655589e-05    3.6913256606e-03
 655.0000000000    8.7966639830e-05    3.6928259101e-03
 655.5000000000    8.8035299947e-05    3.6942005128e-03
 656.0000000000    8.8148385532e-05    3.6954268595e-03
 656.5000000000    8.8301779872e-05    3.6964828670e-03
 657.0000000000    8.8488140155e-05    3.6973487538e-03
 657.5000000000    8.8697639986e-05    3.6980033688e-03
 658.0000000000    8.8918700582e-05    3.6984262117e-03
 658.5000000000    8.9139148404e-05    3.6986013442e-03
 659.0000000000    8.9346986912e-05    3.6985216920e-03
 659.5000000000    8.9531416686e-05    3.6981809863e-03
 660.0000000000    8.9683869087e-05    3.6976012710e-03
 660.5000000000    8.9798357976e-05    3.6968134436e-03
 661.0000000000    8.9872061623e-05    3.6958655366e-03
 661.5000000000    8.9905086489e-05    3.6948194167e-03
 662.0000000000    8.9900305906e-05    3.6937480065e-03
 662.5000000000    8.9862739818e-05    3.6927272948e-03
 663.0000000000    8.9798845485e-05    3.6918307234e-03
 663.5000000000    8.9715747799e-05    3.6911222820e-03
 664.0000000000    8.9620420995e-05    3.6906473393e-03
 664.5000000000    8.9519084055e-05    3.6904353614e-03
 665.0000000000    8.9416964197e-05    3.6904925580e-03
 665.5000000000    8.9317615354e-05    3.6908008401e-03
 666.0000000000    8.9223863902e-05    3.6913305262e-03
 666.5000000000    8.9137268845e-05    3.6920404906e-03
 667.0000000000    8.9058730164e-05    3.6928787937e-03
 667.5000000000    8.8989080723e-05    3.6938010541e-03
 668.0000000000    8.8929131582e-05    3.6947674391e-03
 668.5000000000    8.8879760785e-05    3.6957475197e-03
 669.0000000000    8.8842268893e-05    3.6967224455e-03
 669.5000000000    8.8817948177e-05    3.6976852151e-03
 670.0000000000    8.8807910648e-05    3.6986349700e-03
 670.5000000000    8.8812794471e-05    3.6995773631e-03
 671.0000000000    8.8832512650e-05    3.7005049717e-03
 671.5000000000    8.8866054493e-05    3.7014209934e-03
 672.0000000000    8.8911328534e-05    3.7023133671e-03
 672.5000000000    8.8965301084e-05    3.7031617945e-03
 673.0000000000    8.9024161659e-05    3.7039396359e-03
 673.5000000000    8.9083710453e-05    3.7046179494e-03
 674.0000000000    8.9139683901e-05    3.7051697096e-03
 674.5000000000    8.9188225013e-05    3.7055685563e-03
 675.0000000000    8.9226359524e-05    3.7058071609e-03
 675.5000000000    8.9252073529e-05    3.7058859093e-03
 676.0000000000    8.9264677941e-05    3.7058211494e-03
 676.5000000000    8.9264629284e-05    3.7056416604e-03
 677.0000000000    8.9253578520e-05    3.7053868385e-03
 677.5000000000    8.9233961811e-05    3.7051008323e-03
 678.0000000000    8.9208757956e-05    3.7048275888e-03
 678.5000000000    8.9181066986e-05    3.7046053588e-03
 679.0000000000    8.9153660436e-05    3.7044620355e-03
 679.5000000000    8.9129061598e-05    3.7044129840e-03
 680.0000000000    8.9108854669e-05    3.7044595080e-03
 680.5000000000    8.9093968045e-05    3.7045910778e-03
 681.0000000000    8.9084801819e-05    3.7047879144e-03
 681.5000000000    8.9081012289e-05    3.7050256982e-03
 682.0000000000    8.9081882233e-05    3.7052802155e-03
 682.5000000000    8.9086502172e-05    3.7055316546e-03
 683.0000000000    8.9093965842e-05    3.7057679845e-03
 683.5000000000    8.9103439172e-05    3.7059861644e-03
 684.0000000000    8.9114291767e-05    3.7061921518e-03
 684.5000000000    8.9126065163e-05    3.7063990841e-03
 685.0000000000    8.9138259814e-05    3.7066246863e-03
 685.5000000000    8.9150392413e-05    3.7068858408e-03
 686.0000000000    8.9161753818e-05    3.7071989012e-03
 686.5000000000    8.9171544598e-05    3.7075726612e-03
 687.0000000000    8.9178947280e-05    3.7080052927e-03
 687.5000000000    8.9183343381e-05    3.7084955327e-03
 688.0000000000    8.9184543833e-05    3.7090287474e-03
 688.5000000000    8.9182946822e-05    3.7095860563e-03
 689.0000000000    8.9179548528e-05    3.7101468519e-03
 689.5000000000    8.9175675157e-05    3.7106899352e-03
 690.0000000000    8.9172803999e-05    3.7111974751e-03
 690.5000000000    8.9171973177e-05    3.7116558408e-03
 691.0000000000    8.9173654609e-05    3.7120570785e-03
 691.5000000000    8.9177555515e-05    3.7123991747e-03
 692.0000000000    8.9182877897e-05    3.7126849719e-03
 692.5000000000    8.9188497433e-05    3.7129211935e-03
 693.0000000000    8.9193313063e-05    3.7131167838e-03
 693.5000000000    8.9196390248e-05    3.7132814067e-03
 694.0000000000    8.9197089080e-05    3.7134243399e-03
 694.5000000000    8.9194991833e-05    3.7135537201e-03
 695.0000000000    8.9189800403e-05    3.7136763234e-03
 695.5000000000    8.9181333205e-05    3.7137975892e-03
 696.0000000000    8.9169497116e-05    3.7139220220e-03
 696.5000000000    8.9154409741e-05    3.7140537444e-03
 697.0000000000    8.9136592903e-05    3.7141967639e-03
 697.5000000000    8.9116878234e-05    3.7143550129e-03
 698.0000000000    8.9096362809e-05    3.7145323279e-03
 698.5000000000    8.9076333159e-05    3.7147319745e-03
 699.0000000000    8.9058034268e-05    3.7149561467e-03
 699.5000000000    8.9042435794e-05    3.7152057067e-03
 700.0000000000    8.9030249985e-05    3.7154798994e-03
