#          time         max mod phi
   0.0000000000    8.9686899453e-02
   0.5000000000    8.9694747073e-02
   1.0000000000    8.9691448486e-02
   1.5000000000    8.9694493934e-02
   2.0000000000    8.9693432626e-02
   2.5000000000    8.9693538416e-02
   3.0000000000    8.9694590625e-02
   3.5000000000    8.9691673789e-02
   4.0000000000    8.9695034201e-02
   4.5000000000    8.9690239789e-02
   5.0000000000    8.9695170623e-02
   5.5000000000    8.9692463992e-02
   6.0000000000    8.9694582066e-02
   6.5000000000    8.9693799077e-02
   7.0000000000    8.9693395007e-02
   7.5000000000    8.9694834861e-02
   8.0000000000    8.9692158032e-02
   8.5000000000    8.9695637467e-02
   9.0000000000    8.9690476133e-02
   9.5000000000    8.9695650241e-02
  10.0000000000    8.9691967587e-02
  10.5000000000    8.9695280955e-02
  11.0000000000    8.9693603986e-02
  11.5000000000    8.9694995718e-02
  12.0000000000    8.9695019142e-02
  12.5000000000    8.9694222903e-02
  13.0000000000    8.9695656972e-02
  13.5000000000    8.9692897770e-02
  14.0000000000    8.9696063587e-02
  14.5000000000    8.9691741525e-02
  15.0000000000    8.9696632360e-02
  15.5000000000    8.9692021961e-02
  16.0000000000    8.9696702467e-02
  16.5000000000    8.9693245967e-02
  17.0000000000    8.9696262182e-02
  17.5000000000    8.9694311132e-02
  18.0000000000    8.9696067557e-02
  18.5000000000    8.9695619960e-02
  19.0000000000    8.9695850422e-02
  19.5000000000    8.9696414812e-02
  20.0000000000    8.9695066081e-02
  20.5000000000    8.9696733131e-02
  21.0000000000    8.9694139667e-02
  21.5000000000    8.9697295697e-02
  22.0000000000    8.9693612015e-02
  22.5000000000    8.9697897074e-02
  23.0000000000    8.9692757616e-02
  23.5000000000    8.9697886497e-02
  24.0000000000    8.9692934800e-02
  24.5000000000    8.9697801329e-02
  25.0000000000    8.9694137739e-02
  25.5000000000    8.9698112411e-02
  26.0000000000    8.9695398177e-02
  26.5000000000    8.9698085300e-02
  27.0000000000    8.9696118391e-02
  27.5000000000    8.9697605287e-02
  28.0000000000    8.9696693981e-02
  28.5000000000    8.9697399234e-02
  29.0000000000    8.9697638417e-02
  29.5000000000    8.9697375137e-02
  30.0000000000    8.9698362175e-02
  30.5000000000    8.9696872760e-02
  31.0000000000    8.9698609144e-02
  31.5000000000    8.9696204740e-02
  32.0000000000    8.9699059164e-02
  32.5000000000    8.9695917367e-02
  33.0000000000    8.9699729611e-02
  33.5000000000    8.9695512659e-02
  34.0000000000    8.9699969901e-02
  34.5000000000    8.9694674070e-02
  35.0000000000    8.9699968906e-02
  35.5000000000    8.9694952470e-02
  36.0000000000    8.9700356110e-02
  36.5000000000    8.9696281797e-02
  37.0000000000    8.9700655215e-02
  37.5000000000    8.9697246018e-02
  38.0000000000    8.9700495413e-02
  38.5000000000    8.9697951920e-02
  39.0000000000    8.9700404988e-02
  39.5000000000    8.9698977100e-02
  40.0000000000    8.9700581619e-02
  40.5000000000    8.9700004684e-02
  41.0000000000    8.9700436487e-02
  41.5000000000    8.9700594363e-02
  42.0000000000    8.9699976276e-02
  42.5000000000    8.9701193798e-02
  43.0000000000    8.9699758276e-02
  43.5000000000    8.9702078857e-02
  44.0000000000    8.9699554955e-02
  44.5000000000    8.9702693072e-02
  45.0000000000    8.9698916128e-02
  45.5000000000    8.9702985022e-02
  46.0000000000    8.9698177144e-02
  46.5000000000    8.9703457968e-02
  47.0000000000    8.9698353477e-02
  47.5000000000    8.9704028805e-02
  48.0000000000    8.9699836677e-02
  48.5000000000    8.9704120760e-02
  49.0000000000    8.9700947648e-02
  49.5000000000    8.9704116669e-02
  50.0000000000    8.9702275101e-02
  50.5000000000    8.9704314774e-02
  51.0000000000    8.9703656366e-02
  51.5000000000    8.9704275272e-02
  52.0000000000    8.9704659507e-02
  52.5000000000    8.9703820214e-02
  53.0000000000    8.9705484081e-02
  53.5000000000    8.9703402260e-02
  54.0000000000    8.9706504480e-02
  54.5000000000    8.9703012390e-02
  55.0000000000    8.9707339425e-02
  55.5000000000    8.9702179723e-02
  56.0000000000    8.9707728667e-02
  56.5000000000    8.9703143630e-02
  57.0000000000    8.9708091210e-02
  57.5000000000    8.9705063378e-02
  58.0000000000    8.9708586538e-02
  58.5000000000    8.9706773968e-02
  59.0000000000    8.9708686440e-02
  59.5000000000    8.9707985253e-02
  60.0000000000    8.9708514966e-02
  60.5000000000    8.9709232477e-02
  61.0000000000    8.9708472784e-02
  61.5000000000    8.9710630699e-02
  62.0000000000    8.9708264960e-02
  62.5000000000    8.9711664021e-02
  63.0000000000    8.9707531243e-02
  63.5000000000    8.9712341236e-02
  64.0000000000    8.9707158236e-02
  64.5000000000    8.9713120444e-02
  65.0000000000    8.9709590133e-02
  65.5000000000    8.9713783059e-02
  66.0000000000    8.9711668066e-02
  66.5000000000    8.9713889882e-02
  67.0000000000    8.9713322522e-02
  67.5000000000    8.9713767225e-02
  68.0000000000    8.9715036973e-02
  68.5000000000    8.9713688022e-02
  69.0000000000    8.9716664862e-02
  69.5000000000    8.9713182399e-02
  70.0000000000    8.9717715234e-02
  70.5000000000    8.9712464948e-02
  71.0000000000    8.9718441993e-02
  71.5000000000    8.9715202814e-02
  72.0000000000    8.9719187984e-02
  72.5000000000    8.9717871313e-02
  73.0000000000    8.9719528706e-02
  73.5000000000    8.9719947144e-02
  74.0000000000    8.9719173781e-02
  74.5000000000    8.9721576191e-02
  75.0000000000    8.9718574320e-02
  75.5000000000    8.9723185620e-02
  76.0000000000    8.9718345293e-02
  76.5000000000    8.9724450367e-02
  77.0000000000    8.9721529425e-02
  77.5000000000    8.9724865154e-02
  78.0000000000    8.9724013315e-02
  78.5000000000    8.9724854001e-02
  79.0000000000    8.9726497275e-02
  79.5000000000    8.9724823446e-02
  80.0000000000    8.9728680539e-02
  80.5000000000    8.9723949447e-02
  81.0000000000    8.9729876984e-02
  81.5000000000    8.9726682075e-02
  82.0000000000    8.9730583782e-02
  82.5000000000    8.9729992498e-02
  83.0000000000    8.9731032543e-02
  83.5000000000    8.9732910164e-02
  84.0000000000    8.9730707669e-02
  84.5000000000    8.9734890776e-02
  85.0000000000    8.9730140856e-02
  85.5000000000    8.9736172466e-02
  86.0000000000    8.9734228537e-02
  86.5000000000    8.9737108110e-02
  87.0000000000    8.9737834606e-02
  87.5000000000    8.9737173157e-02
  88.0000000000    8.9740442101e-02
  88.5000000000    8.9736137924e-02
  89.0000000000    8.9742172443e-02
  89.5000000000    8.9739686077e-02
  90.0000000000    8.9743379303e-02
  90.5000000000    8.9743836738e-02
  91.0000000000    8.9743694333e-02
  91.5000000000    8.9746892493e-02
  92.0000000000    8.9742726250e-02
  92.5000000000    8.9748858166e-02
  93.0000000000    8.9746710835e-02
  93.5000000000    8.9750119046e-02
  94.0000000000    8.9751145100e-02
  94.5000000000    8.9750382683e-02
  95.0000000000    8.9754374556e-02
  95.5000000000    8.9750124491e-02
  96.0000000000    8.9756300412e-02
  96.5000000000    8.9755362834e-02
  97.0000000000    8.9757297233e-02
  97.5000000000    8.9759756617e-02
  98.0000000000    8.9757151860e-02
  98.5000000000    8.9762788530e-02
  99.0000000000    8.9760422699e-02
  99.5000000000    8.9764263304e-02
 100.0000000000    8.9765433247e-02
 100.5000000000    8.9764668058e-02
 101.0000000000    8.9769442949e-02
 101.5000000000    8.9766384882e-02
 102.0000000000    8.9771705219e-02
 102.5000000000    8.9772111476e-02
 103.0000000000    8.9772334726e-02
 103.5000000000    8.9776450976e-02
 104.0000000000    8.9773082275e-02
 104.5000000000    8.9779358810e-02
 105.0000000000    8.9779776417e-02
 105.5000000000    8.9780543946e-02
 106.0000000000    8.9784588971e-02
 106.5000000000    8.9781268117e-02
 107.0000000000    8.9787506099e-02
 107.5000000000    8.9788187021e-02
 108.0000000000    8.9788785415e-02
 108.5000000000    8.9793448662e-02
 109.0000000000    8.9790917618e-02
 109.5000000000    8.9796516861e-02
 110.0000000000    8.9797885057e-02
 110.5000000000    8.9797344205e-02
 111.0000000000    8.9802886904e-02
 111.5000000000    8.9801576458e-02
 112.0000000000    8.9805938639e-02
 112.5000000000    8.9808755608e-02
 113.0000000000    8.9806480620e-02
 113.5000000000    8.9813363010e-02
 114.0000000000    8.9813534449e-02
 114.5000000000    8.9815600069e-02
 115.0000000000    8.9820229217e-02
 115.5000000000    8.9818287381e-02
 116.0000000000    8.9824456924e-02
 116.5000000000    8.9826779420e-02
 117.0000000000    8.9825697694e-02
 117.5000000000    8.9832383092e-02
 118.0000000000    8.9832735766e-02
 118.5000000000    8.9835376526e-02
 119.0000000000    8.9840380530e-02
 119.5000000000    8.9839092339e-02
 120.0000000000    8.9844963298e-02
 120.5000000000    8.9848128565e-02
 121.0000000000    8.9846157904e-02
 121.5000000000    8.9854014065e-02
 122.0000000000    8.9855900688e-02
 122.5000000000    8.9856943969e-02
 123.0000000000    8.9863627041e-02
 123.5000000000    8.9864304908e-02
 124.0000000000    8.9867671314e-02
 124.5000000000    8.9873045652e-02
 125.0000000000    8.9872669241e-02
 125.5000000000    8.9878353095e-02
 126.0000000000    8.9883075310e-02
 126.5000000000    8.9882140337e-02
 127.0000000000    8.9889738806e-02
 127.5000000000    8.9893618727e-02
 128.0000000000    8.9892092631e-02
 128.5000000000    8.9900952414e-02
 129.0000000000    8.9904434771e-02
 129.5000000000    8.9904429425e-02
 130.0000000000    8.9913113874e-02
 130.5000000000    8.9916397581e-02
 131.0000000000    8.9917219962e-02
 131.5000000000    8.9925492575e-02
 132.0000000000    8.9928562348e-02
 132.5000000000    8.9930018927e-02
 133.0000000000    8.9938506115e-02
 133.5000000000    8.9941965047e-02
 134.0000000000    8.9943795680e-02
 134.5000000000    8.9952441643e-02
 135.0000000000    8.9956063517e-02
 135.5000000000    8.9957602889e-02
 136.0000000000    8.9966652370e-02
 136.5000000000    8.9970987627e-02
 137.0000000000    8.9972273889e-02
 137.5000000000    8.9982126520e-02
 138.0000000000    8.9987230524e-02
 138.5000000000    8.9987634048e-02
 139.0000000000    8.9997957621e-02
 139.5000000000    9.0003918318e-02
 140.0000000000    9.0005487526e-02
 140.5000000000    9.0014674916e-02
 141.0000000000    9.0021998273e-02
 141.5000000000    9.0024912861e-02
 142.0000000000    9.0032189369e-02
 142.5000000000    9.0040605705e-02
 143.0000000000    9.0044806235e-02
 143.5000000000    9.0049887419e-02
 144.0000000000    9.0059996858e-02
 144.5000000000    9.0066047835e-02
 145.0000000000    9.0068546084e-02
 145.5000000000    9.0080233241e-02
 146.0000000000    9.0087859729e-02
 146.5000000000    9.0091566972e-02
 147.0000000000    9.0100498307e-02
 147.5000000000    9.0110247996e-02
 148.0000000000    9.0116279800e-02
 148.5000000000    9.0121612709e-02
 149.0000000000    9.0133432874e-02
 149.5000000000    9.0141509428e-02
 150.0000000000    9.0145979646e-02
 150.5000000000    9.0156432616e-02
 151.0000000000    9.0167056127e-02
 151.5000000000    9.0174290320e-02
 152.0000000000    9.0180023910e-02
 152.5000000000    9.0193189280e-02
 153.0000000000    9.0202938819e-02
 153.5000000000    9.0209393699e-02
 154.0000000000    9.0218843314e-02
 154.5000000000    9.0231524534e-02
 155.0000000000    9.0241136800e-02
 155.5000000000    9.0247683393e-02
 156.0000000000    9.0260301297e-02
 156.5000000000    9.0272861380e-02
 157.0000000000    9.0282430198e-02
 157.5000000000    9.0289143082e-02
 158.0000000000    9.0303953781e-02
 158.5000000000    9.0317020610e-02
 159.0000000000    9.0327336366e-02
 159.5000000000    9.0334909155e-02
 160.0000000000    9.0351007754e-02
 160.5000000000    9.0364705871e-02
 161.0000000000    9.0375825907e-02
 161.5000000000    9.0384483710e-02
 162.0000000000    9.0401043073e-02
 162.5000000000    9.0416077563e-02
 163.0000000000    9.0428678047e-02
 163.5000000000    9.0438872208e-02
 164.0000000000    9.0454691793e-02
 164.5000000000    9.0471103620e-02
 165.0000000000    9.0485325535e-02
 165.5000000000    9.0497451142e-02
 166.0000000000    9.0511767974e-02
 166.5000000000    9.0530233417e-02
 167.0000000000    9.0546582058e-02
 167.5000000000    9.0560867546e-02
 168.0000000000    9.0573191253e-02
 168.5000000000    9.0592824503e-02
 169.0000000000    9.0611579885e-02
 169.5000000000    9.0628581683e-02
 170.0000000000    9.0643843126e-02
 170.5000000000    9.0659490667e-02
 171.0000000000    9.0680927950e-02
 171.5000000000    9.0700654708e-02
 172.0000000000    9.0718803173e-02
 172.5000000000    9.0735501632e-02
 173.0000000000    9.0753670365e-02
 173.5000000000    9.0776804713e-02
 174.0000000000    9.0798473247e-02
 174.5000000000    9.0818687793e-02
 175.0000000000    9.0837524155e-02
 175.5000000000    9.0856239849e-02
 176.0000000000    9.0881425851e-02
 176.5000000000    9.0905511413e-02
 177.0000000000    9.0928516357e-02
 177.5000000000    9.0950415696e-02
 178.0000000000    9.0971201844e-02
 178.5000000000    9.0996036452e-02
 179.0000000000    9.1022952056e-02
 179.5000000000    9.1049002663e-02
 180.0000000000    9.1074297059e-02
 180.5000000000    9.1098866051e-02
 181.0000000000    9.1122683219e-02
 181.5000000000    9.1151105849e-02
 182.0000000000    9.1180908340e-02
 182.5000000000    9.1209996176e-02
 183.0000000000    9.1238526550e-02
 183.5000000000    9.1266623550e-02
 184.0000000000    9.1294334828e-02
 184.5000000000    9.1323425440e-02
 185.0000000000    9.1357152911e-02
 185.5000000000    9.1390355450e-02
 186.0000000000    9.1423137035e-02
 186.5000000000    9.1455651830e-02
 187.0000000000    9.1488036420e-02
 187.5000000000    9.1520356452e-02
 188.0000000000    9.1552911088e-02
 188.5000000000    9.1591141128e-02
 189.0000000000    9.1629157693e-02
 189.5000000000    9.1667043241e-02
 190.0000000000    9.1704938021e-02
 190.5000000000    9.1742982648e-02
 191.0000000000    9.1781262049e-02
 191.5000000000    9.1819788154e-02
 192.0000000000    9.1858535003e-02
 192.5000000000    9.1900899249e-02
 193.0000000000    9.1945163530e-02
 193.5000000000    9.1989700836e-02
 194.0000000000    9.2034650343e-02
 194.5000000000    9.2080111496e-02
 195.0000000000    9.2126117905e-02
 195.5000000000    9.2172656150e-02
 196.0000000000    9.2219713907e-02
 196.5000000000    9.2267326558e-02
 197.0000000000    9.2315587565e-02
 197.5000000000    9.2364725579e-02
 198.0000000000    9.2418421049e-02
 198.5000000000    9.2472933584e-02
 199.0000000000    9.2528268072e-02
 199.5000000000    9.2584413195e-02
 200.0000000000    9.2641384907e-02
 200.5000000000    9.2699250638e-02
 201.0000000000    9.2758118992e-02
 201.5000000000    9.2818103393e-02
 202.0000000000    9.2879283735e-02
 202.5000000000    9.2941688682e-02
 203.0000000000    9.3005313383e-02
 203.5000000000    9.3070159252e-02
 204.0000000000    9.3136267985e-02
 204.5000000000    9.3203728441e-02
 205.0000000000    9.3272651985e-02
 205.5000000000    9.3343132250e-02
 206.0000000000    9.3415221620e-02
 206.5000000000    9.3488930319e-02
 207.0000000000    9.3564253938e-02
 207.5000000000    9.3641209740e-02
 208.0000000000    9.3720301194e-02
 208.5000000000    9.3801435193e-02
 209.0000000000    9.3884314988e-02
 209.5000000000    9.3969006902e-02
 210.0000000000    9.4055529669e-02
 210.5000000000    9.4143877409e-02
 211.0000000000    9.4234055263e-02
 211.5000000000    9.4326106419e-02
 212.0000000000    9.4420118426e-02
 212.5000000000    9.4516198605e-02
 213.0000000000    9.4614898129e-02
 213.5000000000    9.4716407544e-02
 214.0000000000    9.4820297462e-02
 214.5000000000    9.4926557118e-02
 215.0000000000    9.5035211140e-02
 215.5000000000    9.5146339012e-02
 216.0000000000    9.5260053534e-02
 216.5000000000    9.5376461460e-02
 217.0000000000    9.5495622444e-02
 217.5000000000    9.5617540916e-02
 218.0000000000    9.5742196977e-02
 218.5000000000    9.5869595960e-02
 219.0000000000    9.5999798474e-02
 219.5000000000    9.6132916100e-02
 220.0000000000    9.6269068917e-02
 220.5000000000    9.6408334373e-02
 221.0000000000    9.6550726515e-02
 221.5000000000    9.6696221201e-02
 222.0000000000    9.6844803000e-02
 222.5000000000    9.6998902000e-02
 223.0000000000    9.7159053316e-02
 223.5000000000    9.7322844020e-02
 224.0000000000    9.7490379309e-02
 224.5000000000    9.7661699572e-02
 225.0000000000    9.7836786032e-02
 225.5000000000    9.8015610762e-02
 226.0000000000    9.8198194889e-02
 226.5000000000    9.8384631664e-02
 227.0000000000    9.8577222831e-02
 227.5000000000    9.8779471426e-02
 228.0000000000    9.8986252450e-02
 228.5000000000    9.9197565760e-02
 229.0000000000    9.9413379660e-02
 229.5000000000    9.9633694701e-02
 230.0000000000    9.9858586024e-02
 230.5000000000    1.0009164727e-01
 231.0000000000    1.0033616913e-01
 231.5000000000    1.0058609952e-01
 232.0000000000    1.0084147340e-01
 232.5000000000    1.0110226973e-01
 233.0000000000    1.0136847406e-01
 233.5000000000    1.0164736948e-01
 234.0000000000    1.0193708044e-01
 234.5000000000    1.0223309616e-01
 235.0000000000    1.0253557869e-01
 235.5000000000    1.0284461090e-01
 236.0000000000    1.0316888657e-01
 236.5000000000    1.0350581905e-01
 237.0000000000    1.0384998499e-01
 237.5000000000    1.0420151783e-01
 238.0000000000    1.0456323050e-01
 238.5000000000    1.0494698960e-01
 239.0000000000    1.0533945258e-01
 239.5000000000    1.0574071180e-01
 240.0000000000    1.0615310106e-01
 240.5000000000    1.0659146632e-01
 241.0000000000    1.0703977882e-01
 241.5000000000    1.0749827554e-01
 242.0000000000    1.0797614271e-01
 242.5000000000    1.0847822212e-01
 243.0000000000    1.0899233849e-01
 243.5000000000    1.0951863739e-01
 244.0000000000    1.1008136661e-01
 244.5000000000    1.1065864911e-01
 245.0000000000    1.1125006645e-01
 245.5000000000    1.1187700889e-01
 246.0000000000    1.1252713133e-01
 246.5000000000    1.1319419264e-01
 247.0000000000    1.1390138969e-01
 247.5000000000    1.1463636676e-01
 248.0000000000    1.1539124661e-01
 248.5000000000    1.1619734850e-01
 249.0000000000    1.1703110647e-01
 249.5000000000    1.1789499715e-01
 250.0000000000    1.1881784965e-01
 250.5000000000    1.1976891938e-01
 251.0000000000    1.2077462796e-01
 251.5000000000    1.2183152410e-01
 252.0000000000    1.2292800884e-01
 252.5000000000    1.2410548116e-01
 253.0000000000    1.2532334902e-01
 253.5000000000    1.2662618045e-01
 254.0000000000    1.2799080295e-01
 254.5000000000    1.2943699131e-01
 255.0000000000    1.3097219660e-01
 255.5000000000    1.3259030011e-01
 256.0000000000    1.3432500698e-01
 256.5000000000    1.3615046875e-01
 257.0000000000    1.3812075111e-01
 257.5000000000    1.4019851459e-01
 258.0000000000    1.4244964037e-01
 258.5000000000    1.4483684613e-01
 259.0000000000    1.4742518678e-01
 259.5000000000    1.5019477555e-01
 260.0000000000    1.5319044083e-01
 260.5000000000    1.5643657568e-01
 261.0000000000    1.5992623287e-01
 261.5000000000    1.6377101149e-01
 262.0000000000    1.6789828811e-01
 262.5000000000    1.7245751178e-01
 263.0000000000    1.7742592823e-01
 263.5000000000    1.8279779439e-01
 264.0000000000    1.8881732824e-01
 264.5000000000    1.9534373383e-01
 265.0000000000    2.0239610326e-01
 265.5000000000    2.1023680966e-01
 266.0000000000    2.1869520166e-01
 266.5000000000    2.2766043778e-01
 267.0000000000    2.3697369078e-01
 267.5000000000    2.4669350990e-01
 268.0000000000    2.5649241237e-01
 268.5000000000    2.6577334017e-01
 269.0000000000    2.7400914214e-01
 269.5000000000    2.8052926347e-01
 270.0000000000    2.8422133596e-01
 270.5000000000    2.8292060710e-01
 271.0000000000    2.7333631021e-01
 271.5000000000    2.5301522112e-01
 272.0000000000    2.2322175129e-01
 272.5000000000    1.8889135769e-01
 273.0000000000    1.5546933995e-01
 273.5000000000    1.2637184293e-01
 274.0000000000    1.0274897195e-01
 274.5000000000    8.4383375658e-02
 275.0000000000    7.0493365036e-02
 275.5000000000    6.0153035987e-02
 276.0000000000    5.2472561916e-02
 276.5000000000    4.6677842372e-02
 277.0000000000    4.2148503758e-02
 277.5000000000    3.8429028635e-02
 278.0000000000    3.5216541353e-02
 278.5000000000    3.2332223054e-02
 279.0000000000    2.9686353818e-02
 279.5000000000    2.7244877352e-02
 280.0000000000    2.5001113775e-02
 280.5000000000    2.2953334027e-02
 281.0000000000    2.1088717129e-02
 281.5000000000    1.9375959615e-02
 282.0000000000    1.7769769138e-02
 282.5000000000    1.6719214499e-02
 283.0000000000    1.5831149681e-02
 283.5000000000    1.4839252038e-02
 284.0000000000    1.3706729308e-02
 284.5000000000    1.2605790064e-02
 285.0000000000    1.2088328218e-02
 285.5000000000    1.1323878497e-02
 286.0000000000    1.0498664780e-02
 286.5000000000    1.0140317839e-02
 287.0000000000    9.3686651479e-03
 287.5000000000    9.0640953871e-03
 288.0000000000    8.4001981286e-03
 288.5000000000    8.1085227417e-03
 289.0000000000    7.4598635603e-03
 289.5000000000    7.2747552445e-03
 290.0000000000    6.8269651316e-03
 290.5000000000    6.5109114263e-03
 291.0000000000    6.2782581924e-03
 291.5000000000    5.9122138277e-03
 292.0000000000    5.5876361091e-03
 292.5000000000    5.4061106708e-03
 293.0000000000    5.1724413780e-03
 293.5000000000    4.9398045173e-03
 294.0000000000    4.7360386520e-03
 294.5000000000    4.5402906644e-03
 295.0000000000    4.3565254565e-03
 295.5000000000    4.1860620019e-03
 296.0000000000    4.0257695714e-03
 296.5000000000    3.8663208668e-03
 297.0000000000    3.6922889023e-03
 297.5000000000    3.5745396063e-03
 298.0000000000    3.4950952508e-03
 298.5000000000    3.3532322020e-03
 299.0000000000    3.2661068115e-03
 299.5000000000    3.1634702106e-03
 300.0000000000    3.0745567012e-03
 300.5000000000    2.9597061236e-03
 301.0000000000    2.9174144344e-03
 301.5000000000    2.8349486410e-03
 302.0000000000    2.7400979830e-03
 302.5000000000    2.7087808568e-03
 303.0000000000    2.6731833502e-03
 303.5000000000    2.6280238100e-03
 304.0000000000    2.5777202046e-03
 304.5000000000    2.5243677635e-03
 305.0000000000    2.4677694869e-03
 305.5000000000    2.4110108804e-03
 306.0000000000    2.4047703043e-03
 306.5000000000    2.3749160050e-03
 307.0000000000    2.3377508452e-03
 307.5000000000    2.2956210139e-03
 308.0000000000    2.2698137818e-03
 308.5000000000    2.2723553193e-03
 309.0000000000    2.2235534212e-03
 309.5000000000    2.1956689082e-03
 310.0000000000    2.1974285413e-03
 310.5000000000    2.1478785368e-03
 311.0000000000    2.1273641233e-03
 311.5000000000    2.1149561965e-03
 312.0000000000    2.0750299128e-03
 312.5000000000    2.0408926133e-03
 313.0000000000    2.0172213731e-03
 313.5000000000    2.0503429455e-03
 314.0000000000    2.0268432782e-03
 314.5000000000    1.9489654400e-03
 315.0000000000    1.8697185158e-03
 315.5000000000    1.7865658374e-03
 316.0000000000    1.6735929632e-03
 316.5000000000    1.5208609780e-03
 317.0000000000    1.3378731738e-03
 317.5000000000    1.1425704452e-03
 318.0000000000    9.5260472028e-04
 318.5000000000    8.8404802906e-04
 319.0000000000    8.3955529869e-04
 319.5000000000    7.9750739802e-04
 320.0000000000    7.5792755628e-04
 320.5000000000    7.2203759967e-04
 321.0000000000    6.9204628259e-04
 321.5000000000    6.6827612689e-04
 322.0000000000    6.4372967618e-04
 322.5000000000    6.1779197174e-04
 323.0000000000    5.9152527736e-04
 323.5000000000    5.6677818098e-04
 324.0000000000    5.4474379844e-04
 324.5000000000    5.2507728963e-04
 325.0000000000    5.0623792443e-04
 325.5000000000    4.8670206832e-04
 326.0000000000    4.6605459313e-04
 326.5000000000    4.4520842950e-04
 327.0000000000    4.2568475496e-04
 327.5000000000    4.0848989023e-04
 328.0000000000    3.9340199981e-04
 328.5000000000    3.7919668396e-04
 329.0000000000    3.6459049988e-04
 329.5000000000    3.4914820011e-04
 330.0000000000    3.3353085756e-04
 330.5000000000    3.1897163320e-04
 331.0000000000    3.0635767905e-04
 331.5000000000    2.9557735094e-04
 332.0000000000    2.8563112658e-04
 332.5000000000    2.7539313637e-04
 333.0000000000    2.6440664460e-04
 333.5000000000    2.5315659213e-04
 334.0000000000    2.4267631680e-04
 334.5000000000    2.3376804745e-04
 335.0000000000    2.2639474702e-04
 335.5000000000    2.2033357498e-04
 336.0000000000    2.1576214123e-04
 336.5000000000    2.1036223783e-04
 337.0000000000    2.0480238290e-04
 337.5000000000    1.9977913592e-04
 338.0000000000    1.9552534562e-04
 338.5000000000    1.9164517337e-04
 339.0000000000    1.8741881792e-04
 339.5000000000    1.8233939467e-04
 340.0000000000    1.7648392130e-04
 340.5000000000    1.7046986367e-04
 341.0000000000    1.6502423592e-04
 341.5000000000    1.6045434443e-04
 342.0000000000    1.5642502588e-04
 342.5000000000    1.5223174395e-04
 343.0000000000    1.4733982616e-04
 343.5000000000    1.4177048441e-04
 344.0000000000    1.3607886599e-04
 344.5000000000    1.3095398758e-04
 345.0000000000    1.2671503725e-04
 345.5000000000    1.2308110158e-04
 346.0000000000    1.1940091992e-04
 346.5000000000    1.1514745436e-04
 347.0000000000    1.1029656431e-04
 347.5000000000    1.0533823182e-04
 348.0000000000    1.0091346781e-04
 348.5000000000    9.7319417438e-05
 349.0000000000    9.4861304801e-05
 349.5000000000    9.2900125708e-05
 350.0000000000    9.0619195429e-05
 350.5000000000    8.7716060130e-05
 351.0000000000    8.4447650965e-05
 351.5000000000    8.1391225250e-05
 352.0000000000    7.9237909296e-05
 352.5000000000    7.7753430665e-05
 353.0000000000    7.5934988538e-05
 353.5000000000    7.3993878039e-05
 354.0000000000    7.1626745630e-05
 354.5000000000    6.8939789003e-05
 355.0000000000    6.6441218767e-05
 355.5000000000    6.5009882113e-05
 356.0000000000    6.3845985553e-05
 356.5000000000    6.2371595294e-05
 357.0000000000    6.0609052676e-05
 357.5000000000    5.8665114998e-05
 358.0000000000    5.6438947871e-05
 358.5000000000    5.4451967790e-05
 359.0000000000    5.3402310697e-05
 359.5000000000    5.2492364826e-05
 360.0000000000    5.1294299179e-05
 360.5000000000    4.9748456483e-05
 361.0000000000    4.8125673442e-05
 361.5000000000    4.6253416409e-05
 362.0000000000    4.4727790827e-05
 362.5000000000    4.3915813142e-05
 363.0000000000    4.3206414932e-05
 363.5000000000    4.2215444809e-05
 364.0000000000    4.1746325430e-05
 364.5000000000    4.1992681913e-05
 365.0000000000    4.1722103429e-05
 365.5000000000    4.1153961474e-05
 366.0000000000    4.0746913954e-05
 366.5000000000    4.1036623341e-05
 367.0000000000    4.1865055347e-05
 367.5000000000    4.2382778913e-05
 368.0000000000    4.2630386810e-05
 368.5000000000    4.2459119800e-05
 369.0000000000    4.1929979899e-05
 369.5000000000    4.1602846255e-05
 370.0000000000    4.2234505670e-05
 370.5000000000    4.3022994750e-05
 371.0000000000    4.3464843891e-05
 371.5000000000    4.3312382932e-05
 372.0000000000    4.3038082046e-05
 372.5000000000    4.2420269555e-05
 373.0000000000    4.2235168817e-05
 373.5000000000    4.2741968983e-05
 374.0000000000    4.3372966762e-05
 374.5000000000    4.3647287594e-05
 375.0000000000    4.3354432619e-05
 375.5000000000    4.2895367371e-05
 376.0000000000    4.2210267787e-05
 376.5000000000    4.2113372493e-05
 377.0000000000    4.2586392368e-05
 377.5000000000    4.3170870232e-05
 378.0000000000    4.3394195936e-05
 378.5000000000    4.3060158255e-05
 379.0000000000    4.2464784695e-05
 379.5000000000    4.1854107782e-05
 380.0000000000    4.1914933038e-05
 380.5000000000    4.2344064879e-05
 381.0000000000    4.2900360432e-05
 381.5000000000    4.3044393083e-05
 382.0000000000    4.2613664949e-05
 382.5000000000    4.1877207598e-05
 383.0000000000    4.1347565463e-05
 383.5000000000    4.1554754455e-05
 384.0000000000    4.1867170772e-05
 384.5000000000    4.2325432270e-05
 385.0000000000    4.2299543852e-05
 385.5000000000    4.1704756417e-05
 386.0000000000    4.0889614070e-05
 386.5000000000    4.0387963085e-05
 387.0000000000    4.0637225268e-05
 387.5000000000    4.0911632606e-05
 388.0000000000    4.1215275143e-05
 388.5000000000    4.0976121472e-05
 389.0000000000    4.0217155209e-05
 389.5000000000    3.9362610500e-05
 390.0000000000    3.9055493336e-05
 390.5000000000    3.9158098128e-05
 391.0000000000    3.9449640133e-05
 391.5000000000    3.9581336533e-05
 392.0000000000    3.9143813536e-05
 392.5000000000    3.8272087968e-05
 393.0000000000    3.7443472636e-05
 393.5000000000    3.7340151032e-05
 394.0000000000    3.7341628248e-05
 394.5000000000    3.7622946711e-05
 395.0000000000    3.7569275210e-05
 395.5000000000    3.6949187613e-05
 396.0000000000    3.6008010662e-05
 396.5000000000    3.5248462508e-05
 397.0000000000    3.5237180467e-05
 397.5000000000    3.5252616143e-05
 398.0000000000    3.5456517458e-05
 398.5000000000    3.5213227698e-05
 399.0000000000    3.4452780386e-05
 399.5000000000    3.3508834532e-05
 400.0000000000    3.3012366953e-05
 400.5000000000    3.2967811864e-05
 401.0000000000    3.3017440497e-05
 401.5000000000    3.3113284770e-05
 402.0000000000    3.2724014115e-05
 402.5000000000    3.1894074264e-05
 403.0000000000    3.1017510636e-05
 403.5000000000    3.0834791311e-05
 404.0000000000    3.0735320191e-05
 404.5000000000    3.0819993387e-05
 405.0000000000    3.0807983193e-05
 405.5000000000    3.0299653183e-05
 406.0000000000    2.9445731859e-05
 406.5000000000    2.8813074518e-05
 407.0000000000    2.8768948703e-05
 407.5000000000    2.8593710251e-05
 408.0000000000    2.8720993396e-05
 408.5000000000    2.8586323796e-05
 409.0000000000    2.7974514025e-05
 409.5000000000    2.7145957679e-05
 410.0000000000    2.6864223627e-05
 410.5000000000    2.6761454624e-05
 411.0000000000    2.6607000097e-05
 411.5000000000    2.6692744647e-05
 412.0000000000    2.6424079592e-05
 412.5000000000    2.5730340667e-05
 413.0000000000    2.5047572714e-05
 413.5000000000    2.4953389171e-05
 414.0000000000    2.4777468652e-05
 414.5000000000    2.4668170910e-05
 415.0000000000    2.4697450362e-05
 415.5000000000    2.4298783546e-05
 416.0000000000    2.3560012481e-05
 416.5000000000    2.3235320446e-05
 417.0000000000    2.3094822707e-05
 417.5000000000    2.2885308551e-05
 418.0000000000    2.2835562735e-05
 418.5000000000    2.2748317315e-05
 419.0000000000    2.2234553321e-05
 419.5000000000    2.1600821595e-05
 420.0000000000    2.1436252413e-05
 420.5000000000    2.1264033478e-05
 421.0000000000    2.1017158093e-05
 421.5000000000    2.1029775301e-05
 422.0000000000    2.0811893023e-05
 422.5000000000    2.0216927288e-05
 423.0000000000    1.9899208747e-05
 423.5000000000    1.9705674881e-05
 424.0000000000    1.9493334651e-05
 424.5000000000    1.9296901403e-05
 425.0000000000    1.9274984498e-05
 425.5000000000    1.8939931921e-05
 426.0000000000    1.8463425445e-05
 426.5000000000    1.8241036612e-05
 427.0000000000    1.8029995886e-05
 427.5000000000    1.7928941818e-05
 428.0000000000    1.7744772413e-05
 428.5000000000    1.7572535474e-05
 429.0000000000    1.7196107574e-05
 429.5000000000    1.6929680946e-05
 430.0000000000    1.6843425779e-05
 430.5000000000    1.6868211925e-05
 431.0000000000    1.6720530860e-05
 431.5000000000    1.6448187932e-05
 432.0000000000    1.6122909180e-05
 432.5000000000    1.5806338864e-05
 433.0000000000    1.5785627228e-05
 433.5000000000    1.5882643119e-05
 434.0000000000    1.5802896246e-05
 434.5000000000    1.5560983090e-05
 435.0000000000    1.5219102381e-05
 435.5000000000    1.4852503179e-05
 436.0000000000    1.4791129003e-05
 436.5000000000    1.4949542400e-05
 437.0000000000    1.4955414569e-05
 437.5000000000    1.4774439382e-05
 438.0000000000    1.4447411839e-05
 438.5000000000    1.4042245021e-05
 439.0000000000    1.3923185080e-05
 439.5000000000    1.4094770195e-05
 440.0000000000    1.4181085278e-05
 440.5000000000    1.4085928947e-05
 441.0000000000    1.3814769670e-05
 441.5000000000    1.3422896557e-05
 442.0000000000    1.3164292789e-05
 442.5000000000    1.3294389514e-05
 443.0000000000    1.3444985567e-05
 443.5000000000    1.3449739282e-05
 444.0000000000    1.3264294391e-05
 444.5000000000    1.2925573540e-05
 445.0000000000    1.2588865330e-05
 445.5000000000    1.2606052180e-05
 446.0000000000    1.2769624040e-05
 446.5000000000    1.2859652312e-05
 447.0000000000    1.2771883755e-05
 447.5000000000    1.2505625580e-05
 448.0000000000    1.2151389682e-05
 448.5000000000    1.2010339760e-05
 449.0000000000    1.2122811315e-05
 449.5000000000    1.2264990160e-05
 450.0000000000    1.2277774932e-05
 450.5000000000    1.2106393087e-05
 451.0000000000    1.1797996174e-05
 451.5000000000    1.1552121840e-05
 452.0000000000    1.1567950870e-05
 452.5000000000    1.1717150831e-05
 453.0000000000    1.1815234688e-05
 453.5000000000    1.1751367833e-05
 454.0000000000    1.1520659981e-05
 454.5000000000    1.1295911291e-05
 455.0000000000    1.1136377092e-05
 455.5000000000    1.1233272781e-05
 456.0000000000    1.1376848005e-05
 456.5000000000    1.1416670253e-05
 457.0000000000    1.1286084916e-05
 457.5000000000    1.1264154793e-05
 458.0000000000    1.1081612148e-05
 458.5000000000    1.0836624055e-05
 459.0000000000    1.0961724443e-05
 459.5000000000    1.1076970193e-05
 460.0000000000    1.1054618539e-05
 460.5000000000    1.1159581619e-05
 461.0000000000    1.1085832365e-05
 461.5000000000    1.0856474666e-05
 462.0000000000    1.0646840390e-05
 462.5000000000    1.0740067842e-05
 463.0000000000    1.0814146590e-05
 463.5000000000    1.0987961763e-05
 464.0000000000    1.1038604249e-05
 464.5000000000    1.0887679191e-05
 465.0000000000    1.0644859853e-05
 465.5000000000    1.0501167812e-05
 466.0000000000    1.0568280721e-05
 466.5000000000    1.0772577832e-05
 467.0000000000    1.0926048340e-05
 467.5000000000    1.0890121848e-05
 468.0000000000    1.0681887383e-05
 468.5000000000    1.0460302514e-05
 469.0000000000    1.0402631334e-05
 469.5000000000    1.0546148365e-05
 470.0000000000    1.0751999654e-05
 470.5000000000    1.0834850028e-05
 471.0000000000    1.0715801859e-05
 471.5000000000    1.0479361954e-05
 472.0000000000    1.0311382851e-05
 472.5000000000    1.0345029085e-05
 473.0000000000    1.0537351307e-05
 473.5000000000    1.0710225258e-05
 474.0000000000    1.0709356869e-05
 474.5000000000    1.0524356771e-05
 475.0000000000    1.0295795191e-05
 475.5000000000    1.0207203950e-05
 476.0000000000    1.0324282846e-05
 476.5000000000    1.0531861563e-05
 477.0000000000    1.0642820746e-05
 477.5000000000    1.0555694376e-05
 478.0000000000    1.0329967833e-05
 478.5000000000    1.0142103903e-05
 479.0000000000    1.0142857784e-05
 479.5000000000    1.0319025249e-05
 480.0000000000    1.0506394911e-05
 480.5000000000    1.0538357961e-05
 481.0000000000    1.0378542318e-05
 481.5000000000    1.0147066588e-05
 482.0000000000    1.0029459977e-05
 482.5000000000    1.0117393825e-05
 483.0000000000    1.0322054728e-05
 483.5000000000    1.0458343384e-05
 484.0000000000    1.0404507952e-05
 484.5000000000    1.0194041141e-05
 485.0000000000    9.9911229338e-06
 485.5000000000    9.9601977024e-06
 486.0000000000    1.0117484254e-05
 486.5000000000    1.0315461161e-05
 487.0000000000    1.0378700224e-05
 487.5000000000    1.0246482736e-05
 488.0000000000    1.0017026167e-05
 488.5000000000    9.8739210695e-06
 489.0000000000    9.9315988876e-06
 489.5000000000    1.0128065976e-05
 490.0000000000    1.0284645297e-05
 490.5000000000    1.0262827040e-05
 491.0000000000    1.0070463431e-05
 491.5000000000    9.8561277941e-06
 492.0000000000    9.7933423646e-06
 492.5000000000    9.9312786579e-06
 493.0000000000    1.0129331842e-05
 493.5000000000    1.0221466355e-05
 494.0000000000    1.0119330162e-05
 494.5000000000    9.8968315238e-06
 495.0000000000    9.7309839649e-06
 495.5000000000    9.8214199756e-06
 496.0000000000    9.9717137175e-06
 496.5000000000    1.0117006864e-05
 497.0000000000    1.0130369148e-05
 497.5000000000    9.9623369513e-06
 498.0000000000    9.7421332571e-06
 498.5000000000    9.7138531030e-06
 499.0000000000    9.8781891090e-06
 499.5000000000    1.0000431316e-05
 500.0000000000    1.0081465482e-05
 500.5000000000    1.0013045442e-05
 501.0000000000    9.8028280252e-06
 501.5000000000    9.6483925108e-06
 502.0000000000    9.7709191007e-06
 502.5000000000    9.9425569816e-06
 503.0000000000    1.0024774814e-05
 503.5000000000    1.0014823181e-05
 504.0000000000    9.8736552157e-06
 504.5000000000    9.6579038855e-06
 505.0000000000    9.6884596301e-06
 505.5000000000    9.8495708912e-06
 506.0000000000    1.0007791972e-05
 506.5000000000    1.0038278304e-05
 507.0000000000    9.9217387272e-06
 507.5000000000    9.7424617040e-06
 508.0000000000    9.6638390326e-06
 508.5000000000    9.7511275964e-06
 509.0000000000    9.9281687729e-06
 509.5000000000    1.0049840950e-05
 510.0000000000    1.0020459028e-05
 510.5000000000    9.8613405151e-06
 511.0000000000    9.7031994942e-06
 511.5000000000    9.6870330526e-06
 512.0000000000    9.8292074697e-06
 512.5000000000    1.0009822403e-05
 513.0000000000    1.0084608779e-05
 513.5000000000    9.9960136183e-06
 514.0000000000    9.8138127492e-06
 514.5000000000    9.6928057855e-06
 515.0000000000    9.7420129014e-06
 515.5000000000    9.9183373170e-06
 516.0000000000    1.0075269824e-05
 516.5000000000    1.0089928559e-05
 517.0000000000    9.9507256249e-06
 517.5000000000    9.7705279320e-06
 518.0000000000    9.7088214543e-06
 518.5000000000    9.8239770894e-06
 519.0000000000    1.0017063664e-05
 519.5000000000    1.0131592861e-05
 520.0000000000    1.0079173992e-05
 520.5000000000    9.9005948214e-06
 521.0000000000    9.7448136602e-06
 521.5000000000    9.7515926722e-06
 522.0000000000    9.9139790082e-06
 522.5000000000    1.0092972728e-05
 523.0000000000    1.0145456058e-05
 523.5000000000    1.0029949110e-05
 524.0000000000    9.8360432767e-06
 524.5000000000    9.7300236148e-06
 525.0000000000    9.8089310992e-06
 525.5000000000    1.0003691894e-05
 526.0000000000    1.0153688228e-05
 526.5000000000    1.0142375266e-05
 527.0000000000    9.9785660376e-06
 527.5000000000    9.7962429350e-06
 528.0000000000    9.7584193883e-06
 528.5000000000    9.8996646305e-06
 529.0000000000    1.0096892079e-05
 529.5000000000    1.0190977654e-05
 530.0000000000    1.0109069071e-05
 530.5000000000    9.9138660889e-06
 531.0000000000    9.7704249434e-06
 531.5000000000    9.8097213385e-06
 532.0000000000    9.9954996719e-06
 532.5000000000    1.0170114716e-05
 533.0000000000    1.0195631776e-05
 533.5000000000    1.0051186701e-05
 534.0000000000    9.8502929763e-06
 534.5000000000    9.7684557654e-06
 535.0000000000    9.8808416884e-06
 535.5000000000    1.0087445200e-05
 536.0000000000    1.0219153743e-05
 536.5000000000    1.0174202592e-05
 537.0000000000    9.9864434499e-06
 537.5000000000    9.8115550257e-06
 538.0000000000    9.8087048333e-06
 538.5000000000    9.9795838825e-06
 539.0000000000    1.0175479555e-05
 539.5000000000    1.0239353972e-05
 540.0000000000    1.0120952771e-05
 540.5000000000    9.9109094857e-06
 541.0000000000    9.7894795702e-06
 541.5000000000    9.8674923600e-06
 542.0000000000    1.0072485811e-05
 542.5000000000    1.0232494877e-05
 543.0000000000    1.0222202597e-05
 543.5000000000    1.0047840378e-05
 544.0000000000    9.8500856542e-06
 544.5000000000    9.8074311133e-06
 545.0000000000    9.9587759332e-06
 545.5000000000    1.0170284666e-05
 546.0000000000    1.0270049388e-05
 546.5000000000    1.0180638989e-05
 547.0000000000    9.9699640710e-06
 547.5000000000    9.8166265856e-06
 548.0000000000    9.8610284195e-06
 548.5000000000    1.0059833095e-05
 549.0000000000    1.0242298109e-05
 549.5000000000    1.0263198703e-05
 550.0000000000    1.0104540331e-05
 550.5000000000    9.8915785180e-06
 551.0000000000    9.8130137455e-06
 551.5000000000    9.9396561321e-06
 552.0000000000    1.0155641698e-05
 552.5000000000    1.0282226393e-05
 553.0000000000    1.0220352213e-05
 553.5000000000    1.0014878040e-05
 554.0000000000    9.8356127962e-06
 554.5000000000    9.8454055930e-06
 555.0000000000    1.0031729407e-05
 555.5000000000    1.0231773589e-05
 556.0000000000    1.0284940311e-05
 556.5000000000    1.0148334078e-05
 557.0000000000    9.9267299956e-06
 557.5000000000    9.8118773631e-06
 558.0000000000    9.9073422494e-06
 558.5000000000    1.0123040351e-05
 559.0000000000    1.0277915073e-05
 559.5000000000    1.0250171610e-05
 560.0000000000    1.0058005821e-05
 560.5000000000    9.8565322915e-06
 561.0000000000    9.8278109625e-06
 561.5000000000    9.9952704723e-06
 562.0000000000    1.0210405566e-05
 562.5000000000    1.0299110082e-05
 563.0000000000    1.0191893630e-05
 563.5000000000    9.9695882230e-06
 564.0000000000    9.8220563379e-06
 564.5000000000    9.8840425463e-06
 565.0000000000    1.0094817099e-05
 565.5000000000    1.0274598910e-05
 566.0000000000    1.0280924434e-05
 566.5000000000    1.0106202201e-05
 567.0000000000    9.8886380951e-06
 567.5000000000    9.8217175767e-06
 568.0000000000    9.9634194376e-06
 568.5000000000    1.0185070283e-05
 569.0000000000    1.0304510973e-05
 569.5000000000    1.0227998468e-05
 570.0000000000    1.0011367755e-05
 570.5000000000    9.8359041107e-06
 571.0000000000    9.8612761194e-06
 571.5000000000    1.0059394980e-05
 572.0000000000    1.0258801644e-05
 572.5000000000    1.0300105489e-05
 573.0000000000    1.0176717265e-05
 573.5000000000    9.9750430430e-06
 574.0000000000    9.8273667727e-06
 574.5000000000    9.9334462039e-06
 575.0000000000    1.0156589946e-05
 575.5000000000    1.0304231853e-05
 576.0000000000    1.0322154672e-05
 576.5000000000    1.0174721404e-05
 577.0000000000    9.9713570257e-06
 577.5000000000    9.8954357985e-06
 578.0000000000    1.0027081916e-05
 578.5000000000    1.0255807166e-05
 579.0000000000    1.0404341502e-05
 579.5000000000    1.0358167254e-05
 580.0000000000    1.0164059871e-05
 580.5000000000    9.9935272092e-06
 581.0000000000    1.0004911506e-05
 581.5000000000    1.0199276823e-05
 582.0000000000    1.0419407194e-05
 582.5000000000    1.0492270845e-05
 583.0000000000    1.0368377531e-05
 583.5000000000    1.0158629655e-05
 584.0000000000    1.0051161046e-05
 584.5000000000    1.0151345064e-05
 585.0000000000    1.0382528743e-05
 585.5000000000    1.0558629543e-05
 586.0000000000    1.0545164438e-05
 586.5000000000    1.0362771110e-05
 587.0000000000    1.0172634007e-05
 587.5000000000    1.0149673830e-05
 588.0000000000    1.0325781299e-05
 588.5000000000    1.0559356227e-05
 589.0000000000    1.0665630037e-05
 589.5000000000    1.0568489156e-05
 590.0000000000    1.0357261672e-05
 590.5000000000    1.0220731490e-05
 591.0000000000    1.0290008227e-05
 591.5000000000    1.0516350771e-05
 592.0000000000    1.0717639042e-05
 592.5000000000    1.0738981551e-05
 593.0000000000    1.0573792719e-05
 593.5000000000    1.0369179378e-05
 594.0000000000    1.0312340075e-05
 594.5000000000    1.0466181285e-05
 595.0000000000    1.0709230297e-05
 595.5000000000    1.0848745482e-05
 596.0000000000    1.0782401204e-05
 596.5000000000    1.0575255740e-05
 597.0000000000    1.0412548806e-05
 597.5000000000    1.0448707546e-05
 598.0000000000    1.0665341378e-05
 598.5000000000    1.0888609353e-05
 599.0000000000    1.0945310850e-05
 599.5000000000    1.0800865002e-05
 600.0000000000    1.0585261293e-05
 600.5000000000    1.0494505765e-05
 601.0000000000    1.0621742413e-05
 601.5000000000    1.0868772646e-05
 602.0000000000    1.1038456964e-05
 602.5000000000    1.1003647312e-05
 603.0000000000    1.0803949940e-05
 603.5000000000    1.0617453493e-05
 604.0000000000    1.0618489648e-05
 604.5000000000    1.0819753192e-05
 605.0000000000    1.1059953320e-05
 605.5000000000    1.1151000428e-05
 606.0000000000    1.1030836387e-05
 606.5000000000    1.0809479520e-05
 607.0000000000    1.0686943321e-05
 607.5000000000    1.0784400236e-05
 608.0000000000    1.1030309154e-05
 608.5000000000    1.1228153873e-05
 609.0000000000    1.1227935595e-05
 609.5000000000    1.1042210623e-05
 610.0000000000    1.0837247505e-05
 610.5000000000    1.0803251717e-05
 611.0000000000    1.0985067357e-05
 611.5000000000    1.1238883642e-05
 612.0000000000    1.1365196023e-05
 612.5000000000    1.1274106699e-05
 613.0000000000    1.1052492004e-05
 613.5000000000    1.0900161449e-05
 614.0000000000    1.0964725200e-05
 614.5000000000    1.1204417589e-05
 615.0000000000    1.1427525245e-05
 615.5000000000    1.1462752336e-05
 616.0000000000    1.1294222930e-05
 616.5000000000    1.1073447448e-05
 617.0000000000    1.1003217386e-05
 617.5000000000    1.1160242259e-05
 618.0000000000    1.1421787946e-05
 618.5000000000    1.1580230837e-05
 619.0000000000    1.1518990710e-05
 619.5000000000    1.1300268168e-05
 620.0000000000    1.1119918786e-05
 620.5000000000    1.1148891541e-05
 621.0000000000    1.1376575410e-05
 621.5000000000    1.1620312811e-05
 622.0000000000    1.1690744746e-05
 622.5000000000    1.1543551661e-05
 623.0000000000    1.1312151676e-05
 623.5000000000    1.1207018480e-05
 624.0000000000    1.1335520729e-05
 624.5000000000    1.1599949065e-05
 625.0000000000    1.1789547230e-05
 625.5000000000    1.1762415271e-05
 626.0000000000    1.1553708577e-05
 626.5000000000    1.1350286929e-05
 627.0000000000    1.1342616342e-05
 627.5000000000    1.1553279870e-05
 628.0000000000    1.1814576245e-05
 628.5000000000    1.1922444876e-05
 629.0000000000    1.1803086308e-05
 629.5000000000    1.1567444630e-05
 630.0000000000    1.1428744370e-05
 630.5000000000    1.1524116894e-05
 631.0000000000    1.1785892670e-05
 631.5000000000    1.2005423481e-05
 632.0000000000    1.2016464854e-05
 632.5000000000    1.1823951636e-05
 633.0000000000    1.1600619817e-05
 633.5000000000    1.1553151624e-05
 634.0000000000    1.1739794016e-05
 634.5000000000    1.2013885151e-05
 635.0000000000    1.2160059335e-05
 635.5000000000    1.2073801187e-05
 636.0000000000    1.1838929908e-05
 636.5000000000    1.1666152094e-05
 637.0000000000    1.1721337040e-05
 637.5000000000    1.1972374003e-05
 638.0000000000    1.2219336966e-05
 638.5000000000    1.2273085598e-05
 639.0000000000    1.2104408923e-05
 639.5000000000    1.1864946924e-05
 640.0000000000    1.1772622659e-05
 640.5000000000    1.1924586383e-05
 641.0000000000    1.2204607810e-05
 641.5000000000    1.2391655694e-05
 642.0000000000    1.2347903317e-05
 642.5000000000    1.2122538035e-05
 643.0000000000    1.1916653252e-05
 643.5000000000    1.1924239902e-05
 644.0000000000    1.2156187743e-05
 644.5000000000    1.2427836750e-05
 645.0000000000    1.2527148182e-05
 645.5000000000    1.2387621733e-05
 646.0000000000    1.2138191665e-05
 646.5000000000    1.2007322954e-05
 647.0000000000    1.2128564842e-05
 647.5000000000    1.2412191069e-05
 648.0000000000    1.2629943954e-05
 648.5000000000    1.2616654658e-05
 649.0000000000    1.2398644928e-05
 649.5000000000    1.2174055119e-05
 650.0000000000    1.2155475854e-05
 650.5000000000    1.2377539735e-05
 651.0000000000    1.2662551635e-05
 651.5000000000    1.2786362401e-05
 652.0000000000    1.2663727910e-05
 652.5000000000    1.2410487196e-05
 653.0000000000    1.2256937414e-05
 653.5000000000    1.2355277170e-05
 654.0000000000    1.2636423337e-05
 654.5000000000    1.2875250793e-05
 655.0000000000    1.2889993607e-05
 655.5000000000    1.2683593046e-05
 656.0000000000    1.2441593670e-05
 656.5000000000    1.2388659441e-05
 657.0000000000    1.2589381477e-05
 657.5000000000    1.2884754760e-05
 658.0000000000    1.3040397722e-05
 658.5000000000    1.2943915097e-05
 659.0000000000    1.2688609544e-05
 659.5000000000    1.2505108497e-05
 660.0000000000    1.2571565038e-05
 660.5000000000    1.2846701679e-05
 661.0000000000    1.3108281992e-05
 661.5000000000    1.3153794022e-05
 662.0000000000    1.2961286109e-05
 662.5000000000    1.2705288977e-05
 663.0000000000    1.2622487065e-05
 663.5000000000    1.2804281153e-05
 664.0000000000    1.3107996029e-05
 664.5000000000    1.3291631964e-05
 665.0000000000    1.3220784676e-05
 665.5000000000    1.2968819428e-05
 666.0000000000    1.2762805611e-05
 666.5000000000    1.2799979060e-05
 667.0000000000    1.3066069743e-05
 667.5000000000    1.3347907192e-05
 668.0000000000    1.3427374902e-05
 668.5000000000    1.3256142341e-05
 669.0000000000    1.2990598783e-05
 669.5000000000    1.2874113192e-05
 670.0000000000    1.3028538946e-05
 670.5000000000    1.3336728884e-05
 671.0000000000    1.3553100905e-05
 671.5000000000    1.3516624379e-05
 672.0000000000    1.3273215561e-05
 672.5000000000    1.3042448657e-05
 673.0000000000    1.3043012274e-05
 673.5000000000    1.3294107939e-05
 674.0000000000    1.3594921035e-05
 674.5000000000    1.3710166885e-05
 675.0000000000    1.3562495526e-05
 675.5000000000    1.3288991936e-05
 676.0000000000    1.3138766029e-05
 676.5000000000    1.3262880167e-05
 677.0000000000    1.3570415623e-05
 677.5000000000    1.3814582088e-05
 678.0000000000    1.3810457469e-05
 678.5000000000    1.3577242513e-05
 679.0000000000    1.3324128137e-05
 679.5000000000    1.3287103169e-05
 680.0000000000    1.3517805572e-05
 680.5000000000    1.3832142915e-05
 681.0000000000    1.3981842551e-05
 681.5000000000    1.3860943142e-05
 682.0000000000    1.3583503568e-05
 682.5000000000    1.3399586221e-05
 683.0000000000    1.3488486950e-05
 683.5000000000    1.3790086251e-05
 684.0000000000    1.4061268712e-05
 684.5000000000    1.4093641290e-05
 685.0000000000    1.3876539036e-05
 685.5000000000    1.3604474770e-05
 686.0000000000    1.3527705181e-05
 686.5000000000    1.3732629708e-05
 687.0000000000    1.4056903917e-05
 687.5000000000    1.4242240261e-05
 688.0000000000    1.4152881043e-05
 688.5000000000    1.3876762638e-05
 689.0000000000    1.3660828605e-05
 689.5000000000    1.3711043523e-05
 690.0000000000    1.4001284602e-05
 690.5000000000    1.4296716096e-05
 691.0000000000    1.4367350239e-05
 691.5000000000    1.4171325753e-05
 692.0000000000    1.3884763577e-05
 692.5000000000    1.3768892917e-05
 693.0000000000    1.3944459437e-05
 693.5000000000    1.4274401035e-05
 694.0000000000    1.4493680305e-05
 694.5000000000    1.4438219788e-05
 695.0000000000    1.4168463843e-05
 695.5000000000    1.3925291023e-05
 696.0000000000    1.3937800274e-05
 696.5000000000    1.4213637540e-05
 697.0000000000    1.4529403293e-05
 697.5000000000    1.4636818722e-05
 698.0000000000    1.4464380137e-05
 698.5000000000    1.4168749323e-05
 699.0000000000    1.4017917886e-05
 699.5000000000    1.4163415718e-05
 700.0000000000    1.4494617332e-05
