#          time             L^2_Ham             L^2_Mom
   0.0000000000    3.5882377897e-06    3.5163132356e-06
   0.5000000000    1.1939874744e-06    3.4784516651e-06
   1.0000000000    1.0389304313e-06    3.4493844494e-06
   1.5000000000    9.0061533583e-07    3.4259606846e-06
   2.0000000000    7.6951677998e-07    3.4214564801e-06
   2.5000000000    6.6208087104e-07    3.4353748678e-06
   3.0000000000    5.9100834035e-07    3.4624873349e-06
   3.5000000000    5.5109831264e-07    3.4958905510e-06
   4.0000000000    5.2853095191e-07    3.5298825656e-06
   4.5000000000    5.1459452864e-07    3.5607310021e-06
   5.0000000000    4.9824254152e-07    3.5876815575e-06
   5.5000000000    4.7767925031e-07    3.6113251231e-06
   6.0000000000    4.5456409550e-07    3.6325962152e-06
   6.5000000000    4.3053159544e-07    3.6528199615e-06
   7.0000000000    4.0699678840e-07    3.6730027148e-06
   7.5000000000    3.8496199300e-07    3.6940269172e-06
   8.0000000000    3.6513041021e-07    3.7161067448e-06
   8.5000000000    3.4764043805e-07    3.7400479107e-06
   9.0000000000    3.3223524676e-07    3.7656529929e-06
   9.5000000000    3.1874276466e-07    3.7934151384e-06
  10.0000000000    3.0681921555e-07    3.8227305332e-06
  10.5000000000    2.9673733236e-07    3.8552312865e-06
  11.0000000000    2.8813118414e-07    3.8890151977e-06
  11.5000000000    2.8173084726e-07    3.9231741605e-06
  12.0000000000    2.7391695561e-07    3.9597172118e-06
  12.5000000000    2.6872033811e-07    3.9995473595e-06
  13.0000000000    2.6844136690e-07    4.0389702168e-06
  13.5000000000    2.6167107021e-07    4.0859606605e-06
  14.0000000000    2.5930677549e-07    4.1243508423e-06
  14.5000000000    2.6363064502e-07    4.1697371041e-06
  15.0000000000    2.6370020557e-07    4.2151611633e-06
  15.5000000000    2.6245904503e-07    4.2680379375e-06
  16.0000000000    2.6278249362e-07    4.3160822460e-06
  16.5000000000    2.7433175160e-07    4.3636396150e-06
  17.0000000000    2.9549244056e-07    4.4157354109e-06
  17.5000000000    2.9556658064e-07    4.4684108676e-06
  18.0000000000    2.8984889899e-07    4.5423125043e-06
  18.5000000000    2.8481322849e-07    4.5837483147e-06
  19.0000000000    2.8331617136e-07    4.6328679307e-06
  19.5000000000    2.8563980825e-07    4.6888731560e-06
  20.0000000000    2.7932399538e-07    4.7460269338e-06
  20.5000000000    2.6876491320e-07    4.8025865469e-06
  21.0000000000    2.6869586398e-07    4.8624890345e-06
  21.5000000000    2.7224376787e-07    4.9232259974e-06
  22.0000000000    2.7993875594e-07    4.9841534964e-06
  22.5000000000    2.8850529038e-07    5.0462746732e-06
  23.0000000000    2.9187586545e-07    5.1080127566e-06
  23.5000000000    2.9364501574e-07    5.1717428051e-06
  24.0000000000    2.9576248281e-07    5.2386983339e-06
  24.5000000000    3.0047679004e-07    5.3027837324e-06
  25.0000000000    3.0732147008e-07    5.3660092634e-06
  25.5000000000    3.1421816470e-07    5.4331323829e-06
  26.0000000000    3.0433083696e-07    5.4981307600e-06
  26.5000000000    3.0428728134e-07    5.5667864757e-06
  27.0000000000    3.0606168580e-07    5.6309955389e-06
  27.5000000000    3.0968163929e-07    5.6981242561e-06
  28.0000000000    3.1358922458e-07    5.7659759652e-06
  28.5000000000    3.1777113238e-07    5.8344323425e-06
  29.0000000000    3.2197753864e-07    5.9033005730e-06
  29.5000000000    3.2632816540e-07    5.9726137978e-06
  30.0000000000    3.3099446858e-07    6.0421744842e-06
  30.5000000000    3.3646981718e-07    6.1127725813e-06
  31.0000000000    3.4123157919e-07    6.1836098569e-06
  31.5000000000    3.4614657018e-07    6.2528324271e-06
  32.0000000000    3.5151858006e-07    6.3259134918e-06
  32.5000000000    3.5690827399e-07    6.3950781002e-06
  33.0000000000    3.6187354483e-07    6.4669046894e-06
  33.5000000000    3.6734763351e-07    6.5378729603e-06
  34.0000000000    3.7198116684e-07    6.6099751373e-06
  34.5000000000    3.7583918844e-07    6.6840066848e-06
  35.0000000000    3.8160217846e-07    6.7599307019e-06
  35.5000000000    3.8439663503e-07    6.8338759088e-06
  36.0000000000    3.8792061729e-07    6.9012515555e-06
  36.5000000000    3.9138448015e-07    6.9718842872e-06
  37.0000000000    3.9447220714e-07    7.0452526771e-06
  37.5000000000    3.9755481611e-07    7.1163092696e-06
  38.0000000000    4.0014074475e-07    7.1884886185e-06
  38.5000000000    4.0292186563e-07    7.2611604256e-06
  39.0000000000    4.0550412601e-07    7.3341389595e-06
  39.5000000000    4.0784740509e-07    7.4070331255e-06
  40.0000000000    4.1014337657e-07    7.4799332948e-06
  40.5000000000    4.1307490645e-07    7.5512855674e-06
  41.0000000000    4.1585605197e-07    7.6237090131e-06
  41.5000000000    4.1836207308e-07    7.6993877861e-06
  42.0000000000    4.2106303054e-07    7.7713900354e-06
  42.5000000000    4.2400045348e-07    7.8466601863e-06
  43.0000000000    4.2701204866e-07    7.9185150522e-06
  43.5000000000    4.3032569726e-07    7.9907079918e-06
  44.0000000000    4.3309561458e-07    8.0641997706e-06
  44.5000000000    4.3599939299e-07    8.1505363719e-06
  45.0000000000    4.3948865346e-07    8.2211767366e-06
  45.5000000000    4.4283857038e-07    8.2876758514e-06
  46.0000000000    4.4583559898e-07    8.3561829213e-06
  46.5000000000    4.4895093818e-07    8.4353741827e-06
  47.0000000000    4.5194659630e-07    8.5002046142e-06
  47.5000000000    4.5506212139e-07    8.5951055071e-06
  48.0000000000    4.5846193641e-07    8.6452832411e-06
  48.5000000000    4.6206496284e-07    8.7198249323e-06
  49.0000000000    4.6537416235e-07    8.8127823734e-06
  49.5000000000    4.6846738354e-07    8.8733532544e-06
  50.0000000000    4.7179272477e-07    8.9365101536e-06
  50.5000000000    4.7527119162e-07    9.0037924187e-06
  51.0000000000    4.7862444535e-07    9.0738619717e-06
  51.5000000000    4.8190817788e-07    9.1447705324e-06
  52.0000000000    4.8524708635e-07    9.2163476955e-06
  52.5000000000    4.8892938770e-07    9.2971677282e-06
  53.0000000000    4.9224363037e-07    9.3613787020e-06
  53.5000000000    4.9574853864e-07    9.4315440392e-06
  54.0000000000    4.9955712870e-07    9.5016392822e-06
  54.5000000000    5.0298477599e-07    9.5689328404e-06
  55.0000000000    5.0651262708e-07    9.6347616441e-06
  55.5000000000    5.0975992910e-07    9.7052398139e-06
  56.0000000000    5.1279080443e-07    9.7720016379e-06
  56.5000000000    5.1649364820e-07    9.8399039871e-06
  57.0000000000    5.1999436401e-07    9.9130763675e-06
  57.5000000000    5.2292389028e-07    9.9714420780e-06
  58.0000000000    5.2562585068e-07    1.0037520582e-05
  58.5000000000    5.2864453955e-07    1.0098567646e-05
  59.0000000000    5.3155075410e-07    1.0159996903e-05
  59.5000000000    5.3480439024e-07    1.0219187849e-05
  60.0000000000    5.3808810398e-07    1.0284038937e-05
  60.5000000000    5.4156057087e-07    1.0353335263e-05
  61.0000000000    5.4523935909e-07    1.0424023135e-05
  61.5000000000    5.4881975341e-07    1.0494280825e-05
  62.0000000000    5.5227125351e-07    1.0563610986e-05
  62.5000000000    5.5585026839e-07    1.0693249823e-05
  63.0000000000    5.5907457526e-07    1.0709529205e-05
  63.5000000000    5.6233726452e-07    1.0771075879e-05
  64.0000000000    5.6580207231e-07    1.0830816143e-05
  64.5000000000    5.6942213719e-07    1.0894246720e-05
  65.0000000000    5.7277191215e-07    1.0962600468e-05
  65.5000000000    5.7638935849e-07    1.1024471086e-05
  66.0000000000    5.7990285613e-07    1.1092155061e-05
  66.5000000000    5.8357806219e-07    1.1155636542e-05
  67.0000000000    5.8706218270e-07    1.1222290447e-05
  67.5000000000    5.9053281441e-07    1.1297804065e-05
  68.0000000000    5.9405424382e-07    1.1367799953e-05
  68.5000000000    5.9754888483e-07    1.1479779401e-05
  69.0000000000    6.0092622344e-07    1.1516823578e-05
  69.5000000000    6.0445456033e-07    1.1558380810e-05
  70.0000000000    6.0805030104e-07    1.1737895844e-05
  70.5000000000    6.1151751015e-07    1.1724803997e-05
  71.0000000000    6.1479890314e-07    1.1753038077e-05
  71.5000000000    6.1823084642e-07    1.1809811301e-05
  72.0000000000    6.2170199855e-07    1.1893607241e-05
  72.5000000000    6.2482748372e-07    1.1946672693e-05
  73.0000000000    6.2903513978e-07    1.2013373925e-05
  73.5000000000    6.3311001067e-07    1.2069907194e-05
  74.0000000000    6.3596618295e-07    1.2116501288e-05
  74.5000000000    6.3973992939e-07    1.2184300114e-05
  75.0000000000    6.4531082361e-07    1.2277770114e-05
  75.5000000000    6.4826450079e-07    1.2368644207e-05
  76.0000000000    6.5148751054e-07    1.2402828901e-05
  76.5000000000    6.5486316595e-07    1.2443085694e-05
  77.0000000000    6.5719664744e-07    1.2500188747e-05
  77.5000000000    6.5919772228e-07    1.2562985249e-05
  78.0000000000    6.6329577013e-07    1.2636038480e-05
  78.5000000000    6.6740724847e-07    1.2695110136e-05
  79.0000000000    6.7115468990e-07    1.2745205813e-05
  79.5000000000    6.7467405588e-07    1.2798557322e-05
  80.0000000000    6.7740142424e-07    1.2858429428e-05
  80.5000000000    6.8046105033e-07    1.2918664908e-05
  81.0000000000    6.8365414233e-07    1.2981973093e-05
  81.5000000000    6.8712955578e-07    1.3040118873e-05
  82.0000000000    6.9049048565e-07    1.3097760281e-05
  82.5000000000    6.9412552114e-07    1.3157451960e-05
  83.0000000000    6.9744727995e-07    1.3233197873e-05
  83.5000000000    7.0061264513e-07    1.3280589138e-05
  84.0000000000    7.0408260255e-07    1.3338255626e-05
  84.5000000000    7.0739705902e-07    1.3396378114e-05
  85.0000000000    7.1121656456e-07    1.3455248686e-05
  85.5000000000    7.1559109133e-07    1.3514228341e-05
  86.0000000000    7.2130530249e-07    1.3572945644e-05
  86.5000000000    7.2742505316e-07    1.3631008894e-05
  87.0000000000    7.3370989556e-07    1.3688856051e-05
  87.5000000000    7.4314030641e-07    1.3746840197e-05
  88.0000000000    7.5382460564e-07    1.3836317771e-05
  88.5000000000    7.6245546293e-07    1.3868154525e-05
  89.0000000000    7.7108287599e-07    1.3922588752e-05
  89.5000000000    7.7802058754e-07    1.3981174883e-05
  90.0000000000    7.8367158122e-07    1.4043012565e-05
  90.5000000000    7.9675699776e-07    1.4128470136e-05
  91.0000000000    7.9636111324e-07    1.4151414757e-05
  91.5000000000    7.9993992953e-07    1.4214998547e-05
  92.0000000000    8.0324166005e-07    1.4268816514e-05
  92.5000000000    8.0654809195e-07    1.4333416837e-05
  93.0000000000    8.0986742060e-07    1.4396989799e-05
  93.5000000000    8.1176726475e-07    1.4435869649e-05
  94.0000000000    8.1401485686e-07    1.4492873179e-05
  94.5000000000    8.1695847158e-07    1.4546471880e-05
  95.0000000000    8.1972492746e-07    1.4606748106e-05
  95.5000000000    8.2178173380e-07    1.4656761671e-05
  96.0000000000    8.2400211861e-07    1.4711859306e-05
  96.5000000000    8.2708155048e-07    1.4769975008e-05
  97.0000000000    8.3009524846e-07    1.4825294284e-05
  97.5000000000    8.3245759505e-07    1.4879691963e-05
  98.0000000000    8.3484137782e-07    1.4951727484e-05
  98.5000000000    8.3776659926e-07    1.5000560885e-05
  99.0000000000    8.4078609797e-07    1.5053615115e-05
  99.5000000000    8.4392714926e-07    1.5099317897e-05
 100.0000000000    8.4804945945e-07    1.5157011759e-05
 100.5000000000    8.5066348042e-07    1.5203521627e-05
 101.0000000000    8.5032714346e-07    1.5259334652e-05
 101.5000000000    8.4983314951e-07    1.5311006566e-05
 102.0000000000    8.5314438969e-07    1.5365147933e-05
 102.5000000000    8.5972951100e-07    1.5418758731e-05
 103.0000000000    8.6399451222e-07    1.5475218708e-05
 103.5000000000    8.6361082230e-07    1.5525540647e-05
 104.0000000000    8.6332221081e-07    1.5577789520e-05
 104.5000000000    8.6628938111e-07    1.5630804417e-05
 105.0000000000    8.6996537221e-07    1.5683781876e-05
 105.5000000000    8.7221554534e-07    1.5735431520e-05
 106.0000000000    8.7390875729e-07    1.5788009974e-05
 106.5000000000    8.7657717771e-07    1.5976929252e-05
 107.0000000000    8.7900731913e-07    1.5896087066e-05
 107.5000000000    8.8238677781e-07    1.6362422165e-05
 108.0000000000    8.8418573240e-07    1.6238348829e-05
 108.5000000000    8.8656251765e-07    1.6183687749e-05
 109.0000000000    8.8872805840e-07    1.6103642161e-05
 109.5000000000    8.9119174470e-07    1.6147681072e-05
 110.0000000000    8.9343694006e-07    1.6212336372e-05
 110.5000000000    8.9586484293e-07    1.6247371331e-05
 111.0000000000    8.9829912159e-07    1.6309270641e-05
 111.5000000000    9.0074177599e-07    1.6348435097e-05
 112.0000000000    9.0312712645e-07    1.6402681979e-05
 112.5000000000    9.0555019670e-07    1.6473809888e-05
 113.0000000000    9.0801827839e-07    1.6504138663e-05
 113.5000000000    9.1062234820e-07    1.6555745432e-05
 114.0000000000    9.1306618650e-07    1.6604553599e-05
 114.5000000000    9.1561792777e-07    1.6655706372e-05
 115.0000000000    9.1817311793e-07    1.6705248510e-05
 115.5000000000    9.2076243109e-07    1.6755021799e-05
 116.0000000000    9.2333570234e-07    1.6804947433e-05
 116.5000000000    9.2585080488e-07    1.6854390833e-05
 117.0000000000    9.2846826014e-07    1.6904111377e-05
 117.5000000000    9.3132494611e-07    1.6958909970e-05
 118.0000000000    9.3431390004e-07    1.7015845054e-05
 118.5000000000    9.3726697274e-07    1.7059274264e-05
 119.0000000000    9.3994980258e-07    1.7106555017e-05
 119.5000000000    9.4302476979e-07    1.7154754861e-05
 120.0000000000    9.4614344674e-07    1.7203008395e-05
 120.5000000000    9.4951877057e-07    1.7251458482e-05
 121.0000000000    9.5284107330e-07    1.7299962534e-05
 121.5000000000    9.5595994588e-07    1.7348472067e-05
 122.0000000000    9.5935634319e-07    1.7396920474e-05
 122.5000000000    9.6298294029e-07    1.7450939408e-05
 123.0000000000    9.6640063570e-07    1.7495593186e-05
 123.5000000000    9.6958691223e-07    1.7543922587e-05
 124.0000000000    9.7299796643e-07    1.7592173988e-05
 124.5000000000    9.7677154794e-07    1.7640205227e-05
 125.0000000000    9.7994818049e-07    1.7688057086e-05
 125.5000000000    9.8261536029e-07    1.7735808448e-05
 126.0000000000    9.8585770208e-07    1.7783486215e-05
 126.5000000000    9.8964669996e-07    1.7831084128e-05
 127.0000000000    9.9286442260e-07    1.7903385438e-05
 127.5000000000    9.9522755662e-07    1.7953663984e-05
 128.0000000000    9.9801484808e-07    1.7980439354e-05
 128.5000000000    1.0014963481e-06    1.8024887196e-05
 129.0000000000    1.0044635763e-06    1.8071647813e-05
 129.5000000000    1.0067173445e-06    1.8118612294e-05
 130.0000000000    1.0094663636e-06    1.8165564570e-05
 130.5000000000    1.0126604067e-06    1.8212488173e-05
 131.0000000000    1.0152977042e-06    1.8259341040e-05
 131.5000000000    1.0177403342e-06    1.8331754855e-05
 132.0000000000    1.0203957909e-06    1.8355308389e-05
 132.5000000000    1.0233041399e-06    1.8401479603e-05
 133.0000000000    1.0258677001e-06    1.8448342743e-05
 133.5000000000    1.0283940435e-06    1.8494964387e-05
 134.0000000000    1.0309322104e-06    1.8541399115e-05
 134.5000000000    1.0336246633e-06    1.8587657429e-05
 135.0000000000    1.0361948108e-06    1.8633848086e-05
 135.5000000000    1.0387432051e-06    1.8680022186e-05
 136.0000000000    1.0413461566e-06    1.8726129295e-05
 136.5000000000    1.0440242239e-06    1.8778477723e-05
 137.0000000000    1.0466605781e-06    1.8831674907e-05
 137.5000000000    1.0490408373e-06    1.8870578789e-05
 138.0000000000    1.0515788465e-06    1.8914988464e-05
 138.5000000000    1.0542895090e-06    1.8960301153e-05
 139.0000000000    1.0569102756e-06    1.9005720683e-05
 139.5000000000    1.0593363895e-06    1.9051274146e-05
 140.0000000000    1.0618270010e-06    1.9096746014e-05
 140.5000000000    1.0643890774e-06    1.9142252776e-05
 141.0000000000    1.0669704321e-06    1.9194258774e-05
 141.5000000000    1.0695390999e-06    1.9235134935e-05
 142.0000000000    1.0744914917e-06    1.9460576619e-05
 142.5000000000    1.0764793645e-06    1.9389279394e-05
 143.0000000000    1.0778775786e-06    1.9381703881e-05
 143.5000000000    1.0804468980e-06    1.9441621142e-05
 144.0000000000    1.0828177810e-06    1.9469253312e-05
 144.5000000000    1.0851268307e-06    1.9518907470e-05
 145.0000000000    1.0882369518e-06    1.9874263067e-05
 145.5000000000    1.0908056696e-06    1.9717857047e-05
 146.0000000000    1.0935368168e-06    1.9655005899e-05
 146.5000000000    1.0967600101e-06    1.9706300053e-05
 147.0000000000    1.1000078391e-06    1.9748876804e-05
 147.5000000000    1.1033340600e-06    1.9795535928e-05
 148.0000000000    1.1076866475e-06    1.9838100051e-05
 148.5000000000    1.1145021269e-06    1.9879132685e-05
 149.0000000000    1.1227352511e-06    1.9923187431e-05
 149.5000000000    1.1297990076e-06    1.9969508192e-05
 150.0000000000    1.1370107083e-06    2.0045007539e-05
 150.5000000000    1.1505419972e-06    2.0061743249e-05
 151.0000000000    1.1688256207e-06    2.0104568316e-05
 151.5000000000    1.1811260855e-06    2.0149528943e-05
 152.0000000000    1.1900382710e-06    2.0195010343e-05
 152.5000000000    1.2111102495e-06    2.0239475714e-05
 153.0000000000    1.2382235332e-06    2.0284533408e-05
 153.5000000000    1.2480610693e-06    2.0328366621e-05
 154.0000000000    1.2509564002e-06    2.0372832077e-05
 154.5000000000    1.2761888208e-06    2.0449808903e-05
 155.0000000000    1.3063826273e-06    2.0464520201e-05
 155.5000000000    1.3085012524e-06    2.0520928131e-05
 156.0000000000    1.3041570167e-06    2.0556869574e-05
 156.5000000000    1.3261310037e-06    2.0599949021e-05
 157.0000000000    1.3465897051e-06    2.0644210097e-05
 157.5000000000    1.3375817116e-06    2.0688471031e-05
 158.0000000000    1.3279713359e-06    2.0733185707e-05
 158.5000000000    1.3390200811e-06    2.0777348672e-05
 159.0000000000    1.3454108242e-06    2.0829790388e-05
 159.5000000000    1.3382889013e-06    2.0868023960e-05
 160.0000000000    1.3395728396e-06    2.0913054520e-05
 160.5000000000    1.3517244818e-06    2.0957931076e-05
 161.0000000000    1.3569610627e-06    2.1002206404e-05
 161.5000000000    1.3534715539e-06    2.1046608770e-05
 162.0000000000    1.3504460602e-06    2.1090880247e-05
 162.5000000000    1.3479155226e-06    2.1135189617e-05
 163.0000000000    1.3434063912e-06    2.1179587007e-05
 163.5000000000    1.3400226298e-06    2.1232306028e-05
 164.0000000000    1.3411412773e-06    2.1303441146e-05
 164.5000000000    1.3442152151e-06    2.1324491002e-05
 165.0000000000    1.3448080400e-06    2.1364685901e-05
 165.5000000000    1.3426638936e-06    2.1407334448e-05
 166.0000000000    1.3397445758e-06    2.1450678617e-05
 166.5000000000    1.3368325405e-06    2.1494602266e-05
 167.0000000000    1.3344939796e-06    2.1538620195e-05
 167.5000000000    1.3331786163e-06    2.1618928360e-05
 168.0000000000    1.3325126541e-06    2.1629756883e-05
 168.5000000000    1.3314059020e-06    2.1673497326e-05
 169.0000000000    1.3295538328e-06    2.1718564436e-05
 169.5000000000    1.3279569235e-06    2.1762965474e-05
 170.0000000000    1.3269437157e-06    2.1807305379e-05
 170.5000000000    1.3266526336e-06    2.1851649160e-05
 171.0000000000    1.3265206603e-06    2.1895998599e-05
 171.5000000000    1.3262591207e-06    2.1940391168e-05
 172.0000000000    1.3261269015e-06    2.2107104939e-05
 172.5000000000    1.3258110266e-06    2.2054570600e-05
 173.0000000000    1.3256591052e-06    2.2088391298e-05
 173.5000000000    1.3258912344e-06    2.2129067634e-05
 174.0000000000    1.3262163208e-06    2.2224274148e-05
 174.5000000000    1.3265108730e-06    2.2222761425e-05
 175.0000000000    1.3269807266e-06    2.2313785178e-05
 175.5000000000    1.3277280978e-06    2.2309388286e-05
 176.0000000000    1.3287548139e-06    2.2347556106e-05
 176.5000000000    1.3296050866e-06    2.2391484569e-05
 177.0000000000    1.3304620010e-06    2.2425875512e-05
 177.5000000000    1.3315994389e-06    2.2472432000e-05
 178.0000000000    1.3328162784e-06    2.2518911874e-05
 178.5000000000    1.3341096942e-06    2.2564276935e-05
 179.0000000000    1.3352981724e-06    2.2609041223e-05
 179.5000000000    1.3366034429e-06    2.2653605503e-05
 180.0000000000    1.3380041182e-06    2.2698236589e-05
 180.5000000000    1.3397131662e-06    2.2751374592e-05
 181.0000000000    1.3413372092e-06    2.2781255142e-05
 181.5000000000    1.3429929121e-06    2.2825207226e-05
 182.0000000000    1.3448095662e-06    2.2870915392e-05
 182.5000000000    1.3467475099e-06    2.2916669508e-05
 183.0000000000    1.3489116733e-06    2.2961958346e-05
 183.5000000000    1.3513121042e-06    2.3006971686e-05
 184.0000000000    1.3539905461e-06    2.3051886626e-05
 184.5000000000    1.3571523967e-06    2.3138937792e-05
 185.0000000000    1.3607058690e-06    2.3143189459e-05
 185.5000000000    1.3643418132e-06    2.3183819306e-05
 186.0000000000    1.3678618103e-06    2.3228161761e-05
 186.5000000000    1.3706584822e-06    2.3273499324e-05
 187.0000000000    1.3727746541e-06    2.3319200642e-05
 187.5000000000    1.3740390802e-06    2.3364734476e-05
 188.0000000000    1.3752507186e-06    2.3410050842e-05
 188.5000000000    1.3766009784e-06    2.3455373922e-05
 189.0000000000    1.3788506447e-06    2.3523456777e-05
 189.5000000000    1.3815882398e-06    2.3554907648e-05
 190.0000000000    1.3847509365e-06    2.3596205832e-05
 190.5000000000    1.3883286070e-06    2.3638811107e-05
 191.0000000000    1.3926436781e-06    2.3683081322e-05
 191.5000000000    1.3978755375e-06    2.3728314174e-05
 192.0000000000    1.4033001483e-06    2.3773976088e-05
 192.5000000000    1.4073639510e-06    2.3819815566e-05
 193.0000000000    1.4088507286e-06    2.3876880432e-05
 193.5000000000    1.4080738768e-06    2.3913259735e-05
 194.0000000000    1.4068039417e-06    2.3959127694e-05
 194.5000000000    1.4077687634e-06    2.4004575326e-05
 195.0000000000    1.4120193662e-06    2.4050643101e-05
 195.5000000000    1.4182874840e-06    2.4097123421e-05
 196.0000000000    1.4241026038e-06    2.4143663722e-05
 196.5000000000    1.4269559542e-06    2.4190249626e-05
 197.0000000000    1.4269990196e-06    2.4247879430e-05
 197.5000000000    1.4258924237e-06    2.4288172798e-05
 198.0000000000    1.4265897779e-06    2.4334843526e-05
 198.5000000000    1.4296429544e-06    2.4380051531e-05
 199.0000000000    1.4341108069e-06    2.4426141892e-05
 199.5000000000    1.4380741820e-06    2.4472906154e-05
 200.0000000000    1.4406539450e-06    2.4519921775e-05
 200.5000000000    1.4424224373e-06    2.4567147841e-05
 201.0000000000    1.4443786169e-06    2.4625283891e-05
 201.5000000000    1.4470374992e-06    2.4664096471e-05
 202.0000000000    1.4502212339e-06    2.4712609772e-05
 202.5000000000    1.4531788295e-06    2.4759566468e-05
 203.0000000000    1.4558695418e-06    2.4807123783e-05
 203.5000000000    1.4584285908e-06    2.4855074197e-05
 204.0000000000    1.4610905682e-06    2.4903188787e-05
 204.5000000000    1.4640282615e-06    2.4997414901e-05
 205.0000000000    1.4665611934e-06    2.5001513656e-05
 205.5000000000    1.4692522890e-06    2.5051142420e-05
 206.0000000000    1.4718938061e-06    2.5099374572e-05
 206.5000000000    1.4750585327e-06    2.5147566657e-05
 207.0000000000    1.4777151605e-06    2.5196299560e-05
 207.5000000000    1.4807658043e-06    2.5245193345e-05
 208.0000000000    1.4836170473e-06    2.5294236029e-05
 208.5000000000    1.4865016667e-06    2.5352783686e-05
 209.0000000000    1.4894753153e-06    2.5395224913e-05
 209.5000000000    1.4925657698e-06    2.5444949968e-05
 210.0000000000    1.4957202893e-06    2.5494333808e-05
 210.5000000000    1.4987128540e-06    2.5543861023e-05
 211.0000000000    1.5021149505e-06    2.5593627818e-05
 211.5000000000    1.5045841496e-06    2.5643666414e-05
 212.0000000000    1.5080347879e-06    2.5693864610e-05
 212.5000000000    1.5114849430e-06    2.5752542112e-05
 213.0000000000    1.5154021916e-06    2.5797582320e-05
 213.5000000000    1.5204059276e-06    2.5847920705e-05
 214.0000000000    1.5273193013e-06    2.5899528716e-05
 214.5000000000    1.5374526785e-06    2.5949969248e-05
 215.0000000000    1.5522231679e-06    2.6000706894e-05
 215.5000000000    1.5714112763e-06    2.6051840647e-05
 216.0000000000    1.5929912353e-06    2.6110300530e-05
 216.5000000000    1.6126043228e-06    2.6157979234e-05
 217.0000000000    1.6248601212e-06    2.6209094073e-05
 217.5000000000    1.6267617455e-06    2.6260727026e-05
 218.0000000000    1.6211775594e-06    2.6315914818e-05
 218.5000000000    1.6186370710e-06    2.6367227409e-05
 219.0000000000    1.6338036313e-06    2.6418883976e-05
 219.5000000000    1.6759943807e-06    2.6510673976e-05
 220.0000000000    1.7404632138e-06    2.6525889173e-05
 220.5000000000    1.8077890577e-06    2.6579944851e-05
 221.0000000000    1.8543871219e-06    2.6632340557e-05
 221.5000000000    1.8653211734e-06    2.6686114639e-05
 222.0000000000    1.8433750851e-06    2.6744776032e-05
 222.5000000000    1.8090185044e-06    2.6797007795e-05
 223.0000000000    1.7895403437e-06    2.6884838323e-05
 223.5000000000    1.7995443518e-06    2.6905496849e-05
 224.0000000000    1.8301282758e-06    2.6960110154e-05
 224.5000000000    1.8566768857e-06    2.7014094598e-05
 225.0000000000    1.8586227884e-06    2.7069424482e-05
 225.5000000000    1.8340795240e-06    2.7124951414e-05
 226.0000000000    1.7992773268e-06    2.7179497056e-05
 226.5000000000    1.7753603148e-06    2.7237590781e-05
 227.0000000000    1.7715736783e-06    2.7293780146e-05
 227.5000000000    1.7788946041e-06    2.7348847069e-05
 228.0000000000    1.7810735489e-06    2.7405813193e-05
 228.5000000000    1.7697543140e-06    2.7462897939e-05
 229.0000000000    1.7495608957e-06    2.7520140950e-05
 229.5000000000    1.7324142238e-06    2.7600743897e-05
 230.0000000000    1.7254698141e-06    2.7635739970e-05
 230.5000000000    1.7259931061e-06    2.7691728427e-05
 231.0000000000    1.7261723550e-06    2.7749717742e-05
 231.5000000000    1.7217132784e-06    2.7808558175e-05
 232.0000000000    1.7150027945e-06    2.7867543755e-05
 232.5000000000    1.7115620502e-06    2.7942757175e-05
 233.0000000000    1.7138853483e-06    2.8032014680e-05
 233.5000000000    1.7193114414e-06    2.8078297504e-05
 234.0000000000    1.7230722359e-06    2.8160672658e-05
 234.5000000000    1.7264903189e-06    2.8375886982e-05
 235.0000000000    1.7312428659e-06    2.8725269218e-05
 235.5000000000    1.7385438252e-06    2.9074690122e-05
 236.0000000000    1.7546766209e-06    3.3149198879e-05
 236.5000000000    1.7557124298e-06    3.4198202923e-05
 237.0000000000    1.7570289038e-06    2.9820505080e-05
 237.5000000000    1.7558395882e-06    2.8689584200e-05
 238.0000000000    1.7557819120e-06    2.9065256936e-05
 238.5000000000    1.7588004956e-06    2.8939563366e-05
 239.0000000000    1.7623638686e-06    2.8842340525e-05
 239.5000000000    1.7656872307e-06    2.8799212898e-05
 240.0000000000    1.7686884680e-06    2.8859819654e-05
 240.5000000000    1.7718890105e-06    2.8975712713e-05
 241.0000000000    1.7765069430e-06    2.9569878596e-05
 241.5000000000    1.7791424246e-06    2.9273848091e-05
 242.0000000000    1.7821029540e-06    2.9117898862e-05
 242.5000000000    1.7846943687e-06    2.9179803828e-05
 243.0000000000    1.7872457112e-06    2.9278684628e-05
 243.5000000000    1.7898537426e-06    2.9299322083e-05
 244.0000000000    1.7928620154e-06    2.9368252069e-05
 244.5000000000    1.7959290079e-06    2.9432072576e-05
 245.0000000000    1.7992835250e-06    2.9493081161e-05
 245.5000000000    1.8027545108e-06    2.9566145221e-05
 246.0000000000    1.8063115509e-06    2.9632121745e-05
 246.5000000000    1.8097364564e-06    2.9700980068e-05
 247.0000000000    1.8132701446e-06    2.9771352305e-05
 247.5000000000    1.8172004126e-06    2.9839199985e-05
 248.0000000000    1.8212949335e-06    2.9904074595e-05
 248.5000000000    1.8259469026e-06    2.9973133641e-05
 249.0000000000    1.8307177739e-06    3.0044883521e-05
 249.5000000000    1.8355954158e-06    3.0117924444e-05
 250.0000000000    1.8405089050e-06    3.0190662384e-05
 250.5000000000    1.8456501290e-06    3.0263527204e-05
 251.0000000000    1.8509267648e-06    3.0336631532e-05
 251.5000000000    1.8566448341e-06    3.0403208851e-05
 252.0000000000    1.8620049293e-06    3.0475568413e-05
 252.5000000000    1.8676575894e-06    3.0551087145e-05
 253.0000000000    1.8732642567e-06    3.0627368175e-05
 253.5000000000    1.8788995808e-06    3.0704072999e-05
 254.0000000000    1.8846886363e-06    3.0780857722e-05
 254.5000000000    1.8903958623e-06    3.0857895630e-05
 255.0000000000    1.8962157603e-06    3.0957620729e-05
 255.5000000000    1.9019141483e-06    3.1022675273e-05
 256.0000000000    1.9075132930e-06    3.1093551555e-05
 256.5000000000    1.9130834801e-06    3.1169308671e-05
 257.0000000000    1.9185397163e-06    3.1247416846e-05
 257.5000000000    1.9240559123e-06    3.1327008933e-05
 258.0000000000    1.9296233697e-06    3.1407666061e-05
 258.5000000000    1.9354195597e-06    3.1512568893e-05
 259.0000000000    1.9409268460e-06    3.1580590506e-05
 259.5000000000    1.9465202767e-06    3.1655417678e-05
 260.0000000000    1.9516659237e-06    3.1735602811e-05
 260.5000000000    1.9564577006e-06    3.1818331626e-05
 261.0000000000    1.9610030169e-06    3.1902739066e-05
 261.5000000000    1.9657404454e-06    3.1988360528e-05
 262.0000000000    1.9710709502e-06    3.2130220523e-05
 262.5000000000    1.9771182515e-06    3.2172481471e-05
 263.0000000000    1.9834182804e-06    3.2251826628e-05
 263.5000000000    1.9896452612e-06    3.2336442406e-05
 264.0000000000    1.9950238047e-06    3.2421968762e-05
 264.5000000000    1.9995829922e-06    3.2514216440e-05
 265.0000000000    2.0037232965e-06    3.2602776771e-05
 265.5000000000    2.0084533537e-06    3.2720903816e-05
 266.0000000000    2.0145581483e-06    3.2796457644e-05
 266.5000000000    2.0219145348e-06    3.2881648584e-05
 267.0000000000    2.0295141645e-06    3.2972980813e-05
 267.5000000000    2.0363180741e-06    3.3066682954e-05
 268.0000000000    2.0418769736e-06    3.3162742499e-05
 268.5000000000    2.0467117579e-06    3.3259929052e-05
 269.0000000000    2.0519275611e-06    3.3347004138e-05
 269.5000000000    2.0579778904e-06    3.3446968758e-05
 270.0000000000    2.0649063802e-06    3.3546643289e-05
 270.5000000000    2.0721139457e-06    3.3650520239e-05
 271.0000000000    2.0789833703e-06    3.3752483956e-05
 271.5000000000    2.0852503126e-06    3.3857366577e-05
 272.0000000000    2.0912255467e-06    3.3962083958e-05
 272.5000000000    2.0976444890e-06    3.4056033291e-05
 273.0000000000    2.1042916941e-06    3.4161529678e-05
 273.5000000000    2.1111662072e-06    3.4271090043e-05
 274.0000000000    2.1180350171e-06    3.4381643788e-05
 274.5000000000    2.1246955044e-06    3.4493080733e-05
 275.0000000000    2.1313550881e-06    3.4605606503e-05
 275.5000000000    2.1381243541e-06    3.4756353610e-05
 276.0000000000    2.1449102154e-06    3.4839149585e-05
 276.5000000000    2.1518033026e-06    3.4946077775e-05
 277.0000000000    2.1585190761e-06    3.5058655430e-05
 277.5000000000    2.1651745640e-06    3.5175367053e-05
 278.0000000000    2.1717248651e-06    3.5294877912e-05
 278.5000000000    2.1783914265e-06    3.5415135227e-05
 279.0000000000    2.1852609378e-06    3.5524562359e-05
 279.5000000000    2.1919730907e-06    3.5647126801e-05
 280.0000000000    2.1985806948e-06    3.5774472291e-05
 280.5000000000    2.2050117977e-06    3.5902440210e-05
 281.0000000000    2.2113167953e-06    3.6031921424e-05
 281.5000000000    2.2176314398e-06    3.6182434415e-05
 282.0000000000    2.2241270479e-06    3.6282494434e-05
 282.5000000000    2.2305104304e-06    3.6416381703e-05
 283.0000000000    2.2366760904e-06    3.6551058464e-05
 283.5000000000    2.2422324403e-06    3.6689617851e-05
 284.0000000000    2.2469980920e-06    3.6830077618e-05
 284.5000000000    2.2512594304e-06    3.6970982699e-05
 285.0000000000    2.2557906721e-06    3.7136709312e-05
 285.5000000000    2.2612576758e-06    3.7258930058e-05
 286.0000000000    2.2675300884e-06    3.7398539413e-05
 286.5000000000    2.2736762967e-06    3.7545975256e-05
 287.0000000000    2.2786939375e-06    3.7697477626e-05
 287.5000000000    2.2824887951e-06    3.7878412236e-05
 288.0000000000    2.2858757342e-06    3.7996186670e-05
 288.5000000000    2.2895397171e-06    3.8156131636e-05
 289.0000000000    2.2938119072e-06    3.8314412158e-05
 289.5000000000    2.2979137456e-06    3.8479218641e-05
 290.0000000000    2.3010649785e-06    3.8646328265e-05
 290.5000000000    2.3032195698e-06    3.8815375522e-05
 291.0000000000    2.3049957168e-06    3.8974987008e-05
 291.5000000000    2.3064948002e-06    3.9150808817e-05
 292.0000000000    2.3078607237e-06    3.9330778475e-05
 292.5000000000    2.3085003880e-06    3.9512110436e-05
 293.0000000000    2.3080940170e-06    3.9697295417e-05
 293.5000000000    2.3067166553e-06    3.9893939938e-05
 294.0000000000    2.3048066473e-06    4.0064694641e-05
 294.5000000000    2.3022001952e-06    4.0268055732e-05
 295.0000000000    2.2991855573e-06    4.0461569057e-05
 295.5000000000    2.2956425820e-06    4.0711106306e-05
 296.0000000000    2.2916702501e-06    4.0877215017e-05
 296.5000000000    2.2874304800e-06    4.1121208733e-05
 297.0000000000    2.2832747718e-06    4.1286440617e-05
 297.5000000000    2.2795314484e-06    4.1510049054e-05
 298.0000000000    2.2766444696e-06    4.1731665861e-05
 298.5000000000    2.2752468395e-06    4.1965716861e-05
 299.0000000000    2.2761019681e-06    4.2222820930e-05
 299.5000000000    2.2801717163e-06    4.2438779677e-05
 300.0000000000    2.2880222819e-06    4.2706922693e-05
 300.5000000000    2.3013381480e-06    4.2950280902e-05
 301.0000000000    2.3212366498e-06    4.3223636178e-05
 301.5000000000    2.3490576842e-06    4.3493089704e-05
 302.0000000000    2.3859894473e-06    4.3793263159e-05
 302.5000000000    2.4331508708e-06    4.4078480677e-05
 303.0000000000    2.4915167252e-06    4.4404228200e-05
 303.5000000000    2.5617912308e-06    4.4760230511e-05
 304.0000000000    2.6443581016e-06    4.5157670270e-05
 304.5000000000    2.7392396004e-06    4.5622995345e-05
 305.0000000000    2.8464418605e-06    4.6124194559e-05
 305.5000000000    2.9650835140e-06    4.6763769640e-05
 306.0000000000    3.0950493417e-06    4.7510671989e-05
 306.5000000000    3.2353921030e-06    4.8475594578e-05
 307.0000000000    3.3852679584e-06    4.9702042628e-05
 307.5000000000    3.5437431922e-06    5.1320896321e-05
 308.0000000000    3.7092918856e-06    5.3460295542e-05
 308.5000000000    3.8796025777e-06    5.6324790446e-05
 309.0000000000    4.0516925700e-06    6.0152861374e-05
 309.5000000000    4.2208108767e-06    6.5289923843e-05
 310.0000000000    4.3801984036e-06    7.2151397916e-05
 310.5000000000    4.5203191034e-06    8.1191844742e-05
 311.0000000000    4.6284719935e-06    9.3002456088e-05
 311.5000000000    4.6906390185e-06    1.0817002669e-04
 312.0000000000    4.6943849428e-06    1.2736225989e-04
 312.5000000000    4.6416351087e-06    1.5124683513e-04
 313.0000000000    4.5876097891e-06    1.8054888515e-04
 313.5000000000    4.7547557852e-06    2.1602918054e-04
 314.0000000000    5.7664549645e-06    2.5854783991e-04
 314.5000000000    8.7406192718e-06    3.0928744468e-04
 315.0000000000    1.5072943530e-05    3.7095827878e-04
 315.5000000000    2.6523124926e-05    4.5227388399e-04
 316.0000000000    4.5156819622e-05    5.7787280247e-04
 316.5000000000    7.2669090764e-05    7.9398455189e-04
 317.0000000000    1.0943310193e-04    1.1461427821e-03
 317.5000000000    1.5367177885e-04    1.6423401039e-03
 318.0000000000    2.0108413347e-04    2.2408189415e-03
 318.5000000000    2.4550103168e-04    2.8639872833e-03
 319.0000000000    2.8085705502e-04    3.4250260293e-03
 319.5000000000    3.0340970007e-04    3.8563543393e-03
 320.0000000000    3.1261145940e-04    4.1273084614e-03
 320.5000000000    3.1034848804e-04    4.2436417707e-03
 321.0000000000    2.9957174674e-04    4.2336889410e-03
 321.5000000000    2.8327070038e-04    4.1328744445e-03
 322.0000000000    2.6398664101e-04    3.9742065270e-03
 322.5000000000    2.4366122687e-04    3.7850375080e-03
 323.0000000000    2.2364166965e-04    3.5870486434e-03
 323.5000000000    2.0476858662e-04    3.3969955571e-03
 324.0000000000    1.8750623533e-04    3.2272461100e-03
 324.5000000000    1.7207388022e-04    3.0860540122e-03
 325.0000000000    1.5854597656e-04    2.9777978319e-03
 325.5000000000    1.4691128388e-04    2.9033867725e-03
 326.0000000000    1.3709986024e-04    2.8608986489e-03
 326.5000000000    1.2899442898e-04    2.8463894714e-03
 327.0000000000    1.2243871079e-04    2.8547364602e-03
 327.5000000000    1.1724830902e-04    2.8803949055e-03
 328.0000000000    1.1322392577e-04    2.9179803547e-03
 328.5000000000    1.1016453634e-04    2.9626604389e-03
 329.0000000000    1.0787811094e-04    3.0103649470e-03
 329.5000000000    1.0618925597e-04    3.0578563371e-03
 330.0000000000    1.0494341539e-04    3.1027026777e-03
 330.5000000000    1.0400894429e-04    3.1431934912e-03
 331.0000000000    1.0327704475e-04    3.1782280949e-03
 331.5000000000    1.0266076447e-04    3.2071988684e-03
 332.0000000000    1.0209307363e-04    3.2298820429e-03
 332.5000000000    1.0152474501e-04    3.2463431291e-03
 333.0000000000    1.0092181342e-04    3.2568589800e-03
 333.5000000000    1.0026324867e-04    3.2618560408e-03
 334.0000000000    9.9538571999e-05    3.2618632399e-03
 334.5000000000    9.8745775220e-05    3.2574754874e-03
 335.0000000000    9.7889371993e-05    3.2493266410e-03
 335.5000000000    9.6978724345e-05    3.2380680783e-03
 336.0000000000    9.6026580819e-05    3.2243520568e-03
 336.5000000000    9.5047669850e-05    3.2088180599e-03
 337.0000000000    9.4057674498e-05    3.1920812640e-03
 337.5000000000    9.3072228300e-05    3.1747229858e-03
 338.0000000000    9.2106099362e-05    3.1572827955e-03
 338.5000000000    9.1172687354e-05    3.1402522315e-03
 339.0000000000    9.0283630615e-05    3.1240718797e-03
 339.5000000000    8.9448532146e-05    3.1091193351e-03
 340.0000000000    8.8674982007e-05    3.0957244367e-03
 340.5000000000    8.7968550631e-05    3.0841507381e-03
 341.0000000000    8.7332929969e-05    3.0746071809e-03
 341.5000000000    8.6770127235e-05    3.0672426653e-03
 342.0000000000    8.6280744658e-05    3.0621524346e-03
 342.5000000000    8.5864164257e-05    3.0593770729e-03
 343.0000000000    8.5518851560e-05    3.0589074954e-03
 343.5000000000    8.5242508910e-05    3.0606862677e-03
 344.0000000000    8.5032341396e-05    3.0646119708e-03
 344.5000000000    8.4885089194e-05    3.0705420629e-03
 345.0000000000    8.4797198510e-05    3.0782975911e-03
 345.5000000000    8.4764813578e-05    3.0876675865e-03
 346.0000000000    8.4783830691e-05    3.0984148392e-03
 346.5000000000    8.4849893103e-05    3.1102819084e-03
 347.0000000000    8.4958346965e-05    3.1229979752e-03
 347.5000000000    8.5104229744e-05    3.1362858896e-03
 348.0000000000    8.5282263205e-05    3.1498697015e-03
 348.5000000000    8.5486871501e-05    3.1634817468e-03
 349.0000000000    8.5712249728e-05    3.1768693984e-03
 349.5000000000    8.5952431411e-05    3.1898011595e-03
 350.0000000000    8.6201276507e-05    3.2020716688e-03
 350.5000000000    8.6452878738e-05    3.2135053731e-03
 351.0000000000    8.6701440017e-05    3.2239595269e-03
 351.5000000000    8.6941474887e-05    3.2333246112e-03
 352.0000000000    8.7168013562e-05    3.2415247676e-03
 352.5000000000    8.7376667899e-05    3.2485161711e-03
 353.0000000000    8.7563717906e-05    3.2542855679e-03
 353.5000000000    8.7726256157e-05    3.2588480849e-03
 354.0000000000    8.7862171475e-05    3.2622446245e-03
 354.5000000000    8.7970230807e-05    3.2645389569e-03
 355.0000000000    8.8050038802e-05    3.2658144746e-03
 355.5000000000    8.8101920364e-05    3.2661707764e-03
 356.0000000000    8.8126932519e-05    3.2657196050e-03
 356.5000000000    8.8126658493e-05    3.2645817101e-03
 357.0000000000    8.8103223169e-05    3.2628833945e-03
 357.5000000000    8.8059173853e-05    3.2607536836e-03
 358.0000000000    8.7997515013e-05    3.2583214320e-03
 358.5000000000    8.7921479940e-05    3.2557124335e-03
 359.0000000000    8.7834446998e-05    3.2530464963e-03
 359.5000000000    8.7739606697e-05    3.2504349161e-03
 360.0000000000    8.7639967283e-05    3.2479786274e-03
 360.5000000000    8.7538191322e-05    3.2457670224e-03
 361.0000000000    8.7436735795e-05    3.2438772478e-03
 361.5000000000    8.7337917973e-05    3.2423737662e-03
 362.0000000000    8.7243844918e-05    3.2413080188e-03
 362.5000000000    8.7156332883e-05    3.2407183822e-03
 363.0000000000    8.7076785718e-05    3.2406305991e-03
 363.5000000000    8.7006172570e-05    3.2410584168e-03
 364.0000000000    8.6945113068e-05    3.2420041844e-03
 364.5000000000    8.6894057558e-05    3.2434591918e-03
 365.0000000000    8.6853300391e-05    3.2454039095e-03
 365.5000000000    8.6823208521e-05    3.2478085066e-03
 366.0000000000    8.6803907362e-05    3.2506340175e-03
 366.5000000000    8.6795235059e-05    3.2538338935e-03
 367.0000000000    8.6796788690e-05    3.2573557090e-03
 367.5000000000    8.6808040686e-05    3.2611427292e-03
 368.0000000000    8.6828307254e-05    3.2651354274e-03
 368.5000000000    8.6856827074e-05    3.2692730679e-03
 369.0000000000    8.6892758790e-05    3.2734955234e-03
 369.5000000000    8.6935070401e-05    3.2777451805e-03
 370.0000000000    8.6982561973e-05    3.2819686379e-03
 370.5000000000    8.7033874125e-05    3.2861176929e-03
 371.0000000000    8.7087652838e-05    3.2901496970e-03
 371.5000000000    8.7142512525e-05    3.2940273806e-03
 372.0000000000    8.7197167592e-05    3.2977186258e-03
 372.5000000000    8.7250460570e-05    3.3011950698e-03
 373.0000000000    8.7301259625e-05    3.3044340060e-03
 373.5000000000    8.7348659037e-05    3.3074154471e-03
 374.0000000000    8.7391992491e-05    3.3101244996e-03
 374.5000000000    8.7430804701e-05    3.3125500042e-03
 375.0000000000    8.7464921699e-05    3.3146860833e-03
 375.5000000000    8.7494490431e-05    3.3165323310e-03
 376.0000000000    8.7519835344e-05    3.3180952614e-03
 376.5000000000    8.7541610649e-05    3.3193890919e-03
 377.0000000000    8.7560462371e-05    3.3204364796e-03
 377.5000000000    8.7577088077e-05    3.3212679528e-03
 378.0000000000    8.7592068777e-05    3.3219207031e-03
 378.5000000000    8.7605660535e-05    3.3224365660e-03
 379.0000000000    8.7617780272e-05    3.3228595951e-03
 379.5000000000    8.7627939819e-05    3.3232331855e-03
 380.0000000000    8.7635119406e-05    3.3236107886e-03
 380.5000000000    8.7637892739e-05    3.3239854040e-03
 381.0000000000    8.7634782468e-05    3.3244232368e-03
 381.5000000000    8.7624008171e-05    3.3249263536e-03
 382.0000000000    8.7604227910e-05    3.3255032994e-03
 382.5000000000    8.7574663660e-05    3.3261572439e-03
 383.0000000000    8.7535241057e-05    3.3268847000e-03
 383.5000000000    8.7486927152e-05    3.3276869588e-03
 384.0000000000    8.7431739236e-05    3.3285630353e-03
 384.5000000000    8.7372558376e-05    3.3295186998e-03
 385.0000000000    8.7312989110e-05    3.3305640515e-03
 385.5000000000    8.7256962518e-05    3.3317138334e-03
 386.0000000000    8.7208306530e-05    3.3329854237e-03
 386.5000000000    8.7170416944e-05    3.3343955501e-03
 387.0000000000    8.7145547568e-05    3.3359564267e-03
 387.5000000000    8.7134826897e-05    3.3376739780e-03
 388.0000000000    8.7138013924e-05    3.3395367751e-03
 388.5000000000    8.7153613970e-05    3.3415321541e-03
 389.0000000000    8.7179125614e-05    3.3436295935e-03
 389.5000000000    8.7211435205e-05    3.3457923274e-03
 390.0000000000    8.7247285662e-05    3.3479789530e-03
 390.5000000000    8.7283696888e-05    3.3501449550e-03
 391.0000000000    8.7318289180e-05    3.3522558642e-03
 391.5000000000    8.7349624969e-05    3.3542816143e-03
 392.0000000000    8.7377162569e-05    3.3562063486e-03
 392.5000000000    8.7401199621e-05    3.3580275024e-03
 393.0000000000    8.7422579991e-05    3.3597466953e-03
 393.5000000000    8.7442493795e-05    3.3613842611e-03
 394.0000000000    8.7462052171e-05    3.3629579733e-03
 394.5000000000    8.7482017310e-05    3.3644883064e-03
 395.0000000000    8.7502724941e-05    3.3659917220e-03
 395.5000000000    8.7523915285e-05    3.3674783694e-03
 396.0000000000    8.7545062073e-05    3.3689502555e-03
 396.5000000000    8.7565203356e-05    3.3704013675e-03
 397.0000000000    8.7583336299e-05    3.3718193352e-03
 397.5000000000    8.7598659400e-05    3.3731883507e-03
 398.0000000000    8.7610594310e-05    3.3744926190e-03
 398.5000000000    8.7618961841e-05    3.3757196225e-03
 399.0000000000    8.7623893460e-05    3.3768627209e-03
 399.5000000000    8.7625866827e-05    3.3779226753e-03
 400.0000000000    8.7625496516e-05    3.3789079261e-03
 400.5000000000    8.7623477783e-05    3.3798335865e-03
 401.0000000000    8.7620443778e-05    3.3807194136e-03
 401.5000000000    8.7616874608e-05    3.3815871885e-03
 402.0000000000    8.7613140952e-05    3.3824579480e-03
 402.5000000000    8.7609448210e-05    3.3833495273e-03
 403.0000000000    8.7605900106e-05    3.3842748687e-03
 403.5000000000    8.7602581571e-05    3.3852413254e-03
 404.0000000000    8.7599470061e-05    3.3862508717e-03
 404.5000000000    8.7596791372e-05    3.3873011139e-03
 405.0000000000    8.7594505167e-05    3.3883869353e-03
 405.5000000000    8.7592739035e-05    3.3895021569e-03
 406.0000000000    8.7591770168e-05    3.3906410104e-03
 406.5000000000    8.7591607042e-05    3.3917991527e-03
 407.0000000000    8.7592399514e-05    3.3929740302e-03
 407.5000000000    8.7594224167e-05    3.3941645549e-03
 408.0000000000    8.7597172049e-05    3.3953703192e-03
 408.5000000000    8.7601286597e-05    3.3965906676e-03
 409.0000000000    8.7606587078e-05    3.3978237777e-03
 409.5000000000    8.7613097346e-05    3.3990659968e-03
 410.0000000000    8.7620729188e-05    3.4003117979e-03
 410.5000000000    8.7629287746e-05    3.4015544075e-03
 411.0000000000    8.7638480399e-05    3.4027868641e-03
 411.5000000000    8.7647855638e-05    3.4040032454e-03
 412.0000000000    8.7656897476e-05    3.4051998704e-03
 412.5000000000    8.7665036445e-05    3.4063761179e-03
 413.0000000000    8.7671777859e-05    3.4075345176e-03
 413.5000000000    8.7676740533e-05    3.4086801800e-03
 414.0000000000    8.7679716857e-05    3.4098197344e-03
 414.5000000000    8.7680755321e-05    3.4109597667e-03
 415.0000000000    8.7680108687e-05    3.4121052286e-03
 415.5000000000    8.7678189345e-05    3.4132581926e-03
 416.0000000000    8.7675684279e-05    3.4144170539e-03
 416.5000000000    8.7673173071e-05    3.4155764602e-03
 417.0000000000    8.7671338128e-05    3.4167281121e-03
 417.5000000000    8.7670626411e-05    3.4178621865e-03
 418.0000000000    8.7671365357e-05    3.4189691499e-03
 418.5000000000    8.7673624051e-05    3.4200416004e-03
 419.0000000000    8.7677278328e-05    3.4210757568e-03
 419.5000000000    8.7682025659e-05    3.4220723200e-03
 420.0000000000    8.7687463691e-05    3.4230365379e-03
 420.5000000000    8.7693183895e-05    3.4239774819e-03
 421.0000000000    8.7698802733e-05    3.4249066118e-03
 421.5000000000    8.7704091023e-05    3.4258358870e-03
 422.0000000000    8.7708917572e-05    3.4267758366e-03
 422.5000000000    8.7713296870e-05    3.4277338973e-03
 423.0000000000    8.7717385014e-05    3.4287133377e-03
 423.5000000000    8.7721469054e-05    3.4297129390e-03
 424.0000000000    8.7725755526e-05    3.4307274915e-03
 424.5000000000    8.7730421773e-05    3.4317489996e-03
 425.0000000000    8.7735512433e-05    3.4327683156e-03
 425.5000000000    8.7740912426e-05    3.4337769534e-03
 426.0000000000    8.7746343503e-05    3.4347686120e-03
 426.5000000000    8.7751502476e-05    3.4357402305e-03
 427.0000000000    8.7756157888e-05    3.4366923573e-03
 427.5000000000    8.7760211926e-05    3.4376289003e-03
 428.0000000000    8.7763745064e-05    3.4385562894e-03
 428.5000000000    8.7766902029e-05    3.4394822014e-03
 429.0000000000    8.7769927853e-05    3.4404141535e-03
 429.5000000000    8.7773016031e-05    3.4413581811e-03
 430.0000000000    8.7776261364e-05    3.4423178283e-03
 430.5000000000    8.7779710100e-05    3.4432936576e-03
 431.0000000000    8.7783390324e-05    3.4442833585e-03
 431.5000000000    8.7787318265e-05    3.4452823076e-03
 432.0000000000    8.7791520868e-05    3.4462844406e-03
 432.5000000000    8.7795992783e-05    3.4472832346e-03
 433.0000000000    8.7800645807e-05    3.4482726354e-03
 433.5000000000    8.7805316236e-05    3.4492478561e-03
 434.0000000000    8.7809791552e-05    3.4502059066e-03
 434.5000000000    8.7813906738e-05    3.4511458721e-03
 435.0000000000    8.7817598929e-05    3.4520688708e-03
 435.5000000000    8.7820940698e-05    3.4529776885e-03
 436.0000000000    8.7824123410e-05    3.4538761507e-03
 436.5000000000    8.7827268313e-05    3.4547684242e-03
 437.0000000000    8.7830534906e-05    3.4556582983e-03
 437.5000000000    8.7833971054e-05    3.4565486069e-03
 438.0000000000    8.7837349378e-05    3.4574408479e-03
 438.5000000000    8.7840749678e-05    3.4583350734e-03
 439.0000000000    8.7844054978e-05    3.4592300509e-03
 439.5000000000    8.7847175621e-05    3.4601236023e-03
 440.0000000000    8.7850059396e-05    3.4610131056e-03
 440.5000000000    8.7852607884e-05    3.4618960368e-03
 441.0000000000    8.7854707082e-05    3.4627704590e-03
 441.5000000000    8.7856292058e-05    3.4636353705e-03
 442.0000000000    8.7857388556e-05    3.4644908433e-03
 442.5000000000    8.7858114241e-05    3.4653386416e-03
 443.0000000000    8.7858639390e-05    3.4661815202e-03
 443.5000000000    8.7859200685e-05    3.4670268472e-03
 444.0000000000    8.7859931169e-05    3.4678487959e-03
 444.5000000000    8.7861030066e-05    3.4686822236e-03
 445.0000000000    8.7862606324e-05    3.4695171579e-03
 445.5000000000    8.7864747654e-05    3.4703539579e-03
 446.0000000000    8.7867468403e-05    3.4711934841e-03
 446.5000000000    8.7870745933e-05    3.4720351203e-03
 447.0000000000    8.7874507258e-05    3.4728782662e-03
 447.5000000000    8.7878612303e-05    3.4737218069e-03
 448.0000000000    8.7882925619e-05    3.4745642864e-03
 448.5000000000    8.7887304256e-05    3.4754041322e-03
 449.0000000000    8.7891623726e-05    3.4762399991e-03
 449.5000000000    8.7895798314e-05    3.4770716484e-03
 450.0000000000    8.7899755791e-05    3.4778966796e-03
 450.5000000000    8.7903472217e-05    3.4787166887e-03
 451.0000000000    8.7906953748e-05    3.4795317001e-03
 451.5000000000    8.7910246667e-05    3.4803427124e-03
 452.0000000000    8.7913422238e-05    3.4811507811e-03
 452.5000000000    8.7916550229e-05    3.4819568804e-03
 453.0000000000    8.7919689196e-05    3.4827643357e-03
 453.5000000000    8.7922863748e-05    3.4835658401e-03
 454.0000000000    8.7926083198e-05    3.4843685771e-03
 454.5000000000    8.7929344807e-05    3.4851706291e-03
 455.0000000000    8.7932635218e-05    3.4859718412e-03
 455.5000000000    8.7935907331e-05    3.4867694696e-03
 456.0000000000    8.7939143038e-05    3.4875645357e-03
 456.5000000000    8.7942301379e-05    3.4883555730e-03
 457.0000000000    8.7945370511e-05    3.4891418066e-03
 457.5000000000    8.7948317948e-05    3.4899225685e-03
 458.0000000000    8.7951151804e-05    3.4906976048e-03
 458.5000000000    8.7953898644e-05    3.4914671212e-03
 459.0000000000    8.7956564494e-05    3.4922317573e-03
 459.5000000000    8.7959186641e-05    3.4929924696e-03
 460.0000000000    8.7961782239e-05    3.4937504165e-03
 460.5000000000    8.7964413322e-05    3.4945066374e-03
 461.0000000000    8.7967048675e-05    3.4952618046e-03
 461.5000000000    8.7969674792e-05    3.4960163515e-03
 462.0000000000    8.7972318158e-05    3.4967705321e-03
 462.5000000000    8.7974956015e-05    3.4975243425e-03
 463.0000000000    8.7977579809e-05    3.4982775910e-03
 463.5000000000    8.7980171892e-05    3.4990300615e-03
 464.0000000000    8.7982722747e-05    3.4997815238e-03
 464.5000000000    8.7985250576e-05    3.5005330834e-03
 465.0000000000    8.7987725479e-05    3.5012808541e-03
 465.5000000000    8.7990182959e-05    3.5020271205e-03
 466.0000000000    8.7992657632e-05    3.5027709762e-03
 466.5000000000    8.7995166567e-05    3.5035121571e-03
 467.0000000000    8.7997722512e-05    3.5042506025e-03
 467.5000000000    8.8000343371e-05    3.5049860573e-03
 468.0000000000    8.8003036961e-05    3.5057184706e-03
 468.5000000000    8.8005794216e-05    3.5064478987e-03
 469.0000000000    8.8008606770e-05    3.5071744349e-03
 469.5000000000    8.8011481416e-05    3.5078994250e-03
 470.0000000000    8.8014391940e-05    3.5086190732e-03
 470.5000000000    8.8017319925e-05    3.5093366228e-03
 471.0000000000    8.8020244994e-05    3.5100510163e-03
 471.5000000000    8.8023153188e-05    3.5107619245e-03
 472.0000000000    8.8026015432e-05    3.5114694235e-03
 472.5000000000    8.8028835606e-05    3.5121729821e-03
 473.0000000000    8.8031610419e-05    3.5128778148e-03
 473.5000000000    8.8034307932e-05    3.5135696230e-03
 474.0000000000    8.8036926345e-05    3.5142626807e-03
 474.5000000000    8.8039497615e-05    3.5149531977e-03
 475.0000000000    8.8042039025e-05    3.5156413812e-03
 475.5000000000    8.8044572094e-05    3.5163272521e-03
 476.0000000000    8.8047115209e-05    3.5170109990e-03
 476.5000000000    8.8049669702e-05    3.5176926244e-03
 477.0000000000    8.8052222869e-05    3.5183722163e-03
 477.5000000000    8.8054748306e-05    3.5190499879e-03
 478.0000000000    8.8057225940e-05    3.5197263895e-03
 478.5000000000    8.8059644583e-05    3.5204020323e-03
 479.0000000000    8.8062002389e-05    3.5210774642e-03
 479.5000000000    8.8064337638e-05    3.5217545292e-03
 480.0000000000    8.8066665551e-05    3.5224285275e-03
 480.5000000000    8.8069048456e-05    3.5231036274e-03
 481.0000000000    8.8071494180e-05    3.5237781105e-03
 481.5000000000    8.8074036891e-05    3.5244528117e-03
 482.0000000000    8.8076619625e-05    3.5251219455e-03
 482.5000000000    8.8079218843e-05    3.5257902911e-03
 483.0000000000    8.8081804687e-05    3.5264568215e-03
 483.5000000000    8.8084363056e-05    3.5271220348e-03
 484.0000000000    8.8086898069e-05    3.5277861321e-03
 484.5000000000    8.8089439777e-05    3.5284487429e-03
 485.0000000000    8.8092017071e-05    3.5291094308e-03
 485.5000000000    8.8094640747e-05    3.5297678475e-03
 486.0000000000    8.8097294159e-05    3.5304238024e-03
 486.5000000000    8.8099941991e-05    3.5310773164e-03
 487.0000000000    8.8102547927e-05    3.5317286021e-03
 487.5000000000    8.8105096244e-05    3.5323779160e-03
 488.0000000000    8.8107602832e-05    3.5330253571e-03
 488.5000000000    8.8110089220e-05    3.5336707508e-03
 489.0000000000    8.8112635227e-05    3.5343137046e-03
 489.5000000000    8.8115243690e-05    3.5349537883e-03
 490.0000000000    8.8117907666e-05    3.5355907790e-03
 490.5000000000    8.8120590548e-05    3.5362247501e-03
 491.0000000000    8.8123235046e-05    3.5368560477e-03
 491.5000000000    8.8125788921e-05    3.5374851137e-03
 492.0000000000    8.8128238464e-05    3.5381123614e-03
 492.5000000000    8.8130596572e-05    3.5387380143e-03
 493.0000000000    8.8132903271e-05    3.5393621123e-03
 493.5000000000    8.8135205973e-05    3.5399845750e-03
 494.0000000000    8.8137530612e-05    3.5406053182e-03
 494.5000000000    8.8139890444e-05    3.5412243412e-03
 495.0000000000    8.8142270416e-05    3.5418417335e-03
 495.5000000000    8.8144648083e-05    3.5424575954e-03
 496.0000000000    8.8147018720e-05    3.5430719636e-03
 496.5000000000    8.8149386461e-05    3.5436847842e-03
 497.0000000000    8.8151766645e-05    3.5442959142e-03
 497.5000000000    8.8154179661e-05    3.5449051138e-03
 498.0000000000    8.8156646000e-05    3.5455120433e-03
 498.5000000000    8.8159178938e-05    3.5461163138e-03
 499.0000000000    8.8161787477e-05    3.5467175592e-03
 499.5000000000    8.8164480683e-05    3.5473155279e-03
 500.0000000000    8.8167268907e-05    3.5479102311e-03
 500.5000000000    8.8170155756e-05    3.5485021206e-03
 501.0000000000    8.8173127186e-05    3.5490922511e-03
 501.5000000000    8.8176146992e-05    3.5496823783e-03
 502.0000000000    8.8179165023e-05    3.5502749557e-03
 502.5000000000    8.8182132157e-05    3.5508729716e-03
 503.0000000000    8.8185045668e-05    3.5514796338e-03
 503.5000000000    8.8187987554e-05    3.5520979035e-03
 504.0000000000    8.8191150207e-05    3.5527298299e-03
 504.5000000000    8.8194865470e-05    3.5533757710e-03
 505.0000000000    8.8199588543e-05    3.5540336239e-03
 505.5000000000    8.8205860473e-05    3.5546982409e-03
 506.0000000000    8.8214239214e-05    3.5553612451e-03
 506.5000000000    8.8225180400e-05    3.5560114107e-03
 507.0000000000    8.8238898183e-05    3.5566359485e-03
 507.5000000000    8.8255255128e-05    3.5572225150e-03
 508.0000000000    8.8273656840e-05    3.5577613660e-03
 508.5000000000    8.8292968202e-05    3.5582473995e-03
 509.0000000000    8.8311541500e-05    3.5586818858e-03
 509.5000000000    8.8327365658e-05    3.5590731074e-03
 510.0000000000    8.8338294658e-05    3.5594355127e-03
 510.5000000000    8.8342368856e-05    3.5597878663e-03
 511.0000000000    8.8338102575e-05    3.5601506728e-03
 511.5000000000    8.8324817409e-05    3.5605431856e-03
 512.0000000000    8.8302851840e-05    3.5609805978e-03
 512.5000000000    8.8273590986e-05    3.5614719073e-03
 513.0000000000    8.8239358204e-05    3.5620187023e-03
 513.5000000000    8.8203130195e-05    3.5626150286e-03
 514.0000000000    8.8168126382e-05    3.5632497688e-03
 514.5000000000    8.8137310103e-05    3.5639023750e-03
 515.0000000000    8.8113026196e-05    3.5645583737e-03
 515.5000000000    8.8096647161e-05    3.5652008249e-03
 516.0000000000    8.8088495663e-05    3.5658183397e-03
 516.5000000000    8.8087897953e-05    3.5664108211e-03
 517.0000000000    8.8093349001e-05    3.5669688342e-03
 517.5000000000    8.8103002928e-05    3.5675122791e-03
 518.0000000000    8.8114935924e-05    3.5680497921e-03
 518.5000000000    8.8127545258e-05    3.5685936923e-03
 519.0000000000    8.8139747046e-05    3.5691542038e-03
 519.5000000000    8.8151058172e-05    3.5697377940e-03
 520.0000000000    8.8161569859e-05    3.5703459188e-03
 520.5000000000    8.8171742207e-05    3.5709754784e-03
 521.0000000000    8.8182122836e-05    3.5716198679e-03
 521.5000000000    8.8193140644e-05    3.5722703679e-03
 522.0000000000    8.8204952430e-05    3.5729176478e-03
 522.5000000000    8.8217362809e-05    3.5735531341e-03
 523.0000000000    8.8229897998e-05    3.5741701031e-03
 523.5000000000    8.8241943155e-05    3.5747644763e-03
 524.0000000000    8.8252908796e-05    3.5753352667e-03
 524.5000000000    8.8262370318e-05    3.5758844946e-03
 525.0000000000    8.8270154490e-05    3.5764165681e-03
 525.5000000000    8.8276352506e-05    3.5769372677e-03
 526.0000000000    8.8281258964e-05    3.5774527247e-03
 526.5000000000    8.8285273439e-05    3.5779684505e-03
 527.0000000000    8.8288795431e-05    3.5784886107e-03
 527.5000000000    8.8292145801e-05    3.5790156988e-03
 528.0000000000    8.8295489018e-05    3.5795503081e-03
 528.5000000000    8.8298846874e-05    3.5800915420e-03
 529.0000000000    8.8302150724e-05    3.5806372050e-03
 529.5000000000    8.8305249170e-05    3.5811840417e-03
 530.0000000000    8.8307983508e-05    3.5817285136e-03
 530.5000000000    8.8310249757e-05    3.5822673716e-03
 531.0000000000    8.8312008187e-05    3.5827981861e-03
 531.5000000000    8.8313271212e-05    3.5833197216e-03
 532.0000000000    8.8314096944e-05    3.5838322826e-03
 532.5000000000    8.8314588399e-05    3.5843375023e-03
 533.0000000000    8.8314859347e-05    3.5848378482e-03
 533.5000000000    8.8315022212e-05    3.5853361538e-03
 534.0000000000    8.8315185725e-05    3.5858350794e-03
 534.5000000000    8.8315443324e-05    3.5863366543e-03
 535.0000000000    8.8315870196e-05    3.5868426660e-03
 535.5000000000    8.8316518417e-05    3.5873514989e-03
 536.0000000000    8.8317413093e-05    3.5878649702e-03
 536.5000000000    8.8318579078e-05    3.5883821052e-03
 537.0000000000    8.8320001496e-05    3.5888954661e-03
 537.5000000000    8.8321649253e-05    3.5894099529e-03
 538.0000000000    8.8323451518e-05    3.5899230653e-03
 538.5000000000    8.8325306748e-05    3.5904350805e-03
 539.0000000000    8.8327096424e-05    3.5909474376e-03
 539.5000000000    8.8328714303e-05    3.5914628364e-03
 540.0000000000    8.8330089088e-05    3.5919852595e-03
 540.5000000000    8.8331228775e-05    3.5925187900e-03
 541.0000000000    8.8332160943e-05    3.5930669427e-03
 541.5000000000    8.8333060076e-05    3.5936312723e-03
 542.0000000000    8.8334061151e-05    3.5942103073e-03
 542.5000000000    8.8335393812e-05    3.5947983956e-03
 543.0000000000    8.8337248305e-05    3.5953850316e-03
 543.5000000000    8.8339736954e-05    3.5959553619e-03
 544.0000000000    8.8342819031e-05    3.5964916520e-03
 544.5000000000    8.8346177771e-05    3.5969759082e-03
 545.0000000000    8.8349158457e-05    3.5973933084e-03
 545.5000000000    8.8350660348e-05    3.5977363954e-03
 546.0000000000    8.8349224289e-05    3.5980086844e-03
 546.5000000000    8.8343147553e-05    3.5982267430e-03
 547.0000000000    8.8330719570e-05    3.5984204735e-03
 547.5000000000    8.8310571454e-05    3.5986308064e-03
 548.0000000000    8.8282074389e-05    3.5989046740e-03
 548.5000000000    8.8245695992e-05    3.5992879711e-03
 549.0000000000    8.8203276387e-05    3.5998175902e-03
 549.5000000000    8.8158128635e-05    3.6005138267e-03
 550.0000000000    8.8114886373e-05    3.6013747953e-03
 550.5000000000    8.8079047226e-05    3.6023741542e-03
 551.0000000000    8.8056300482e-05    3.6034631604e-03
 551.5000000000    8.8051652304e-05    3.6045770477e-03
 552.0000000000    8.8068548576e-05    3.6056448375e-03
 552.5000000000    8.8108162993e-05    3.6066009159e-03
 553.0000000000    8.8168997913e-05    3.6073961409e-03
 553.5000000000    8.8246908603e-05    3.6080061673e-03
 554.0000000000    8.8335575057e-05    3.6084353418e-03
 554.5000000000    8.8427422464e-05    3.6087151723e-03
 555.0000000000    8.8514679464e-05    3.6088977911e-03
 555.5000000000    8.8590525643e-05    3.6090457007e-03
 556.0000000000    8.8650046659e-05    3.6092200464e-03
 556.5000000000    8.8690846257e-05    3.6094696959e-03
 557.0000000000    8.8713209009e-05    3.6098232193e-03
 557.5000000000    8.8719676548e-05    3.6102851194e-03
 558.0000000000    8.8714349916e-05    3.6108368681e-03
 558.5000000000    8.8701890579e-05    3.6114423420e-03
 559.0000000000    8.8686507386e-05    3.6120579181e-03
 559.5000000000    8.8671178302e-05    3.6126330071e-03
 560.0000000000    8.8657303282e-05    3.6131358792e-03
 560.5000000000    8.8644789457e-05    3.6135487423e-03
 561.0000000000    8.8632392652e-05    3.6138495838e-03
 561.5000000000    8.8618481196e-05    3.6140667734e-03
 562.0000000000    8.8601660325e-05    3.6142229805e-03
 562.5000000000    8.8581299698e-05    3.6143516904e-03
 563.0000000000    8.8557781541e-05    3.6144882874e-03
 563.5000000000    8.8532401699e-05    3.6146652439e-03
 564.0000000000    8.8507058580e-05    3.6149056603e-03
 564.5000000000    8.8483717059e-05    3.6152220016e-03
 565.0000000000    8.8464010376e-05    3.6156147107e-03
 565.5000000000    8.8448814070e-05    3.6160737677e-03
 566.0000000000    8.8438132379e-05    3.6165813851e-03
 566.5000000000    8.8431168595e-05    3.6171154435e-03
 567.0000000000    8.8426660130e-05    3.6176541112e-03
 567.5000000000    8.8423230521e-05    3.6181764005e-03
 568.0000000000    8.8419747003e-05    3.6186709708e-03
 568.5000000000    8.8415573146e-05    3.6191294635e-03
 569.0000000000    8.8410715507e-05    3.6195546546e-03
 569.5000000000    8.8405645024e-05    3.6199546157e-03
 570.0000000000    8.8401217410e-05    3.6203417353e-03
 570.5000000000    8.8398325978e-05    3.6207299923e-03
 571.0000000000    8.8397851167e-05    3.6211320689e-03
 571.5000000000    8.8400305605e-05    3.6215569060e-03
 572.0000000000    8.8405920895e-05    3.6220081917e-03
 572.5000000000    8.8414521882e-05    3.6224839479e-03
 573.0000000000    8.8425618237e-05    3.6229775086e-03
 573.5000000000    8.8438430426e-05    3.6234792828e-03
 574.0000000000    8.8452052117e-05    3.6239789292e-03
 574.5000000000    8.8465525720e-05    3.6244672988e-03
 575.0000000000    8.8477978372e-05    3.6249378528e-03
 575.5000000000    8.8488704769e-05    3.6253875269e-03
 576.0000000000    8.8497259916e-05    3.6258167167e-03
 576.5000000000    8.8503437252e-05    3.6262286320e-03
 577.0000000000    8.8507342490e-05    3.6266283901e-03
 577.5000000000    8.8509289899e-05    3.6270218926e-03
 578.0000000000    8.8509805107e-05    3.6274146528e-03
 578.5000000000    8.8509517925e-05    3.6278110464e-03
 579.0000000000    8.8508981265e-05    3.6282138309e-03
 579.5000000000    8.8508662802e-05    3.6286239728e-03
 580.0000000000    8.8508894271e-05    3.6290408635e-03
 580.5000000000    8.8509729351e-05    3.6294627083e-03
 581.0000000000    8.8511056508e-05    3.6298870137e-03
 581.5000000000    8.8512594588e-05    3.6303110874e-03
 582.0000000000    8.8514118495e-05    3.6307324885e-03
 582.5000000000    8.8515381464e-05    3.6311493158e-03
 583.0000000000    8.8516235423e-05    3.6315604255e-03
 583.5000000000    8.8516635292e-05    3.6319655729e-03
 584.0000000000    8.8516670185e-05    3.6323654146e-03
 584.5000000000    8.8516450000e-05    3.6327613190e-03
 585.0000000000    8.8516177516e-05    3.6331550660e-03
 585.5000000000    8.8515999555e-05    3.6335485154e-03
 586.0000000000    8.8516030136e-05    3.6339433501e-03
 586.5000000000    8.8516345824e-05    3.6343408971e-03
 587.0000000000    8.8517019792e-05    3.6347418750e-03
 587.5000000000    8.8517986035e-05    3.6351463251e-03
 588.0000000000    8.8519255730e-05    3.6355536485e-03
 588.5000000000    8.8520751029e-05    3.6359627909e-03
 589.0000000000    8.8522377204e-05    3.6363724680e-03
 589.5000000000    8.8524031608e-05    3.6367813702e-03
 590.0000000000    8.8525575878e-05    3.6371884641e-03
 590.5000000000    8.8527013494e-05    3.6375930860e-03
 591.0000000000    8.8528302593e-05    3.6379949565e-03
 591.5000000000    8.8529537092e-05    3.6383941134e-03
 592.0000000000    8.8530800362e-05    3.6387909900e-03
 592.5000000000    8.8532260036e-05    3.6391862510e-03
 593.0000000000    8.8533961968e-05    3.6395805291e-03
 593.5000000000    8.8535883739e-05    3.6399744181e-03
 594.0000000000    8.8537963118e-05    3.6403684092e-03
 594.5000000000    8.8540022286e-05    3.6407628208e-03
 595.0000000000    8.8541952889e-05    3.6411577457e-03
 595.5000000000    8.8543710097e-05    3.6415530498e-03
 596.0000000000    8.8545367120e-05    3.6419486529e-03
 596.5000000000    8.8547043397e-05    3.6423443314e-03
 597.0000000000    8.8548815305e-05    3.6427396139e-03
 597.5000000000    8.8550702301e-05    3.6431339788e-03
 598.0000000000    8.8552651182e-05    3.6435269241e-03
 598.5000000000    8.8554516864e-05    3.6439178325e-03
 599.0000000000    8.8556360528e-05    3.6443059958e-03
 599.5000000000    8.8557845631e-05    3.6446906400e-03
 600.0000000000    8.8559353734e-05    3.6450708232e-03
 600.5000000000    8.8560864609e-05    3.6454454969e-03
 601.0000000000    8.8562385487e-05    3.6458134685e-03
 601.5000000000    8.8563806844e-05    3.6461733928e-03
 602.0000000000    8.8565353275e-05    3.6465236606e-03
 602.5000000000    8.8566735958e-05    3.6468625491e-03
 603.0000000000    8.8567951446e-05    3.6471882957e-03
 603.5000000000    8.8569096344e-05    3.6474993636e-03
 604.0000000000    8.8570193869e-05    3.6477944761e-03
 604.5000000000    8.8571409500e-05    3.6480725375e-03
 605.0000000000    8.8572649644e-05    3.6483331397e-03
 605.5000000000    8.8574018808e-05    3.6485766704e-03
 606.0000000000    8.8575560799e-05    3.6488045705e-03
 606.5000000000    8.8577236251e-05    3.6490194274e-03
 607.0000000000    8.8579025284e-05    3.6492249073e-03
 607.5000000000    8.8580991092e-05    3.6494264977e-03
 608.0000000000    8.8583072807e-05    3.6496298927e-03
 608.5000000000    8.8585184657e-05    3.6498396434e-03
 609.0000000000    8.8587241955e-05    3.6500603664e-03
 609.5000000000    8.8589170795e-05    3.6503055705e-03
 610.0000000000    8.8590821085e-05    3.6505731665e-03
 610.5000000000    8.8592197327e-05    3.6508742704e-03
 611.0000000000    8.8593250424e-05    3.6512112737e-03
 611.5000000000    8.8593847156e-05    3.6515886389e-03
 612.0000000000    8.8594016771e-05    3.6520080954e-03
 612.5000000000    8.8593704918e-05    3.6524717163e-03
 613.0000000000    8.8592902872e-05    3.6529793483e-03
 613.5000000000    8.8591684772e-05    3.6535299558e-03
 614.0000000000    8.8590220917e-05    3.6541209912e-03
 614.5000000000    8.8588603941e-05    3.6547486178e-03
 615.0000000000    8.8587104510e-05    3.6554078874e-03
 615.5000000000    8.8586006914e-05    3.6560923712e-03
 616.0000000000    8.8585543983e-05    3.6567946222e-03
 616.5000000000    8.8586005177e-05    3.6575062125e-03
 617.0000000000    8.8587661351e-05    3.6582182091e-03
 617.5000000000    8.8590696433e-05    3.6589213431e-03
 618.0000000000    8.8595188189e-05    3.6596063468e-03
 618.5000000000    8.8601165905e-05    3.6602642685e-03
 619.0000000000    8.8608443316e-05    3.6608868317e-03
 619.5000000000    8.8616873076e-05    3.6614668106e-03
 620.0000000000    8.8626195867e-05    3.6619982307e-03
 620.5000000000    8.8636019708e-05    3.6624765989e-03
 621.0000000000    8.8645925592e-05    3.6628990852e-03
 621.5000000000    8.8655460343e-05    3.6632646674e-03
 622.0000000000    8.8664177310e-05    3.6635742730e-03
 622.5000000000    8.8671654088e-05    3.6638307464e-03
 623.0000000000    8.8677501388e-05    3.6640387308e-03
 623.5000000000    8.8681516253e-05    3.6642043945e-03
 624.0000000000    8.8683677190e-05    3.6643351836e-03
 624.5000000000    8.8683792930e-05    3.6644394608e-03
 625.0000000000    8.8682031964e-05    3.6645259168e-03
 625.5000000000    8.8678697015e-05    3.6646030183e-03
 626.0000000000    8.8674270433e-05    3.6646785374e-03
 626.5000000000    8.8669072780e-05    3.6647591315e-03
 627.0000000000    8.8663616962e-05    3.6648501317e-03
 627.5000000000    8.8658396641e-05    3.6649556012e-03
 628.0000000000    8.8653801858e-05    3.6650784887e-03
 628.5000000000    8.8650093698e-05    3.6652209912e-03
 629.0000000000    8.8647357401e-05    3.6653850601e-03
 629.5000000000    8.8645593136e-05    3.6655727545e-03
 630.0000000000    8.8644617270e-05    3.6657865770e-03
 630.5000000000    8.8644131296e-05    3.6660295283e-03
 631.0000000000    8.8643947978e-05    3.6663049952e-03
 631.5000000000    8.8643496964e-05    3.6666164274e-03
 632.0000000000    8.8642791351e-05    3.6669667265e-03
 632.5000000000    8.8641692574e-05    3.6673577305e-03
 633.0000000000    8.8639940223e-05    3.6677895980e-03
 633.5000000000    8.8638034991e-05    3.6682604336e-03
 634.0000000000    8.8636127792e-05    3.6687661873e-03
 634.5000000000    8.8634552158e-05    3.6693007450e-03
 635.0000000000    8.8633764118e-05    3.6698563760e-03
 635.5000000000    8.8634155842e-05    3.6704243375e-03
 636.0000000000    8.8636066287e-05    3.6709954807e-03
 636.5000000000    8.8639663869e-05    3.6715609761e-03
 637.0000000000    8.8644987516e-05    3.6721128942e-03
 637.5000000000    8.8651941420e-05    3.6726446150e-03
 638.0000000000    8.8660161744e-05    3.6731510569e-03
 638.5000000000    8.8669291166e-05    3.6736288032e-03
 639.0000000000    8.8678853626e-05    3.6740761370e-03
 639.5000000000    8.8688438775e-05    3.6744930524e-03
 640.0000000000    8.8697432410e-05    3.6748811658e-03
 640.5000000000    8.8705570660e-05    3.6752435523e-03
 641.0000000000    8.8712499240e-05    3.6755845388e-03
 641.5000000000    8.8717886922e-05    3.6759093403e-03
 642.0000000000    8.8721603260e-05    3.6762236384e-03
 642.5000000000    8.8723523770e-05    3.6765329487e-03
 643.0000000000    8.8723789135e-05    3.6768420558e-03
 643.5000000000    8.8722646877e-05    3.6771546014e-03
 644.0000000000    8.8720485606e-05    3.6774728414e-03
 644.5000000000    8.8717889771e-05    3.6777975535e-03
 645.0000000000    8.8715345214e-05    3.6781283422e-03
 645.5000000000    8.8713325953e-05    3.6784641523e-03
 646.0000000000    8.8712107093e-05    3.6788039891e-03
 646.5000000000    8.8711808220e-05    3.6791476810e-03
 647.0000000000    8.8712421514e-05    3.6794964439e-03
 647.5000000000    8.8713729974e-05    3.6798531449e-03
 648.0000000000    8.8715506430e-05    3.6802223574e-03
 648.5000000000    8.8717519336e-05    3.6806099648e-03
 649.0000000000    8.8719445298e-05    3.6810224242e-03
 649.5000000000    8.8721103519e-05    3.6814658652e-03
 650.0000000000    8.8722302457e-05    3.6819450563e-03
 650.5000000000    8.8722991200e-05    3.6824625313e-03
 651.0000000000    8.8723193690e-05    3.6830180099e-03
 651.5000000000    8.8722975047e-05    3.6836080485e-03
 652.0000000000    8.8722514556e-05    3.6842260324e-03
 652.5000000000    8.8722115918e-05    3.6848624674e-03
 653.0000000000    8.8721728025e-05    3.6855054429e-03
 653.5000000000    8.8721591056e-05    3.6861412595e-03
 654.0000000000    8.8722001830e-05    3.6867550985e-03
 654.5000000000    8.8722919065e-05    3.6873317285e-03
 655.0000000000    8.8724548284e-05    3.6878562105e-03
 655.5000000000    8.8727011877e-05    3.6883145515e-03
 656.0000000000    8.8730451470e-05    3.6886943024e-03
 656.5000000000    8.8734929946e-05    3.6889851814e-03
 657.0000000000    8.8740459591e-05    3.6891796821e-03
 657.5000000000    8.8747051787e-05    3.6892736375e-03
 658.0000000000    8.8754586783e-05    3.6892667258e-03
 658.5000000000    8.8762752771e-05    3.6891628107e-03
 659.0000000000    8.8771274142e-05    3.6889701189e-03
 659.5000000000    8.8779721416e-05    3.6887011378e-03
 660.0000000000    8.8787415574e-05    3.6883723037e-03
 660.5000000000    8.8793902973e-05    3.6880032954e-03
 661.0000000000    8.8798616894e-05    3.6876160750e-03
 661.5000000000    8.8801022914e-05    3.6872337854e-03
 662.0000000000    8.8800870243e-05    3.6868795028e-03
 662.5000000000    8.8797999885e-05    3.6865750990e-03
 663.0000000000    8.8792457452e-05    3.6863402434e-03
 663.5000000000    8.8784546546e-05    3.6861915797e-03
 664.0000000000    8.8774673803e-05    3.6861423154e-03
 664.5000000000    8.8763418650e-05    3.6862020644e-03
 665.0000000000    8.8751456194e-05    3.6863769804e-03
 665.5000000000    8.8739306370e-05    3.6866700272e-03
 666.0000000000    8.8727537998e-05    3.6870813173e-03
 666.5000000000    8.8716681484e-05    3.6876084382e-03
 667.0000000000    8.8707031678e-05    3.6882467263e-03
 667.5000000000    8.8698822122e-05    3.6889893392e-03
 668.0000000000    8.8692338407e-05    3.6898271550e-03
 668.5000000000    8.8687736569e-05    3.6907485612e-03
 669.0000000000    8.8685190655e-05    3.6917392119e-03
 669.5000000000    8.8684932852e-05    3.6927818491e-03
 670.0000000000    8.8687224731e-05    3.6938562984e-03
 670.5000000000    8.8692367855e-05    3.6949397374e-03
 671.0000000000    8.8700618767e-05    3.6960073344e-03
 671.5000000000    8.8712387379e-05    3.6970332673e-03
 672.0000000000    8.8727472494e-05    3.6979921207e-03
 672.5000000000    8.8746007851e-05    3.6988604597e-03
 673.0000000000    8.8767886313e-05    3.6996185092e-03
 673.5000000000    8.8792047480e-05    3.7002517351e-03
 674.0000000000    8.8817932174e-05    3.7007520606e-03
 674.5000000000    8.8844512230e-05    3.7011185935e-03
 675.0000000000    8.8870353377e-05    3.7013578007e-03
 675.5000000000    8.8894069400e-05    3.7014829228e-03
 676.0000000000    8.8914420639e-05    3.7015128422e-03
 676.5000000000    8.8930247687e-05    3.7014704284e-03
 677.0000000000    8.8940718068e-05    3.7013805854e-03
 677.5000000000    8.8945459415e-05    3.7012681872e-03
 678.0000000000    8.8944529510e-05    3.7011560766e-03
 678.5000000000    8.8938457352e-05    3.7010635522e-03
 679.0000000000    8.8928172994e-05    3.7010052068e-03
 679.5000000000    8.8914910409e-05    3.7009904427e-03
 680.0000000000    8.8900155157e-05    3.7010236189e-03
 680.5000000000    8.8885412351e-05    3.7011045690e-03
 681.0000000000    8.8872094766e-05    3.7012297205e-03
 681.5000000000    8.8861421519e-05    3.7013933912e-03
 682.0000000000    8.8854240076e-05    3.7015891025e-03
 682.5000000000    8.8851032470e-05    3.7018108188e-03
 683.0000000000    8.8851909625e-05    3.7020538053e-03
 683.5000000000    8.8856642596e-05    3.7023150824e-03
 684.0000000000    8.8864809695e-05    3.7025954235e-03
 684.5000000000    8.8875508284e-05    3.7028894206e-03
 685.0000000000    8.8888033216e-05    3.7032034959e-03
 685.5000000000    8.8901353608e-05    3.7035371168e-03
 686.0000000000    8.8914436036e-05    3.7038887623e-03
 686.5000000000    8.8926331394e-05    3.7042575761e-03
 687.0000000000    8.8936227855e-05    3.7046389768e-03
 687.5000000000    8.8943681073e-05    3.7050258482e-03
 688.0000000000    8.8948605674e-05    3.7054092325e-03
 688.5000000000    8.8951279096e-05    3.7057779725e-03
 689.0000000000    8.8952264558e-05    3.7061203299e-03
 689.5000000000    8.8952113780e-05    3.7064248294e-03
 690.0000000000    8.8951239339e-05    3.7066810789e-03
 690.5000000000    8.8949484726e-05    3.7068810567e-03
 691.0000000000    8.8946603043e-05    3.7070190007e-03
 691.5000000000    8.8941946017e-05    3.7070939166e-03
 692.0000000000    8.8934809743e-05    3.7071071213e-03
 692.5000000000    8.8924596053e-05    3.7070648059e-03
 693.0000000000    8.8910836285e-05    3.7069754946e-03
 693.5000000000    8.8893153423e-05    3.7068503556e-03
 694.0000000000    8.8871230254e-05    3.7067027389e-03
 694.5000000000    8.8844591489e-05    3.7065462845e-03
 695.0000000000    8.8812890004e-05    3.7063956566e-03
 695.5000000000    8.8775964999e-05    3.7062642891e-03
 696.0000000000    8.8733996368e-05    3.7061647357e-03
 696.5000000000    8.8687680404e-05    3.7061078570e-03
 697.0000000000    8.8638131349e-05    3.7061022117e-03
 697.5000000000    8.8586799518e-05    3.7061546500e-03
 698.0000000000    8.8535311952e-05    3.7062693869e-03
 698.5000000000    8.8485366325e-05    3.7064488942e-03
 699.0000000000    8.8438684813e-05    3.7066936465e-03
 699.5000000000    8.8396942505e-05    3.7070024650e-03
 700.0000000000    8.8361726852e-05    3.7073730920e-03
