#          time             Min_Chi
   0.0000000000    5.1145099972e-01
   0.5000000000    5.1127713637e-01
   1.0000000000    5.1094013828e-01
   1.5000000000    5.1061252516e-01
   2.0000000000    5.1034286071e-01
   2.5000000000    5.1013166717e-01
   3.0000000000    5.0993709732e-01
   3.5000000000    5.0974645865e-01
   4.0000000000    5.0955962247e-01
   4.5000000000    5.0935908817e-01
   5.0000000000    5.0916755688e-01
   5.5000000000    5.0895551761e-01
   6.0000000000    5.0875599959e-01
   6.5000000000    5.0853798742e-01
   7.0000000000    5.0832990030e-01
   7.5000000000    5.0810952289e-01
   8.0000000000    5.0789450875e-01
   8.5000000000    5.0767275305e-01
   9.0000000000    5.0745243275e-01
   9.5000000000    5.0723040144e-01
  10.0000000000    5.0700655859e-01
  10.5000000000    5.0678539889e-01
  11.0000000000    5.0655966202e-01
  11.5000000000    5.0634039876e-01
  12.0000000000    5.0611387990e-01
  12.5000000000    5.0589702490e-01
  13.0000000000    5.0567153401e-01
  13.5000000000    5.0545765204e-01
  14.0000000000    5.0523386906e-01
  14.5000000000    5.0502395206e-01
  15.0000000000    5.0480279779e-01
  15.5000000000    5.0459695579e-01
  16.0000000000    5.0437918109e-01
  16.5000000000    5.0417650196e-01
  17.0000000000    5.0396397744e-01
  17.5000000000    5.0376744762e-01
  18.0000000000    5.0355839653e-01
  18.5000000000    5.0336669421e-01
  19.0000000000    5.0316246178e-01
  19.5000000000    5.0297573189e-01
  20.0000000000    5.0277695152e-01
  20.5000000000    5.0259530031e-01
  21.0000000000    5.0240194925e-01
  21.5000000000    5.0222559122e-01
  22.0000000000    5.0203792529e-01
  22.5000000000    5.0186567818e-01
  23.0000000000    5.0168604566e-01
  23.5000000000    5.0151879402e-01
  24.0000000000    5.0134347436e-01
  24.5000000000    5.0118273510e-01
  25.0000000000    5.0101300784e-01
  25.5000000000    5.0085762216e-01
  26.0000000000    5.0069360739e-01
  26.5000000000    5.0054302874e-01
  27.0000000000    5.0038521282e-01
  27.5000000000    5.0023967376e-01
  28.0000000000    5.0008781556e-01
  28.5000000000    4.9994724268e-01
  29.0000000000    4.9980120481e-01
  29.5000000000    4.9966542412e-01
  30.0000000000    4.9952510322e-01
  30.5000000000    4.9939384072e-01
  31.0000000000    4.9925825220e-01
  31.5000000000    4.9913201277e-01
  32.0000000000    4.9900389158e-01
  32.5000000000    4.9888249870e-01
  33.0000000000    4.9875735655e-01
  33.5000000000    4.9864043187e-01
  34.0000000000    4.9852155728e-01
  34.5000000000    4.9840870237e-01
  35.0000000000    4.9829426453e-01
  35.5000000000    4.9818611363e-01
  36.0000000000    4.9807645874e-01
  36.5000000000    4.9797240077e-01
  37.0000000000    4.9786718089e-01
  37.5000000000    4.9776729795e-01
  38.0000000000    4.9766641536e-01
  38.5000000000    4.9757072762e-01
  39.0000000000    4.9747390631e-01
  39.5000000000    4.9738228331e-01
  40.0000000000    4.9728933089e-01
  40.5000000000    4.9720159152e-01
  41.0000000000    4.9711227669e-01
  41.5000000000    4.9702856283e-01
  42.0000000000    4.9694265762e-01
  42.5000000000    4.9686282938e-01
  43.0000000000    4.9678025807e-01
  43.5000000000    4.9670421471e-01
  44.0000000000    4.9662449770e-01
  44.5000000000    4.9655251545e-01
  45.0000000000    4.9647588604e-01
  45.5000000000    4.9640741385e-01
  46.0000000000    4.9633300807e-01
  46.5000000000    4.9626839372e-01
  47.0000000000    4.9619668754e-01
  47.5000000000    4.9613587647e-01
  48.0000000000    4.9606608119e-01
  48.5000000000    4.9600879124e-01
  49.0000000000    4.9594110456e-01
  49.5000000000    4.9588775713e-01
  50.0000000000    4.9582185174e-01
  50.5000000000    4.9577214682e-01
  51.0000000000    4.9570772948e-01
  51.5000000000    4.9566169334e-01
  52.0000000000    4.9559865057e-01
  52.5000000000    4.9555569506e-01
  53.0000000000    4.9549438641e-01
  53.5000000000    4.9545217565e-01
  54.0000000000    4.9539428717e-01
  54.5000000000    4.9535224598e-01
  55.0000000000    4.9529674338e-01
  55.5000000000    4.9525268957e-01
  56.0000000000    4.9519643242e-01
  56.5000000000    4.9514395821e-01
  57.0000000000    4.9507788107e-01
  57.5000000000    4.9500659619e-01
  58.0000000000    4.9492667495e-01
  58.5000000000    4.9484788545e-01
  59.0000000000    4.9478242640e-01
  59.5000000000    4.9473203286e-01
  60.0000000000    4.9469830674e-01
  60.5000000000    4.9466727173e-01
  61.0000000000    4.9464364515e-01
  61.5000000000    4.9461272803e-01
  62.0000000000    4.9459171939e-01
  62.5000000000    4.9455928035e-01
  63.0000000000    4.9453805121e-01
  63.5000000000    4.9449928308e-01
  64.0000000000    4.9447873560e-01
  64.5000000000    4.9444130721e-01
  65.0000000000    4.9442280858e-01
  65.5000000000    4.9438717754e-01
  66.0000000000    4.9436591773e-01
  66.5000000000    4.9433398594e-01
  67.0000000000    4.9431232308e-01
  67.5000000000    4.9428365058e-01
  68.0000000000    4.9426039788e-01
  68.5000000000    4.9423608280e-01
  69.0000000000    4.9421141166e-01
  69.5000000000    4.9419088103e-01
  70.0000000000    4.9416472112e-01
  70.5000000000    4.9414846277e-01
  71.0000000000    4.9412103941e-01
  71.5000000000    4.9410893137e-01
  72.0000000000    4.9407971717e-01
  72.5000000000    4.9406827419e-01
  73.0000000000    4.9404081687e-01
  73.5000000000    4.9402753379e-01
  74.0000000000    4.9400464739e-01
  74.5000000000    4.9398940647e-01
  75.0000000000    4.9397107726e-01
  75.5000000000    4.9395375637e-01
  76.0000000000    4.9394009733e-01
  76.5000000000    4.9392056513e-01
  77.0000000000    4.9391157844e-01
  77.5000000000    4.9388938678e-01
  78.0000000000    4.9388448530e-01
  78.5000000000    4.9386099657e-01
  79.0000000000    4.9385373187e-01
  79.5000000000    4.9383537750e-01
  80.0000000000    4.9382507169e-01
  80.5000000000    4.9381150335e-01
  81.0000000000    4.9379788998e-01
  81.5000000000    4.9378962122e-01
  82.0000000000    4.9377447069e-01
  82.5000000000    4.9377352428e-01
  83.0000000000    4.9375477320e-01
  83.5000000000    4.9375037492e-01
  84.0000000000    4.9373284306e-01
  84.5000000000    4.9372708191e-01
  85.0000000000    4.9371704512e-01
  85.5000000000    4.9370766149e-01
  86.0000000000    4.9370309561e-01
  86.5000000000    4.9369027215e-01
  87.0000000000    4.9369156839e-01
  87.5000000000    4.9367471934e-01
  88.0000000000    4.9367381542e-01
  88.5000000000    4.9366211637e-01
  89.0000000000    4.9365729125e-01
  89.5000000000    4.9365199709e-01
  90.0000000000    4.9364317167e-01
  90.5000000000    4.9364443763e-01
  91.0000000000    4.9363157376e-01
  91.5000000000    4.9363384309e-01
  92.0000000000    4.9362251333e-01
  92.5000000000    4.9362061321e-01
  93.0000000000    4.9361636311e-01
  93.5000000000    4.9360994761e-01
  94.0000000000    4.9361281253e-01
  94.5000000000    4.9360191908e-01
  95.0000000000    4.9360568657e-01
  95.5000000000    4.9359668902e-01
  96.0000000000    4.9359587864e-01
  96.5000000000    4.9359444635e-01
  97.0000000000    4.9358871313e-01
  97.5000000000    4.9359521404e-01
  98.0000000000    4.9358447197e-01
  98.5000000000    4.9358790847e-01
  99.0000000000    4.9358309700e-01
  99.5000000000    4.9358155147e-01
 100.0000000000    4.9358519883e-01
 100.5000000000    4.9357860687e-01
 101.0000000000    4.9358572403e-01
 101.5000000000    4.9357841126e-01
 102.0000000000    4.9357978869e-01
 102.5000000000    4.9358141004e-01
 103.0000000000    4.9357755087e-01
 103.5000000000    4.9358720682e-01
 104.0000000000    4.9357878018e-01
 104.5000000000    4.9358242571e-01
 105.0000000000    4.9358322842e-01
 105.5000000000    4.9358126907e-01
 106.0000000000    4.9359169295e-01
 106.5000000000    4.9358378533e-01
 107.0000000000    4.9358883982e-01
 107.5000000000    4.9359001213e-01
 108.0000000000    4.9358888439e-01
 108.5000000000    4.9360023365e-01
 109.0000000000    4.9359293938e-01
 109.5000000000    4.9359828157e-01
 110.0000000000    4.9360110318e-01
 110.5000000000    4.9360015596e-01
 111.0000000000    4.9361153817e-01
 111.5000000000    4.9360625539e-01
 112.0000000000    4.9361109461e-01
 112.5000000000    4.9361686745e-01
 113.0000000000    4.9361509959e-01
 113.5000000000    4.9362541858e-01
 114.0000000000    4.9362385433e-01
 114.5000000000    4.9362738413e-01
 115.0000000000    4.9363750872e-01
 115.5000000000    4.9363399659e-01
 116.0000000000    4.9364212748e-01
 116.5000000000    4.9364564880e-01
 117.0000000000    4.9364671647e-01
 117.5000000000    4.9365922364e-01
 118.0000000000    4.9365646715e-01
 118.5000000000    4.9366163331e-01
 119.0000000000    4.9367160143e-01
 119.5000000000    4.9366964204e-01
 120.0000000000    4.9367895061e-01
 120.5000000000    4.9368394211e-01
 121.0000000000    4.9368547917e-01
 121.5000000000    4.9369761071e-01
 122.0000000000    4.9369721371e-01
 122.5000000000    4.9370177846e-01
 123.0000000000    4.9371557719e-01
 123.5000000000    4.9371265583e-01
 124.0000000000    4.9372018023e-01
 124.5000000000    4.9373004944e-01
 125.0000000000    4.9372964825e-01
 125.5000000000    4.9373935203e-01
 126.0000000000    4.9374572990e-01
 126.5000000000    4.9374774608e-01
 127.0000000000    4.9375951151e-01
 127.5000000000    4.9376272861e-01
 128.0000000000    4.9376643921e-01
 128.5000000000    4.9378013694e-01
 129.0000000000    4.9378125298e-01
 129.5000000000    4.9378619057e-01
 130.0000000000    4.9380092802e-01
 130.5000000000    4.9380039959e-01
 131.0000000000    4.9380645418e-01
 131.5000000000    4.9382191747e-01
 132.0000000000    4.9382037988e-01
 132.5000000000    4.9382747542e-01
 133.0000000000    4.9384249935e-01
 133.5000000000    4.9384082958e-01
 134.0000000000    4.9384838599e-01
 134.5000000000    4.9386365984e-01
 135.0000000000    4.9386232345e-01
 135.5000000000    4.9386992135e-01
 136.0000000000    4.9388597114e-01
 136.5000000000    4.9388463659e-01
 137.0000000000    4.9389173079e-01
 137.5000000000    4.9390736646e-01
 138.0000000000    4.9390730421e-01
 138.5000000000    4.9391388884e-01
 139.0000000000    4.9392856839e-01
 139.5000000000    4.9393062119e-01
 140.0000000000    4.9393628638e-01
 140.5000000000    4.9394988582e-01
 141.0000000000    4.9395470963e-01
 141.5000000000    4.9395909587e-01
 142.0000000000    4.9397112500e-01
 142.5000000000    4.9397947156e-01
 143.0000000000    4.9398241284e-01
 143.5000000000    4.9399276512e-01
 144.0000000000    4.9400540176e-01
 144.5000000000    4.9400644208e-01
 145.0000000000    4.9401468198e-01
 145.5000000000    4.9403012300e-01
 146.0000000000    4.9403138859e-01
 146.5000000000    4.9403742784e-01
 147.0000000000    4.9405043344e-01
 147.5000000000    4.9405783393e-01
 148.0000000000    4.9406122403e-01
 148.5000000000    4.9407136526e-01
 149.0000000000    4.9408577287e-01
 149.5000000000    4.9408650309e-01
 150.0000000000    4.9409369939e-01
 150.5000000000    4.9410737449e-01
 151.0000000000    4.9411370055e-01
 151.5000000000    4.9411765965e-01
 152.0000000000    4.9412781150e-01
 152.5000000000    4.9414311808e-01
 153.0000000000    4.9414373808e-01
 153.5000000000    4.9415032939e-01
 154.0000000000    4.9416280733e-01
 154.5000000000    4.9417256707e-01
 155.0000000000    4.9417529204e-01
 155.5000000000    4.9418366484e-01
 156.0000000000    4.9419765160e-01
 156.5000000000    4.9420332647e-01
 157.0000000000    4.9420755389e-01
 157.5000000000    4.9421711345e-01
 158.0000000000    4.9423185551e-01
 158.5000000000    4.9423467157e-01
 159.0000000000    4.9423950846e-01
 159.5000000000    4.9424982261e-01
 160.0000000000    4.9426529047e-01
 160.5000000000    4.9426753619e-01
 161.0000000000    4.9427239792e-01
 161.5000000000    4.9428181519e-01
 162.0000000000    4.9429612406e-01
 162.5000000000    4.9429894037e-01
 163.0000000000    4.9430396414e-01
 163.5000000000    4.9431332574e-01
 164.0000000000    4.9432687651e-01
 164.5000000000    4.9433201581e-01
 165.0000000000    4.9433578603e-01
 165.5000000000    4.9434371731e-01
 166.0000000000    4.9435567672e-01
 166.5000000000    4.9436514231e-01
 167.0000000000    4.9436751830e-01
 167.5000000000    4.9437393009e-01
 168.0000000000    4.9438412977e-01
 168.5000000000    4.9439797482e-01
 169.0000000000    4.9440054366e-01
 169.5000000000    4.9440474941e-01
 170.0000000000    4.9441252963e-01
 170.5000000000    4.9442379821e-01
 171.0000000000    4.9443527010e-01
 171.5000000000    4.9443705333e-01
 172.0000000000    4.9444216812e-01
 172.5000000000    4.9445049583e-01
 173.0000000000    4.9446188439e-01
 173.5000000000    4.9447183175e-01
 174.0000000000    4.9447386620e-01
 174.5000000000    4.9447885421e-01
 175.0000000000    4.9448673044e-01
 175.5000000000    4.9449742723e-01
 176.0000000000    4.9450918123e-01
 176.5000000000    4.9451057740e-01
 177.0000000000    4.9451461845e-01
 177.5000000000    4.9452127938e-01
 178.0000000000    4.9453040378e-01
 178.5000000000    4.9454188488e-01
 179.0000000000    4.9454758548e-01
 179.5000000000    4.9455017492e-01
 180.0000000000    4.9455495631e-01
 180.5000000000    4.9456186940e-01
 181.0000000000    4.9457088170e-01
 181.5000000000    4.9458189099e-01
 182.0000000000    4.9458649014e-01
 182.5000000000    4.9458886859e-01
 183.0000000000    4.9459306297e-01
 183.5000000000    4.9459894040e-01
 184.0000000000    4.9460640224e-01
 184.5000000000    4.9461538169e-01
 185.0000000000    4.9462382152e-01
 185.5000000000    4.9462447122e-01
 186.0000000000    4.9462660009e-01
 186.5000000000    4.9463010367e-01
 187.0000000000    4.9463495890e-01
 187.5000000000    4.9464120622e-01
 188.0000000000    4.9464879684e-01
 188.5000000000    4.9465766403e-01
 189.0000000000    4.9465890303e-01
 189.5000000000    4.9466063910e-01
 190.0000000000    4.9466358783e-01
 190.5000000000    4.9466763257e-01
 191.0000000000    4.9467265917e-01
 191.5000000000    4.9467855922e-01
 192.0000000000    4.9468528407e-01
 192.5000000000    4.9469278234e-01
 193.0000000000    4.9469760247e-01
 193.5000000000    4.9469826606e-01
 194.0000000000    4.9469974416e-01
 194.5000000000    4.9470194278e-01
 195.0000000000    4.9470469741e-01
 195.5000000000    4.9470804528e-01
 196.0000000000    4.9471203443e-01
 196.5000000000    4.9471646750e-01
 197.0000000000    4.9472126054e-01
 197.5000000000    4.9472641557e-01
 198.0000000000    4.9473189162e-01
 198.5000000000    4.9473473964e-01
 199.0000000000    4.9473493608e-01
 199.5000000000    4.9473552416e-01
 200.0000000000    4.9473645818e-01
 200.5000000000    4.9473760093e-01
 201.0000000000    4.9473889565e-01
 201.5000000000    4.9474037059e-01
 202.0000000000    4.9474198582e-01
 202.5000000000    4.9474370866e-01
 203.0000000000    4.9474553006e-01
 203.5000000000    4.9474741807e-01
 204.0000000000    4.9474923869e-01
 204.5000000000    4.9475088863e-01
 205.0000000000    4.9475234760e-01
 205.5000000000    4.9475361159e-01
 206.0000000000    4.9475467566e-01
 206.5000000000    4.9475554594e-01
 207.0000000000    4.9475624508e-01
 207.5000000000    4.9475674255e-01
 208.0000000000    4.9475694194e-01
 208.5000000000    4.9475684279e-01
 209.0000000000    4.9475646837e-01
 209.5000000000    4.9475577407e-01
 210.0000000000    4.9475472697e-01
 210.5000000000    4.9475337356e-01
 211.0000000000    4.9475170698e-01
 211.5000000000    4.9474969440e-01
 212.0000000000    4.9474730818e-01
 212.5000000000    4.9474457015e-01
 213.0000000000    4.9474150513e-01
 213.5000000000    4.9473811870e-01
 214.0000000000    4.9473441594e-01
 214.5000000000    4.9473044571e-01
 215.0000000000    4.9472625580e-01
 215.5000000000    4.9472178815e-01
 216.0000000000    4.9471704194e-01
 216.5000000000    4.9471210309e-01
 217.0000000000    4.9470702262e-01
 217.5000000000    4.9470182610e-01
 218.0000000000    4.9469659223e-01
 218.5000000000    4.9469134168e-01
 219.0000000000    4.9468601314e-01
 219.5000000000    4.9468059298e-01
 220.0000000000    4.9467519329e-01
 220.5000000000    4.9466995234e-01
 221.0000000000    4.9466501650e-01
 221.5000000000    4.9466054721e-01
 222.0000000000    4.9465382241e-01
 222.5000000000    4.9464361229e-01
 223.0000000000    4.9463352854e-01
 223.5000000000    4.9462355911e-01
 224.0000000000    4.9461378296e-01
 224.5000000000    4.9460434938e-01
 225.0000000000    4.9459550903e-01
 225.5000000000    4.9458752277e-01
 226.0000000000    4.9458051896e-01
 226.5000000000    4.9457420390e-01
 227.0000000000    4.9455937830e-01
 227.5000000000    4.9454524195e-01
 228.0000000000    4.9453190898e-01
 228.5000000000    4.9451961305e-01
 229.0000000000    4.9450866717e-01
 229.5000000000    4.9449925773e-01
 230.0000000000    4.9449084823e-01
 230.5000000000    4.9447241489e-01
 231.0000000000    4.9445527591e-01
 231.5000000000    4.9443954622e-01
 232.0000000000    4.9442548175e-01
 232.5000000000    4.9441341427e-01
 233.0000000000    4.9439944457e-01
 233.5000000000    4.9437784460e-01
 234.0000000000    4.9435874912e-01
 234.5000000000    4.9434241083e-01
 235.0000000000    4.9432903956e-01
 235.5000000000    4.9431348748e-01
 236.0000000000    4.9428994725e-01
 236.5000000000    4.9426917665e-01
 237.0000000000    4.9425130050e-01
 237.5000000000    4.9423665101e-01
 238.0000000000    4.9420940956e-01
 238.5000000000    4.9418423631e-01
 239.0000000000    4.9416325879e-01
 239.5000000000    4.9414669545e-01
 240.0000000000    4.9411681137e-01
 240.5000000000    4.9408930197e-01
 241.0000000000    4.9406648607e-01
 241.5000000000    4.9404425122e-01
 242.0000000000    4.9401145421e-01
 242.5000000000    4.9398486455e-01
 243.0000000000    4.9396465139e-01
 243.5000000000    4.9393189592e-01
 244.0000000000    4.9390068705e-01
 244.5000000000    4.9387526407e-01
 245.0000000000    4.9384068904e-01
 245.5000000000    4.9380448255e-01
 246.0000000000    4.9377635808e-01
 246.5000000000    4.9374035280e-01
 247.0000000000    4.9370410034e-01
 247.5000000000    4.9367649167e-01
 248.0000000000    4.9363489774e-01
 248.5000000000    4.9359702136e-01
 249.0000000000    4.9356398642e-01
 249.5000000000    4.9351676291e-01
 250.0000000000    4.9348036704e-01
 250.5000000000    4.9343747236e-01
 251.0000000000    4.9339407036e-01
 251.5000000000    4.9335686106e-01
 252.0000000000    4.9330533447e-01
 252.5000000000    4.9326589854e-01
 253.0000000000    4.9321211637e-01
 253.5000000000    4.9316682246e-01
 254.0000000000    4.9311537552e-01
 254.5000000000    4.9306516697e-01
 255.0000000000    4.9301376068e-01
 255.5000000000    4.9295854571e-01
 256.0000000000    4.9290502856e-01
 256.5000000000    4.9284599322e-01
 257.0000000000    4.9278962550e-01
 257.5000000000    4.9272858894e-01
 258.0000000000    4.9266811649e-01
 258.5000000000    4.9260615432e-01
 259.0000000000    4.9253989891e-01
 259.5000000000    4.9247811239e-01
 260.0000000000    4.9240458773e-01
 260.5000000000    4.9234250252e-01
 261.0000000000    4.9226225168e-01
 261.5000000000    4.9219030866e-01
 262.0000000000    4.9211376274e-01
 262.5000000000    4.9203144558e-01
 263.0000000000    4.9195746895e-01
 263.5000000000    4.9186836255e-01
 264.0000000000    4.9178263539e-01
 264.5000000000    4.9170301176e-01
 265.0000000000    4.9160457159e-01
 265.5000000000    4.9151087123e-01
 266.0000000000    4.9142088279e-01
 266.5000000000    4.9131563781e-01
 267.0000000000    4.9121022534e-01
 267.5000000000    4.9110722664e-01
 268.0000000000    4.9100168555e-01
 268.5000000000    4.9088349475e-01
 269.0000000000    4.9076607435e-01
 269.5000000000    4.9064845165e-01
 270.0000000000    4.9052969050e-01
 270.5000000000    4.9039817484e-01
 271.0000000000    4.9026194350e-01
 271.5000000000    4.9012335911e-01
 272.0000000000    4.8998182508e-01
 272.5000000000    4.8983680968e-01
 273.0000000000    4.8968786307e-01
 273.5000000000    4.8953454196e-01
 274.0000000000    4.8937013143e-01
 274.5000000000    4.8920085327e-01
 275.0000000000    4.8902602086e-01
 275.5000000000    4.8884470140e-01
 276.0000000000    4.8865628311e-01
 276.5000000000    4.8846066720e-01
 277.0000000000    4.8825821456e-01
 277.5000000000    4.8804944245e-01
 278.0000000000    4.8783456236e-01
 278.5000000000    4.8761313255e-01
 279.0000000000    4.8738413677e-01
 279.5000000000    4.8714234612e-01
 280.0000000000    4.8688700800e-01
 280.5000000000    4.8662199407e-01
 281.0000000000    4.8634860263e-01
 281.5000000000    4.8606804768e-01
 282.0000000000    4.8578073767e-01
 282.5000000000    4.8547833763e-01
 283.0000000000    4.8515864714e-01
 283.5000000000    4.8483007021e-01
 284.0000000000    4.8449392924e-01
 284.5000000000    4.8413394652e-01
 285.0000000000    4.8376426737e-01
 285.5000000000    4.8338998499e-01
 286.0000000000    4.8298547739e-01
 286.5000000000    4.8257479163e-01
 287.0000000000    4.8214334968e-01
 287.5000000000    4.8169621893e-01
 288.0000000000    4.8123259376e-01
 288.5000000000    4.8075172368e-01
 289.0000000000    4.8024953615e-01
 289.5000000000    4.7973580317e-01
 290.0000000000    4.7918834678e-01
 290.5000000000    4.7862823359e-01
 291.0000000000    4.7804977715e-01
 291.5000000000    4.7743764001e-01
 292.0000000000    4.7680556016e-01
 292.5000000000    4.7615005517e-01
 293.0000000000    4.7546782111e-01
 293.5000000000    4.7475556557e-01
 294.0000000000    4.7400968717e-01
 294.5000000000    4.7322604763e-01
 295.0000000000    4.7239995560e-01
 295.5000000000    4.7152613723e-01
 296.0000000000    4.7059850471e-01
 296.5000000000    4.6960976233e-01
 297.0000000000    4.6854481636e-01
 297.5000000000    4.6737717877e-01
 298.0000000000    4.6609717347e-01
 298.5000000000    4.6466997365e-01
 299.0000000000    4.6304670147e-01
 299.5000000000    4.6116887405e-01
 300.0000000000    4.5896652190e-01
 300.5000000000    4.5630130622e-01
 301.0000000000    4.5297751807e-01
 301.5000000000    4.4858711778e-01
 302.0000000000    4.3165883716e-01
 302.5000000000    4.1302486307e-01
 303.0000000000    3.9393172114e-01
 303.5000000000    3.7443131674e-01
 304.0000000000    3.5458241170e-01
 304.5000000000    3.3444959869e-01
 305.0000000000    3.1410211340e-01
 305.5000000000    2.9361272675e-01
 306.0000000000    2.7305699209e-01
 306.5000000000    2.5251313609e-01
 307.0000000000    2.3206279691e-01
 307.5000000000    2.1179273418e-01
 308.0000000000    1.9179744764e-01
 308.5000000000    1.7218240547e-01
 309.0000000000    1.5306724236e-01
 309.5000000000    1.3458795621e-01
 310.0000000000    1.1689686548e-01
 310.5000000000    1.0015906205e-01
 311.0000000000    8.4544459299e-02
 311.5000000000    7.0215395209e-02
 312.0000000000    5.7311012600e-02
 312.5000000000    4.5930961898e-02
 313.0000000000    3.6121832750e-02
 313.5000000000    2.7869589883e-02
 314.0000000000    2.1100042096e-02
 314.5000000000    1.5687371629e-02
 315.0000000000    1.1468754900e-02
 315.5000000000    8.2618471899e-03
 316.0000000000    5.8817338737e-03
 316.5000000000    4.1547101164e-03
 317.0000000000    2.9274901150e-03
 317.5000000000    2.0717143849e-03
 318.0000000000    1.4845851433e-03
 318.5000000000    1.0869077156e-03
 319.0000000000    8.1976082810e-04
 319.5000000000    6.4069639607e-04
 320.0000000000    5.2003563390e-04
 320.5000000000    4.3758640103e-04
 321.0000000000    3.7993939771e-04
 321.5000000000    3.3837600484e-04
 322.0000000000    3.0733267246e-04
 322.5000000000    2.8331961874e-04
 323.0000000000    2.6418119272e-04
 323.5000000000    2.4859911986e-04
 324.0000000000    2.3576358238e-04
 324.5000000000    2.2515985983e-04
 325.0000000000    2.1643498043e-04
 325.5000000000    2.0931937512e-04
 326.0000000000    2.0358501551e-04
 326.5000000000    1.9902613949e-04
 327.0000000000    1.9545255448e-04
 327.5000000000    1.9268890454e-04
 328.0000000000    1.9057600840e-04
 328.5000000000    1.8897230524e-04
 329.0000000000    1.8775464841e-04
 329.5000000000    1.8681832228e-04
 330.0000000000    1.8607639252e-04
 330.5000000000    1.8545858543e-04
 331.0000000000    1.8490986361e-04
 331.5000000000    1.8438881561e-04
 332.0000000000    1.8386595442e-04
 332.5000000000    1.8332198898e-04
 333.0000000000    1.8274612389e-04
 333.5000000000    1.8213442785e-04
 334.0000000000    1.8148830891e-04
 334.5000000000    1.8081313253e-04
 335.0000000000    1.8011699306e-04
 335.5000000000    1.7940965332e-04
 336.0000000000    1.7870165141e-04
 336.5000000000    1.7800357350e-04
 337.0000000000    1.7732549053e-04
 337.5000000000    1.7667654709e-04
 338.0000000000    1.7606468965e-04
 338.5000000000    1.7549651581e-04
 339.0000000000    1.7497722578e-04
 339.5000000000    1.7451065214e-04
 340.0000000000    1.7409934238e-04
 340.5000000000    1.7374467697e-04
 341.0000000000    1.7344700596e-04
 341.5000000000    1.7320579153e-04
 342.0000000000    1.7301974494e-04
 342.5000000000    1.7288695059e-04
 343.0000000000    1.7280497320e-04
 343.5000000000    1.7277094525e-04
 344.0000000000    1.7278163432e-04
 344.5000000000    1.7283349537e-04
 345.0000000000    1.7292271125e-04
 345.5000000000    1.7304522524e-04
 346.0000000000    1.7319677416e-04
 346.5000000000    1.7337292273e-04
 347.0000000000    1.7356910243e-04
 347.5000000000    1.7378065717e-04
 348.0000000000    1.7400290424e-04
 348.5000000000    1.7423120374e-04
 349.0000000000    1.7446103638e-04
 349.5000000000    1.7468808800e-04
 350.0000000000    1.7490833037e-04
 350.5000000000    1.7511809886e-04
 351.0000000000    1.7531416113e-04
 351.5000000000    1.7549377263e-04
 352.0000000000    1.7565471601e-04
 352.5000000000    1.7579532953e-04
 353.0000000000    1.7591452976e-04
 353.5000000000    1.7601181896e-04
 354.0000000000    1.7608727370e-04
 354.5000000000    1.7614150971e-04
 355.0000000000    1.7617562041e-04
 355.5000000000    1.7619109793e-04
 356.0000000000    1.7618975414e-04
 356.5000000000    1.7617365458e-04
 357.0000000000    1.7614506533e-04
 357.5000000000    1.7610640111e-04
 358.0000000000    1.7606015842e-04
 358.5000000000    1.7600882240e-04
 359.0000000000    1.7595476337e-04
 359.5000000000    1.7590015588e-04
 360.0000000000    1.7584694118e-04
 360.5000000000    1.7579683241e-04
 361.0000000000    1.7575133924e-04
 361.5000000000    1.7571177852e-04
 362.0000000000    1.7567925374e-04
 362.5000000000    1.7565461647e-04
 363.0000000000    1.7563844351e-04
 363.5000000000    1.7563104917e-04
 364.0000000000    1.7563253283e-04
 364.5000000000    1.7564283228e-04
 365.0000000000    1.7566175380e-04
 365.5000000000    1.7568896779e-04
 366.0000000000    1.7572399457e-04
 366.5000000000    1.7576620168e-04
 367.0000000000    1.7581482759e-04
 367.5000000000    1.7586902393e-04
 368.0000000000    1.7592789809e-04
 368.5000000000    1.7599053624e-04
 369.0000000000    1.7605600804e-04
 369.5000000000    1.7612336822e-04
 370.0000000000    1.7619166879e-04
 370.5000000000    1.7625997868e-04
 371.0000000000    1.7632740585e-04
 371.5000000000    1.7639311400e-04
 372.0000000000    1.7645633339e-04
 372.5000000000    1.7651636762e-04
 373.0000000000    1.7657260739e-04
 373.5000000000    1.7662455137e-04
 374.0000000000    1.7667182849e-04
 374.5000000000    1.7671422068e-04
 375.0000000000    1.7675168185e-04
 375.5000000000    1.7678434848e-04
 376.0000000000    1.7681253435e-04
 376.5000000000    1.7683670778e-04
 377.0000000000    1.7685744561e-04
 377.5000000000    1.7687536852e-04
 378.0000000000    1.7689106371e-04
 378.5000000000    1.7690500958e-04
 379.0000000000    1.7691751019e-04
 379.5000000000    1.7692864943e-04
 380.0000000000    1.7693827808e-04
 380.5000000000    1.7694604797e-04
 381.0000000000    1.7695148866e-04
 381.5000000000    1.7695412562e-04
 382.0000000000    1.7695362820e-04
 382.5000000000    1.7694995586e-04
 383.0000000000    1.7694347289e-04
 383.5000000000    1.7693500882e-04
 384.0000000000    1.7692585301e-04
 384.5000000000    1.7691767184e-04
 385.0000000000    1.7691235656e-04
 385.5000000000    1.7691181061e-04
 386.0000000000    1.7691770619e-04
 386.5000000000    1.7693125670e-04
 387.0000000000    1.7695303973e-04
 387.5000000000    1.7698290318e-04
 388.0000000000    1.7701997752e-04
 388.5000000000    1.7706279105e-04
 389.0000000000    1.7710946872e-04
 389.5000000000    1.7715798497e-04
 390.0000000000    1.7720642986e-04
 390.5000000000    1.7725324277e-04
 391.0000000000    1.7729737723e-04
 391.5000000000    1.7733836922e-04
 392.0000000000    1.7737630029e-04
 392.5000000000    1.7741167198e-04
 393.0000000000    1.7744522101e-04
 393.5000000000    1.7747771401e-04
 394.0000000000    1.7750976421e-04
 394.5000000000    1.7754170283e-04
 395.0000000000    1.7757352601e-04
 395.5000000000    1.7760491923e-04
 396.0000000000    1.7763534917e-04
 396.5000000000    1.7766419482e-04
 397.0000000000    1.7769088995e-04
 397.5000000000    1.7771503973e-04
 398.0000000000    1.7773649658e-04
 398.5000000000    1.7775537766e-04
 399.0000000000    1.7777203017e-04
 399.5000000000    1.7778695762e-04
 400.0000000000    1.7780072738e-04
 400.5000000000    1.7781387787e-04
 401.0000000000    1.7782684896e-04
 401.5000000000    1.7783994390e-04
 402.0000000000    1.7785332906e-04
 402.5000000000    1.7786706040e-04
 403.0000000000    1.7788112729e-04
 403.5000000000    1.7789549984e-04
 404.0000000000    1.7791016771e-04
 404.5000000000    1.7792516330e-04
 405.0000000000    1.7794056630e-04
 405.5000000000    1.7795649302e-04
 406.0000000000    1.7797307416e-04
 406.5000000000    1.7799042791e-04
 407.0000000000    1.7800863548e-04
 407.5000000000    1.7802772383e-04
 408.0000000000    1.7804765791e-04
 408.5000000000    1.7806834147e-04
 409.0000000000    1.7808962361e-04
 409.5000000000    1.7811130821e-04
 410.0000000000    1.7813316529e-04
 410.5000000000    1.7815494693e-04
 411.0000000000    1.7817640613e-04
 411.5000000000    1.7819731831e-04
 412.0000000000    1.7821750427e-04
 412.5000000000    1.7823685181e-04
 413.0000000000    1.7825532840e-04
 413.5000000000    1.7827298489e-04
 414.0000000000    1.7828995038e-04
 414.5000000000    1.7830641358e-04
 415.0000000000    1.7832259652e-04
 415.5000000000    1.7833872409e-04
 416.0000000000    1.7835499320e-04
 416.5000000000    1.7837154693e-04
 417.0000000000    1.7838846177e-04
 417.5000000000    1.7840574683e-04
 418.0000000000    1.7842335582e-04
 418.5000000000    1.7844120795e-04
 419.0000000000    1.7845921212e-04
 419.5000000000    1.7847728731e-04
 420.0000000000    1.7849537751e-04
 420.5000000000    1.7851345818e-04
 421.0000000000    1.7853153329e-04
 421.5000000000    1.7854962461e-04
 422.0000000000    1.7856775714e-04
 422.5000000000    1.7858594390e-04
 423.0000000000    1.7860417438e-04
 423.5000000000    1.7862240983e-04
 424.0000000000    1.7864058621e-04
 424.5000000000    1.7865862478e-04
 425.0000000000    1.7867644561e-04
 425.5000000000    1.7869398482e-04
 426.0000000000    1.7871120648e-04
 426.5000000000    1.7872811143e-04
 427.0000000000    1.7874473877e-04
 427.5000000000    1.7876116142e-04
 428.0000000000    1.7877747509e-04
 428.5000000000    1.7879378237e-04
 429.0000000000    1.7881017632e-04
 429.5000000000    1.7882672409e-04
 430.0000000000    1.7884345605e-04
 430.5000000000    1.7886036129e-04
 431.0000000000    1.7887739035e-04
 431.5000000000    1.7889446479e-04
 432.0000000000    1.7891149106e-04
 432.5000000000    1.7892837701e-04
 433.0000000000    1.7894504765e-04
 433.5000000000    1.7896145700e-04
 434.0000000000    1.7897759415e-04
 434.5000000000    1.7899348165e-04
 435.0000000000    1.7900916821e-04
 435.5000000000    1.7902471739e-04
 436.0000000000    1.7904019350e-04
 436.5000000000    1.7905565016e-04
 437.0000000000    1.7907112089e-04
 437.5000000000    1.7908661289e-04
 438.0000000000    1.7910210546e-04
 438.5000000000    1.7911755397e-04
 439.0000000000    1.7913289854e-04
 439.5000000000    1.7914807529e-04
 440.0000000000    1.7916302847e-04
 440.5000000000    1.7917772218e-04
 441.0000000000    1.7919214802e-04
 441.5000000000    1.7920632835e-04
 442.0000000000    1.7922031554e-04
 442.5000000000    1.7923418695e-04
 443.0000000000    1.7924803561e-04
 443.5000000000    1.7926195701e-04
 444.0000000000    1.7927603836e-04
 444.5000000000    1.7929034748e-04
 445.0000000000    1.7930492495e-04
 445.5000000000    1.7931978056e-04
 446.0000000000    1.7933489337e-04
 446.5000000000    1.7935021563e-04
 447.0000000000    1.7936567956e-04
 447.5000000000    1.7938120702e-04
 448.0000000000    1.7939671793e-04
 448.5000000000    1.7941213754e-04
 449.0000000000    1.7942740733e-04
 449.5000000000    1.7944249234e-04
 450.0000000000    1.7945737890e-04
 450.5000000000    1.7947207392e-04
 451.0000000000    1.7948660468e-04
 451.5000000000    1.7950101146e-04
 452.0000000000    1.7951533740e-04
 452.5000000000    1.7952961703e-04
 453.0000000000    1.7954387216e-04
 453.5000000000    1.7955810936e-04
 454.0000000000    1.7957232219e-04
 454.5000000000    1.7958649471e-04
 455.0000000000    1.7960060609e-04
 455.5000000000    1.7961463441e-04
 456.0000000000    1.7962855974e-04
 456.5000000000    1.7964236728e-04
 457.0000000000    1.7965605084e-04
 457.5000000000    1.7966961402e-04
 458.0000000000    1.7968307127e-04
 458.5000000000    1.7969644648e-04
 459.0000000000    1.7970976638e-04
 459.5000000000    1.7972305563e-04
 460.0000000000    1.7973633574e-04
 460.5000000000    1.7974961944e-04
 461.0000000000    1.7976290611e-04
 461.5000000000    1.7977618968e-04
 462.0000000000    1.7978946597e-04
 462.5000000000    1.7980273008e-04
 463.0000000000    1.7981597453e-04
 463.5000000000    1.7982919279e-04
 464.0000000000    1.7984238094e-04
 464.5000000000    1.7985553693e-04
 465.0000000000    1.7986866109e-04
 465.5000000000    1.7988175739e-04
 466.0000000000    1.7989483077e-04
 466.5000000000    1.7990788288e-04
 467.0000000000    1.7992091328e-04
 467.5000000000    1.7993392073e-04
 468.0000000000    1.7994690080e-04
 468.5000000000    1.7995984718e-04
 469.0000000000    1.7997275588e-04
 469.5000000000    1.7998562462e-04
 470.0000000000    1.7999844658e-04
 470.5000000000    1.8001121373e-04
 471.0000000000    1.8002392138e-04
 471.5000000000    1.8003656482e-04
 472.0000000000    1.8004913952e-04
 472.5000000000    1.8006164426e-04
 473.0000000000    1.8007408177e-04
 473.5000000000    1.8008645814e-04
 474.0000000000    1.8009878271e-04
 474.5000000000    1.8011106701e-04
 475.0000000000    1.8012332174e-04
 475.5000000000    1.8013555343e-04
 476.0000000000    1.8014776263e-04
 476.5000000000    1.8015994472e-04
 477.0000000000    1.8017209286e-04
 477.5000000000    1.8018420005e-04
 478.0000000000    1.8019626263e-04
 478.5000000000    1.8020828417e-04
 479.0000000000    1.8022027542e-04
 479.5000000000    1.8023225132e-04
 480.0000000000    1.8024422610e-04
 480.5000000000    1.8025620809e-04
 481.0000000000    1.8026819635e-04
 481.5000000000    1.8028018087e-04
 482.0000000000    1.8029214654e-04
 482.5000000000    1.8030407934e-04
 483.0000000000    1.8031597161e-04
 483.5000000000    1.8032782468e-04
 484.0000000000    1.8033964706e-04
 484.5000000000    1.8035144920e-04
 485.0000000000    1.8036323681e-04
 485.5000000000    1.8037500684e-04
 486.0000000000    1.8038674839e-04
 486.5000000000    1.8039844706e-04
 487.0000000000    1.8041009122e-04
 487.5000000000    1.8042167787e-04
 488.0000000000    1.8043321445e-04
 488.5000000000    1.8044471443e-04
 489.0000000000    1.8045619020e-04
 489.5000000000    1.8046764603e-04
 490.0000000000    1.8047907641e-04
 490.5000000000    1.8049046656e-04
 491.0000000000    1.8050179951e-04
 491.5000000000    1.8051306305e-04
 492.0000000000    1.8052425645e-04
 492.5000000000    1.8053538925e-04
 493.0000000000    1.8054647719e-04
 493.5000000000    1.8055753549e-04
 494.0000000000    1.8056857364e-04
 494.5000000000    1.8057959332e-04
 495.0000000000    1.8059059106e-04
 495.5000000000    1.8060156274e-04
 496.0000000000    1.8061250648e-04
 496.5000000000    1.8062342208e-04
 497.0000000000    1.8063430804e-04
 497.5000000000    1.8064515754e-04
 498.0000000000    1.8065595557e-04
 498.5000000000    1.8066667885e-04
 499.0000000000    1.8067729926e-04
 499.5000000000    1.8068778939e-04
 500.0000000000    1.8069812803e-04
 500.5000000000    1.8070830366e-04
 501.0000000000    1.8071831727e-04
 501.5000000000    1.8072818630e-04
 502.0000000000    1.8073795096e-04
 502.5000000000    1.8074768187e-04
 503.0000000000    1.8075748627e-04
 503.5000000000    1.8076750905e-04
 504.0000000000    1.8077792406e-04
 504.5000000000    1.8078891352e-04
 505.0000000000    1.8080063761e-04
 505.5000000000    1.8081319991e-04
 506.0000000000    1.8082661210e-04
 506.5000000000    1.8084076002e-04
 507.0000000000    1.8085538516e-04
 507.5000000000    1.8087008730e-04
 508.0000000000    1.8088433728e-04
 508.5000000000    1.8089750459e-04
 509.0000000000    1.8090891583e-04
 509.5000000000    1.8091793516e-04
 510.0000000000    1.8092404773e-04
 510.5000000000    1.8092694632e-04
 511.0000000000    1.8092661140e-04
 511.5000000000    1.8092336192e-04
 512.0000000000    1.8091786181e-04
 512.5000000000    1.8091107583e-04
 513.0000000000    1.8090417281e-04
 513.5000000000    1.8089838607e-04
 514.0000000000    1.8089485492e-04
 514.5000000000    1.8089447900e-04
 515.0000000000    1.8089781338e-04
 515.5000000000    1.8090502086e-04
 516.0000000000    1.8091588755e-04
 516.5000000000    1.8092989239e-04
 517.0000000000    1.8094631665e-04
 517.5000000000    1.8096437010e-04
 518.0000000000    1.8098331034e-04
 518.5000000000    1.8100253714e-04
 519.0000000000    1.8102164568e-04
 519.5000000000    1.8104043376e-04
 520.0000000000    1.8105886255e-04
 520.5000000000    1.8107698690e-04
 521.0000000000    1.8109487477e-04
 521.5000000000    1.8111254041e-04
 522.0000000000    1.8112990970e-04
 522.5000000000    1.8114682529e-04
 523.0000000000    1.8116308547e-04
 523.5000000000    1.8117849951e-04
 524.0000000000    1.8119293968e-04
 524.5000000000    1.8120637533e-04
 525.0000000000    1.8121887822e-04
 525.5000000000    1.8123060076e-04
 526.0000000000    1.8124173938e-04
 526.5000000000    1.8125249246e-04
 527.0000000000    1.8126302425e-04
 527.5000000000    1.8127343700e-04
 528.0000000000    1.8128376015e-04
 528.5000000000    1.8129396741e-04
 529.0000000000    1.8130399906e-04
 529.5000000000    1.8131378233e-04
 530.0000000000    1.8132326469e-04
 530.5000000000    1.8133243353e-04
 531.0000000000    1.8134131440e-04
 531.5000000000    1.8134995952e-04
 532.0000000000    1.8135844018e-04
 532.5000000000    1.8136683544e-04
 533.0000000000    1.8137521767e-04
 533.5000000000    1.8138364920e-04
 534.0000000000    1.8139218070e-04
 534.5000000000    1.8140084750e-04
 535.0000000000    1.8140966627e-04
 535.5000000000    1.8141863475e-04
 536.0000000000    1.8142773498e-04
 536.5000000000    1.8143693956e-04
 537.0000000000    1.8144621872e-04
 537.5000000000    1.8145554932e-04
 538.0000000000    1.8146492346e-04
 538.5000000000    1.8147435765e-04
 539.0000000000    1.8148390073e-04
 539.5000000000    1.8149363821e-04
 540.0000000000    1.8150369170e-04
 540.5000000000    1.8151420731e-04
 541.0000000000    1.8152532868e-04
 541.5000000000    1.8153716181e-04
 542.0000000000    1.8154974153e-04
 542.5000000000    1.8156299356e-04
 543.0000000000    1.8157670147e-04
 543.5000000000    1.8159049528e-04
 544.0000000000    1.8160386365e-04
 544.5000000000    1.8161618696e-04
 545.0000000000    1.8162679004e-04
 545.5000000000    1.8163503218e-04
 546.0000000000    1.8164041723e-04
 546.5000000000    1.8164269818e-04
 547.0000000000    1.8164197561e-04
 547.5000000000    1.8163877023e-04
 548.0000000000    1.8163404674e-04
 548.5000000000    1.8162917973e-04
 549.0000000000    1.8162586092e-04
 549.5000000000    1.8162594892e-04
 550.0000000000    1.8163127030e-04
 550.5000000000    1.8164338782e-04
 551.0000000000    1.8166337219e-04
 551.5000000000    1.8169160765e-04
 552.0000000000    1.8172767071e-04
 552.5000000000    1.8177030783e-04
 553.0000000000    1.8181753386e-04
 553.5000000000    1.8186683538e-04
 554.0000000000    1.8191545858e-04
 554.5000000000    1.8196072674e-04
 555.0000000000    1.8200034998e-04
 555.5000000000    1.8203267766e-04
 556.0000000000    1.8205685025e-04
 556.5000000000    1.8207283593e-04
 557.0000000000    1.8208134244e-04
 557.5000000000    1.8208362161e-04
 558.0000000000    1.8208120356e-04
 558.5000000000    1.8207561261e-04
 559.0000000000    1.8206812760e-04
 559.5000000000    1.8205963507e-04
 560.0000000000    1.8205060352e-04
 560.5000000000    1.8204117110e-04
 561.0000000000    1.8203130786e-04
 561.5000000000    1.8202099861e-04
 562.0000000000    1.8201039007e-04
 562.5000000000    1.8199986075e-04
 563.0000000000    1.8198999894e-04
 563.5000000000    1.8198150128e-04
 564.0000000000    1.8197502654e-04
 564.5000000000    1.8197104679e-04
 565.0000000000    1.8196973900e-04
 565.5000000000    1.8197094642e-04
 566.0000000000    1.8197421788e-04
 566.5000000000    1.8197891828e-04
 567.0000000000    1.8198438675e-04
 567.5000000000    1.8199009120e-04
 568.0000000000    1.8199573643e-04
 568.5000000000    1.8200130852e-04
 569.0000000000    1.8200704455e-04
 569.5000000000    1.8201334384e-04
 570.0000000000    1.8202065108e-04
 570.5000000000    1.8202933459e-04
 571.0000000000    1.8203960155e-04
 571.5000000000    1.8205146008e-04
 572.0000000000    1.8206471683e-04
 572.5000000000    1.8207901083e-04
 573.0000000000    1.8209387294e-04
 573.5000000000    1.8210879252e-04
 574.0000000000    1.8212328249e-04
 574.5000000000    1.8213693490e-04
 575.0000000000    1.8214945940e-04
 575.5000000000    1.8216070079e-04
 576.0000000000    1.8217064018e-04
 576.5000000000    1.8217937818e-04
 577.0000000000    1.8218711397e-04
 577.5000000000    1.8219410871e-04
 578.0000000000    1.8220064704e-04
 578.5000000000    1.8220699872e-04
 579.0000000000    1.8221338131e-04
 579.5000000000    1.8221993330e-04
 580.0000000000    1.8222670509e-04
 580.5000000000    1.8223366498e-04
 581.0000000000    1.8224072492e-04
 581.5000000000    1.8224777212e-04
 582.0000000000    1.8225470337e-04
 582.5000000000    1.8226145322e-04
 583.0000000000    1.8226800758e-04
 583.5000000000    1.8227440222e-04
 584.0000000000    1.8228071233e-04
 584.5000000000    1.8228703025e-04
 585.0000000000    1.8229344599e-04
 585.5000000000    1.8230002797e-04
 586.0000000000    1.8230681503e-04
 586.5000000000    1.8231380999e-04
 587.0000000000    1.8232099132e-04
 587.5000000000    1.8232831821e-04
 588.0000000000    1.8233574293e-04
 588.5000000000    1.8234322084e-04
 589.0000000000    1.8235071839e-04
 589.5000000000    1.8235821413e-04
 590.0000000000    1.8236569669e-04
 590.5000000000    1.8237316621e-04
 591.0000000000    1.8238062777e-04
 591.5000000000    1.8238808564e-04
 592.0000000000    1.8239554812e-04
 592.5000000000    1.8240302656e-04
 593.0000000000    1.8241052854e-04
 593.5000000000    1.8241805671e-04
 594.0000000000    1.8242561216e-04
 594.5000000000    1.8243319596e-04
 595.0000000000    1.8244080519e-04
 595.5000000000    1.8244842779e-04
 596.0000000000    1.8245604970e-04
 596.5000000000    1.8246365806e-04
 597.0000000000    1.8247123783e-04
 597.5000000000    1.8247877503e-04
 598.0000000000    1.8248625881e-04
 598.5000000000    1.8249367902e-04
 599.0000000000    1.8250102333e-04
 599.5000000000    1.8250827818e-04
 600.0000000000    1.8251542523e-04
 600.5000000000    1.8252244111e-04
 601.0000000000    1.8252929572e-04
 601.5000000000    1.8253595217e-04
 602.0000000000    1.8254237034e-04
 602.5000000000    1.8254850858e-04
 603.0000000000    1.8255433477e-04
 603.5000000000    1.8255982643e-04
 604.0000000000    1.8256497450e-04
 604.5000000000    1.8256978729e-04
 605.0000000000    1.8257429276e-04
 605.5000000000    1.8257853542e-04
 606.0000000000    1.8258257815e-04
 606.5000000000    1.8258650231e-04
 607.0000000000    1.8259039931e-04
 607.5000000000    1.8259437321e-04
 608.0000000000    1.8259853456e-04
 608.5000000000    1.8260299360e-04
 609.0000000000    1.8260785683e-04
 609.5000000000    1.8261322055e-04
 610.0000000000    1.8261916396e-04
 610.5000000000    1.8262574656e-04
 611.0000000000    1.8263300499e-04
 611.5000000000    1.8264094981e-04
 612.0000000000    1.8264956735e-04
 612.5000000000    1.8265882472e-04
 613.0000000000    1.8266867232e-04
 613.5000000000    1.8267904885e-04
 614.0000000000    1.8268989079e-04
 614.5000000000    1.8270113329e-04
 615.0000000000    1.8271271568e-04
 615.5000000000    1.8272458264e-04
 616.0000000000    1.8273668055e-04
 616.5000000000    1.8274895634e-04
 617.0000000000    1.8276135161e-04
 617.5000000000    1.8277379940e-04
 618.0000000000    1.8278621909e-04
 618.5000000000    1.8279851255e-04
 619.0000000000    1.8281056077e-04
 619.5000000000    1.8282222913e-04
 620.0000000000    1.8283336705e-04
 620.5000000000    1.8284381781e-04
 621.0000000000    1.8285342661e-04
 621.5000000000    1.8286205330e-04
 622.0000000000    1.8286958255e-04
 622.5000000000    1.8287593708e-04
 623.0000000000    1.8288108589e-04
 623.5000000000    1.8288504967e-04
 624.0000000000    1.8288790447e-04
 624.5000000000    1.8288978096e-04
 625.0000000000    1.8289085859e-04
 625.5000000000    1.8289135689e-04
 626.0000000000    1.8289152212e-04
 626.5000000000    1.8289161117e-04
 627.0000000000    1.8289187191e-04
 627.5000000000    1.8289252553e-04
 628.0000000000    1.8289375652e-04
 628.5000000000    1.8289569893e-04
 629.0000000000    1.8289842978e-04
 629.5000000000    1.8290197464e-04
 630.0000000000    1.8290631157e-04
 630.5000000000    1.8291137925e-04
 631.0000000000    1.8291709418e-04
 631.5000000000    1.8292336684e-04
 632.0000000000    1.8293011341e-04
 632.5000000000    1.8293727128e-04
 633.0000000000    1.8294480462e-04
 633.5000000000    1.8295270458e-04
 634.0000000000    1.8296098396e-04
 634.5000000000    1.8296966482e-04
 635.0000000000    1.8297876868e-04
 635.5000000000    1.8298830595e-04
 636.0000000000    1.8299826092e-04
 636.5000000000    1.8300858581e-04
 637.0000000000    1.8301920023e-04
 637.5000000000    1.8302999061e-04
 638.0000000000    1.8304081615e-04
 638.5000000000    1.8305151802e-04
 639.0000000000    1.8306193093e-04
 639.5000000000    1.8307189659e-04
 640.0000000000    1.8308127756e-04
 640.5000000000    1.8308996782e-04
 641.0000000000    1.8309790342e-04
 641.5000000000    1.8310506902e-04
 642.0000000000    1.8311149961e-04
 642.5000000000    1.8311728132e-04
 643.0000000000    1.8312254570e-04
 643.5000000000    1.8312745539e-04
 644.0000000000    1.8313219166e-04
 644.5000000000    1.8313693812e-04
 645.0000000000    1.8314186278e-04
 645.5000000000    1.8314710672e-04
 646.0000000000    1.8315277554e-04
 646.5000000000    1.8315893519e-04
 647.0000000000    1.8316561592e-04
 647.5000000000    1.8317281785e-04
 648.0000000000    1.8318052386e-04
 648.5000000000    1.8318870638e-04
 649.0000000000    1.8319733862e-04
 649.5000000000    1.8320639552e-04
 650.0000000000    1.8321585385e-04
 650.5000000000    1.8322568539e-04
 651.0000000000    1.8323584981e-04
 651.5000000000    1.8324628360e-04
 652.0000000000    1.8325689259e-04
 652.5000000000    1.8326754773e-04
 653.0000000000    1.8327808532e-04
 653.5000000000    1.8328831263e-04
 654.0000000000    1.8329801491e-04
 654.5000000000    1.8330697102e-04
 655.0000000000    1.8331496361e-04
 655.5000000000    1.8332179507e-04
 656.0000000000    1.8332729818e-04
 656.5000000000    1.8333134427e-04
 657.0000000000    1.8333385183e-04
 657.5000000000    1.8333478820e-04
 658.0000000000    1.8333417271e-04
 658.5000000000    1.8333207618e-04
 659.0000000000    1.8332861783e-04
 659.5000000000    1.8332396400e-04
 660.0000000000    1.8331833009e-04
 660.5000000000    1.8331197280e-04
 661.0000000000    1.8330518883e-04
 661.5000000000    1.8329830961e-04
 662.0000000000    1.8329168850e-04
 662.5000000000    1.8328569006e-04
 663.0000000000    1.8328067314e-04
 663.5000000000    1.8327697323e-04
 664.0000000000    1.8327488456e-04
 664.5000000000    1.8327464447e-04
 665.0000000000    1.8327641939e-04
 665.5000000000    1.8328029874e-04
 666.0000000000    1.8328629103e-04
 666.5000000000    1.8329432919e-04
 667.0000000000    1.8330428113e-04
 667.5000000000    1.8331596316e-04
 668.0000000000    1.8332915582e-04
 668.5000000000    1.8334361953e-04
 669.0000000000    1.8335910948e-04
 669.5000000000    1.8337538556e-04
 670.0000000000    1.8339221798e-04
 670.5000000000    1.8340938764e-04
 671.0000000000    1.8342668104e-04
 671.5000000000    1.8344388238e-04
 672.0000000000    1.8346076503e-04
 672.5000000000    1.8347708418e-04
 673.0000000000    1.8349257260e-04
 673.5000000000    1.8350694193e-04
 674.0000000000    1.8351989295e-04
 674.5000000000    1.8353112875e-04
 675.0000000000    1.8354037600e-04
 675.5000000000    1.8354741149e-04
 676.0000000000    1.8355208411e-04
 676.5000000000    1.8355433699e-04
 677.0000000000    1.8355422517e-04
 677.5000000000    1.8355192208e-04
 678.0000000000    1.8354771566e-04
 678.5000000000    1.8354199691e-04
 679.0000000000    1.8353523457e-04
 679.5000000000    1.8352794296e-04
 680.0000000000    1.8352064764e-04
 680.5000000000    1.8351384375e-04
 681.0000000000    1.8350796013e-04
 681.5000000000    1.8350332982e-04
 682.0000000000    1.8350016711e-04
 682.5000000000    1.8349855689e-04
 683.0000000000    1.8349845710e-04
 683.5000000000    1.8349970897e-04
 684.0000000000    1.8350205832e-04
 684.5000000000    1.8350518267e-04
 685.0000000000    1.8350872168e-04
 685.5000000000    1.8351230733e-04
 686.0000000000    1.8351559031e-04
 686.5000000000    1.8351826108e-04
 687.0000000000    1.8352006375e-04
 687.5000000000    1.8352080289e-04
 688.0000000000    1.8352034242e-04
 688.5000000000    1.8351859966e-04
 689.0000000000    1.8351553563e-04
 689.5000000000    1.8351114421e-04
 690.0000000000    1.8350543926e-04
 690.5000000000    1.8349844476e-04
 691.0000000000    1.8349018599e-04
 691.5000000000    1.8348068525e-04
 692.0000000000    1.8346996288e-04
 692.5000000000    1.8345804328e-04
 693.0000000000    1.8344496725e-04
 693.5000000000    1.8343080662e-04
 694.0000000000    1.8341568051e-04
 694.5000000000    1.8339977194e-04
 695.0000000000    1.8338334291e-04
 695.5000000000    1.8336674443e-04
 696.0000000000    1.8335042225e-04
 696.5000000000    1.8333491384e-04
 697.0000000000    1.8332083588e-04
 697.5000000000    1.8330886212e-04
 698.0000000000    1.8329969153e-04
 698.5000000000    1.8329401108e-04
 699.0000000000    1.8329245427e-04
 699.5000000000    1.8329556027e-04
 700.0000000000    1.8330373664e-04
