#          time         max mod phi
   0.0000000000    8.4789039311e-02
   0.5000000000    8.4795608567e-02
   1.0000000000    8.4792842424e-02
   1.5000000000    8.4795430904e-02
   2.0000000000    8.4794522310e-02
   2.5000000000    8.4794645938e-02
   3.0000000000    8.4795477524e-02
   3.5000000000    8.4793049539e-02
   4.0000000000    8.4795847326e-02
   4.5000000000    8.4791859867e-02
   5.0000000000    8.4795997153e-02
   5.5000000000    8.4793747207e-02
   6.0000000000    8.4795473403e-02
   6.5000000000    8.4794825999e-02
   7.0000000000    8.4794440871e-02
   7.5000000000    8.4795713966e-02
   8.0000000000    8.4793436069e-02
   8.5000000000    8.4796425767e-02
   9.0000000000    8.4792001033e-02
   9.5000000000    8.4796380288e-02
  10.0000000000    8.4793387857e-02
  10.5000000000    8.4796027721e-02
  11.0000000000    8.4794785819e-02
  11.5000000000    8.4795809926e-02
  12.0000000000    8.4795995836e-02
  12.5000000000    8.4795107848e-02
  13.0000000000    8.4796459319e-02
  13.5000000000    8.4793893461e-02
  14.0000000000    8.4796760805e-02
  14.5000000000    8.4792894560e-02
  15.0000000000    8.4797251156e-02
  15.5000000000    8.4793679586e-02
  16.0000000000    8.4797241270e-02
  16.5000000000    8.4794634370e-02
  17.0000000000    8.4796780080e-02
  17.5000000000    8.4795501389e-02
  18.0000000000    8.4796589637e-02
  18.5000000000    8.4796618529e-02
  19.0000000000    8.4796342400e-02
  19.5000000000    8.4797199938e-02
  20.0000000000    8.4795550127e-02
  20.5000000000    8.4797381866e-02
  21.0000000000    8.4794683816e-02
  21.5000000000    8.4797842207e-02
  22.0000000000    8.4794190086e-02
  22.5000000000    8.4798284747e-02
  23.0000000000    8.4793887146e-02
  23.5000000000    8.4798139259e-02
  24.0000000000    8.4794599031e-02
  24.5000000000    8.4798002810e-02
  25.0000000000    8.4795616961e-02
  25.5000000000    8.4798237241e-02
  26.0000000000    8.4796617820e-02
  26.5000000000    8.4798038477e-02
  27.0000000000    8.4797081748e-02
  27.5000000000    8.4797505949e-02
  28.0000000000    8.4797518579e-02
  28.5000000000    8.4797283063e-02
  29.0000000000    8.4798282677e-02
  29.5000000000    8.4797142836e-02
  30.0000000000    8.4798743892e-02
  30.5000000000    8.4796517152e-02
  31.0000000000    8.4798814984e-02
  31.5000000000    8.4795847787e-02
  32.0000000000    8.4799158096e-02
  32.5000000000    8.4795526208e-02
  33.0000000000    8.4799617159e-02
  33.5000000000    8.4794977355e-02
  34.0000000000    8.4799616219e-02
  34.5000000000    8.4795513603e-02
  35.0000000000    8.4799490682e-02
  35.5000000000    8.4796367766e-02
  36.0000000000    8.4799754065e-02
  36.5000000000    8.4797379697e-02
  37.0000000000    8.4799803818e-02
  37.5000000000    8.4797969344e-02
  38.0000000000    8.4799446919e-02
  38.5000000000    8.4798437623e-02
  39.0000000000    8.4799280271e-02
  39.5000000000    8.4799239406e-02
  40.0000000000    8.4799283175e-02
  40.5000000000    8.4799895633e-02
  41.0000000000    8.4798877393e-02
  41.5000000000    8.4800146036e-02
  42.0000000000    8.4798289058e-02
  42.5000000000    8.4800542362e-02
  43.0000000000    8.4797991287e-02
  43.5000000000    8.4801138552e-02
  44.0000000000    8.4797563657e-02
  44.5000000000    8.4801358010e-02
  45.0000000000    8.4796709568e-02
  45.5000000000    8.4801366788e-02
  46.0000000000    8.4797392477e-02
  46.5000000000    8.4801630093e-02
  47.0000000000    8.4798662004e-02
  47.5000000000    8.4801846677e-02
  48.0000000000    8.4799579932e-02
  48.5000000000    8.4801566941e-02
  49.0000000000    8.4800238514e-02
  49.5000000000    8.4801346523e-02
  50.0000000000    8.4801185225e-02
  50.5000000000    8.4801290137e-02
  51.0000000000    8.4802057525e-02
  51.5000000000    8.4800875380e-02
  52.0000000000    8.4802512901e-02
  52.5000000000    8.4800133148e-02
  53.0000000000    8.4802927350e-02
  53.5000000000    8.4799530648e-02
  54.0000000000    8.4803532097e-02
  54.5000000000    8.4798944407e-02
  55.0000000000    8.4803817593e-02
  55.5000000000    8.4800197190e-02
  56.0000000000    8.4803721738e-02
  56.5000000000    8.4801339782e-02
  57.0000000000    8.4803738916e-02
  57.5000000000    8.4802664308e-02
  58.0000000000    8.4803783510e-02
  58.5000000000    8.4803660880e-02
  59.0000000000    8.4803386297e-02
  59.5000000000    8.4804245043e-02
  60.0000000000    8.4802859070e-02
  60.5000000000    8.4804975539e-02
  61.0000000000    8.4802483085e-02
  61.5000000000    8.4805748652e-02
  62.0000000000    8.4801806896e-02
  62.5000000000    8.4806074014e-02
  63.0000000000    8.4801868064e-02
  63.5000000000    8.4806182655e-02
  64.0000000000    8.4803392061e-02
  64.5000000000    8.4806433100e-02
  65.0000000000    8.4804973453e-02
  65.5000000000    8.4806423084e-02
  66.0000000000    8.4806101879e-02
  66.5000000000    8.4805895044e-02
  67.0000000000    8.4806949512e-02
  67.5000000000    8.4805301200e-02
  68.0000000000    8.4807917002e-02
  68.5000000000    8.4804686502e-02
  69.0000000000    8.4808645496e-02
  69.5000000000    8.4804303443e-02
  70.0000000000    8.4808812445e-02
  70.5000000000    8.4805963931e-02
  71.0000000000    8.4808845754e-02
  71.5000000000    8.4807712977e-02
  72.0000000000    8.4808848434e-02
  72.5000000000    8.4809231444e-02
  73.0000000000    8.4808312338e-02
  73.5000000000    8.4810146993e-02
  74.0000000000    8.4807236559e-02
  74.5000000000    8.4810827575e-02
  75.0000000000    8.4806555485e-02
  75.5000000000    8.4811476578e-02
  76.0000000000    8.4808924929e-02
  76.5000000000    8.4811605855e-02
  77.0000000000    8.4810628159e-02
  77.5000000000    8.4811027079e-02
  78.0000000000    8.4811903432e-02
  78.5000000000    8.4810267263e-02
  79.0000000000    8.4813202552e-02
  79.5000000000    8.4809307094e-02
  80.0000000000    8.4813965311e-02
  80.5000000000    8.4810825189e-02
  81.0000000000    8.4813908292e-02
  81.5000000000    8.4812801594e-02
  82.0000000000    8.4813595731e-02
  82.5000000000    8.4814655425e-02
  83.0000000000    8.4812929524e-02
  83.5000000000    8.4815926277e-02
  84.0000000000    8.4811390489e-02
  84.5000000000    8.4816345894e-02
  85.0000000000    8.4813903478e-02
  85.5000000000    8.4816359284e-02
  86.0000000000    8.4816269773e-02
  86.5000000000    8.4815965440e-02
  87.0000000000    8.4817975170e-02
  87.5000000000    8.4814597098e-02
  88.0000000000    8.4818734532e-02
  88.5000000000    8.4815654649e-02
  89.0000000000    8.4818928287e-02
  89.5000000000    8.4818354643e-02
  90.0000000000    8.4818619596e-02
  90.5000000000    8.4820365880e-02
  91.0000000000    8.4817281450e-02
  91.5000000000    8.4821292574e-02
  92.0000000000    8.4818273107e-02
  92.5000000000    8.4821466445e-02
  93.0000000000    8.4821122993e-02
  93.5000000000    8.4821026692e-02
  94.0000000000    8.4823197416e-02
  94.5000000000    8.4819456229e-02
  95.0000000000    8.4824048673e-02
  95.5000000000    8.4821804996e-02
  96.0000000000    8.4823943536e-02
  96.5000000000    8.4824536867e-02
  97.0000000000    8.4823075630e-02
  97.5000000000    8.4826376796e-02
  98.0000000000    8.4822901181e-02
  98.5000000000    8.4826820141e-02
  99.0000000000    8.4826048887e-02
  99.5000000000    8.4826077224e-02
 100.0000000000    8.4828345048e-02
 100.5000000000    8.4824476403e-02
 101.0000000000    8.4829609408e-02
 101.5000000000    8.4828133362e-02
 102.0000000000    8.4829159542e-02
 102.5000000000    8.4830596410e-02
 103.0000000000    8.4827408321e-02
 103.5000000000    8.4831999474e-02
 104.0000000000    8.4830322423e-02
 104.5000000000    8.4832100376e-02
 105.0000000000    8.4833428142e-02
 105.5000000000    8.4830457203e-02
 106.0000000000    8.4834785808e-02
 106.5000000000    8.4833012421e-02
 107.0000000000    8.4834686736e-02
 107.5000000000    8.4836268463e-02
 108.0000000000    8.4833119803e-02
 108.5000000000    8.4837866018e-02
 109.0000000000    8.4836550039e-02
 109.5000000000    8.4837412246e-02
 110.0000000000    8.4839396500e-02
 110.5000000000    8.4835604571e-02
 111.0000000000    8.4840680410e-02
 111.5000000000    8.4840382821e-02
 112.0000000000    8.4840064058e-02
 112.5000000000    8.4843052564e-02
 113.0000000000    8.4840294814e-02
 113.5000000000    8.4843512480e-02
 114.0000000000    8.4844368102e-02
 114.5000000000    8.4842076580e-02
 115.0000000000    8.4846578514e-02
 115.5000000000    8.4845505352e-02
 116.0000000000    8.4846370373e-02
 116.5000000000    8.4848762095e-02
 117.0000000000    8.4845740945e-02
 117.5000000000    8.4849661669e-02
 118.0000000000    8.4850481888e-02
 118.5000000000    8.4848322791e-02
 119.0000000000    8.4852859280e-02
 119.5000000000    8.4852061293e-02
 120.0000000000    8.4852329094e-02
 120.5000000000    8.4855228299e-02
 121.0000000000    8.4853049111e-02
 121.5000000000    8.4855841372e-02
 122.0000000000    8.4857671332e-02
 122.5000000000    8.4854458271e-02
 123.0000000000    8.4859349711e-02
 123.5000000000    8.4859907677e-02
 124.0000000000    8.4857715634e-02
 124.5000000000    8.4862248838e-02
 125.0000000000    8.4862017563e-02
 125.5000000000    8.4861722324e-02
 126.0000000000    8.4865579112e-02
 126.5000000000    8.4864607629e-02
 127.0000000000    8.4865546387e-02
 127.5000000000    8.4868519913e-02
 128.0000000000    8.4866890137e-02
 128.5000000000    8.4869057274e-02
 129.0000000000    8.4871741186e-02
 129.5000000000    8.4869894513e-02
 130.0000000000    8.4872922561e-02
 130.5000000000    8.4875103553e-02
 131.0000000000    8.4872802584e-02
 131.5000000000    8.4876257897e-02
 132.0000000000    8.4878315686e-02
 132.5000000000    8.4876136873e-02
 133.0000000000    8.4880033296e-02
 133.5000000000    8.4882125610e-02
 134.0000000000    8.4879913788e-02
 134.5000000000    8.4883535320e-02
 135.0000000000    8.4885622248e-02
 135.5000000000    8.4883680479e-02
 136.0000000000    8.4887093979e-02
 136.5000000000    8.4889690031e-02
 137.0000000000    8.4888259635e-02
 137.5000000000    8.4890888619e-02
 138.0000000000    8.4893752105e-02
 138.5000000000    8.4892713944e-02
 139.0000000000    8.4894262106e-02
 139.5000000000    8.4897867978e-02
 140.0000000000    8.4897758249e-02
 140.5000000000    8.4898058269e-02
 141.0000000000    8.4902404727e-02
 141.5000000000    8.4902982049e-02
 142.0000000000    8.4901308213e-02
 142.5000000000    8.4906447949e-02
 143.0000000000    8.4908108363e-02
 143.5000000000    8.4906333242e-02
 144.0000000000    8.4910850685e-02
 144.5000000000    8.4913642583e-02
 145.0000000000    8.4912919052e-02
 145.5000000000    8.4914593328e-02
 146.0000000000    8.4918495875e-02
 146.5000000000    8.4919169900e-02
 147.0000000000    8.4918025392e-02
 147.5000000000    8.4923484391e-02
 148.0000000000    8.4925660494e-02
 148.5000000000    8.4924571103e-02
 149.0000000000    8.4927605765e-02
 149.5000000000    8.4931186522e-02
 150.0000000000    8.4931790939e-02
 150.5000000000    8.4931043231e-02
 151.0000000000    8.4936513484e-02
 151.5000000000    8.4938965546e-02
 152.0000000000    8.4938410537e-02
 152.5000000000    8.4940674742e-02
 153.0000000000    8.4944830020e-02
 153.5000000000    8.4946251638e-02
 154.0000000000    8.4945014700e-02
 154.5000000000    8.4950021407e-02
 155.0000000000    8.4953608199e-02
 155.5000000000    8.4954450492e-02
 156.0000000000    8.4953648286e-02
 156.5000000000    8.4959211032e-02
 157.0000000000    8.4962271989e-02
 157.5000000000    8.4962912926e-02
 158.0000000000    8.4963483837e-02
 158.5000000000    8.4968980666e-02
 159.0000000000    8.4971984029e-02
 159.5000000000    8.4972548607e-02
 160.0000000000    8.4973309911e-02
 160.5000000000    8.4978722823e-02
 161.0000000000    8.4981935460e-02
 161.5000000000    8.4982983284e-02
 162.0000000000    8.4983485842e-02
 162.5000000000    8.4989290915e-02
 163.0000000000    8.4992879473e-02
 163.5000000000    8.4994340200e-02
 164.0000000000    8.4993787441e-02
 164.5000000000    8.4999711851e-02
 165.0000000000    8.5004112727e-02
 165.5000000000    8.5006576658e-02
 166.0000000000    8.5007095263e-02
 166.5000000000    8.5010576399e-02
 167.0000000000    8.5015738677e-02
 167.5000000000    8.5019072110e-02
 168.0000000000    8.5020686191e-02
 168.5000000000    8.5020863933e-02
 169.0000000000    8.5027317123e-02
 169.5000000000    8.5032038539e-02
 170.0000000000    8.5035030617e-02
 170.5000000000    8.5036346688e-02
 171.0000000000    8.5038213466e-02
 171.5000000000    8.5044233300e-02
 172.0000000000    8.5048800156e-02
 172.5000000000    8.5051940539e-02
 173.0000000000    8.5053637280e-02
 173.5000000000    8.5055949977e-02
 174.0000000000    8.5062084716e-02
 174.5000000000    8.5066808537e-02
 175.0000000000    8.5070248081e-02
 175.5000000000    8.5072503521e-02
 176.0000000000    8.5073631594e-02
 176.5000000000    8.5080473124e-02
 177.0000000000    8.5086024405e-02
 177.5000000000    8.5090304928e-02
 178.0000000000    8.5093406073e-02
 178.5000000000    8.5095460107e-02
 179.0000000000    8.5098961948e-02
 179.5000000000    8.5105580184e-02
 180.0000000000    8.5111188547e-02
 180.5000000000    8.5115745170e-02
 181.0000000000    8.5119255228e-02
 181.5000000000    8.5121799888e-02
 182.0000000000    8.5125185239e-02
 182.5000000000    8.5132047004e-02
 183.0000000000    8.5138150165e-02
 183.5000000000    8.5143471066e-02
 184.0000000000    8.5147960555e-02
 184.5000000000    8.5151609660e-02
 185.0000000000    8.5154485297e-02
 185.5000000000    8.5159840803e-02
 186.0000000000    8.5166770958e-02
 186.5000000000    8.5173139523e-02
 187.0000000000    8.5178928566e-02
 187.5000000000    8.5184084453e-02
 188.0000000000    8.5188584975e-02
 188.5000000000    8.5192481712e-02
 189.0000000000    8.5195980741e-02
 189.5000000000    8.5203588468e-02
 190.0000000000    8.5210798292e-02
 190.5000000000    8.5217601029e-02
 191.0000000000    8.5223945883e-02
 191.5000000000    8.5229801250e-02
 192.0000000000    8.5235200073e-02
 192.5000000000    8.5240239524e-02
 193.0000000000    8.5245035394e-02
 193.5000000000    8.5249687729e-02
 194.0000000000    8.5257829817e-02
 194.5000000000    8.5265661868e-02
 195.0000000000    8.5273142672e-02
 195.5000000000    8.5280285755e-02
 196.0000000000    8.5287169962e-02
 196.5000000000    8.5293901527e-02
 197.0000000000    8.5300561504e-02
 197.5000000000    8.5307169139e-02
 198.0000000000    8.5313690673e-02
 198.5000000000    8.5320082139e-02
 199.0000000000    8.5326337149e-02
 199.5000000000    8.5332507178e-02
 200.0000000000    8.5340609772e-02
 200.5000000000    8.5349151199e-02
 201.0000000000    8.5357702180e-02
 201.5000000000    8.5366240151e-02
 202.0000000000    8.5374720058e-02
 202.5000000000    8.5383117437e-02
 203.0000000000    8.5391457164e-02
 203.5000000000    8.5399809048e-02
 204.0000000000    8.5408251619e-02
 204.5000000000    8.5416830580e-02
 205.0000000000    8.5425537854e-02
 205.5000000000    8.5434329467e-02
 206.0000000000    8.5443164441e-02
 206.5000000000    8.5452040317e-02
 207.0000000000    8.5461001685e-02
 207.5000000000    8.5470116399e-02
 208.0000000000    8.5479437924e-02
 208.5000000000    8.5488974584e-02
 209.0000000000    8.5498687382e-02
 209.5000000000    8.5508520502e-02
 210.0000000000    8.5518441469e-02
 210.5000000000    8.5528468669e-02
 211.0000000000    8.5538656890e-02
 211.5000000000    8.5549061267e-02
 212.0000000000    8.5559699681e-02
 212.5000000000    8.5570539844e-02
 213.0000000000    8.5581517720e-02
 213.5000000000    8.5592574953e-02
 214.0000000000    8.5603697895e-02
 214.5000000000    8.5614921482e-02
 215.0000000000    8.5626300443e-02
 215.5000000000    8.5637860756e-02
 216.0000000000    8.5649573984e-02
 216.5000000000    8.5661366329e-02
 217.0000000000    8.5673157152e-02
 217.5000000000    8.5684902515e-02
 218.0000000000    8.5696613408e-02
 218.5000000000    8.5708333156e-02
 219.0000000000    8.5720091638e-02
 219.5000000000    8.5732614242e-02
 220.0000000000    8.5747111260e-02
 220.5000000000    8.5761592729e-02
 221.0000000000    8.5775981071e-02
 221.5000000000    8.5790258293e-02
 222.0000000000    8.5804455719e-02
 222.5000000000    8.5818603382e-02
 223.0000000000    8.5832681229e-02
 223.5000000000    8.5846602640e-02
 224.0000000000    8.5860245013e-02
 224.5000000000    8.5873499709e-02
 225.0000000000    8.5888967552e-02
 225.5000000000    8.5905887533e-02
 226.0000000000    8.5922565620e-02
 226.5000000000    8.5938982733e-02
 227.0000000000    8.5955048432e-02
 227.5000000000    8.5970620237e-02
 228.0000000000    8.5985558056e-02
 228.5000000000    8.6000358145e-02
 229.0000000000    8.6019559821e-02
 229.5000000000    8.6038200556e-02
 230.0000000000    8.6056257240e-02
 230.5000000000    8.6073634470e-02
 231.0000000000    8.6090171355e-02
 231.5000000000    8.6106017914e-02
 232.0000000000    8.6127219485e-02
 232.5000000000    8.6147404472e-02
 233.0000000000    8.6166555363e-02
 233.5000000000    8.6184638542e-02
 234.0000000000    8.6201551006e-02
 234.5000000000    8.6223887007e-02
 235.0000000000    8.6245878246e-02
 235.5000000000    8.6266337523e-02
 236.0000000000    8.6285156983e-02
 236.5000000000    8.6304836005e-02
 237.0000000000    8.6329006629e-02
 237.5000000000    8.6351530229e-02
 238.0000000000    8.6372211032e-02
 238.5000000000    8.6392409703e-02
 239.0000000000    8.6418328461e-02
 239.5000000000    8.6441989734e-02
 240.0000000000    8.6463293304e-02
 240.5000000000    8.6486251106e-02
 241.0000000000    8.6513055161e-02
 241.5000000000    8.6537302787e-02
 242.0000000000    8.6558714662e-02
 242.5000000000    8.6587163967e-02
 243.0000000000    8.6613559470e-02
 243.5000000000    8.6636681447e-02
 244.0000000000    8.6664209066e-02
 244.5000000000    8.6692530005e-02
 245.0000000000    8.6717300131e-02
 245.5000000000    8.6745831260e-02
 246.0000000000    8.6775456328e-02
 246.5000000000    8.6800831945e-02
 247.0000000000    8.6831432028e-02
 247.5000000000    8.6861325085e-02
 248.0000000000    8.6886593148e-02
 248.5000000000    8.6921110797e-02
 249.0000000000    8.6950750416e-02
 249.5000000000    8.6980974789e-02
 250.0000000000    8.7014557434e-02
 250.5000000000    8.7042333920e-02
 251.0000000000    8.7078523054e-02
 251.5000000000    8.7109782007e-02
 252.0000000000    8.7143783661e-02
 252.5000000000    8.7178404792e-02
 253.0000000000    8.7211014544e-02
 253.5000000000    8.7248406977e-02
 254.0000000000    8.7280200557e-02
 254.5000000000    8.7319853321e-02
 255.0000000000    8.7351745270e-02
 255.5000000000    8.7393439443e-02
 256.0000000000    8.7426629210e-02
 256.5000000000    8.7469598509e-02
 257.0000000000    8.7504149464e-02
 257.5000000000    8.7547960890e-02
 258.0000000000    8.7584608385e-02
 258.5000000000    8.7628318200e-02
 259.0000000000    8.7667866370e-02
 259.5000000000    8.7710880388e-02
 260.0000000000    8.7753984118e-02
 260.5000000000    8.7795272251e-02
 261.0000000000    8.7842194854e-02
 261.5000000000    8.7883631112e-02
 262.0000000000    8.7931550967e-02
 262.5000000000    8.7977792004e-02
 263.0000000000    8.8021499333e-02
 263.5000000000    8.8073000072e-02
 264.0000000000    8.8120646629e-02
 264.5000000000    8.8167896634e-02
 265.0000000000    8.8221191751e-02
 265.5000000000    8.8271420773e-02
 266.0000000000    8.8319563389e-02
 266.5000000000    8.8375970948e-02
 267.0000000000    8.8430251368e-02
 267.5000000000    8.8482786751e-02
 268.0000000000    8.8537332223e-02
 268.5000000000    8.8596397096e-02
 269.0000000000    8.8654225926e-02
 269.5000000000    8.8711192108e-02
 270.0000000000    8.8767689975e-02
 270.5000000000    8.8829799300e-02
 271.0000000000    8.8892977658e-02
 271.5000000000    8.8956116910e-02
 272.0000000000    8.9019427910e-02
 272.5000000000    8.9083119778e-02
 273.0000000000    8.9147425926e-02
 273.5000000000    8.9212602077e-02
 274.0000000000    8.9280779165e-02
 274.5000000000    8.9351020783e-02
 275.0000000000    8.9422111408e-02
 275.5000000000    8.9494109534e-02
 276.0000000000    8.9567040277e-02
 276.5000000000    8.9640923632e-02
 277.0000000000    8.9715784540e-02
 277.5000000000    8.9791637799e-02
 278.0000000000    8.9868456410e-02
 278.5000000000    8.9946142687e-02
 279.0000000000    9.0024995670e-02
 279.5000000000    9.0107797829e-02
 280.0000000000    9.0191479038e-02
 280.5000000000    9.0275719397e-02
 281.0000000000    9.0360171179e-02
 281.5000000000    9.0444441459e-02
 282.0000000000    9.0528062146e-02
 282.5000000000    9.0616049569e-02
 283.0000000000    9.0706017856e-02
 283.5000000000    9.0794148677e-02
 284.0000000000    9.0879564352e-02
 284.5000000000    9.0970894923e-02
 285.0000000000    9.1060895719e-02
 285.5000000000    9.1145994734e-02
 286.0000000000    9.1236926274e-02
 286.5000000000    9.1324060918e-02
 287.0000000000    9.1408087931e-02
 287.5000000000    9.1494762071e-02
 288.0000000000    9.1572475129e-02
 288.5000000000    9.1654940475e-02
 289.0000000000    9.1725844274e-02
 289.5000000000    9.1799159133e-02
 290.0000000000    9.1861512625e-02
 290.5000000000    9.1919099936e-02
 291.0000000000    9.1969261166e-02
 291.5000000000    9.2004177325e-02
 292.0000000000    9.2034173512e-02
 292.5000000000    9.2047835349e-02
 293.0000000000    9.2041704913e-02
 293.5000000000    9.2018567212e-02
 294.0000000000    9.1975763684e-02
 294.5000000000    9.1904828391e-02
 295.0000000000    9.1802131094e-02
 295.5000000000    9.1663347099e-02
 296.0000000000    9.1486108676e-02
 296.5000000000    9.1264482633e-02
 297.0000000000    9.0988557783e-02
 297.5000000000    9.0650819817e-02
 298.0000000000    9.0242770615e-02
 298.5000000000    8.9754833827e-02
 299.0000000000    8.9176265475e-02
 299.5000000000    8.8495086389e-02
 300.0000000000    8.7699437536e-02
 300.5000000000    8.6779116943e-02
 301.0000000000    8.5714413730e-02
 301.5000000000    8.4488872396e-02
 302.0000000000    8.3091912008e-02
 302.5000000000    8.1509398484e-02
 303.0000000000    8.2813567013e-02
 303.5000000000    8.7922139891e-02
 304.0000000000    9.3239551627e-02
 304.5000000000    9.8751720538e-02
 305.0000000000    1.0444138465e-01
 305.5000000000    1.1028848189e-01
 306.0000000000    1.1627064088e-01
 306.5000000000    1.2236368612e-01
 307.0000000000    1.2854203953e-01
 307.5000000000    1.3477888587e-01
 308.0000000000    1.4104599202e-01
 308.5000000000    1.4731312823e-01
 309.0000000000    1.5354712747e-01
 309.5000000000    1.5971074273e-01
 310.0000000000    1.6576157008e-01
 310.5000000000    1.7165138601e-01
 311.0000000000    1.7732621746e-01
 311.5000000000    1.8272730868e-01
 312.0000000000    1.8779284293e-01
 312.5000000000    1.9245989052e-01
 313.0000000000    1.9666570497e-01
 313.5000000000    2.0034726585e-01
 314.0000000000    2.0343768351e-01
 314.5000000000    2.0585678192e-01
 315.0000000000    2.0748955723e-01
 315.5000000000    2.0814299827e-01
 316.0000000000    2.0748194587e-01
 316.5000000000    2.0498000272e-01
 317.0000000000    1.9995591882e-01
 317.5000000000    1.9173880539e-01
 318.0000000000    1.7991109220e-01
 318.5000000000    1.6450658744e-01
 319.0000000000    1.4606695808e-01
 319.5000000000    1.2554811693e-01
 320.0000000000    1.0413575856e-01
 320.5000000000    8.3042151349e-02
 321.0000000000    6.3334520690e-02
 321.5000000000    5.5802588444e-02
 322.0000000000    5.1580726563e-02
 322.5000000000    4.7675805084e-02
 323.0000000000    4.4077599688e-02
 323.5000000000    4.0766448375e-02
 324.0000000000    3.7714858489e-02
 324.5000000000    3.4892474276e-02
 325.0000000000    3.2270977717e-02
 325.5000000000    2.9827209437e-02
 326.0000000000    2.7544201969e-02
 326.5000000000    2.5410597064e-02
 327.0000000000    2.3419157595e-02
 327.5000000000    2.1565012265e-02
 328.0000000000    1.9844081622e-02
 328.5000000000    1.8251936403e-02
 329.0000000000    1.6783175132e-02
 329.5000000000    1.5431284568e-02
 330.0000000000    1.4188863215e-02
 330.5000000000    1.3048045658e-02
 331.0000000000    1.2000964181e-02
 331.5000000000    1.1040119095e-02
 332.0000000000    1.0158588262e-02
 332.5000000000    9.3758260192e-03
 333.0000000000    8.8952164630e-03
 333.5000000000    8.4355893075e-03
 334.0000000000    7.9950183093e-03
 334.5000000000    7.5721472804e-03
 335.0000000000    7.1659335452e-03
 335.5000000000    6.7754948806e-03
 336.0000000000    6.4000705621e-03
 336.5000000000    6.0390526184e-03
 337.0000000000    5.6920206459e-03
 337.5000000000    5.3587303462e-03
 338.0000000000    5.0390474166e-03
 338.5000000000    4.7328572696e-03
 339.0000000000    4.4399942505e-03
 339.5000000000    4.1602176539e-03
 340.0000000000    3.8932311220e-03
 340.5000000000    3.6387187230e-03
 341.0000000000    3.3963689607e-03
 341.5000000000    3.1684947616e-03
 342.0000000000    2.9586977874e-03
 342.5000000000    2.7592694213e-03
 343.0000000000    2.5699526667e-03
 343.5000000000    2.3904604718e-03
 344.0000000000    2.2204830786e-03
 344.5000000000    2.0597038436e-03
 345.0000000000    1.9078144470e-03
 345.5000000000    1.7645229083e-03
 346.0000000000    1.6295596054e-03
 346.5000000000    1.5026839346e-03
 347.0000000000    1.3945393213e-03
 347.5000000000    1.2954963898e-03
 348.0000000000    1.2028709920e-03
 348.5000000000    1.1165270383e-03
 349.0000000000    1.0363475435e-03
 349.5000000000    9.6222839655e-04
 350.0000000000    8.9407175020e-04
 350.5000000000    8.3178172331e-04
 351.0000000000    7.7526170797e-04
 351.5000000000    7.2440865640e-04
 352.0000000000    6.8862281523e-04
 352.5000000000    6.6003685449e-04
 353.0000000000    6.3209546266e-04
 353.5000000000    6.0476863193e-04
 354.0000000000    5.7802957358e-04
 354.5000000000    5.5187688259e-04
 355.0000000000    5.2633881996e-04
 355.5000000000    5.0145634433e-04
 356.0000000000    4.8571787831e-04
 356.5000000000    4.8551031741e-04
 357.0000000000    4.8823405191e-04
 357.5000000000    4.9417165236e-04
 358.0000000000    5.0485846237e-04
 358.5000000000    5.1406462471e-04
 359.0000000000    5.2211905499e-04
 359.5000000000    5.2879322252e-04
 360.0000000000    5.3401019219e-04
 360.5000000000    5.3782221109e-04
 361.0000000000    5.4031472916e-04
 361.5000000000    5.4157784500e-04
 362.0000000000    5.4168603388e-04
 362.5000000000    5.4069892415e-04
 363.0000000000    5.3867981324e-04
 363.5000000000    5.3571430312e-04
 364.0000000000    5.3191125196e-04
 364.5000000000    5.2738312632e-04
 365.0000000000    5.2222068854e-04
 365.5000000000    5.1648269738e-04
 366.0000000000    5.1020956690e-04
 366.5000000000    5.0344999872e-04
 367.0000000000    4.9627821529e-04
 367.5000000000    4.8878664580e-04
 368.0000000000    4.8105936047e-04
 368.5000000000    4.7314817133e-04
 369.0000000000    4.6507190025e-04
 369.5000000000    4.5684027894e-04
 370.0000000000    4.4848287642e-04
 370.5000000000    4.4005849839e-04
 371.0000000000    4.3163632565e-04
 371.5000000000    4.2326382200e-04
 372.0000000000    4.1494824922e-04
 372.5000000000    4.0666793977e-04
 373.0000000000    3.9840481107e-04
 373.5000000000    3.9017128339e-04
 374.0000000000    3.8200885589e-04
 374.5000000000    3.7395902685e-04
 375.0000000000    3.6603078364e-04
 375.5000000000    3.5819267663e-04
 376.0000000000    3.5039739006e-04
 376.5000000000    3.4261931906e-04
 377.0000000000    3.3487413812e-04
 377.5000000000    3.2720371114e-04
 378.0000000000    3.1963850204e-04
 378.5000000000    3.1216910072e-04
 379.0000000000    3.0475166035e-04
 379.5000000000    2.9734364953e-04
 380.0000000000    2.8994041998e-04
 380.5000000000    2.8258149182e-04
 381.0000000000    2.7532018847e-04
 381.5000000000    2.6818148839e-04
 382.0000000000    2.6114404011e-04
 382.5000000000    2.5416250466e-04
 383.0000000000    2.4721187816e-04
 383.5000000000    2.4031597710e-04
 384.0000000000    2.3353486471e-04
 384.5000000000    2.2692082247e-04
 385.0000000000    2.2048018680e-04
 385.5000000000    2.1417454989e-04
 386.0000000000    2.0796116082e-04
 386.5000000000    2.0183769000e-04
 387.0000000000    1.9585223365e-04
 387.5000000000    1.9006903034e-04
 388.0000000000    1.8575426191e-04
 388.5000000000    1.8301215118e-04
 389.0000000000    1.8041439817e-04
 389.5000000000    1.7798508457e-04
 390.0000000000    1.7567820387e-04
 390.5000000000    1.7342036489e-04
 391.0000000000    1.7117145921e-04
 391.5000000000    1.6895730454e-04
 392.0000000000    1.6683045046e-04
 392.5000000000    1.6482364716e-04
 393.0000000000    1.6291162513e-04
 393.5000000000    1.6103991403e-04
 394.0000000000    1.5916814036e-04
 394.5000000000    1.5730106179e-04
 395.0000000000    1.5547880261e-04
 395.5000000000    1.5373726869e-04
 396.0000000000    1.5207698792e-04
 396.5000000000    1.5046257588e-04
 397.0000000000    1.4885383633e-04
 397.5000000000    1.4723879345e-04
 398.0000000000    1.4563755746e-04
 398.5000000000    1.4408400294e-04
 399.0000000000    1.4259746469e-04
 399.5000000000    1.4116423956e-04
 400.0000000000    1.3975238000e-04
 400.5000000000    1.3833727383e-04
 401.0000000000    1.3692123467e-04
 401.5000000000    1.3552737224e-04
 402.0000000000    1.3418177349e-04
 402.5000000000    1.3289096852e-04
 403.0000000000    1.3163763439e-04
 403.5000000000    1.3039565121e-04
 404.0000000000    1.2915014104e-04
 404.5000000000    1.2790989290e-04
 405.0000000000    1.2669856919e-04
 405.5000000000    1.2553593206e-04
 406.0000000000    1.2441991834e-04
 406.5000000000    1.2333092775e-04
 407.0000000000    1.2224746579e-04
 407.5000000000    1.2116191020e-04
 408.0000000000    1.2008908564e-04
 408.5000000000    1.1905046264e-04
 409.0000000000    1.1805834166e-04
 409.5000000000    1.1710509767e-04
 410.0000000000    1.1616944308e-04
 410.5000000000    1.1523387651e-04
 411.0000000000    1.1429865882e-04
 411.5000000000    1.1338087129e-04
 412.0000000000    1.1249973687e-04
 412.5000000000    1.1215632280e-04
 413.0000000000    1.1243569848e-04
 413.5000000000    1.1275840578e-04
 414.0000000000    1.1308358423e-04
 414.5000000000    1.1335155918e-04
 415.0000000000    1.1353349227e-04
 415.5000000000    1.1365435984e-04
 416.0000000000    1.1376997743e-04
 416.5000000000    1.1391788386e-04
 417.0000000000    1.1408426956e-04
 417.5000000000    1.1421539986e-04
 418.0000000000    1.1426331651e-04
 418.5000000000    1.1423426078e-04
 419.0000000000    1.1420081748e-04
 419.5000000000    1.1414249619e-04
 420.0000000000    1.1410652590e-04
 420.5000000000    1.1409518261e-04
 421.0000000000    1.1406464891e-04
 421.5000000000    1.1396339209e-04
 422.0000000000    1.1377680173e-04
 422.5000000000    1.1354014971e-04
 423.0000000000    1.1330924389e-04
 423.5000000000    1.1311384114e-04
 424.0000000000    1.1293354844e-04
 424.5000000000    1.1271670206e-04
 425.0000000000    1.1242565600e-04
 425.5000000000    1.1206968840e-04
 426.0000000000    1.1169792718e-04
 426.5000000000    1.1135859157e-04
 427.0000000000    1.1105918456e-04
 427.5000000000    1.1076150773e-04
 428.0000000000    1.1041546830e-04
 428.5000000000    1.1000251119e-04
 429.0000000000    1.0955191681e-04
 429.5000000000    1.0911652263e-04
 430.0000000000    1.0872853297e-04
 430.5000000000    1.0837293345e-04
 431.0000000000    1.0800110447e-04
 431.5000000000    1.0757270875e-04
 432.0000000000    1.0709006514e-04
 432.5000000000    1.0659619199e-04
 433.0000000000    1.0613846372e-04
 433.5000000000    1.0572869993e-04
 434.0000000000    1.0533358920e-04
 434.5000000000    1.0490341963e-04
 435.0000000000    1.0441434303e-04
 435.5000000000    1.0388838495e-04
 436.0000000000    1.0337463517e-04
 436.5000000000    1.0290764046e-04
 437.0000000000    1.0247825433e-04
 437.5000000000    1.0204170717e-04
 438.0000000000    1.0155575012e-04
 438.5000000000    1.0101627130e-04
 439.0000000000    1.0046046128e-04
 439.5000000000    9.9935115608e-05
 440.0000000000    9.9456916412e-05
 440.5000000000    9.8998434036e-05
 441.0000000000    9.8511655016e-05
 441.5000000000    9.7968691857e-05
 442.0000000000    9.7385125768e-05
 442.5000000000    9.6806548071e-05
 443.0000000000    9.6269814221e-05
 443.5000000000    9.5771848399e-05
 444.0000000000    9.5272546196e-05
 444.5000000000    9.4729076513e-05
 445.0000000000    9.4132169932e-05
 445.5000000000    9.3513807619e-05
 446.0000000000    9.2920079386e-05
 446.5000000000    9.2372230830e-05
 447.0000000000    9.1849004647e-05
 447.5000000000    9.1305218504e-05
 448.0000000000    9.0710438630e-05
 448.5000000000    9.0074837678e-05
 449.0000000000    8.9440610328e-05
 449.5000000000    8.8846404421e-05
 450.0000000000    8.8294889698e-05
 450.5000000000    8.7751063310e-05
 451.0000000000    8.7172542864e-05
 451.5000000000    8.6545753600e-05
 452.0000000000    8.5897467278e-05
 452.5000000000    8.5272277972e-05
 453.0000000000    8.4695085059e-05
 453.5000000000    8.4150421615e-05
 454.0000000000    8.3596226107e-05
 454.5000000000    8.2999941313e-05
 455.0000000000    8.2366205072e-05
 455.5000000000    8.1732979125e-05
 456.0000000000    8.1139545599e-05
 456.5000000000    8.0593498288e-05
 457.0000000000    8.0064761461e-05
 457.5000000000    7.9511575759e-05
 458.0000000000    7.8916062235e-05
 458.5000000000    7.8299234437e-05
 459.0000000000    7.7703213908e-05
 459.5000000000    7.7155536333e-05
 460.0000000000    7.6645992948e-05
 460.5000000000    7.6135662981e-05
 461.0000000000    7.5589986029e-05
 461.5000000000    7.5007907699e-05
 462.0000000000    7.4422579842e-05
 462.5000000000    7.3873185991e-05
 463.0000000000    7.3371487689e-05
 463.5000000000    7.2892173322e-05
 464.0000000000    7.2394664517e-05
 464.5000000000    7.1857350585e-05
 465.0000000000    7.1295730506e-05
 465.5000000000    7.0749137823e-05
 466.0000000000    7.0247262588e-05
 466.5000000000    6.9784995270e-05
 467.0000000000    6.9327066421e-05
 467.5000000000    6.8838104133e-05
 468.0000000000    6.8312534154e-05
 468.5000000000    6.7779080121e-05
 469.0000000000    6.7276262663e-05
 469.5000000000    6.6819696644e-05
 470.0000000000    6.6388935290e-05
 470.5000000000    6.5945306810e-05
 471.0000000000    6.5464778721e-05
 471.5000000000    6.4957996382e-05
 472.0000000000    6.4461030127e-05
 472.5000000000    6.4004786661e-05
 473.0000000000    6.3668542929e-05
 473.5000000000    6.3482689195e-05
 474.0000000000    6.3291714401e-05
 474.5000000000    6.3108013567e-05
 475.0000000000    6.2939230419e-05
 475.5000000000    6.2781663689e-05
 476.0000000000    6.2623589812e-05
 476.5000000000    6.2455730817e-05
 477.0000000000    6.2277983138e-05
 477.5000000000    6.2100566729e-05
 478.0000000000    6.1934332687e-05
 478.5000000000    6.1782181048e-05
 479.0000000000    6.1636830364e-05
 479.5000000000    6.1486502566e-05
 480.0000000000    6.1325381757e-05
 480.5000000000    6.1158510092e-05
 481.0000000000    6.0996684714e-05
 481.5000000000    6.0848128427e-05
 482.0000000000    6.0711352973e-05
 482.5000000000    6.0576172175e-05
 483.0000000000    6.0432791932e-05
 483.5000000000    6.0279828025e-05
 484.0000000000    6.0125619396e-05
 484.5000000000    5.9980439612e-05
 485.0000000000    5.9848597181e-05
 485.5000000000    5.9724462120e-05
 486.0000000000    5.9597365833e-05
 486.5000000000    5.9460519290e-05
 487.0000000000    5.9316880845e-05
 487.5000000000    5.9176507476e-05
 488.0000000000    5.9047858408e-05
 488.5000000000    5.8930698710e-05
 489.0000000000    5.8816527853e-05
 489.5000000000    5.8695647975e-05
 490.0000000000    5.8565528801e-05
 490.5000000000    5.8432737895e-05
 491.0000000000    5.8307095529e-05
 491.5000000000    5.8193649809e-05
 492.0000000000    5.8088299179e-05
 492.5000000000    5.7981449947e-05
 493.0000000000    5.7865979400e-05
 493.5000000000    5.7743322168e-05
 494.0000000000    5.7622045162e-05
 494.5000000000    5.7510589392e-05
 495.0000000000    5.7410012525e-05
 495.5000000000    5.7313277214e-05
 496.0000000000    5.7211334120e-05
 496.5000000000    5.7100575163e-05
 497.0000000000    5.6985787688e-05
 497.5000000000    5.6876041833e-05
 498.0000000000    5.6777015048e-05
 498.5000000000    5.6686071189e-05
 499.0000000000    5.6594865055e-05
 499.5000000000    5.6496165250e-05
 500.0000000000    5.6389896065e-05
 500.5000000000    5.6283105782e-05
 501.0000000000    5.6184002987e-05
 501.5000000000    5.6095015195e-05
 502.0000000000    5.6010778132e-05
 502.5000000000    5.5922720295e-05
 503.0000000000    5.5826336823e-05
 503.5000000000    5.5724844983e-05
 504.0000000000    5.5626489548e-05
 504.5000000000    5.5537518031e-05
 505.0000000000    5.5456913230e-05
 505.5000000000    5.5377323511e-05
 506.0000000000    5.5291328171e-05
 506.5000000000    5.5197757707e-05
 507.0000000000    5.5102527793e-05
 507.5000000000    5.5013754968e-05
 508.0000000000    5.4934626599e-05
 508.5000000000    5.4861100856e-05
 509.0000000000    5.4785208687e-05
 509.5000000000    5.4701824912e-05
 510.0000000000    5.4613119987e-05
 510.5000000000    5.4526421950e-05
 511.0000000000    5.4448124619e-05
 511.5000000000    5.4378315516e-05
 512.0000000000    5.4310822232e-05
 512.5000000000    5.4238334207e-05
 513.0000000000    5.4158698484e-05
 513.5000000000    5.4076678578e-05
 514.0000000000    5.3999829830e-05
 514.5000000000    5.3932072475e-05
 515.0000000000    5.3870607783e-05
 515.5000000000    5.3808068696e-05
 516.0000000000    5.3738976366e-05
 516.5000000000    5.3664302047e-05
 517.0000000000    5.3590500760e-05
 517.5000000000    5.3524088089e-05
 518.0000000000    5.3466073229e-05
 518.5000000000    5.3411203677e-05
 519.0000000000    5.3352453449e-05
 519.5000000000    5.3286947732e-05
 520.0000000000    5.3218356445e-05
 520.5000000000    5.3153693607e-05
 521.0000000000    5.3097374060e-05
 521.5000000000    5.3047486307e-05
 522.0000000000    5.2997543941e-05
 522.5000000000    5.2941975392e-05
 523.0000000000    5.2880748625e-05
 523.5000000000    5.2819410123e-05
 524.0000000000    5.2764318096e-05
 524.5000000000    5.2717242935e-05
 525.0000000000    5.2673909756e-05
 525.5000000000    5.2627666474e-05
 526.0000000000    5.2575083181e-05
 526.5000000000    5.2518783515e-05
 527.0000000000    5.2465137733e-05
 527.5000000000    5.2418841135e-05
 528.0000000000    5.2378965825e-05
 528.5000000000    5.2339919711e-05
 529.0000000000    5.2295793265e-05
 529.5000000000    5.2245746783e-05
 530.0000000000    5.2194490031e-05
 530.5000000000    5.2148247526e-05
 531.0000000000    5.2109473769e-05
 531.5000000000    5.2074801067e-05
 532.0000000000    5.2037968563e-05
 532.5000000000    5.1995160044e-05
 533.0000000000    5.1948124954e-05
 533.5000000000    5.1902831360e-05
 534.0000000000    5.1864265649e-05
 534.5000000000    5.1832206920e-05
 535.0000000000    5.1801459237e-05
 535.5000000000    5.1766364974e-05
 536.0000000000    5.1725679874e-05
 536.5000000000    5.1683383006e-05
 537.0000000000    5.1645497444e-05
 537.5000000000    5.1614761208e-05
 538.0000000000    5.1588343936e-05
 538.5000000000    5.1560393586e-05
 539.0000000000    5.1527128360e-05
 539.5000000000    5.1489669247e-05
 540.0000000000    5.1453412506e-05
 540.5000000000    5.1423169899e-05
 541.0000000000    5.1399103174e-05
 541.5000000000    5.1376781541e-05
 542.0000000000    5.1350931551e-05
 542.5000000000    5.1319759887e-05
 543.0000000000    5.1286689450e-05
 543.5000000000    5.1257224053e-05
 544.0000000000    5.1234296358e-05
 544.5000000000    5.1216060910e-05
 545.0000000000    5.1197079704e-05
 545.5000000000    5.1173302342e-05
 546.0000000000    5.1145425429e-05
 546.5000000000    5.1118245157e-05
 547.0000000000    5.1096614784e-05
 547.5000000000    5.1081188724e-05
 548.0000000000    5.1068016803e-05
 548.5000000000    5.1051968167e-05
 549.0000000000    5.1031055101e-05
 549.5000000000    5.1007958281e-05
 550.0000000000    5.0987971673e-05
 550.5000000000    5.0974186116e-05
 551.0000000000    5.0964901307e-05
 551.5000000000    5.0955405776e-05
 552.0000000000    5.0941431761e-05
 552.5000000000    5.0923300090e-05
 553.0000000000    5.0905349445e-05
 553.5000000000    5.0892148385e-05
 554.0000000000    5.0884762424e-05
 554.5000000000    5.0879692592e-05
 555.0000000000    5.0871964995e-05
 555.5000000000    5.0859481868e-05
 556.0000000000    5.0844735066e-05
 556.5000000000    5.0832453703e-05
 557.0000000000    5.0825814451e-05
 557.5000000000    5.0823579316e-05
 558.0000000000    5.0821362131e-05
 558.5000000000    5.0815148783e-05
 559.0000000000    5.0804783923e-05
 559.5000000000    5.0794231265e-05
 560.0000000000    5.0787963812e-05
 560.5000000000    5.0787273479e-05
 561.0000000000    5.0789025405e-05
 561.5000000000    5.0788398086e-05
 562.0000000000    5.0783241574e-05
 562.5000000000    5.0775762229e-05
 563.0000000000    5.0770478271e-05
 563.5000000000    5.0770490049e-05
 564.0000000000    5.0774739665e-05
 564.5000000000    5.0779162175e-05
 565.0000000000    5.0779994241e-05
 565.5000000000    5.0777000898e-05
 566.0000000000    5.0773809672e-05
 566.5000000000    5.0774550162e-05
 567.0000000000    5.0780474215e-05
 567.5000000000    5.0788790594e-05
 568.0000000000    5.0795096801e-05
 568.5000000000    5.0797342290e-05
 569.0000000000    5.0797296748e-05
 569.5000000000    5.0799034666e-05
 570.0000000000    5.0805514079e-05
 570.5000000000    5.0815961658e-05
 571.0000000000    5.0826840340e-05
 571.5000000000    5.0834442580e-05
 572.0000000000    5.0838387416e-05
 572.5000000000    5.0841925241e-05
 573.0000000000    5.0849159261e-05
 573.5000000000    5.0861336576e-05
 574.0000000000    5.0875929991e-05
 574.5000000000    5.0889090950e-05
 575.0000000000    5.0898518756e-05
 575.5000000000    5.0905678411e-05
 576.0000000000    5.0914562880e-05
 576.5000000000    5.0928227655e-05
 577.0000000000    5.0945963181e-05
 577.5000000000    5.0964025329e-05
 578.0000000000    5.0979208447e-05
 578.5000000000    5.0990858348e-05
 579.0000000000    5.1002016714e-05
 579.5000000000    5.1016487718e-05
 580.0000000000    5.1035607456e-05
 580.5000000000    5.1056997685e-05
 581.0000000000    5.1076610219e-05
 581.5000000000    5.1092545556e-05
 582.0000000000    5.1106162410e-05
 582.5000000000    5.1121167836e-05
 583.0000000000    5.1140366329e-05
 583.5000000000    5.1163098585e-05
 584.0000000000    5.1186288571e-05
 584.5000000000    5.1206365045e-05
 585.0000000000    5.1223053736e-05
 585.5000000000    5.1239377064e-05
 586.0000000000    5.1258867147e-05
 586.5000000000    5.1282763449e-05
 587.0000000000    5.1308834865e-05
 587.5000000000    5.1333678114e-05
 588.0000000000    5.1355073949e-05
 588.5000000000    5.1374354799e-05
 589.0000000000    5.1395223720e-05
 589.5000000000    5.1420604999e-05
 590.0000000000    5.1449809154e-05
 590.5000000000    5.1479401299e-05
 591.0000000000    5.1506432037e-05
 591.5000000000    5.1530186318e-05
 592.0000000000    5.1553585414e-05
 592.5000000000    5.1580288070e-05
 593.0000000000    5.1611635275e-05
 593.5000000000    5.1645114182e-05
 594.0000000000    5.1676809530e-05
 594.5000000000    5.1705057371e-05
 595.0000000000    5.1731055632e-05
 595.5000000000    5.1758600638e-05
 596.0000000000    5.1790310857e-05
 596.5000000000    5.1825449889e-05
 597.0000000000    5.1860536507e-05
 597.5000000000    5.1892221587e-05
 598.0000000000    5.1920630308e-05
 598.5000000000    5.1948711008e-05
 599.0000000000    5.1979955936e-05
 599.5000000000    5.2015278792e-05
 600.0000000000    5.2052232782e-05
 600.5000000000    5.2087424767e-05
 601.0000000000    5.2118822068e-05
 601.5000000000    5.2148281549e-05
 602.0000000000    5.2179538697e-05
 602.5000000000    5.2214988843e-05
 603.0000000000    5.2253774964e-05
 603.5000000000    5.2292604822e-05
 604.0000000000    5.2328505383e-05
 604.5000000000    5.2361176607e-05
 605.0000000000    5.2393868051e-05
 605.5000000000    5.2430053531e-05
 606.0000000000    5.2470740164e-05
 606.5000000000    5.2513439901e-05
 607.0000000000    5.2554680426e-05
 607.5000000000    5.2592122486e-05
 608.0000000000    5.2627503783e-05
 608.5000000000    5.2664884644e-05
 609.0000000000    5.2706916685e-05
 609.5000000000    5.2752715379e-05
 610.0000000000    5.2798481820e-05
 610.5000000000    5.2840876831e-05
 611.0000000000    5.2879465318e-05
 611.5000000000    5.2917801618e-05
 612.0000000000    5.2960023235e-05
 612.5000000000    5.3007008784e-05
 613.0000000000    5.3055755806e-05
 613.5000000000    5.3101956702e-05
 614.0000000000    5.3143809321e-05
 614.5000000000    5.3183203020e-05
 615.0000000000    5.3224656866e-05
 615.5000000000    5.3270971233e-05
 616.0000000000    5.3321045316e-05
 616.5000000000    5.3370373737e-05
 617.0000000000    5.3415451215e-05
 617.5000000000    5.3456854160e-05
 618.0000000000    5.3498158990e-05
 618.5000000000    5.3543562865e-05
 619.0000000000    5.3593823532e-05
 619.5000000000    5.3645890107e-05
 620.0000000000    5.3695236084e-05
 620.5000000000    5.3739973990e-05
 621.0000000000    5.3782723002e-05
 621.5000000000    5.3827769195e-05
 622.0000000000    5.3878005675e-05
 622.5000000000    5.3932039863e-05
 623.0000000000    5.3985720141e-05
 623.5000000000    5.4035148568e-05
 624.0000000000    5.4080441126e-05
 624.5000000000    5.4125710548e-05
 625.0000000000    5.4175174521e-05
 625.5000000000    5.4229932999e-05
 626.0000000000    5.4286639646e-05
 626.5000000000    5.4340704007e-05
 627.0000000000    5.4389607140e-05
 627.5000000000    5.4435581292e-05
 628.0000000000    5.4483889856e-05
 628.5000000000    5.4537938797e-05
 629.0000000000    5.4596488540e-05
 629.5000000000    5.4654515964e-05
 630.0000000000    5.4707883491e-05
 630.5000000000    5.4756256183e-05
 631.0000000000    5.4804092514e-05
 631.5000000000    5.4856732217e-05
 632.0000000000    5.4915779978e-05
 632.5000000000    5.4977283894e-05
 633.0000000000    5.5035372322e-05
 633.5000000000    5.5087747927e-05
 634.0000000000    5.5136648074e-05
 634.5000000000    5.5188063196e-05
 635.0000000000    5.5246036310e-05
 635.5000000000    5.5309336976e-05
 636.0000000000    5.5372002651e-05
 636.5000000000    5.5428932902e-05
 637.0000000000    5.5480382569e-05
 637.5000000000    5.5531129560e-05
 638.0000000000    5.5587198564e-05
 638.5000000000    5.5650125028e-05
 639.0000000000    5.5715949251e-05
 639.5000000000    5.5777967026e-05
 640.0000000000    5.5833273904e-05
 640.5000000000    5.5884866654e-05
 641.0000000000    5.5939062713e-05
 641.5000000000    5.6000442301e-05
 642.0000000000    5.6067550634e-05
 642.5000000000    5.6134447831e-05
 643.0000000000    5.6195076478e-05
 643.5000000000    5.6249515507e-05
 644.0000000000    5.6303047241e-05
 644.5000000000    5.6362249414e-05
 645.0000000000    5.6429187881e-05
 645.5000000000    5.6499515578e-05
 646.0000000000    5.6566289209e-05
 646.5000000000    5.6625423916e-05
 647.0000000000    5.6680248954e-05
 647.5000000000    5.6737614255e-05
 648.0000000000    5.6802922584e-05
 648.5000000000    5.6874948909e-05
 649.0000000000    5.6946973210e-05
 649.5000000000    5.7012409081e-05
 650.0000000000    5.7070233522e-05
 650.5000000000    5.7126749018e-05
 651.0000000000    5.7189217141e-05
 651.5000000000    5.7260352641e-05
 652.0000000000    5.7335381633e-05
 652.5000000000    5.7406301024e-05
 653.0000000000    5.7468592665e-05
 653.5000000000    5.7524942008e-05
 654.0000000000    5.7583526434e-05
 654.5000000000    5.7650710013e-05
 655.0000000000    5.7725356145e-05
 655.5000000000    5.7799783954e-05
 656.0000000000    5.7866320389e-05
 656.5000000000    5.7924411287e-05
 657.0000000000    5.7980121389e-05
 657.5000000000    5.8042166171e-05
 658.0000000000    5.8113826025e-05
 658.5000000000    5.8190106004e-05
 659.0000000000    5.8262423059e-05
 659.5000000000    5.8325174439e-05
 660.0000000000    5.8381716154e-05
 660.5000000000    5.8440888179e-05
 661.0000000000    5.8509733379e-05
 661.5000000000    5.8587453454e-05
 662.0000000000    5.8665865421e-05
 662.5000000000    5.8736948151e-05
 663.0000000000    5.8798587708e-05
 663.5000000000    5.8857775185e-05
 664.0000000000    5.8923924659e-05
 664.5000000000    5.9000921932e-05
 665.0000000000    5.9083737423e-05
 665.5000000000    5.9162589953e-05
 666.0000000000    5.9231508297e-05
 666.5000000000    5.9292704374e-05
 667.0000000000    5.9355708731e-05
 667.5000000000    5.9428921267e-05
 668.0000000000    5.9512073422e-05
 668.5000000000    5.9596578693e-05
 669.0000000000    5.9672773616e-05
 669.5000000000    5.9738394456e-05
 670.0000000000    5.9799875265e-05
 670.5000000000    5.9867910848e-05
 671.0000000000    5.9947733577e-05
 671.5000000000    6.0034759274e-05
 672.0000000000    6.0117969146e-05
 672.5000000000    6.0189542929e-05
 673.0000000000    6.0252100049e-05
 673.5000000000    6.0315411666e-05
 674.0000000000    6.0389254430e-05
 674.5000000000    6.0474276744e-05
 675.0000000000    6.0561245843e-05
 675.5000000000    6.0639449075e-05
 676.0000000000    6.0704851340e-05
 676.5000000000    6.0764632475e-05
 677.0000000000    6.0830828146e-05
 677.5000000000    6.0909920203e-05
 678.0000000000    6.0997363773e-05
 678.5000000000    6.1081076499e-05
 679.0000000000    6.1152042884e-05
 679.5000000000    6.1212424756e-05
 680.0000000000    6.1273015627e-05
 680.5000000000    6.1344936400e-05
 681.0000000000    6.1429709600e-05
 681.5000000000    6.1517768819e-05
 682.0000000000    6.1596968899e-05
 682.5000000000    6.1662440739e-05
 683.0000000000    6.1721084014e-05
 683.5000000000    6.1785996694e-05
 684.0000000000    6.1865009766e-05
 684.5000000000    6.1954040135e-05
 685.0000000000    6.2040338221e-05
 685.5000000000    6.2113190672e-05
 686.0000000000    6.2173499698e-05
 686.5000000000    6.2232791101e-05
 687.0000000000    6.2303498797e-05
 687.5000000000    6.2388547811e-05
 688.0000000000    6.2478437651e-05
 688.5000000000    6.2559339610e-05
 689.0000000000    6.2625413769e-05
 689.5000000000    6.2682761043e-05
 690.0000000000    6.2745628925e-05
 690.5000000000    6.2823674248e-05
 691.0000000000    6.2913550565e-05
 691.5000000000    6.3002128341e-05
 692.0000000000    6.3076877697e-05
 692.5000000000    6.3137319709e-05
 693.0000000000    6.3195728339e-05
 693.5000000000    6.3265947194e-05
 694.0000000000    6.3352296137e-05
 694.5000000000    6.3445205229e-05
 695.0000000000    6.3529477760e-05
 695.5000000000    6.3597696807e-05
 696.0000000000    6.3655719689e-05
 696.5000000000    6.3718941107e-05
 697.0000000000    6.3798496304e-05
 697.5000000000    6.3891675751e-05
 698.0000000000    6.3984151366e-05
 698.5000000000    6.4061927037e-05
 699.0000000000    6.4124089800e-05
 699.5000000000    6.4183056219e-05
 700.0000000000    6.4254264653e-05
