#          time         max mod phi
   0.0000000000    8.0390713949e-02
   0.5000000000    8.0396284474e-02
   1.0000000000    8.0393936510e-02
   1.5000000000    8.0396160691e-02
   2.0000000000    8.0395375752e-02
   2.5000000000    8.0395506060e-02
   3.0000000000    8.0396169496e-02
   3.5000000000    8.0394121747e-02
   4.0000000000    8.0396483012e-02
   4.5000000000    8.0393128337e-02
   5.0000000000    8.0396641428e-02
   5.5000000000    8.0394748297e-02
   6.0000000000    8.0396164819e-02
   6.5000000000    8.0395625956e-02
   7.0000000000    8.0395255692e-02
   7.5000000000    8.0396401429e-02
   8.0000000000    8.0394434224e-02
   8.5000000000    8.0397039449e-02
   9.0000000000    8.0393359215e-02
   9.5000000000    8.0396944995e-02
  10.0000000000    8.0394492494e-02
  10.5000000000    8.0396610677e-02
  11.0000000000    8.0395708199e-02
  11.5000000000    8.0396448421e-02
  12.0000000000    8.0396753955e-02
  12.5000000000    8.0395797272e-02
  13.0000000000    8.0397076958e-02
  13.5000000000    8.0394672366e-02
  14.0000000000    8.0397301561e-02
  14.5000000000    8.0393804508e-02
  15.0000000000    8.0397732642e-02
  15.5000000000    8.0394958121e-02
  16.0000000000    8.0397654937e-02
  16.5000000000    8.0395699173e-02
  17.0000000000    8.0397168323e-02
  17.5000000000    8.0396439598e-02
  18.0000000000    8.0396979378e-02
  18.5000000000    8.0397372715e-02
  19.0000000000    8.0396736850e-02
  19.5000000000    8.0397799829e-02
  20.0000000000    8.0395893114e-02
  20.5000000000    8.0397871990e-02
  21.0000000000    8.0395124823e-02
  21.5000000000    8.0398262538e-02
  22.0000000000    8.0394659068e-02
  22.5000000000    8.0398574234e-02
  23.0000000000    8.0395322849e-02
  23.5000000000    8.0398326574e-02
  24.0000000000    8.0395866478e-02
  24.5000000000    8.0398157305e-02
  25.0000000000    8.0396737231e-02
  25.5000000000    8.0398308794e-02
  26.0000000000    8.0397542859e-02
  26.5000000000    8.0398000465e-02
  27.0000000000    8.0397802837e-02
  27.5000000000    8.0397437763e-02
  28.0000000000    8.0398143177e-02
  28.5000000000    8.0397203388e-02
  29.0000000000    8.0398758279e-02
  29.5000000000    8.0396964637e-02
  30.0000000000    8.0399017064e-02
  30.5000000000    8.0396259808e-02
  31.0000000000    8.0398973886e-02
  31.5000000000    8.0395609798e-02
  32.0000000000    8.0399239115e-02
  32.5000000000    8.0395559566e-02
  33.0000000000    8.0399519763e-02
  33.5000000000    8.0396300325e-02
  34.0000000000    8.0399353865e-02
  34.5000000000    8.0396756780e-02
  35.0000000000    8.0399164079e-02
  35.5000000000    8.0397481798e-02
  36.0000000000    8.0399316856e-02
  36.5000000000    8.0398231558e-02
  37.0000000000    8.0399167433e-02
  37.5000000000    8.0398551990e-02
  38.0000000000    8.0398700139e-02
  38.5000000000    8.0398878851e-02
  39.0000000000    8.0398496528e-02
  39.5000000000    8.0399501503e-02
  40.0000000000    8.0398344590e-02
  40.5000000000    8.0399860601e-02
  41.0000000000    8.0397756680e-02
  41.5000000000    8.0399897186e-02
  42.0000000000    8.0397124301e-02
  42.5000000000    8.0400173717e-02
  43.0000000000    8.0396768812e-02
  43.5000000000    8.0400526953e-02
  44.0000000000    8.0396788133e-02
  44.5000000000    8.0400456634e-02
  45.0000000000    8.0397377876e-02
  45.5000000000    8.0400314494e-02
  46.0000000000    8.0398178746e-02
  46.5000000000    8.0400436241e-02
  47.0000000000    8.0399109810e-02
  47.5000000000    8.0400362158e-02
  48.0000000000    8.0399604883e-02
  48.5000000000    8.0399851096e-02
  49.0000000000    8.0399990712e-02
  49.5000000000    8.0399530262e-02
  50.0000000000    8.0400676465e-02
  50.5000000000    8.0399279590e-02
  51.0000000000    8.0401148509e-02
  51.5000000000    8.0398591402e-02
  52.0000000000    8.0401227968e-02
  52.5000000000    8.0397706294e-02
  53.0000000000    8.0401419663e-02
  53.5000000000    8.0397973842e-02
  54.0000000000    8.0401716850e-02
  54.5000000000    8.0399117179e-02
  55.0000000000    8.0401595173e-02
  55.5000000000    8.0399837122e-02
  56.0000000000    8.0401218594e-02
  56.5000000000    8.0400604690e-02
  57.0000000000    8.0401044653e-02
  57.5000000000    8.0401506101e-02
  58.0000000000    8.0400758788e-02
  58.5000000000    8.0401979585e-02
  59.0000000000    8.0400040933e-02
  59.5000000000    8.0402178606e-02
  60.0000000000    8.0399351744e-02
  60.5000000000    8.0402602902e-02
  61.0000000000    8.0398777164e-02
  61.5000000000    8.0402928116e-02
  62.0000000000    8.0399797865e-02
  62.5000000000    8.0402782997e-02
  63.0000000000    8.0400666645e-02
  63.5000000000    8.0402582244e-02
  64.0000000000    8.0401719761e-02
  64.5000000000    8.0402505142e-02
  65.0000000000    8.0402698936e-02
  65.5000000000    8.0402037284e-02
  66.0000000000    8.0403189069e-02
  66.5000000000    8.0401153211e-02
  67.0000000000    8.0403564265e-02
  67.5000000000    8.0400333437e-02
  68.0000000000    8.0404055472e-02
  68.5000000000    8.0400763219e-02
  69.0000000000    8.0404172987e-02
  69.5000000000    8.0401951626e-02
  70.0000000000    8.0403819254e-02
  70.5000000000    8.0402957404e-02
  71.0000000000    8.0403482515e-02
  71.5000000000    8.0404066044e-02
  72.0000000000    8.0403012469e-02
  72.5000000000    8.0404804873e-02
  73.0000000000    8.0401947081e-02
  73.5000000000    8.0405016665e-02
  74.0000000000    8.0401389824e-02
  74.5000000000    8.0405164876e-02
  75.0000000000    8.0403131030e-02
  75.5000000000    8.0405200228e-02
  76.0000000000    8.0404535252e-02
  76.5000000000    8.0404628233e-02
  77.0000000000    8.0405327477e-02
  77.5000000000    8.0403550260e-02
  78.0000000000    8.0405919316e-02
  78.5000000000    8.0402411540e-02
  79.0000000000    8.0406455356e-02
  79.5000000000    8.0403873941e-02
  80.0000000000    8.0406335032e-02
  80.5000000000    8.0405223987e-02
  81.0000000000    8.0405627087e-02
  81.5000000000    8.0406328646e-02
  82.0000000000    8.0404782096e-02
  82.5000000000    8.0407258950e-02
  83.0000000000    8.0403450985e-02
  83.5000000000    8.0407501361e-02
  84.0000000000    8.0405157813e-02
  84.5000000000    8.0407094997e-02
  85.0000000000    8.0406677293e-02
  85.5000000000    8.0406451506e-02
  86.0000000000    8.0407969541e-02
  86.5000000000    8.0405270943e-02
  87.0000000000    8.0408490515e-02
  87.5000000000    8.0405481018e-02
  88.0000000000    8.0408264797e-02
  88.5000000000    8.0407306605e-02
  89.0000000000    8.0407681948e-02
  89.5000000000    8.0408803588e-02
  90.0000000000    8.0406498425e-02
  90.5000000000    8.0409487938e-02
  91.0000000000    8.0406403412e-02
  91.5000000000    8.0409282200e-02
  92.0000000000    8.0408365805e-02
  92.5000000000    8.0408582302e-02
  93.0000000000    8.0409900775e-02
  93.5000000000    8.0407200842e-02
  94.0000000000    8.0410538235e-02
  94.5000000000    8.0407968783e-02
  95.0000000000    8.0410137968e-02
  95.5000000000    8.0409857193e-02
  96.0000000000    8.0409088134e-02
  96.5000000000    8.0411192815e-02
  97.0000000000    8.0407562189e-02
  97.5000000000    8.0411523954e-02
  98.0000000000    8.0410058859e-02
  98.5000000000    8.0410635293e-02
  99.0000000000    8.0411572610e-02
  99.5000000000    8.0408930693e-02
 100.0000000000    8.0412441485e-02
 100.5000000000    8.0410404292e-02
 101.0000000000    8.0412153675e-02
 101.5000000000    8.0412345054e-02
 102.0000000000    8.0410374886e-02
 102.5000000000    8.0413142734e-02
 103.0000000000    8.0410629834e-02
 103.5000000000    8.0413106233e-02
 104.0000000000    8.0413181234e-02
 104.5000000000    8.0411738668e-02
 105.0000000000    8.0414260324e-02
 105.5000000000    8.0411505862e-02
 106.0000000000    8.0413939089e-02
 106.5000000000    8.0413977789e-02
 107.0000000000    8.0412509409e-02
 107.5000000000    8.0415314255e-02
 108.0000000000    8.0412943529e-02
 108.5000000000    8.0414975746e-02
 109.0000000000    8.0415233692e-02
 109.5000000000    8.0412947434e-02
 110.0000000000    8.0416110952e-02
 110.5000000000    8.0414386376e-02
 111.0000000000    8.0415636045e-02
 111.5000000000    8.0416727661e-02
 112.0000000000    8.0413262794e-02
 112.5000000000    8.0417096843e-02
 113.0000000000    8.0416128139e-02
 113.5000000000    8.0415765691e-02
 114.0000000000    8.0417921643e-02
 114.5000000000    8.0415374982e-02
 115.0000000000    8.0417941882e-02
 115.5000000000    8.0418277388e-02
 116.0000000000    8.0415703022e-02
 116.5000000000    8.0419025642e-02
 117.0000000000    8.0417831867e-02
 117.5000000000    8.0417953901e-02
 118.0000000000    8.0419985985e-02
 118.5000000000    8.0417483715e-02
 119.0000000000    8.0419844152e-02
 119.5000000000    8.0420345213e-02
 120.0000000000    8.0417168911e-02
 120.5000000000    8.0420905362e-02
 121.0000000000    8.0420377416e-02
 121.5000000000    8.0419368631e-02
 122.0000000000    8.0422114318e-02
 122.5000000000    8.0420517038e-02
 123.0000000000    8.0421064541e-02
 123.5000000000    8.0422666583e-02
 124.0000000000    8.0420162268e-02
 124.5000000000    8.0422377353e-02
 125.0000000000    8.0423402636e-02
 125.5000000000    8.0420350284e-02
 126.0000000000    8.0423857479e-02
 126.5000000000    8.0424054527e-02
 127.0000000000    8.0421117329e-02
 127.5000000000    8.0424756099e-02
 128.0000000000    8.0424558529e-02
 128.5000000000    8.0422729826e-02
 129.0000000000    8.0426086707e-02
 129.5000000000    8.0425526374e-02
 130.0000000000    8.0424169593e-02
 130.5000000000    8.0426993157e-02
 131.0000000000    8.0426099212e-02
 131.5000000000    8.0425209788e-02
 132.0000000000    8.0428047773e-02
 132.5000000000    8.0427236693e-02
 133.0000000000    8.0426500586e-02
 133.5000000000    8.0429144048e-02
 134.0000000000    8.0428160410e-02
 134.5000000000    8.0427155124e-02
 135.0000000000    8.0429917253e-02
 135.5000000000    8.0429282791e-02
 136.0000000000    8.0428052476e-02
 136.5000000000    8.0431093462e-02
 137.0000000000    8.0430661984e-02
 137.5000000000    8.0428537272e-02
 138.0000000000    8.0431768514e-02
 138.5000000000    8.0431769515e-02
 139.0000000000    8.0428813727e-02
 139.5000000000    8.0432712133e-02
 140.0000000000    8.0433380778e-02
 140.5000000000    8.0430816886e-02
 141.0000000000    8.0433396450e-02
 141.5000000000    8.0434570238e-02
 142.0000000000    8.0432729041e-02
 142.5000000000    8.0433779776e-02
 143.0000000000    8.0435952100e-02
 143.5000000000    8.0435130598e-02
 144.0000000000    8.0434171230e-02
 144.5000000000    8.0437059235e-02
 145.0000000000    8.0437016767e-02
 145.5000000000    8.0434171492e-02
 146.0000000000    8.0437664021e-02
 146.5000000000    8.0438911322e-02
 147.0000000000    8.0437386184e-02
 147.5000000000    8.0438128772e-02
 148.0000000000    8.0440367381e-02
 148.5000000000    8.0439876000e-02
 149.0000000000    8.0437415316e-02
 149.5000000000    8.0440997691e-02
 150.0000000000    8.0442053684e-02
 150.5000000000    8.0440557858e-02
 151.0000000000    8.0441222645e-02
 151.5000000000    8.0443531756e-02
 152.0000000000    8.0443313441e-02
 152.5000000000    8.0440699367e-02
 153.0000000000    8.0443791563e-02
 153.5000000000    8.0445355543e-02
 154.0000000000    8.0444583379e-02
 154.5000000000    8.0443262090e-02
 155.0000000000    8.0446335117e-02
 155.5000000000    8.0447085509e-02
 156.0000000000    8.0445637122e-02
 156.5000000000    8.0445621501e-02
 157.0000000000    8.0448356630e-02
 157.5000000000    8.0448970093e-02
 158.0000000000    8.0447437129e-02
 158.5000000000    8.0448093470e-02
 159.0000000000    8.0450447090e-02
 159.5000000000    8.0450789582e-02
 160.0000000000    8.0449227872e-02
 160.5000000000    8.0450016817e-02
 161.0000000000    8.0452595049e-02
 161.5000000000    8.0453235283e-02
 162.0000000000    8.0451942609e-02
 162.5000000000    8.0451903872e-02
 163.0000000000    8.0454556143e-02
 163.5000000000    8.0455472369e-02
 164.0000000000    8.0454721483e-02
 164.5000000000    8.0453423915e-02
 165.0000000000    8.0456689260e-02
 165.5000000000    8.0458207784e-02
 166.0000000000    8.0458018245e-02
 166.5000000000    8.0456210291e-02
 167.0000000000    8.0458079423e-02
 167.5000000000    8.0460350739e-02
 168.0000000000    8.0461150423e-02
 168.5000000000    8.0460463584e-02
 169.0000000000    8.0459197159e-02
 169.5000000000    8.0462278940e-02
 170.0000000000    8.0463883818e-02
 170.5000000000    8.0464121419e-02
 171.0000000000    8.0463087277e-02
 171.5000000000    8.0462956924e-02
 172.0000000000    8.0465870613e-02
 172.5000000000    8.0467441356e-02
 173.0000000000    8.0467672434e-02
 173.5000000000    8.0466629628e-02
 174.0000000000    8.0466093567e-02
 174.5000000000    8.0468906212e-02
 175.0000000000    8.0470646730e-02
 175.5000000000    8.0471306960e-02
 176.0000000000    8.0470848531e-02
 176.5000000000    8.0469258116e-02
 177.0000000000    8.0471800808e-02
 177.5000000000    8.0473801022e-02
 178.0000000000    8.0474876923e-02
 178.5000000000    8.0475097637e-02
 179.0000000000    8.0474458324e-02
 179.5000000000    8.0473840705e-02
 180.0000000000    8.0476628741e-02
 180.5000000000    8.0478442897e-02
 181.0000000000    8.0479392359e-02
 181.5000000000    8.0479603305e-02
 182.0000000000    8.0479153224e-02
 182.5000000000    8.0478042165e-02
 183.0000000000    8.0480775129e-02
 183.5000000000    8.0482933238e-02
 184.0000000000    8.0484284680e-02
 184.5000000000    8.0484931268e-02
 185.0000000000    8.0484998956e-02
 185.5000000000    8.0484572454e-02
 186.0000000000    8.0483868285e-02
 186.5000000000    8.0486684919e-02
 187.0000000000    8.0488827618e-02
 187.5000000000    8.0490310218e-02
 188.0000000000    8.0491223763e-02
 188.5000000000    8.0491691498e-02
 189.0000000000    8.0491802706e-02
 189.5000000000    8.0491570345e-02
 190.0000000000    8.0491515801e-02
 190.5000000000    8.0494060492e-02
 191.0000000000    8.0496071335e-02
 191.5000000000    8.0497625571e-02
 192.0000000000    8.0498838244e-02
 192.5000000000    8.0499798645e-02
 193.0000000000    8.0500527701e-02
 193.5000000000    8.0500983368e-02
 194.0000000000    8.0501109924e-02
 194.5000000000    8.0500894697e-02
 195.0000000000    8.0501903233e-02
 195.5000000000    8.0503985386e-02
 196.0000000000    8.0505887256e-02
 196.5000000000    8.0507638848e-02
 197.0000000000    8.0509206471e-02
 197.5000000000    8.0510533748e-02
 198.0000000000    8.0511597166e-02
 198.5000000000    8.0512435045e-02
 199.0000000000    8.0513133982e-02
 199.5000000000    8.0513778817e-02
 200.0000000000    8.0514410262e-02
 200.5000000000    8.0515007810e-02
 201.0000000000    8.0515520120e-02
 201.5000000000    8.0515912264e-02
 202.0000000000    8.0516844716e-02
 202.5000000000    8.0518569045e-02
 203.0000000000    8.0520238610e-02
 203.5000000000    8.0521898463e-02
 204.0000000000    8.0523540099e-02
 204.5000000000    8.0525116142e-02
 205.0000000000    8.0526581131e-02
 205.5000000000    8.0527930605e-02
 206.0000000000    8.0529209895e-02
 206.5000000000    8.0530487017e-02
 207.0000000000    8.0531811786e-02
 207.5000000000    8.0533186280e-02
 208.0000000000    8.0534570943e-02
 208.5000000000    8.0535912300e-02
 209.0000000000    8.0537184043e-02
 209.5000000000    8.0538404507e-02
 210.0000000000    8.0539628290e-02
 210.5000000000    8.0540907426e-02
 211.0000000000    8.0542255743e-02
 211.5000000000    8.0543637674e-02
 212.0000000000    8.0544991817e-02
 212.5000000000    8.0546270656e-02
 213.0000000000    8.0547468507e-02
 213.5000000000    8.0548621551e-02
 214.0000000000    8.0549778326e-02
 214.5000000000    8.0550961501e-02
 215.0000000000    8.0552141974e-02
 215.5000000000    8.0553251564e-02
 216.0000000000    8.0554221300e-02
 216.5000000000    8.0555018492e-02
 217.0000000000    8.0555781210e-02
 217.5000000000    8.0558042114e-02
 218.0000000000    8.0560335307e-02
 218.5000000000    8.0562638677e-02
 219.0000000000    8.0564879695e-02
 219.5000000000    8.0566969057e-02
 220.0000000000    8.0568843235e-02
 220.5000000000    8.0570495515e-02
 221.0000000000    8.0571959056e-02
 221.5000000000    8.0573263433e-02
 222.0000000000    8.0574389604e-02
 222.5000000000    8.0575260414e-02
 223.0000000000    8.0575766087e-02
 223.5000000000    8.0577360365e-02
 224.0000000000    8.0580284977e-02
 224.5000000000    8.0582867050e-02
 225.0000000000    8.0585134347e-02
 225.5000000000    8.0587071748e-02
 226.0000000000    8.0588598493e-02
 226.5000000000    8.0589587146e-02
 227.0000000000    8.0589917350e-02
 227.5000000000    8.0591160686e-02
 228.0000000000    8.0594494657e-02
 228.5000000000    8.0597258794e-02
 229.0000000000    8.0599438538e-02
 229.5000000000    8.0600949521e-02
 230.0000000000    8.0601648527e-02
 230.5000000000    8.0601410372e-02
 231.0000000000    8.0605405719e-02
 231.5000000000    8.0608452530e-02
 232.0000000000    8.0610554622e-02
 232.5000000000    8.0611692953e-02
 233.0000000000    8.0611778578e-02
 233.5000000000    8.0614470427e-02
 234.0000000000    8.0618185313e-02
 234.5000000000    8.0620525531e-02
 235.0000000000    8.0621422392e-02
 235.5000000000    8.0620857499e-02
 236.0000000000    8.0625066642e-02
 236.5000000000    8.0628446376e-02
 237.0000000000    8.0630231396e-02
 237.5000000000    8.0630212013e-02
 238.0000000000    8.0633364700e-02
 238.5000000000    8.0636949612e-02
 239.0000000000    8.0638552330e-02
 239.5000000000    8.0638126848e-02
 240.0000000000    8.0642384928e-02
 240.5000000000    8.0645881246e-02
 241.0000000000    8.0646997252e-02
 241.5000000000    8.0647935570e-02
 242.0000000000    8.0652581979e-02
 242.5000000000    8.0654540983e-02
 243.0000000000    8.0653736496e-02
 243.5000000000    8.0659225624e-02
 244.0000000000    8.0662090578e-02
 244.5000000000    8.0661792231e-02
 245.0000000000    8.0666822134e-02
 245.5000000000    8.0669639881e-02
 246.0000000000    8.0668837121e-02
 246.5000000000    8.0674440850e-02
 247.0000000000    8.0676809805e-02
 247.5000000000    8.0677436007e-02
 248.0000000000    8.0682895910e-02
 248.5000000000    8.0684039613e-02
 249.0000000000    8.0687247482e-02
 249.5000000000    8.0690775786e-02
 250.0000000000    8.0690383177e-02
 250.5000000000    8.0696379001e-02
 251.0000000000    8.0697368437e-02
 251.5000000000    8.0701671133e-02
 252.0000000000    8.0704510936e-02
 252.5000000000    8.0706641924e-02
 253.0000000000    8.0710827453e-02
 253.5000000000    8.0711428742e-02
 254.0000000000    8.0716830450e-02
 254.5000000000    8.0716770592e-02
 255.0000000000    8.0723136786e-02
 255.5000000000    8.0722902165e-02
 256.0000000000    8.0729527392e-02
 256.5000000000    8.0729412436e-02
 257.0000000000    8.0735704070e-02
 257.5000000000    8.0736335870e-02
 258.0000000000    8.0741965466e-02
 258.5000000000    8.0743968490e-02
 259.0000000000    8.0748276994e-02
 259.5000000000    8.0751856036e-02
 260.0000000000    8.0753859162e-02
 260.5000000000    8.0759220231e-02
 261.0000000000    8.0759812035e-02
 261.5000000000    8.0765784069e-02
 262.0000000000    8.0769137167e-02
 262.5000000000    8.0771130245e-02
 263.0000000000    8.0777318769e-02
 263.5000000000    8.0779837561e-02
 264.0000000000    8.0783006344e-02
 264.5000000000    8.0788670288e-02
 265.0000000000    8.0791439748e-02
 265.5000000000    8.0794177059e-02
 266.0000000000    8.0800607319e-02
 266.5000000000    8.0804730858e-02
 267.0000000000    8.0806797647e-02
 267.5000000000    8.0812387128e-02
 268.0000000000    8.0818124665e-02
 268.5000000000    8.0822328795e-02
 269.0000000000    8.0825317681e-02
 269.5000000000    8.0829784160e-02
 270.0000000000    8.0836541645e-02
 270.5000000000    8.0842343879e-02
 271.0000000000    8.0847361506e-02
 271.5000000000    8.0851791610e-02
 272.0000000000    8.0855859557e-02
 272.5000000000    8.0860578196e-02
 273.0000000000    8.0867575852e-02
 273.5000000000    8.0874329002e-02
 274.0000000000    8.0880908353e-02
 274.5000000000    8.0887359714e-02
 275.0000000000    8.0893735057e-02
 275.5000000000    8.0900104667e-02
 276.0000000000    8.0906542428e-02
 276.5000000000    8.0913094554e-02
 277.0000000000    8.0919751354e-02
 277.5000000000    8.0926438475e-02
 278.0000000000    8.0933030756e-02
 278.5000000000    8.0939376459e-02
 279.0000000000    8.0945316347e-02
 279.5000000000    8.0950684588e-02
 280.0000000000    8.0956978380e-02
 280.5000000000    8.0964575413e-02
 281.0000000000    8.0971365082e-02
 281.5000000000    8.0976963477e-02
 282.0000000000    8.0980917029e-02
 282.5000000000    8.0982720821e-02
 283.0000000000    8.0987876053e-02
 283.5000000000    8.0990861109e-02
 284.0000000000    8.0990475160e-02
 284.5000000000    8.0987835297e-02
 285.0000000000    8.0987230742e-02
 285.5000000000    8.0981334444e-02
 286.0000000000    8.0971717791e-02
 286.5000000000    8.0962387847e-02
 287.0000000000    8.0944888372e-02
 287.5000000000    8.0926278414e-02
 288.0000000000    8.0900386035e-02
 288.5000000000    8.0868478805e-02
 289.0000000000    8.0829976162e-02
 289.5000000000    8.0781952553e-02
 290.0000000000    8.0725046873e-02
 290.5000000000    8.0656316845e-02
 291.0000000000    8.0573580225e-02
 291.5000000000    8.0477780992e-02
 292.0000000000    8.0360119214e-02
 292.5000000000    8.0228775384e-02
 293.0000000000    8.0070535247e-02
 293.5000000000    7.9886615699e-02
 294.0000000000    7.9674770447e-02
 294.5000000000    7.9425391648e-02
 295.0000000000    7.9140201193e-02
 295.5000000000    7.8810792211e-02
 296.0000000000    7.8428397560e-02
 296.5000000000    7.7995194899e-02
 297.0000000000    7.7496300747e-02
 297.5000000000    7.6926600457e-02
 298.0000000000    7.6280327340e-02
 298.5000000000    7.5543758828e-02
 299.0000000000    7.4713851743e-02
 299.5000000000    7.3776975369e-02
 300.0000000000    7.2723659342e-02
 300.5000000000    7.1549650614e-02
 301.0000000000    7.0336457430e-02
 301.5000000000    7.4426206248e-02
 302.0000000000    7.8698164470e-02
 302.5000000000    8.3149036738e-02
 303.0000000000    8.7773967560e-02
 303.5000000000    9.2566695460e-02
 304.0000000000    9.7519820680e-02
 304.5000000000    1.0262517641e-01
 305.0000000000    1.0787426519e-01
 305.5000000000    1.1325869133e-01
 306.0000000000    1.1877049223e-01
 306.5000000000    1.2440225119e-01
 307.0000000000    1.3014686059e-01
 307.5000000000    1.3599682262e-01
 308.0000000000    1.4194300170e-01
 308.5000000000    1.4797282544e-01
 309.0000000000    1.5406804160e-01
 309.5000000000    1.6020228896e-01
 310.0000000000    1.6633890128e-01
 310.5000000000    1.7242949073e-01
 311.0000000000    1.7841386712e-01
 311.5000000000    1.8422168703e-01
 312.0000000000    1.8977585287e-01
 312.5000000000    1.9499717627e-01
 313.0000000000    1.9980935146e-01
 313.5000000000    2.0414301331e-01
 314.0000000000    2.0793737323e-01
 314.5000000000    2.1113645461e-01
 315.0000000000    2.1367242687e-01
 315.5000000000    2.1542287972e-01
 316.0000000000    2.1613569299e-01
 316.5000000000    2.1535160694e-01
 317.0000000000    2.1240113101e-01
 317.5000000000    2.0654079628e-01
 318.0000000000    1.9719739284e-01
 318.5000000000    1.8419573469e-01
 319.0000000000    1.6785436838e-01
 319.5000000000    1.4892477181e-01
 320.0000000000    1.2843043870e-01
 320.5000000000    1.0748255039e-01
 321.0000000000    8.7124727849e-02
 321.5000000000    6.8226536159e-02
 322.0000000000    5.3795937872e-02
 322.5000000000    5.1045093997e-02
 323.0000000000    4.8777073632e-02
 323.5000000000    4.6624361702e-02
 324.0000000000    4.4396983858e-02
 324.5000000000    4.2141375894e-02
 325.0000000000    3.9893061443e-02
 325.5000000000    3.7677635566e-02
 326.0000000000    3.5625292391e-02
 326.5000000000    3.3659656990e-02
 327.0000000000    3.1737082645e-02
 327.5000000000    2.9868274393e-02
 328.0000000000    2.8064702902e-02
 328.5000000000    2.6336382361e-02
 329.0000000000    2.4690565156e-02
 329.5000000000    2.3131307529e-02
 330.0000000000    2.1659704852e-02
 330.5000000000    2.0274531010e-02
 331.0000000000    1.8973024246e-02
 331.5000000000    1.7751616109e-02
 332.0000000000    1.6606476685e-02
 332.5000000000    1.5533828343e-02
 333.0000000000    1.4530047368e-02
 333.5000000000    1.3591619062e-02
 334.0000000000    1.2715032385e-02
 334.5000000000    1.1896693903e-02
 335.0000000000    1.1205678858e-02
 335.5000000000    1.0596822766e-02
 336.0000000000    1.0019252437e-02
 336.5000000000    9.4704657828e-03
 337.0000000000    8.9482886000e-03
 337.5000000000    8.4508599646e-03
 338.0000000000    7.9766157163e-03
 338.5000000000    7.5242597870e-03
 339.0000000000    7.0927161780e-03
 339.5000000000    6.6810625031e-03
 340.0000000000    6.2884585306e-03
 340.5000000000    5.9140924720e-03
 341.0000000000    5.5571642932e-03
 341.5000000000    5.2169076165e-03
 342.0000000000    4.8926295723e-03
 342.5000000000    4.5837370343e-03
 343.0000000000    4.2897275984e-03
 343.5000000000    4.0205607246e-03
 344.0000000000    3.7698068378e-03
 344.5000000000    3.5314979893e-03
 345.0000000000    3.3053043156e-03
 345.5000000000    3.0908843902e-03
 346.0000000000    2.8879241690e-03
 346.5000000000    2.6961782647e-03
 347.0000000000    2.5154911381e-03
 347.5000000000    2.3457837703e-03
 348.0000000000    2.2010592545e-03
 348.5000000000    2.0691574479e-03
 349.0000000000    1.9458647308e-03
 349.5000000000    1.8310875917e-03
 350.0000000000    1.7246981092e-03
 350.5000000000    1.6265492606e-03
 351.0000000000    1.5364899090e-03
 351.5000000000    1.4543640424e-03
 352.0000000000    1.3799910555e-03
 352.5000000000    1.3131368128e-03
 353.0000000000    1.2534905927e-03
 353.5000000000    1.2006588248e-03
 354.0000000000    1.1541767490e-03
 354.5000000000    1.1135304140e-03
 355.0000000000    1.0781786679e-03
 355.5000000000    1.0475681851e-03
 356.0000000000    1.0295044185e-03
 356.5000000000    1.0203151740e-03
 357.0000000000    1.0137707724e-03
 357.5000000000    1.0091275639e-03
 358.0000000000    1.0057513333e-03
 358.5000000000    1.0107583530e-03
 359.0000000000    1.0153432316e-03
 359.5000000000    1.0191445878e-03
 360.0000000000    1.0219525738e-03
 360.5000000000    1.0248264922e-03
 361.0000000000    1.0263337888e-03
 361.5000000000    1.0262887622e-03
 362.0000000000    1.0247407588e-03
 362.5000000000    1.0217655087e-03
 363.0000000000    1.0174519696e-03
 363.5000000000    1.0118885186e-03
 364.0000000000    1.0051558190e-03
 364.5000000000    9.9733035745e-04
 365.0000000000    9.8849486105e-04
 365.5000000000    9.7874589883e-04
 366.0000000000    9.6819046960e-04
 366.5000000000    9.5693202781e-04
 367.0000000000    9.4505577782e-04
 367.5000000000    9.3262503795e-04
 368.0000000000    9.1969250591e-04
 368.5000000000    9.0631799696e-04
 369.0000000000    8.9257793571e-04
 369.5000000000    8.7855757056e-04
 370.0000000000    8.6433079089e-04
 370.5000000000    8.4994345063e-04
 371.0000000000    8.3541437270e-04
 371.5000000000    8.2075422623e-04
 372.0000000000    8.0598739978e-04
 372.5000000000    7.9115863096e-04
 373.0000000000    7.7631798353e-04
 373.5000000000    7.6149586565e-04
 374.0000000000    7.4668909394e-04
 374.5000000000    7.3187082262e-04
 375.0000000000    7.1701777475e-04
 375.5000000000    7.0213329383e-04
 376.0000000000    6.8724726984e-04
 376.5000000000    6.7239264298e-04
 377.0000000000    6.5757786624e-04
 377.5000000000    6.4277889286e-04
 378.0000000000    6.2795871444e-04
 378.5000000000    6.1309942759e-04
 379.0000000000    5.9822052863e-04
 379.5000000000    5.8336769271e-04
 380.0000000000    5.6858042188e-04
 380.5000000000    5.5386500437e-04
 381.0000000000    5.3919581415e-04
 381.5000000000    5.2454490428e-04
 382.0000000000    5.0991570904e-04
 382.5000000000    4.9535231505e-04
 383.0000000000    4.8091525095e-04
 383.5000000000    4.6664323921e-04
 384.0000000000    4.5253289661e-04
 384.5000000000    4.3855406575e-04
 385.0000000000    4.2468890718e-04
 385.5000000000    4.1096182115e-04
 386.0000000000    3.9743386286e-04
 386.5000000000    3.8416535628e-04
 387.0000000000    3.7117778900e-04
 387.5000000000    3.5844789642e-04
 388.0000000000    3.4636541880e-04
 388.5000000000    3.4164831788e-04
 389.0000000000    3.3718054924e-04
 389.5000000000    3.3286248694e-04
 390.0000000000    3.2865254516e-04
 390.5000000000    3.2457515645e-04
 391.0000000000    3.2067601840e-04
 391.5000000000    3.1696405776e-04
 392.0000000000    3.1339703105e-04
 392.5000000000    3.0990640467e-04
 393.0000000000    3.0645671487e-04
 393.5000000000    3.0305874986e-04
 394.0000000000    2.9975442430e-04
 394.5000000000    2.9657294296e-04
 395.0000000000    2.9350175078e-04
 395.5000000000    2.9049703322e-04
 396.0000000000    2.8751737867e-04
 396.5000000000    2.8455349629e-04
 397.0000000000    2.8163549020e-04
 397.5000000000    2.7879862489e-04
 398.0000000000    2.7605618571e-04
 398.5000000000    2.7338471151e-04
 399.0000000000    2.7074792032e-04
 399.5000000000    2.6812173037e-04
 400.0000000000    2.6551301731e-04
 400.5000000000    2.6295297325e-04
 401.0000000000    2.6046902154e-04
 401.5000000000    2.5806220026e-04
 402.0000000000    2.5570689765e-04
 402.5000000000    2.5337191665e-04
 403.0000000000    2.5104518960e-04
 403.5000000000    2.4874216623e-04
 404.0000000000    2.4649444463e-04
 404.5000000000    2.4431857606e-04
 405.0000000000    2.4220766528e-04
 405.5000000000    2.4013597400e-04
 406.0000000000    2.3807589270e-04
 406.5000000000    2.3602803826e-04
 407.0000000000    2.3400951818e-04
 407.5000000000    2.3205007191e-04
 408.0000000000    2.3015903177e-04
 408.5000000000    2.2832140875e-04
 409.0000000000    2.2651041570e-04
 409.5000000000    2.2470720339e-04
 410.0000000000    2.2291588647e-04
 410.5000000000    2.2116084893e-04
 411.0000000000    2.1946485805e-04
 411.5000000000    2.1783010729e-04
 412.0000000000    2.1623624685e-04
 412.5000000000    2.1465596619e-04
 413.0000000000    2.1307775263e-04
 413.5000000000    2.1151412822e-04
 414.0000000000    2.0999052640e-04
 414.5000000000    2.0852358756e-04
 415.0000000000    2.0710683119e-04
 415.5000000000    2.0571548708e-04
 416.0000000000    2.0432641513e-04
 416.5000000000    2.0293656961e-04
 417.0000000000    2.0156480058e-04
 417.5000000000    2.0023554437e-04
 418.0000000000    1.9895795103e-04
 418.5000000000    1.9771773955e-04
 419.0000000000    1.9648850497e-04
 419.5000000000    1.9525304032e-04
 420.0000000000    1.9401699324e-04
 420.5000000000    1.9280351209e-04
 421.0000000000    1.9312134675e-04
 421.5000000000    1.9385991298e-04
 422.0000000000    1.9460452890e-04
 422.5000000000    1.9532264689e-04
 423.0000000000    1.9598256741e-04
 423.5000000000    1.9662265393e-04
 424.0000000000    1.9714173870e-04
 424.5000000000    1.9757443306e-04
 425.0000000000    1.9798245678e-04
 425.5000000000    1.9840395699e-04
 426.0000000000    1.9882305995e-04
 426.5000000000    1.9918535001e-04
 427.0000000000    1.9944578680e-04
 427.5000000000    1.9960832834e-04
 428.0000000000    1.9972401172e-04
 428.5000000000    1.9984934044e-04
 429.0000000000    2.0000014209e-04
 429.5000000000    2.0013985745e-04
 430.0000000000    2.0021197581e-04
 430.5000000000    2.0018891955e-04
 431.0000000000    2.0009614079e-04
 431.5000000000    1.9999138626e-04
 432.0000000000    1.9991676951e-04
 432.5000000000    1.9986415646e-04
 433.0000000000    1.9978307788e-04
 433.5000000000    1.9962417293e-04
 434.0000000000    1.9938129879e-04
 434.5000000000    1.9909703066e-04
 435.0000000000    1.9882718001e-04
 435.5000000000    1.9859427451e-04
 436.0000000000    1.9836925475e-04
 436.5000000000    1.9809670168e-04
 437.0000000000    1.9774198367e-04
 437.5000000000    1.9732053518e-04
 438.0000000000    1.9688489839e-04
 438.5000000000    1.9648061481e-04
 439.0000000000    1.9610817413e-04
 439.5000000000    1.9572312349e-04
 440.0000000000    1.9527401178e-04
 440.5000000000    1.9474589683e-04
 441.0000000000    1.9417286123e-04
 441.5000000000    1.9360928835e-04
 442.0000000000    1.9308420741e-04
 442.5000000000    1.9257722889e-04
 443.0000000000    1.9203629011e-04
 443.5000000000    1.9142193473e-04
 444.0000000000    1.9074064827e-04
 444.5000000000    1.9003939956e-04
 445.0000000000    1.8936621297e-04
 445.5000000000    1.8873007749e-04
 446.0000000000    1.8809404250e-04
 446.5000000000    1.8740712213e-04
 447.0000000000    1.8664777682e-04
 447.5000000000    1.8584220487e-04
 448.0000000000    1.8504260040e-04
 448.5000000000    1.8428358525e-04
 449.0000000000    1.8355374485e-04
 449.5000000000    1.8280616920e-04
 450.0000000000    1.8199883484e-04
 450.5000000000    1.8113048820e-04
 451.0000000000    1.8024199543e-04
 451.5000000000    1.7938228072e-04
 452.0000000000    1.7856772303e-04
 452.5000000000    1.7776924065e-04
 453.0000000000    1.7693778876e-04
 453.5000000000    1.7604640294e-04
 454.0000000000    1.7511327835e-04
 454.5000000000    1.7418673629e-04
 455.0000000000    1.7330496556e-04
 455.5000000000    1.7246452190e-04
 456.0000000000    1.7162412060e-04
 456.5000000000    1.7074023923e-04
 457.0000000000    1.6980420764e-04
 457.5000000000    1.6884964948e-04
 458.0000000000    1.6792431218e-04
 458.5000000000    1.6705015630e-04
 459.0000000000    1.6620539951e-04
 459.5000000000    1.6534352138e-04
 460.0000000000    1.6443286515e-04
 460.5000000000    1.6348333262e-04
 461.0000000000    1.6253791449e-04
 461.5000000000    1.6163643330e-04
 462.0000000000    1.6078216196e-04
 462.5000000000    1.5993949501e-04
 463.0000000000    1.5906440052e-04
 463.5000000000    1.5814164472e-04
 464.0000000000    1.5719745882e-04
 464.5000000000    1.5627725392e-04
 465.0000000000    1.5540733006e-04
 465.5000000000    1.5457296863e-04
 466.0000000000    1.5373133129e-04
 466.5000000000    1.5284792487e-04
 467.0000000000    1.5192564028e-04
 467.5000000000    1.5100209930e-04
 468.0000000000    1.5011780586e-04
 468.5000000000    1.4928207633e-04
 469.0000000000    1.4846558125e-04
 469.5000000000    1.4762556773e-04
 470.0000000000    1.4674204740e-04
 470.5000000000    1.4583452453e-04
 471.0000000000    1.4494523934e-04
 471.5000000000    1.4410340047e-04
 472.0000000000    1.4330094474e-04
 472.5000000000    1.4249959339e-04
 473.0000000000    1.4166341470e-04
 473.5000000000    1.4078918751e-04
 474.0000000000    1.3990871273e-04
 474.5000000000    1.3906173863e-04
 475.0000000000    1.3826232439e-04
 475.5000000000    1.3748735522e-04
 476.0000000000    1.3669638122e-04
 476.5000000000    1.3586569546e-04
 477.0000000000    1.3500813720e-04
 477.5000000000    1.3416202265e-04
 478.0000000000    1.3335859587e-04
 478.5000000000    1.3259578819e-04
 479.0000000000    1.3184042147e-04
 479.5000000000    1.3105657278e-04
 480.0000000000    1.3023593625e-04
 480.5000000000    1.2940470019e-04
 481.0000000000    1.2860133625e-04
 481.5000000000    1.2784417053e-04
 482.0000000000    1.2711623200e-04
 482.5000000000    1.2638009002e-04
 483.0000000000    1.2560978150e-04
 483.5000000000    1.2481267008e-04
 484.0000000000    1.2402299470e-04
 484.5000000000    1.2327283065e-04
 485.0000000000    1.2256512730e-04
 485.5000000000    1.2187161086e-04
 486.0000000000    1.2115704436e-04
 486.5000000000    1.2040901244e-04
 487.0000000000    1.1964811456e-04
 487.5000000000    1.1891027859e-04
 488.0000000000    1.1821633594e-04
 488.5000000000    1.1755460197e-04
 489.0000000000    1.1689110989e-04
 489.5000000000    1.1619852564e-04
 490.0000000000    1.1547907459e-04
 490.5000000000    1.1476234286e-04
 491.0000000000    1.1408007623e-04
 491.5000000000    1.1343940740e-04
 492.0000000000    1.1281715449e-04
 492.5000000000    1.1217978904e-04
 493.0000000000    1.1151187430e-04
 493.5000000000    1.1082888377e-04
 494.0000000000    1.1019182287e-04
 494.5000000000    1.0978051758e-04
 495.0000000000    1.0957032894e-04
 495.5000000000    1.0934649823e-04
 496.0000000000    1.0911758582e-04
 496.5000000000    1.0889810636e-04
 497.0000000000    1.0869654865e-04
 497.5000000000    1.0850834211e-04
 498.0000000000    1.0831964961e-04
 498.5000000000    1.0811890444e-04
 499.0000000000    1.0790673755e-04
 499.5000000000    1.0769497047e-04
 500.0000000000    1.0749665373e-04
 500.5000000000    1.0731531658e-04
 501.0000000000    1.0714173694e-04
 501.5000000000    1.0696186508e-04
 502.0000000000    1.0676857968e-04
 502.5000000000    1.0656787094e-04
 503.0000000000    1.0637309571e-04
 503.5000000000    1.0619416628e-04
 504.0000000000    1.0602921070e-04
 504.5000000000    1.0586612473e-04
 505.0000000000    1.0569280924e-04
 505.5000000000    1.0550733442e-04
 506.0000000000    1.0531949202e-04
 506.5000000000    1.0514266754e-04
 507.0000000000    1.0498224646e-04
 507.5000000000    1.0483153629e-04
 508.0000000000    1.0467735582e-04
 508.5000000000    1.0451112032e-04
 509.0000000000    1.0433602985e-04
 509.5000000000    1.0416431177e-04
 510.0000000000    1.0400689707e-04
 510.5000000000    1.0386424919e-04
 511.0000000000    1.0372605581e-04
 511.5000000000    1.0357997946e-04
 512.0000000000    1.0342203398e-04
 512.5000000000    1.0325985214e-04
 513.0000000000    1.0310619589e-04
 513.5000000000    1.0296818592e-04
 514.0000000000    1.0284135942e-04
 514.5000000000    1.0271352785e-04
 515.0000000000    1.0257505624e-04
 515.5000000000    1.0242694274e-04
 516.0000000000    1.0227985246e-04
 516.5000000000    1.0214507105e-04
 517.0000000000    1.0202506682e-04
 517.5000000000    1.0191142816e-04
 518.0000000000    1.0179200177e-04
 518.5000000000    1.0166122525e-04
 519.0000000000    1.0152456266e-04
 519.5000000000    1.0139390785e-04
 520.0000000000    1.0127750401e-04
 520.5000000000    1.0117306127e-04
 521.0000000000    1.0106978529e-04
 521.5000000000    1.0095737901e-04
 522.0000000000    1.0083489187e-04
 522.5000000000    1.0071115062e-04
 523.0000000000    1.0059743503e-04
 523.5000000000    1.0049794805e-04
 524.0000000000    1.0040631243e-04
 524.5000000000    1.0031103433e-04
 525.0000000000    1.0020513904e-04
 525.5000000000    1.0009195086e-04
 526.0000000000    9.9982238847e-05
 526.5000000000    9.9885067328e-05
 527.0000000000    9.9800301456e-05
 527.5000000000    9.9718639805e-05
 528.0000000000    9.9629352818e-05
 528.5000000000    9.9529520398e-05
 529.0000000000    9.9426272804e-05
 529.5000000000    9.9330695067e-05
 530.0000000000    9.9248420296e-05
 530.5000000000    9.9174951193e-05
 531.0000000000    9.9099474699e-05
 531.5000000000    9.9013972478e-05
 532.0000000000    9.8919937349e-05
 532.5000000000    9.8827077453e-05
 533.0000000000    9.8745122689e-05
 533.5000000000    9.8675552586e-05
 534.0000000000    9.8610374556e-05
 534.5000000000    9.8539079007e-05
 535.0000000000    9.8457452106e-05
 535.5000000000    9.8371054673e-05
 536.0000000000    9.8290488651e-05
 536.5000000000    9.8222379115e-05
 537.0000000000    9.8164251879e-05
 537.5000000000    9.8105947727e-05
 538.0000000000    9.8038925155e-05
 538.5000000000    9.7963227910e-05
 539.0000000000    9.7887278987e-05
 539.5000000000    9.7820696149e-05
 540.0000000000    9.7766460288e-05
 540.5000000000    9.7718097776e-05
 541.0000000000    9.7665392320e-05
 541.5000000000    9.7603066184e-05
 542.0000000000    9.7535003096e-05
 542.5000000000    9.7470891310e-05
 543.0000000000    9.7418335218e-05
 543.5000000000    9.7375878424e-05
 544.0000000000    9.7334786557e-05
 544.5000000000    9.7286295833e-05
 545.0000000000    9.7228921819e-05
 545.5000000000    9.7169882838e-05
 546.0000000000    9.7118547774e-05
 546.5000000000    9.7078996322e-05
 547.0000000000    9.7046326247e-05
 547.5000000000    9.7011162524e-05
 548.0000000000    9.6967306973e-05
 548.5000000000    9.6917001385e-05
 549.0000000000    9.6869184268e-05
 549.5000000000    9.6831671950e-05
 550.0000000000    9.6804789687e-05
 550.5000000000    9.6780995916e-05
 551.0000000000    9.6751101473e-05
 551.5000000000    9.6712522185e-05
 552.0000000000    9.6670986117e-05
 552.5000000000    9.6635816602e-05
 553.0000000000    9.6611864444e-05
 553.5000000000    9.6595373318e-05
 554.0000000000    9.6577462819e-05
 554.5000000000    9.6551628718e-05
 555.0000000000    9.6518848194e-05
 555.5000000000    9.6486872093e-05
 556.0000000000    9.6463646947e-05
 556.5000000000    9.6450508910e-05
 557.0000000000    9.6441461725e-05
 557.5000000000    9.6427398003e-05
 558.0000000000    9.6404663779e-05
 558.5000000000    9.6377694785e-05
 559.0000000000    9.6355231034e-05
 559.5000000000    9.6343079147e-05
 560.0000000000    9.6338739732e-05
 560.5000000000    9.6334109279e-05
 561.0000000000    9.6322439309e-05
 561.5000000000    9.6303534646e-05
 562.0000000000    9.6284188305e-05
 562.5000000000    9.6272336847e-05
 563.0000000000    9.6270509945e-05
 563.5000000000    9.6273678498e-05
 564.0000000000    9.6273320343e-05
 564.5000000000    9.6265164735e-05
 565.0000000000    9.6252612151e-05
 565.5000000000    9.6243425066e-05
 566.0000000000    9.6243347964e-05
 566.5000000000    9.6251380628e-05
 567.0000000000    9.6261067261e-05
 567.5000000000    9.6264805826e-05
 568.0000000000    9.6261323914e-05
 568.5000000000    9.6256109170e-05
 569.0000000000    9.6257049121e-05
 569.5000000000    9.6267216730e-05
 570.0000000000    9.6282736412e-05
 570.5000000000    9.6296266038e-05
 571.0000000000    9.6302714690e-05
 571.5000000000    9.6303668191e-05
 572.0000000000    9.6306135472e-05
 572.5000000000    9.6316599584e-05
 573.0000000000    9.6335603566e-05
 573.5000000000    9.6356932305e-05
 574.0000000000    9.6373641896e-05
 574.5000000000    9.6383608959e-05
 575.0000000000    9.6391035269e-05
 575.5000000000    9.6403225679e-05
 576.0000000000    9.6424485998e-05
 576.5000000000    9.6452135376e-05
 577.0000000000    9.6478932030e-05
 577.5000000000    9.6499825429e-05
 578.0000000000    9.6515359830e-05
 578.5000000000    9.6531469027e-05
 579.0000000000    9.6554388337e-05
 579.5000000000    9.6585837226e-05
 580.0000000000    9.6620464927e-05
 580.5000000000    9.6651496109e-05
 581.0000000000    9.6676373856e-05
 581.5000000000    9.6697850567e-05
 582.0000000000    9.6722532539e-05
 582.5000000000    9.6754864198e-05
 583.0000000000    9.6793833229e-05
 583.5000000000    9.6832846180e-05
 584.0000000000    9.6866399829e-05
 584.5000000000    9.6894503700e-05
 585.0000000000    9.6921873722e-05
 585.5000000000    9.6954577578e-05
 586.0000000000    9.6994801798e-05
 586.5000000000    9.7039283167e-05
 587.0000000000    9.7081230628e-05
 587.5000000000    9.7117173991e-05
 588.0000000000    9.7149539314e-05
 588.5000000000    9.7184058403e-05
 589.0000000000    9.7225384558e-05
 589.5000000000    9.7273280649e-05
 590.0000000000    9.7322724816e-05
 590.5000000000    9.7367864421e-05
 591.0000000000    9.7407612300e-05
 591.5000000000    9.7446396668e-05
 592.0000000000    9.7489683547e-05
 592.5000000000    9.7539951061e-05
 593.0000000000    9.7594843732e-05
 593.5000000000    9.7648547755e-05
 594.0000000000    9.7697104704e-05
 594.5000000000    9.7741759345e-05
 595.0000000000    9.7787906270e-05
 595.5000000000    9.7839739681e-05
 596.0000000000    9.7897434437e-05
 596.5000000000    9.7957292826e-05
 597.0000000000    9.8014000429e-05
 597.5000000000    9.8065779388e-05
 598.0000000000    9.8115505406e-05
 598.5000000000    9.8168524279e-05
 599.0000000000    9.8227478481e-05
 599.5000000000    9.8290663022e-05
 600.0000000000    9.8353878132e-05
 600.5000000000    9.8412955150e-05
 601.0000000000    9.8468012897e-05
 601.5000000000    9.8523010540e-05
 602.0000000000    9.8582718393e-05
 602.5000000000    9.8648021383e-05
 603.0000000000    9.8715753086e-05
 603.5000000000    9.8781834164e-05
 604.0000000000    9.8843531778e-05
 604.5000000000    9.8902808022e-05
 605.0000000000    9.8964080256e-05
 605.5000000000    9.9031058319e-05
 606.0000000000    9.9102485619e-05
 606.5000000000    9.9174472562e-05
 607.0000000000    9.9243657862e-05
 607.5000000000    9.9309204120e-05
 608.0000000000    9.9374334106e-05
 608.5000000000    9.9443149116e-05
 609.0000000000    9.9517443116e-05
 609.5000000000    9.9594420666e-05
 610.0000000000    9.9670321990e-05
 610.5000000000    9.9743038108e-05
 611.0000000000    9.9813514629e-05
 611.5000000000    9.9885302638e-05
 612.0000000000    9.9961368384e-05
 612.5000000000    1.0004163761e-04
 613.0000000000    1.0012271497e-04
 613.5000000000    1.0020158678e-04
 614.0000000000    1.0027783108e-04
 614.5000000000    1.0035323043e-04
 615.0000000000    1.0043084158e-04
 615.5000000000    1.0051220308e-04
 616.0000000000    1.0059649087e-04
 616.5000000000    1.0068033041e-04
 617.0000000000    1.0076171228e-04
 617.5000000000    1.0084103166e-04
 618.0000000000    1.0092088737e-04
 618.5000000000    1.0100339850e-04
 619.0000000000    1.0108904071e-04
 619.5000000000    1.0117654091e-04
 620.0000000000    1.0126300893e-04
 620.5000000000    1.0134715371e-04
 621.0000000000    1.0142998899e-04
 621.5000000000    1.0151405018e-04
 622.0000000000    1.0160124858e-04
 622.5000000000    1.0169083602e-04
 623.0000000000    1.0178082666e-04
 623.5000000000    1.0186954901e-04
 624.0000000000    1.0195626289e-04
 624.5000000000    1.0204254475e-04
 625.0000000000    1.0213043021e-04
 625.5000000000    1.0222117901e-04
 626.0000000000    1.0231355101e-04
 626.5000000000    1.0240541877e-04
 627.0000000000    1.0249566017e-04
 627.5000000000    1.0258492587e-04
 628.0000000000    1.0267494794e-04
 628.5000000000    1.0276685456e-04
 629.0000000000    1.0286069562e-04
 629.5000000000    1.0295588825e-04
 630.0000000000    1.0305051675e-04
 630.5000000000    1.0314425176e-04
 631.0000000000    1.0323782772e-04
 631.5000000000    1.0333272874e-04
 632.0000000000    1.0342953122e-04
 632.5000000000    1.0352767149e-04
 633.0000000000    1.0362662916e-04
 633.5000000000    1.0372569356e-04
 634.0000000000    1.0382449316e-04
 634.5000000000    1.0392341060e-04
 635.0000000000    1.0402317687e-04
 635.5000000000    1.0412438028e-04
 636.0000000000    1.0422656082e-04
 636.5000000000    1.0432938698e-04
 637.0000000000    1.0443259808e-04
 637.5000000000    1.0453564419e-04
 638.0000000000    1.0463837156e-04
 638.5000000000    1.0474115560e-04
 639.0000000000    1.0484527539e-04
 639.5000000000    1.0495047239e-04
 640.0000000000    1.0505652082e-04
 640.5000000000    1.0516266397e-04
 641.0000000000    1.0526843089e-04
 641.5000000000    1.0537365753e-04
 642.0000000000    1.0547883722e-04
 642.5000000000    1.0558522652e-04
 643.0000000000    1.0569347743e-04
 643.5000000000    1.0580284897e-04
 644.0000000000    1.0591217148e-04
 644.5000000000    1.0602040419e-04
 645.0000000000    1.0612825603e-04
 645.5000000000    1.0623638637e-04
 646.0000000000    1.0634621059e-04
 646.5000000000    1.0645832097e-04
 647.0000000000    1.0657206333e-04
 647.5000000000    1.0668537081e-04
 648.0000000000    1.0679709571e-04
 648.5000000000    1.0690790669e-04
 649.0000000000    1.0702011166e-04
 649.5000000000    1.0713487469e-04
 650.0000000000    1.0725223980e-04
 650.5000000000    1.0737032314e-04
 651.0000000000    1.0748704558e-04
 651.5000000000    1.0760153017e-04
 652.0000000000    1.0771500248e-04
 652.5000000000    1.0783016796e-04
 653.0000000000    1.0794890719e-04
 653.5000000000    1.0806973085e-04
 654.0000000000    1.0818963672e-04
 654.5000000000    1.0830612948e-04
 655.0000000000    1.0841963555e-04
 655.5000000000    1.0853332170e-04
 656.0000000000    1.0864983806e-04
 656.5000000000    1.0876991469e-04
 657.0000000000    1.0889103425e-04
 657.5000000000    1.0900953424e-04
 658.0000000000    1.0912448270e-04
 658.5000000000    1.0923726409e-04
 659.0000000000    1.0935202262e-04
 659.5000000000    1.0947163228e-04
 660.0000000000    1.0959543037e-04
 660.5000000000    1.0971932335e-04
 661.0000000000    1.0983955169e-04
 661.5000000000    1.0995599442e-04
 662.0000000000    1.1007303334e-04
 662.5000000000    1.1019447672e-04
 663.0000000000    1.1032171594e-04
 663.5000000000    1.1045174369e-04
 664.0000000000    1.1057973170e-04
 664.5000000000    1.1070320757e-04
 665.0000000000    1.1082353020e-04
 665.5000000000    1.1094572999e-04
 666.0000000000    1.1107408124e-04
 666.5000000000    1.1120776856e-04
 667.0000000000    1.1134186684e-04
 667.5000000000    1.1147126974e-04
 668.0000000000    1.1159523101e-04
 668.5000000000    1.1171804397e-04
 669.0000000000    1.1184498606e-04
 669.5000000000    1.1197873176e-04
 670.0000000000    1.1211633695e-04
 670.5000000000    1.1225193807e-04
 671.0000000000    1.1238137551e-04
 671.5000000000    1.1250570641e-04
 672.0000000000    1.1263096743e-04
 672.5000000000    1.1276305731e-04
 673.0000000000    1.1290204179e-04
 673.5000000000    1.1304235442e-04
 674.0000000000    1.1317717009e-04
 674.5000000000    1.1330413858e-04
 675.0000000000    1.1342817015e-04
 675.5000000000    1.1355591482e-04
 676.0000000000    1.1369158540e-04
 676.5000000000    1.1383243154e-04
 677.0000000000    1.1397086230e-04
 677.5000000000    1.1410117088e-04
 678.0000000000    1.1422437927e-04
 678.5000000000    1.1434717462e-04
 679.0000000000    1.1447711848e-04
 679.5000000000    1.1461567068e-04
 680.0000000000    1.1475676460e-04
 680.5000000000    1.1489253509e-04
 681.0000000000    1.1501887995e-04
 681.5000000000    1.1514015374e-04
 682.0000000000    1.1526534452e-04
 682.5000000000    1.1540045234e-04
 683.0000000000    1.1554329946e-04
 683.5000000000    1.1568489899e-04
 684.0000000000    1.1581732876e-04
 684.5000000000    1.1594035099e-04
 685.0000000000    1.1606201414e-04
 685.5000000000    1.1619149004e-04
 686.0000000000    1.1633143325e-04
 686.5000000000    1.1647564234e-04
 687.0000000000    1.1661391096e-04
 687.5000000000    1.1674071330e-04
 688.0000000000    1.1686061124e-04
 688.5000000000    1.1698347252e-04
 689.0000000000    1.1711716817e-04
 689.5000000000    1.1726043982e-04
 690.0000000000    1.1740363307e-04
 690.5000000000    1.1753697088e-04
 691.0000000000    1.1765946893e-04
 691.5000000000    1.1777864682e-04
 692.0000000000    1.1790580307e-04
 692.5000000000    1.1804565130e-04
 693.0000000000    1.1819208007e-04
 693.5000000000    1.1833389783e-04
 694.0000000000    1.1846315415e-04
 694.5000000000    1.1858312298e-04
 695.0000000000    1.1870541824e-04
 695.5000000000    1.1884043261e-04
 696.0000000000    1.1898763306e-04
 696.5000000000    1.1913650440e-04
 697.0000000000    1.1927512122e-04
 697.5000000000    1.1940069680e-04
 698.0000000000    1.1952196980e-04
 698.5000000000    1.1965140383e-04
 699.0000000000    1.1979538470e-04
 699.5000000000    1.1994790765e-04
 700.0000000000    1.2009576347e-04
