#          time               M_ADM
   0.0000000000    9.6643294922e-02
   0.5000000000    9.6629883558e-02
   1.0000000000    9.6596947206e-02
   1.5000000000    9.6553208234e-02
   2.0000000000    9.6506325491e-02
   2.5000000000    9.6460489384e-02
   3.0000000000    9.6416906774e-02
   3.5000000000    9.6375177909e-02
   4.0000000000    9.6334384685e-02
   4.5000000000    9.6293662314e-02
   5.0000000000    9.6252401237e-02
   5.5000000000    9.6210256996e-02
   6.0000000000    9.6167085504e-02
   6.5000000000    9.6122865724e-02
   7.0000000000    9.6077638240e-02
   7.5000000000    9.6031469220e-02
   8.0000000000    9.5984436621e-02
   8.5000000000    9.5936627727e-02
   9.0000000000    9.5888136452e-02
   9.5000000000    9.5839055341e-02
  10.0000000000    9.5789465823e-02
  10.5000000000    9.5739434166e-02
  11.0000000000    9.5689017020e-02
  11.5000000000    9.5638270512e-02
  12.0000000000    9.5587258071e-02
  12.5000000000    9.5536049438e-02
  13.0000000000    9.5484710945e-02
  13.5000000000    9.5433290866e-02
  14.0000000000    9.5381823395e-02
  14.5000000000    9.5330338504e-02
  15.0000000000    9.5278872089e-02
  15.5000000000    9.5227470621e-02
  16.0000000000    9.5176185645e-02
  16.5000000000    9.5125063163e-02
  17.0000000000    9.5074132702e-02
  17.5000000000    9.5023408641e-02
  18.0000000000    9.4972895965e-02
  18.5000000000    9.4922623112e-02
  19.0000000000    9.4872627579e-02
  19.5000000000    9.4822946335e-02
  20.0000000000    9.4773610875e-02
  20.5000000000    9.4724621664e-02
  21.0000000000    9.4676007270e-02
  21.5000000000    9.4627759305e-02
  22.0000000000    9.4579894571e-02
  22.5000000000    9.4532449114e-02
  23.0000000000    9.4485455968e-02
  23.5000000000    9.4438924902e-02
  24.0000000000    9.4392863882e-02
  24.5000000000    9.4347269683e-02
  25.0000000000    9.4302141857e-02
  25.5000000000    9.4257489255e-02
  26.0000000000    9.4213329694e-02
  26.5000000000    9.4169692216e-02
  27.0000000000    9.4126592246e-02
  27.5000000000    9.4084030161e-02
  28.0000000000    9.4041998123e-02
  28.5000000000    9.4000489602e-02
  29.0000000000    9.3959509018e-02
  29.5000000000    9.3919072075e-02
  30.0000000000    9.3879197628e-02
  30.5000000000    9.3839896923e-02
  31.0000000000    9.3801172774e-02
  31.5000000000    9.3763021461e-02
  32.0000000000    9.3725430988e-02
  32.5000000000    9.3688388846e-02
  33.0000000000    9.3651905083e-02
  33.5000000000    9.3616000727e-02
  34.0000000000    9.3580683940e-02
  34.5000000000    9.3545941523e-02
  35.0000000000    9.3511763543e-02
  35.5000000000    9.3478142849e-02
  36.0000000000    9.3445071976e-02
  36.5000000000    9.3412563275e-02
  37.0000000000    9.3380628553e-02
  37.5000000000    9.3349272492e-02
  38.0000000000    9.3318487646e-02
  38.5000000000    9.3288257715e-02
  39.0000000000    9.3258568161e-02
  39.5000000000    9.3229414463e-02
  40.0000000000    9.3200802760e-02
  40.5000000000    9.3172743041e-02
  41.0000000000    9.3145238953e-02
  41.5000000000    9.3118281728e-02
  42.0000000000    9.3091854558e-02
  42.5000000000    9.3065942558e-02
  43.0000000000    9.3040539349e-02
  43.5000000000    9.3015648477e-02
  44.0000000000    9.2991279674e-02
  44.5000000000    9.2967435640e-02
  45.0000000000    9.2944104823e-02
  45.5000000000    9.2921267908e-02
  46.0000000000    9.2898909711e-02
  46.5000000000    9.2877025059e-02
  47.0000000000    9.2855614941e-02
  47.5000000000    9.2834682218e-02
  48.0000000000    9.2814229170e-02
  48.5000000000    9.2794251409e-02
  49.0000000000    9.2774733998e-02
  49.5000000000    9.2755656460e-02
  50.0000000000    9.2737004458e-02
  50.5000000000    9.2718775050e-02
  51.0000000000    9.2700970039e-02
  51.5000000000    9.2683584154e-02
  52.0000000000    9.2666593278e-02
  52.5000000000    9.2649958252e-02
  53.0000000000    9.2633618211e-02
  53.5000000000    9.2617496854e-02
  54.0000000000    9.2601492579e-02
  54.5000000000    9.2585467433e-02
  55.0000000000    9.2569236461e-02
  55.5000000000    9.2552574805e-02
  56.0000000000    9.2535260140e-02
  56.5000000000    9.2517152909e-02
  57.0000000000    9.2498298489e-02
  57.5000000000    9.2479006455e-02
  58.0000000000    9.2459848077e-02
  58.5000000000    9.2441532649e-02
  59.0000000000    9.2424695345e-02
  59.5000000000    9.2409703657e-02
  60.0000000000    9.2396584653e-02
  60.5000000000    9.2385091277e-02
  61.0000000000    9.2374840632e-02
  61.5000000000    9.2365438012e-02
  62.0000000000    9.2356545559e-02
  62.5000000000    9.2347905245e-02
  63.0000000000    9.2339353092e-02
  63.5000000000    9.2330831999e-02
  64.0000000000    9.2322370705e-02
  64.5000000000    9.2314024473e-02
  65.0000000000    9.2305830048e-02
  65.5000000000    9.2297810200e-02
  66.0000000000    9.2289988517e-02
  66.5000000000    9.2282379269e-02
  67.0000000000    9.2274981091e-02
  67.5000000000    9.2267788339e-02
  68.0000000000    9.2260805132e-02
  68.5000000000    9.2254039763e-02
  69.0000000000    9.2247500488e-02
  69.5000000000    9.2241190813e-02
  70.0000000000    9.2235106859e-02
  70.5000000000    9.2229239485e-02
  71.0000000000    9.2223574231e-02
  71.5000000000    9.2218104038e-02
  72.0000000000    9.2212833662e-02
  72.5000000000    9.2207769981e-02
  73.0000000000    9.2202917722e-02
  73.5000000000    9.2198272960e-02
  74.0000000000    9.2193825261e-02
  74.5000000000    9.2189562632e-02
  75.0000000000    9.2185479257e-02
  75.5000000000    9.2181576108e-02
  76.0000000000    9.2177856816e-02
  76.5000000000    9.2174322382e-02
  77.0000000000    9.2170969072e-02
  77.5000000000    9.2167791902e-02
  78.0000000000    9.2164786882e-02
  78.5000000000    9.2161949872e-02
  79.0000000000    9.2159275651e-02
  79.5000000000    9.2156759859e-02
  80.0000000000    9.2154404374e-02
  80.5000000000    9.2152216712e-02
  81.0000000000    9.2150203234e-02
  81.5000000000    9.2148362512e-02
  82.0000000000    9.2146679967e-02
  82.5000000000    9.2145131489e-02
  83.0000000000    9.2143701893e-02
  83.5000000000    9.2142400507e-02
  84.0000000000    9.2141251718e-02
  84.5000000000    9.2140267445e-02
  85.0000000000    9.2139438846e-02
  85.5000000000    9.2138749399e-02
  86.0000000000    9.2138190846e-02
  86.5000000000    9.2137764602e-02
  87.0000000000    9.2137475489e-02
  87.5000000000    9.2137326344e-02
  88.0000000000    9.2137313620e-02
  88.5000000000    9.2137428743e-02
  89.0000000000    9.2137662916e-02
  89.5000000000    9.2138013995e-02
  90.0000000000    9.2138486037e-02
  90.5000000000    9.2139086061e-02
  91.0000000000    9.2139817567e-02
  91.5000000000    9.2140677136e-02
  92.0000000000    9.2141656406e-02
  92.5000000000    9.2142746922e-02
  93.0000000000    9.2143944813e-02
  93.5000000000    9.2145252701e-02
  94.0000000000    9.2146677846e-02
  94.5000000000    9.2148224851e-02
  95.0000000000    9.2149891817e-02
  95.5000000000    9.2151671298e-02
  96.0000000000    9.2153554031e-02
  96.5000000000    9.2155534669e-02
  97.0000000000    9.2157615585e-02
  97.5000000000    9.2159803552e-02
  98.0000000000    9.2162103151e-02
  98.5000000000    9.2164514415e-02
  99.0000000000    9.2167031889e-02
  99.5000000000    9.2169647334e-02
 100.0000000000    9.2172355961e-02
 100.5000000000    9.2175158700e-02
 101.0000000000    9.2178058712e-02
 101.5000000000    9.2181056663e-02
 102.0000000000    9.2184151214e-02
 102.5000000000    9.2187341533e-02
 103.0000000000    9.2190625476e-02
 103.5000000000    9.2193997692e-02
 104.0000000000    9.2197454437e-02
 104.5000000000    9.2200998689e-02
 105.0000000000    9.2204637510e-02
 105.5000000000    9.2208373705e-02
 106.0000000000    9.2212202139e-02
 106.5000000000    9.2216113943e-02
 107.0000000000    9.2220101940e-02
 107.5000000000    9.2224165076e-02
 108.0000000000    9.2228309035e-02
 108.5000000000    9.2232540711e-02
 109.0000000000    9.2236863042e-02
 109.5000000000    9.2241273269e-02
 110.0000000000    9.2245765185e-02
 110.5000000000    9.2250332923e-02
 111.0000000000    9.2254974731e-02
 111.5000000000    9.2259694597e-02
 112.0000000000    9.2264498974e-02
 112.5000000000    9.2269391493e-02
 113.0000000000    9.2274369801e-02
 113.5000000000    9.2279426559e-02
 114.0000000000    9.2284553588e-02
 114.5000000000    9.2289746496e-02
 115.0000000000    9.2295006433e-02
 115.5000000000    9.2300338676e-02
 116.0000000000    9.2305747490e-02
 116.5000000000    9.2311231991e-02
 117.0000000000    9.2316786365e-02
 117.5000000000    9.2322404361e-02
 118.0000000000    9.2328084041e-02
 118.5000000000    9.2333829228e-02
 119.0000000000    9.2339647179e-02
 119.5000000000    9.2345542462e-02
 120.0000000000    9.2351512359e-02
 120.5000000000    9.2357547088e-02
 121.0000000000    9.2363636191e-02
 121.5000000000    9.2369774751e-02
 122.0000000000    9.2375965989e-02
 122.5000000000    9.2382218318e-02
 123.0000000000    9.2388539404e-02
 123.5000000000    9.2394931672e-02
 124.0000000000    9.2401391136e-02
 124.5000000000    9.2407909514e-02
 125.0000000000    9.2414480038e-02
 125.5000000000    9.2421103408e-02
 126.0000000000    9.2427786519e-02
 126.5000000000    9.2434534612e-02
 127.0000000000    9.2441348267e-02
 127.5000000000    9.2448226013e-02
 128.0000000000    9.2455164827e-02
 128.5000000000    9.2462159035e-02
 129.0000000000    9.2469204575e-02
 129.5000000000    9.2476304852e-02
 130.0000000000    9.2483467497e-02
 130.5000000000    9.2490696175e-02
 131.0000000000    9.2497989306e-02
 131.5000000000    9.2505342926e-02
 132.0000000000    9.2512750957e-02
 132.5000000000    9.2520208618e-02
 133.0000000000    9.2527718944e-02
 133.5000000000    9.2535290904e-02
 134.0000000000    9.2542929030e-02
 134.5000000000    9.2550629745e-02
 135.0000000000    9.2558386665e-02
 135.5000000000    9.2566195085e-02
 136.0000000000    9.2574052118e-02
 136.5000000000    9.2581959032e-02
 137.0000000000    9.2589922051e-02
 137.5000000000    9.2597946359e-02
 138.0000000000    9.2606031989e-02
 138.5000000000    9.2614174606e-02
 139.0000000000    9.2622370335e-02
 139.5000000000    9.2630617290e-02
 140.0000000000    9.2638917440e-02
 140.5000000000    9.2647275933e-02
 141.0000000000    9.2655696955e-02
 141.5000000000    9.2664182032e-02
 142.0000000000    9.2672730635e-02
 142.5000000000    9.2681340868e-02
 143.0000000000    9.2690009846e-02
 143.5000000000    9.2698736566e-02
 144.0000000000    9.2707523583e-02
 144.5000000000    9.2716375298e-02
 145.0000000000    9.2725295341e-02
 145.5000000000    9.2734284319e-02
 146.0000000000    9.2743339601e-02
 146.5000000000    9.2752457354e-02
 147.0000000000    9.2761634950e-02
 147.5000000000    9.2770872724e-02
 148.0000000000    9.2780174642e-02
 148.5000000000    9.2789545918e-02
 149.0000000000    9.2798987750e-02
 149.5000000000    9.2808495837e-02
 150.0000000000    9.2818064228e-02
 150.5000000000    9.2827689488e-02
 151.0000000000    9.2837371881e-02
 151.5000000000    9.2847115666e-02
 152.0000000000    9.2856926609e-02
 152.5000000000    9.2866806993e-02
 153.0000000000    9.2876753084e-02
 153.5000000000    9.2886758599e-02
 154.0000000000    9.2896819562e-02
 154.5000000000    9.2906937145e-02
 155.0000000000    9.2917116716e-02
 155.5000000000    9.2927364153e-02
 156.0000000000    9.2937681741e-02
 156.5000000000    9.2948066008e-02
 157.0000000000    9.2958511090e-02
 157.5000000000    9.2969014938e-02
 158.0000000000    9.2979582509e-02
 158.5000000000    9.2990223038e-02
 159.0000000000    9.3000943890e-02
 159.5000000000    9.3011744541e-02
 160.0000000000    9.3022615530e-02
 160.5000000000    9.3033546366e-02
 161.0000000000    9.3044534877e-02
 161.5000000000    9.3055589280e-02
 162.0000000000    9.3066721398e-02
 162.5000000000    9.3077938510e-02
 163.0000000000    9.3089239724e-02
 163.5000000000    9.3100618763e-02
 164.0000000000    9.3112069667e-02
 164.5000000000    9.3123590624e-02
 165.0000000000    9.3135184027e-02
 165.5000000000    9.3146853750e-02
 166.0000000000    9.3158602796e-02
 166.5000000000    9.3170432171e-02
 167.0000000000    9.3182340947e-02
 167.5000000000    9.3194327494e-02
 168.0000000000    9.3206390681e-02
 168.5000000000    9.3218530164e-02
 169.0000000000    9.3230746128e-02
 169.5000000000    9.3243038928e-02
 170.0000000000    9.3255408973e-02
 170.5000000000    9.3267856653e-02
 171.0000000000    9.3280381807e-02
 171.5000000000    9.3292983388e-02
 172.0000000000    9.3305659454e-02
 172.5000000000    9.3318407999e-02
 173.0000000000    9.3331228340e-02
 173.5000000000    9.3344121844e-02
 174.0000000000    9.3357090939e-02
 174.5000000000    9.3370137643e-02
 175.0000000000    9.3383262165e-02
 175.5000000000    9.3396462491e-02
 176.0000000000    9.3409736250e-02
 176.5000000000    9.3423083630e-02
 177.0000000000    9.3436508308e-02
 177.5000000000    9.3450015726e-02
 178.0000000000    9.3463610087e-02
 178.5000000000    9.3477292095e-02
 179.0000000000    9.3491058974e-02
 179.5000000000    9.3504907298e-02
 180.0000000000    9.3518836694e-02
 180.5000000000    9.3532851208e-02
 181.0000000000    9.3546957009e-02
 181.5000000000    9.3561157904e-02
 182.0000000000    9.3575452411e-02
 182.5000000000    9.3589834574e-02
 183.0000000000    9.3604298201e-02
 183.5000000000    9.3618841413e-02
 184.0000000000    9.3633468027e-02
 184.5000000000    9.3648184828e-02
 185.0000000000    9.3662996974e-02
 185.5000000000    9.3677905327e-02
 186.0000000000    9.3692907754e-02
 186.5000000000    9.3708004053e-02
 187.0000000000    9.3723200062e-02
 187.5000000000    9.3738507114e-02
 188.0000000000    9.3753937390e-02
 188.5000000000    9.3769498843e-02
 189.0000000000    9.3785192439e-02
 189.5000000000    9.3801013116e-02
 190.0000000000    9.3816954341e-02
 190.5000000000    9.3833012783e-02
 191.0000000000    9.3849189525e-02
 191.5000000000    9.3865487545e-02
 192.0000000000    9.3881907848e-02
 192.5000000000    9.3898447408e-02
 193.0000000000    9.3915101049e-02
 193.5000000000    9.3931865946e-02
 194.0000000000    9.3948744156e-02
 194.5000000000    9.3965741197e-02
 195.0000000000    9.3982863136e-02
 195.5000000000    9.4000113807e-02
 196.0000000000    9.4017493006e-02
 196.5000000000    9.4034997680e-02
 197.0000000000    9.4052626223e-02
 197.5000000000    9.4070381319e-02
 198.0000000000    9.4088268417e-02
 198.5000000000    9.4106292523e-02
 199.0000000000    9.4124456589e-02
 199.5000000000    9.4142761364e-02
 200.0000000000    9.4161205874e-02
 200.5000000000    9.4179789787e-02
 201.0000000000    9.4198515698e-02
 201.5000000000    9.4217388468e-02
 202.0000000000    9.4236412386e-02
 202.5000000000    9.4255589458e-02
 203.0000000000    9.4274919658e-02
 203.5000000000    9.4294401835e-02
 204.0000000000    9.4314035035e-02
 204.5000000000    9.4333819854e-02
 205.0000000000    9.4353758545e-02
 205.5000000000    9.4373854048e-02
 206.0000000000    9.4394109423e-02
 206.5000000000    9.4414528278e-02
 207.0000000000    9.4435114963e-02
 207.5000000000    9.4455874016e-02
 208.0000000000    9.4476809487e-02
 208.5000000000    9.4497924100e-02
 209.0000000000    9.4519218706e-02
 209.5000000000    9.4540693326e-02
 210.0000000000    9.4562349202e-02
 210.5000000000    9.4584189839e-02
 211.0000000000    9.4606219710e-02
 211.5000000000    9.4628442244e-02
 212.0000000000    9.4650858833e-02
 212.5000000000    9.4673469215e-02
 213.0000000000    9.4696273330e-02
 213.5000000000    9.4719273407e-02
 214.0000000000    9.4742474760e-02
 214.5000000000    9.4765883909e-02
 215.0000000000    9.4789505298e-02
 215.5000000000    9.4813339545e-02
 216.0000000000    9.4837384992e-02
 216.5000000000    9.4861640610e-02
 217.0000000000    9.4886108107e-02
 217.5000000000    9.4910792117e-02
 218.0000000000    9.4935697915e-02
 218.5000000000    9.4960828132e-02
 219.0000000000    9.4986181916e-02
 219.5000000000    9.5011757969e-02
 220.0000000000    9.5037558797e-02
 220.5000000000    9.5063592614e-02
 221.0000000000    9.5089871386e-02
 221.5000000000    9.5116405531e-02
 222.0000000000    9.5143197904e-02
 222.5000000000    9.5170242257e-02
 223.0000000000    9.5197527908e-02
 223.5000000000    9.5225047771e-02
 224.0000000000    9.5252804375e-02
 224.5000000000    9.5280810144e-02
 225.0000000000    9.5309081957e-02
 225.5000000000    9.5337632722e-02
 226.0000000000    9.5366465834e-02
 226.5000000000    9.5395576656e-02
 227.0000000000    9.5424959460e-02
 227.5000000000    9.5454614425e-02
 228.0000000000    9.5484549944e-02
 228.5000000000    9.5514779095e-02
 229.0000000000    9.5545312631e-02
 229.5000000000    9.5576153542e-02
 230.0000000000    9.5607297420e-02
 230.5000000000    9.5638738204e-02
 231.0000000000    9.5670475031e-02
 231.5000000000    9.5702515628e-02
 232.0000000000    9.5734874428e-02
 232.5000000000    9.5767567306e-02
 233.0000000000    9.5800606871e-02
 233.5000000000    9.5834001261e-02
 234.0000000000    9.5867756241e-02
 234.5000000000    9.5901877766e-02
 235.0000000000    9.5936371992e-02
 235.5000000000    9.5971242653e-02
 236.0000000000    9.6006488426e-02
 236.5000000000    9.6042103329e-02
 237.0000000000    9.6078080863e-02
 237.5000000000    9.6114419563e-02
 238.0000000000    9.6151126186e-02
 238.5000000000    9.6188214284e-02
 239.0000000000    9.6225699162e-02
 239.5000000000    9.6263593353e-02
 240.0000000000    9.6301906185e-02
 240.5000000000    9.6340647593e-02
 241.0000000000    9.6379832346e-02
 241.5000000000    9.6419480030e-02
 242.0000000000    9.6459609033e-02
 242.5000000000    9.6500227489e-02
 243.0000000000    9.6541327788e-02
 243.5000000000    9.6582890144e-02
 244.0000000000    9.6624895055e-02
 244.5000000000    9.6667337840e-02
 245.0000000000    9.6710236130e-02
 245.5000000000    9.6753625040e-02
 246.0000000000    9.6797542088e-02
 246.5000000000    9.6842010630e-02
 247.0000000000    9.6887031918e-02
 247.5000000000    9.6932590452e-02
 248.0000000000    9.6978669155e-02
 248.5000000000    9.7025264632e-02
 249.0000000000    9.7072393217e-02
 249.5000000000    9.7120084319e-02
 250.0000000000    9.7168366077e-02
 250.5000000000    9.7217253395e-02
 251.0000000000    9.7266746013e-02
 251.5000000000    9.7316836739e-02
 252.0000000000    9.7367523354e-02
 252.5000000000    9.7418815928e-02
 253.0000000000    9.7470735051e-02
 253.5000000000    9.7523303163e-02
 254.0000000000    9.7576536005e-02
 254.5000000000    9.7630440214e-02
 255.0000000000    9.7685017933e-02
 255.5000000000    9.7740274594e-02
 256.0000000000    9.7796224156e-02
 256.5000000000    9.7852888117e-02
 257.0000000000    9.7910289529e-02
 257.5000000000    9.7968446953e-02
 258.0000000000    9.8027372011e-02
 258.5000000000    9.8087070707e-02
 259.0000000000    9.8147546836e-02
 259.5000000000    9.8208805435e-02
 260.0000000000    9.8270854880e-02
 260.5000000000    9.8333707408e-02
 261.0000000000    9.8397379051e-02
 261.5000000000    9.8461889676e-02
 262.0000000000    9.8527262744e-02
 262.5000000000    9.8593523823e-02
 263.0000000000    9.8660697701e-02
 263.5000000000    9.8728805163e-02
 264.0000000000    9.8797860743e-02
 264.5000000000    9.8867872567e-02
 265.0000000000    9.8938845149e-02
 265.5000000000    9.9010784486e-02
 266.0000000000    9.9083702774e-02
 266.5000000000    9.9157619985e-02
 267.0000000000    9.9232561983e-02
 267.5000000000    9.9308556514e-02
 268.0000000000    9.9385628920e-02
 268.5000000000    9.9463799272e-02
 269.0000000000    9.9543081784e-02
 269.5000000000    9.9623486240e-02
 270.0000000000    9.9705020473e-02
 270.5000000000    9.9787693499e-02
 271.0000000000    9.9871519084e-02
 271.5000000000    9.9956518823e-02
 272.0000000000    1.0004272279e-01
 272.5000000000    1.0013016582e-01
 273.0000000000    1.0021887904e-01
 273.5000000000    1.0030887920e-01
 274.0000000000    1.0040016157e-01
 274.5000000000    1.0049270201e-01
 275.0000000000    1.0058647016e-01
 275.5000000000    1.0068144932e-01
 276.0000000000    1.0077765232e-01
 276.5000000000    1.0087512252e-01
 277.0000000000    1.0097391667e-01
 277.5000000000    1.0107407639e-01
 278.0000000000    1.0117560362e-01
 278.5000000000    1.0127845479e-01
 279.0000000000    1.0138255911e-01
 279.5000000000    1.0148785071e-01
 280.0000000000    1.0159429453e-01
 280.5000000000    1.0170188871e-01
 281.0000000000    1.0181064134e-01
 281.5000000000    1.0192053677e-01
 282.0000000000    1.0203151372e-01
 282.5000000000    1.0214346880e-01
 283.0000000000    1.0225628033e-01
 283.5000000000    1.0236983204e-01
 284.0000000000    1.0248401727e-01
 284.5000000000    1.0259872046e-01
 285.0000000000    1.0271379006e-01
 285.5000000000    1.0282902245e-01
 286.0000000000    1.0294416465e-01
 286.5000000000    1.0305892759e-01
 287.0000000000    1.0317299339e-01
 287.5000000000    1.0328600613e-01
 288.0000000000    1.0339755059e-01
 288.5000000000    1.0350713156e-01
 289.0000000000    1.0361416216e-01
 289.5000000000    1.0371795866e-01
 290.0000000000    1.0381773267e-01
 290.5000000000    1.0391257386e-01
 291.0000000000    1.0400142469e-01
 291.5000000000    1.0408305306e-01
 292.0000000000    1.0415602644e-01
 292.5000000000    1.0421868436e-01
 293.0000000000    1.0426910341e-01
 293.5000000000    1.0430505273e-01
 294.0000000000    1.0432394295e-01
 294.5000000000    1.0432277274e-01
 295.0000000000    1.0429807369e-01
 295.5000000000    1.0424585019e-01
 296.0000000000    1.0416151035e-01
 296.5000000000    1.0403978829e-01
 297.0000000000    1.0387466226e-01
 297.5000000000    1.0365927524e-01
 298.0000000000    1.0338586226e-01
 298.5000000000    1.0304568905e-01
 299.0000000000    1.0262900975e-01
 299.5000000000    1.0212505493e-01
 300.0000000000    1.0152206393e-01
 300.5000000000    1.0080737595e-01
 301.0000000000    9.9967594121e-02
 301.5000000000    9.8988837203e-02
 302.0000000000    9.7857093478e-02
 302.5000000000    9.6558684674e-02
 303.0000000000    9.5080832758e-02
 303.5000000000    9.3412301599e-02
 304.0000000000    9.1544063619e-02
 304.5000000000    8.9469924336e-02
 305.0000000000    8.7187029514e-02
 305.5000000000    8.4696183841e-02
 306.0000000000    8.2001930859e-02
 306.5000000000    7.9112380223e-02
 307.0000000000    7.6038816638e-02
 307.5000000000    7.2795175058e-02
 308.0000000000    6.9397506847e-02
 308.5000000000    6.5863579946e-02
 309.0000000000    6.2212743779e-02
 309.5000000000    5.8466140883e-02
 310.0000000000    5.4647261364e-02
 310.5000000000    5.0782719631e-02
 311.0000000000    4.6903006521e-02
 311.5000000000    4.3042868662e-02
 312.0000000000    3.9240943130e-02
 312.5000000000    3.5538377432e-02
 313.0000000000    3.1976409887e-02
 313.5000000000    2.8593219529e-02
 314.0000000000    2.5420661643e-02
 314.5000000000    2.2481641858e-02
 315.0000000000    1.9788762629e-02
 315.5000000000    1.7344527613e-02
 316.0000000000    1.5142951077e-02
 316.5000000000    1.3172059535e-02
 317.0000000000    1.1416598981e-02
 317.5000000000    9.8602991997e-03
 318.0000000000    8.4872849596e-03
 318.5000000000    7.2825849705e-03
 319.0000000000    6.2320039493e-03
 319.5000000000    5.3217466231e-03
 320.0000000000    4.5381156919e-03
 320.5000000000    3.8674477461e-03
 321.0000000000    3.2962932817e-03
 321.5000000000    2.8117402993e-03
 322.0000000000    2.4017479974e-03
 322.5000000000    2.0553909022e-03
 323.0000000000    1.7629772934e-03
 323.5000000000    1.5160576281e-03
 324.0000000000    1.3073601715e-03
 324.5000000000    1.1306885575e-03
 325.0000000000    9.8080448538e-04
 325.5000000000    8.5330840950e-04
 326.0000000000    7.4452484473e-04
 326.5000000000    6.5139589493e-04
 327.0000000000    5.7138518260e-04
 327.5000000000    5.0239324928e-04
 328.0000000000    4.4268441335e-04
 328.5000000000    3.9082425414e-04
 329.0000000000    3.4562656591e-04
 329.5000000000    3.0610870371e-04
 330.0000000000    2.7145443277e-04
 330.5000000000    2.4098345163e-04
 331.0000000000    2.1412663253e-04
 331.5000000000    1.9040591830e-04
 332.0000000000    1.6941787372e-04
 332.5000000000    1.5082017303e-04
 333.0000000000    1.3432056938e-04
 333.5000000000    1.1966806203e-04
 334.0000000000    1.0664592873e-04
 334.5000000000    9.5066205464e-05
 335.0000000000    8.4765184397e-05
 335.5000000000    7.5599624352e-05
 336.0000000000    6.7443556795e-05
 336.5000000000    6.0185682464e-05
 337.0000000000    5.3727345235e-05
 337.5000000000    4.7980969755e-05
 338.0000000000    4.2868780956e-05
 338.5000000000    3.8321646124e-05
 339.0000000000    3.4277989381e-05
 339.5000000000    3.0682825694e-05
 340.0000000000    2.7486987405e-05
 340.5000000000    2.4646548444e-05
 341.0000000000    2.2122370484e-05
 341.5000000000    1.9879665489e-05
 342.0000000000    1.7887518163e-05
 342.5000000000    1.6118397336e-05
 343.0000000000    1.4547729754e-05
 343.5000000000    1.3153587449e-05
 344.0000000000    1.1916471720e-05
 344.5000000000    1.0819122213e-05
 345.0000000000    9.8462860654e-06
 345.5000000000    8.9844392064e-06
 346.0000000000    8.2215123536e-06
 346.5000000000    7.5466848124e-06
 347.0000000000    6.9502675043e-06
 347.5000000000    6.4236355178e-06
 348.0000000000    5.9591459030e-06
 348.5000000000    5.5500036675e-06
 349.0000000000    5.1900964227e-06
 349.5000000000    4.8738574140e-06
 350.0000000000    4.5962033987e-06
 350.5000000000    4.3525397103e-06
 351.0000000000    4.1387782615e-06
 351.5000000000    3.9513039482e-06
 352.0000000000    3.7868868796e-06
 352.5000000000    3.6425797173e-06
 353.0000000000    3.5156662819e-06
 353.5000000000    3.4036813073e-06
 354.0000000000    3.3044638039e-06
 354.5000000000    3.2161760666e-06
 355.0000000000    3.1372528118e-06
 355.5000000000    3.0663082102e-06
 356.0000000000    3.0020666362e-06
 356.5000000000    2.9433624710e-06
 357.0000000000    2.8891932209e-06
 357.5000000000    2.8387634783e-06
 358.0000000000    2.7914665608e-06
 358.5000000000    2.7468074870e-06
 359.0000000000    2.7043235229e-06
 359.5000000000    2.6635604974e-06
 360.0000000000    2.6241141938e-06
 360.5000000000    2.5856895942e-06
 361.0000000000    2.5481171239e-06
 361.5000000000    2.5113049611e-06
 362.0000000000    2.4751637205e-06
 362.5000000000    2.4395637225e-06
 363.0000000000    2.4043559389e-06
 363.5000000000    2.3694326119e-06
 364.0000000000    2.3347702615e-06
 364.5000000000    2.3004152231e-06
 365.0000000000    2.2664230763e-06
 365.5000000000    2.2328031224e-06
 366.0000000000    2.1995133396e-06
 366.5000000000    2.1665070031e-06
 367.0000000000    2.1337878861e-06
 367.5000000000    2.1014250426e-06
 368.0000000000    2.0695142317e-06
 368.5000000000    2.0381193755e-06
 369.0000000000    2.0072432796e-06
 369.5000000000    1.9768504026e-06
 370.0000000000    1.9469196099e-06
 370.5000000000    1.9174802112e-06
 371.0000000000    1.8886005821e-06
 371.5000000000    1.8603400056e-06
 372.0000000000    1.8327051412e-06
 372.5000000000    1.8056494012e-06
 373.0000000000    1.7791105017e-06
 373.5000000000    1.7530591273e-06
 374.0000000000    1.7275140102e-06
 374.5000000000    1.7025143746e-06
 375.0000000000    1.6780743766e-06
 375.5000000000    1.6541589514e-06
 376.0000000000    1.6307014138e-06
 376.5000000000    1.6076475112e-06
 377.0000000000    1.5849886551e-06
 377.5000000000    1.5627568510e-06
 378.0000000000    1.5409862491e-06
 378.5000000000    1.5196742061e-06
 379.0000000000    1.4987745965e-06
 379.5000000000    1.4782284075e-06
 380.0000000000    1.4580050729e-06
 380.5000000000    1.4381192763e-06
 381.0000000000    1.4186088515e-06
 381.5000000000    1.3994959781e-06
 382.0000000000    1.3807588273e-06
 382.5000000000    1.3623459735e-06
 383.0000000000    1.3442144585e-06
 383.5000000000    1.3263614556e-06
 384.0000000000    1.3088222006e-06
 384.5000000000    1.2916362893e-06
 385.0000000000    1.2748113607e-06
 385.5000000000    1.2583150492e-06
 386.0000000000    1.2421013851e-06
 386.5000000000    1.2261481697e-06
 387.0000000000    1.2104730976e-06
 387.5000000000    1.1951152005e-06
 388.0000000000    1.1800980120e-06
 388.5000000000    1.1654064020e-06
 389.0000000000    1.1509968240e-06
 389.5000000000    1.1368316911e-06
 390.0000000000    1.1229079884e-06
 390.5000000000    1.1092559532e-06
 391.0000000000    1.0959095763e-06
 391.5000000000    1.0828747798e-06
 392.0000000000    1.0701225042e-06
 392.5000000000    1.0576119989e-06
 393.0000000000    1.0453235828e-06
 393.5000000000    1.0332726011e-06
 394.0000000000    1.0214931628e-06
 394.5000000000    1.0100062879e-06
 395.0000000000    9.9880000922e-07
 395.5000000000    9.8783809973e-07
 396.0000000000    9.7708921761e-07
 396.5000000000    9.6655102120e-07
 397.0000000000    9.5624887562e-07
 397.5000000000    9.4621091465e-07
 398.0000000000    9.3644130459e-07
 398.5000000000    9.2691439788e-07
 399.0000000000    9.1759410989e-07
 399.5000000000    9.0846136221e-07
 400.0000000000    8.9952610109e-07
 400.5000000000    8.9081419022e-07
 401.0000000000    8.8234104679e-07
 401.5000000000    8.7409475365e-07
 402.0000000000    8.6604267007e-07
 402.5000000000    8.5815530527e-07
 403.0000000000    8.5042681830e-07
 403.5000000000    8.4287496651e-07
 404.0000000000    8.3552102111e-07
 404.5000000000    8.2836717530e-07
 405.0000000000    8.2139064433e-07
 405.5000000000    8.1455904216e-07
 406.0000000000    8.0785345863e-07
 406.5000000000    8.0127963136e-07
 407.0000000000    7.9485806168e-07
 407.5000000000    7.8860191284e-07
 408.0000000000    7.8250174583e-07
 408.5000000000    7.7652986239e-07
 409.0000000000    7.7066012003e-07
 409.5000000000    7.6488606097e-07
 410.0000000000    7.5922208313e-07
 410.5000000000    7.5368701449e-07
 411.0000000000    7.4828437984e-07
 411.5000000000    7.4299620415e-07
 412.0000000000    7.3779530724e-07
 412.5000000000    7.3266523549e-07
 413.0000000000    7.2761078139e-07
 413.5000000000    7.2265037195e-07
 414.0000000000    7.1779717246e-07
 414.5000000000    7.1304519000e-07
 415.0000000000    7.0837209464e-07
 415.5000000000    7.0375599698e-07
 416.0000000000    6.9919159050e-07
 416.5000000000    6.9469197962e-07
 417.0000000000    6.9027495500e-07
 417.5000000000    6.8594570926e-07
 418.0000000000    6.8169079096e-07
 418.5000000000    6.7748821218e-07
 419.0000000000    6.7332470379e-07
 419.5000000000    6.6920526251e-07
 420.0000000000    6.6514709294e-07
 420.5000000000    6.6116347245e-07
 421.0000000000    6.5725146240e-07
 421.5000000000    6.5338936465e-07
 422.0000000000    6.4956866706e-07
 422.5000000000    6.4578178958e-07
 423.0000000000    6.4203989675e-07
 423.5000000000    6.3836013169e-07
 424.0000000000    6.3475294961e-07
 424.5000000000    6.3120019870e-07
 425.0000000000    6.2768859841e-07
 425.5000000000    6.2420739615e-07
 426.0000000000    6.2076054975e-07
 426.5000000000    6.1736410633e-07
 427.0000000000    6.1402967928e-07
 427.5000000000    6.1075583288e-07
 428.0000000000    6.0752918930e-07
 428.5000000000    6.0433400199e-07
 429.0000000000    6.0116717180e-07
 429.5000000000    5.9803418202e-07
 430.0000000000    5.9495748043e-07
 430.5000000000    5.9193852794e-07
 431.0000000000    5.8896959355e-07
 431.5000000000    5.8603585090e-07
 432.0000000000    5.8312751673e-07
 432.5000000000    5.8024739207e-07
 433.0000000000    5.7740756571e-07
 433.5000000000    5.7461836116e-07
 434.0000000000    5.7187907962e-07
 434.5000000000    5.6917831356e-07
 435.0000000000    5.6650329158e-07
 435.5000000000    5.6385011774e-07
 436.0000000000    5.6122623792e-07
 436.5000000000    5.5864325926e-07
 437.0000000000    5.5610643999e-07
 437.5000000000    5.5360982397e-07
 438.0000000000    5.5114097600e-07
 438.5000000000    5.4869105619e-07
 439.0000000000    5.4626157545e-07
 439.5000000000    5.4386225763e-07
 440.0000000000    5.4150201145e-07
 440.5000000000    5.3918085023e-07
 441.0000000000    5.3688955273e-07
 441.5000000000    5.3461715038e-07
 442.0000000000    5.3235969864e-07
 442.5000000000    5.3012288156e-07
 443.0000000000    5.2791645047e-07
 443.5000000000    5.2574535469e-07
 444.0000000000    5.2360520314e-07
 444.5000000000    5.2148577731e-07
 445.0000000000    5.1937934787e-07
 445.5000000000    5.1728646678e-07
 446.0000000000    5.1521561156e-07
 446.5000000000    5.1317435914e-07
 447.0000000000    5.1116341640e-07
 447.5000000000    5.0917564577e-07
 448.0000000000    5.0720201082e-07
 448.5000000000    5.0523902583e-07
 449.0000000000    5.0329130042e-07
 449.5000000000    5.0136716895e-07
 450.0000000000    4.9947139652e-07
 450.5000000000    4.9760112434e-07
 451.0000000000    4.9574838748e-07
 451.5000000000    4.9390685353e-07
 452.0000000000    4.9207701347e-07
 452.5000000000    4.9026542506e-07
 453.0000000000    4.8847885538e-07
 453.5000000000    4.8671844988e-07
 454.0000000000    4.8497878654e-07
 454.5000000000    4.8325251459e-07
 455.0000000000    4.8153639015e-07
 455.5000000000    4.7983374740e-07
 456.0000000000    4.7815120247e-07
 456.5000000000    4.7649281061e-07
 457.0000000000    4.7485655760e-07
 457.5000000000    4.7323605653e-07
 458.0000000000    4.7162588218e-07
 458.5000000000    4.7002593337e-07
 459.0000000000    4.6844117221e-07
 459.5000000000    4.6687712634e-07
 460.0000000000    4.6533505037e-07
 460.5000000000    4.6381084775e-07
 461.0000000000    4.6229854118e-07
 461.5000000000    4.6079520764e-07
 462.0000000000    4.5930317841e-07
 462.5000000000    4.5782774111e-07
 463.0000000000    4.5637244353e-07
 463.5000000000    4.5493604150e-07
 464.0000000000    4.5351359959e-07
 464.5000000000    4.5210066011e-07
 465.0000000000    4.5069693241e-07
 465.5000000000    4.4930605834e-07
 466.0000000000    4.4793258994e-07
 466.5000000000    4.4657775483e-07
 467.0000000000    4.4523880008e-07
 467.5000000000    4.4391086482e-07
 468.0000000000    4.4259151852e-07
 468.5000000000    4.4128223244e-07
 469.0000000000    4.3998712102e-07
 469.5000000000    4.3870902747e-07
 470.0000000000    4.3744696998e-07
 470.5000000000    4.3619735844e-07
 471.0000000000    4.3495645866e-07
 471.5000000000    4.3372357487e-07
 472.0000000000    4.3250123381e-07
 472.5000000000    4.3129274249e-07
 473.0000000000    4.3009921953e-07
 473.5000000000    4.2891838742e-07
 474.0000000000    4.2774668310e-07
 474.5000000000    4.2658192095e-07
 475.0000000000    4.2542496709e-07
 475.5000000000    4.2427873456e-07
 476.0000000000    4.2314553473e-07
 476.5000000000    4.2202503241e-07
 477.0000000000    4.2091457037e-07
 477.5000000000    4.1981144311e-07
 478.0000000000    4.1871509060e-07
 478.5000000000    4.1762740193e-07
 479.0000000000    4.1655095429e-07
 479.5000000000    4.1548673896e-07
 480.0000000000    4.1443350537e-07
 480.5000000000    4.1338870385e-07
 481.0000000000    4.1235080113e-07
 481.5000000000    4.1132042855e-07
 482.0000000000    4.1029956381e-07
 482.5000000000    4.0928994124e-07
 483.0000000000    4.0829144677e-07
 483.5000000000    4.0730232113e-07
 484.0000000000    4.0632066920e-07
 484.5000000000    4.0534597798e-07
 485.0000000000    4.0437938464e-07
 485.5000000000    4.0342256289e-07
 486.0000000000    4.0247623393e-07
 486.5000000000    4.0153955905e-07
 487.0000000000    4.0061086055e-07
 487.5000000000    3.9968898755e-07
 488.0000000000    3.9877415186e-07
 488.5000000000    3.9786757571e-07
 489.0000000000    3.9697032119e-07
 489.5000000000    3.9608233320e-07
 490.0000000000    3.9520248975e-07
 490.5000000000    3.9432954667e-07
 491.0000000000    3.9346311720e-07
 491.5000000000    3.9260385092e-07
 492.0000000000    3.9175271496e-07
 492.5000000000    3.9091007176e-07
 493.0000000000    3.9007536590e-07
 493.5000000000    3.8924763003e-07
 494.0000000000    3.8842627228e-07
 494.5000000000    3.8761145138e-07
 495.0000000000    3.8680377698e-07
 495.5000000000    3.8600367196e-07
 496.0000000000    3.8521099476e-07
 496.5000000000    3.8442520153e-07
 497.0000000000    3.8364582677e-07
 497.5000000000    3.8287280675e-07
 498.0000000000    3.8210641127e-07
 498.5000000000    3.8134692302e-07
 499.0000000000    3.8059437463e-07
 499.5000000000    3.7984854971e-07
 500.0000000000    3.7910919716e-07
 500.5000000000    3.7837622612e-07
 501.0000000000    3.7764970644e-07
 501.5000000000    3.7692970624e-07
 502.0000000000    3.7621617810e-07
 502.5000000000    3.7550898622e-07
 503.0000000000    3.7480803250e-07
 503.5000000000    3.7411334227e-07
 504.0000000000    3.7342830399e-07
 504.5000000000    3.7274630746e-07
 505.0000000000    3.7207043133e-07
 505.5000000000    3.7140033165e-07
 506.0000000000    3.7073576256e-07
 506.5000000000    3.7007347774e-07
 507.0000000000    3.6942012791e-07
 507.5000000000    3.6877249984e-07
 508.0000000000    3.6813026653e-07
 508.5000000000    3.6749283514e-07
 509.0000000000    3.6685979669e-07
 509.5000000000    3.6623106429e-07
 510.0000000000    3.6560722423e-07
 510.5000000000    3.6498884674e-07
 511.0000000000    3.6437600612e-07
 511.5000000000    3.6376816438e-07
 512.0000000000    3.6316465180e-07
 512.5000000000    3.6256530390e-07
 513.0000000000    3.6197070250e-07
 513.5000000000    3.6138171427e-07
 514.0000000000    3.6079867043e-07
 514.5000000000    3.6022104379e-07
 515.0000000000    3.5964774317e-07
 515.5000000000    3.5907808429e-07
 516.0000000000    3.5851233235e-07
 516.5000000000    3.5795149099e-07
 517.0000000000    3.5739637330e-07
 517.5000000000    3.5684687995e-07
 518.0000000000    3.5630200728e-07
 518.5000000000    3.5576070013e-07
 519.0000000000    3.5522276481e-07
 519.5000000000    3.5468907571e-07
 520.0000000000    3.5416081923e-07
 520.5000000000    3.5363848887e-07
 521.0000000000    3.5312140161e-07
 521.5000000000    3.5260825633e-07
 522.0000000000    3.5209820125e-07
 522.5000000000    3.5159157456e-07
 523.0000000000    3.5108962646e-07
 523.5000000000    3.5059344543e-07
 524.0000000000    3.5010299932e-07
 524.5000000000    3.4961710225e-07
 525.0000000000    3.4913437981e-07
 525.5000000000    3.4865442463e-07
 526.0000000000    3.4817816068e-07
 526.5000000000    3.4770707085e-07
 527.0000000000    3.4724191124e-07
 527.5000000000    3.4678200729e-07
 528.0000000000    3.4632576581e-07
 528.5000000000    3.4587199777e-07
 529.0000000000    3.4542376011e-07
 529.5000000000    3.4497688702e-07
 530.0000000000    3.4453565246e-07
 530.5000000000    3.4410020795e-07
 531.0000000000    3.4366921608e-07
 531.5000000000    3.4324096292e-07
 532.0000000000    3.4281484827e-07
 532.5000000000    3.4238919237e-07
 533.0000000000    3.4197140651e-07
 533.5000000000    3.4155983861e-07
 534.0000000000    3.4115385267e-07
 534.5000000000    3.4075163264e-07
 535.0000000000    3.4034869856e-07
 535.5000000000    3.3995239814e-07
 536.0000000000    3.3956109285e-07
 536.5000000000    3.3917482102e-07
 537.0000000000    3.3879434636e-07
 537.5000000000    3.3841867098e-07
 538.0000000000    3.3804577346e-07
 538.5000000000    3.3767481524e-07
 539.0000000000    3.3730679512e-07
 539.5000000000    3.3694362794e-07
 540.0000000000    3.3658643607e-07
 540.5000000000    3.3623451265e-07
 541.0000000000    3.3588584651e-07
 541.5000000000    3.3553876176e-07
 542.0000000000    3.3519328415e-07
 542.5000000000    3.3485106867e-07
 543.0000000000    3.3451393258e-07
 543.5000000000    3.3418223055e-07
 544.0000000000    3.3385444102e-07
 544.5000000000    3.3352833767e-07
 545.0000000000    3.3320278184e-07
 545.5000000000    3.3287863356e-07
 546.0000000000    3.3255799723e-07
 546.5000000000    3.3224242540e-07
 547.0000000000    3.3193160693e-07
 547.5000000000    3.3162368535e-07
 548.0000000000    3.3131696807e-07
 548.5000000000    3.3101157007e-07
 549.0000000000    3.3070954634e-07
 549.5000000000    3.3041333479e-07
 550.0000000000    3.3012380262e-07
 550.5000000000    3.2983957694e-07
 551.0000000000    3.2955824788e-07
 551.5000000000    3.2927842148e-07
 552.0000000000    3.2900085748e-07
 552.5000000000    3.2872769389e-07
 553.0000000000    3.2846045223e-07
 553.5000000000    3.2819856513e-07
 554.0000000000    3.2794214531e-07
 554.5000000000    3.2768418116e-07
 555.0000000000    3.2742686428e-07
 555.5000000000    3.2717208623e-07
 556.0000000000    3.2692222393e-07
 556.5000000000    3.2667811821e-07
 557.0000000000    3.2643599292e-07
 557.5000000000    3.2619815924e-07
 558.0000000000    3.2596086833e-07
 558.5000000000    3.2572494032e-07
 559.0000000000    3.2549215371e-07
 559.5000000000    3.2526313113e-07
 560.0000000000    3.2504124724e-07
 560.5000000000    3.2482481418e-07
 561.0000000000    3.2460652675e-07
 561.5000000000    3.2438855185e-07
 562.0000000000    3.2417260262e-07
 562.5000000000    3.2396103020e-07
 563.0000000000    3.2375482191e-07
 563.5000000000    3.2355274707e-07
 564.0000000000    3.2335239804e-07
 564.5000000000    3.2315224524e-07
 565.0000000000    3.2295294014e-07
 565.5000000000    3.2275675998e-07
 566.0000000000    3.2256567131e-07
 566.5000000000    3.2237965994e-07
 567.0000000000    3.2219506038e-07
 567.5000000000    3.2201296706e-07
 568.0000000000    3.2183275090e-07
 568.5000000000    3.2165261924e-07
 569.0000000000    3.2147666923e-07
 569.5000000000    3.2130611539e-07
 570.0000000000    3.2113989633e-07
 570.5000000000    3.2097559076e-07
 571.0000000000    3.2081142317e-07
 571.5000000000    3.2064777431e-07
 572.0000000000    3.2048683214e-07
 572.5000000000    3.2033068919e-07
 573.0000000000    3.2017952823e-07
 573.5000000000    3.2003141488e-07
 574.0000000000    3.1988392737e-07
 574.5000000000    3.1973618717e-07
 575.0000000000    3.1958960147e-07
 575.5000000000    3.1944665998e-07
 576.0000000000    3.1930879153e-07
 576.5000000000    3.1917512987e-07
 577.0000000000    3.1904325585e-07
 577.5000000000    3.1891127055e-07
 578.0000000000    3.1877943490e-07
 578.5000000000    3.1864996153e-07
 579.0000000000    3.1852512028e-07
 579.5000000000    3.1840529415e-07
 580.0000000000    3.1828867339e-07
 580.5000000000    3.1817283126e-07
 581.0000000000    3.1805680834e-07
 581.5000000000    3.1794194503e-07
 582.0000000000    3.1783072006e-07
 582.5000000000    3.1772463632e-07
 583.0000000000    3.1762294672e-07
 583.5000000000    3.1752329132e-07
 584.0000000000    3.1742372721e-07
 584.5000000000    3.1732436030e-07
 585.0000000000    3.1722722019e-07
 585.5000000000    3.1713448546e-07
 586.0000000000    3.1704661331e-07
 586.5000000000    3.1696193516e-07
 587.0000000000    3.1687807365e-07
 587.5000000000    3.1679393192e-07
 588.0000000000    3.1671057064e-07
 588.5000000000    3.1663026010e-07
 589.0000000000    3.1655452528e-07
 589.5000000000    3.1648283639e-07
 590.0000000000    3.1641305468e-07
 590.5000000000    3.1634322826e-07
 591.0000000000    3.1627324045e-07
 591.5000000000    3.1620488470e-07
 592.0000000000    3.1614033718e-07
 592.5000000000    3.1608030981e-07
 593.0000000000    3.1602345438e-07
 593.5000000000    3.1596751675e-07
 594.0000000000    3.1591125121e-07
 594.5000000000    3.1585548763e-07
 595.0000000000    3.1580242525e-07
 595.5000000000    3.1575376825e-07
 596.0000000000    3.1570927065e-07
 596.5000000000    3.1566694471e-07
 597.0000000000    3.1562477294e-07
 597.5000000000    3.1558242113e-07
 598.0000000000    3.1554150709e-07
 598.5000000000    3.1550420950e-07
 599.0000000000    3.1547139486e-07
 599.5000000000    3.1544185871e-07
 600.0000000000    3.1541334373e-07
 600.5000000000    3.1538445939e-07
 601.0000000000    3.1535584472e-07
 601.5000000000    3.1532957787e-07
 602.0000000000    3.1530736754e-07
 602.5000000000    3.1528907679e-07
 603.0000000000    3.1527283650e-07
 603.5000000000    3.1525663712e-07
 604.0000000000    3.1524003106e-07
 604.5000000000    3.1522449274e-07
 605.0000000000    3.1521212548e-07
 605.5000000000    3.1520387101e-07
 606.0000000000    3.1519871616e-07
 606.5000000000    3.1519458479e-07
 607.0000000000    3.1519011843e-07
 607.5000000000    3.1518370570e-07
 608.0000000000    3.1518153371e-07
 608.5000000000    3.1518527577e-07
 609.0000000000    3.1518856413e-07
 609.5000000000    3.1519611491e-07
 610.0000000000    3.1520389275e-07
 610.5000000000    3.1521135113e-07
 611.0000000000    3.1521970404e-07
 611.5000000000    3.1523085952e-07
 612.0000000000    3.1524575021e-07
 612.5000000000    3.1526352672e-07
 613.0000000000    3.1528226511e-07
 613.5000000000    3.1530058272e-07
 614.0000000000    3.1531877095e-07
 614.5000000000    3.1533850410e-07
 615.0000000000    3.1536138987e-07
 615.5000000000    3.1538759830e-07
 616.0000000000    3.1541573460e-07
 616.5000000000    3.1544404083e-07
 617.0000000000    3.1547189799e-07
 617.5000000000    3.1550034906e-07
 618.0000000000    3.1553120615e-07
 618.5000000000    3.1556551078e-07
 619.0000000000    3.1560266440e-07
 619.5000000000    3.1564095565e-07
 620.0000000000    3.1567902519e-07
 620.5000000000    3.1571701619e-07
 621.0000000000    3.1575642276e-07
 621.5000000000    3.1579879124e-07
 622.0000000000    3.1584438899e-07
 622.5000000000    3.1589197924e-07
 623.0000000000    3.1593988785e-07
 623.5000000000    3.1598743602e-07
 624.0000000000    3.1603550218e-07
 624.5000000000    3.1608575957e-07
 625.0000000000    3.1613923020e-07
 625.5000000000    3.1619544305e-07
 626.0000000000    3.1625286686e-07
 626.5000000000    3.1631023952e-07
 627.0000000000    3.1636764588e-07
 627.5000000000    3.1642640737e-07
 628.0000000000    3.1648791681e-07
 628.5000000000    3.1655243214e-07
 629.0000000000    3.1661885558e-07
 629.5000000000    3.1668566499e-07
 630.0000000000    3.1675217601e-07
 630.5000000000    3.1681905860e-07
 631.0000000000    3.1688769409e-07
 631.5000000000    3.1695894517e-07
 632.0000000000    3.1703240310e-07
 632.5000000000    3.1710673180e-07
 633.0000000000    3.1718079043e-07
 633.5000000000    3.1725456737e-07
 634.0000000000    3.1732914076e-07
 634.5000000000    3.1740572573e-07
 635.0000000000    3.1748463705e-07
 635.5000000000    3.1756503904e-07
 636.0000000000    3.1764567264e-07
 636.5000000000    3.1772593104e-07
 637.0000000000    3.1780635977e-07
 637.5000000000    3.1788817159e-07
 638.0000000000    3.1797220417e-07
 638.5000000000    3.1805821818e-07
 639.0000000000    3.1814511934e-07
 639.5000000000    3.1823190860e-07
 640.0000000000    3.1831851806e-07
 640.5000000000    3.1840585256e-07
 641.0000000000    3.1849499553e-07
 641.5000000000    3.1858626358e-07
 642.0000000000    3.1867895605e-07
 642.5000000000    3.1877197230e-07
 643.0000000000    3.1886477711e-07
 643.5000000000    3.1895784313e-07
 644.0000000000    3.1905224210e-07
 644.5000000000    3.1914870618e-07
 645.0000000000    3.1924702081e-07
 645.5000000000    3.1934625594e-07
 646.0000000000    3.1944559539e-07
 646.5000000000    3.1954504604e-07
 647.0000000000    3.1964540374e-07
 647.5000000000    3.1974753294e-07
 648.0000000000    3.1985160992e-07
 648.5000000000    3.1995697340e-07
 649.0000000000    3.2006270483e-07
 649.5000000000    3.2016839389e-07
 650.0000000000    3.2027442241e-07
 650.5000000000    3.2038155305e-07
 651.0000000000    3.2049020351e-07
 651.5000000000    3.2060005237e-07
 652.0000000000    3.2071030137e-07
 652.5000000000    3.2082033832e-07
 653.0000000000    3.2093021108e-07
 653.5000000000    3.2104051907e-07
 654.0000000000    3.2115184890e-07
 654.5000000000    3.2126426521e-07
 655.0000000000    3.2137728283e-07
 655.5000000000    3.2149032342e-07
 656.0000000000    3.2160323999e-07
 656.5000000000    3.2171645220e-07
 657.0000000000    3.2183059731e-07
 657.5000000000    3.2194601351e-07
 658.0000000000    3.2206250959e-07
 658.5000000000    3.2217960049e-07
 659.0000000000    3.2229698613e-07
 659.5000000000    3.2241485352e-07
 660.0000000000    3.2253374204e-07
 660.5000000000    3.2265409470e-07
 661.0000000000    3.2277590114e-07
 661.5000000000    3.2289874698e-07
 662.0000000000    3.2302221171e-07
 662.5000000000    3.2314625655e-07
 663.0000000000    3.2327125232e-07
 663.5000000000    3.2339762141e-07
 664.0000000000    3.2352542008e-07
 664.5000000000    3.2365424122e-07
 665.0000000000    3.2378352611e-07
 665.5000000000    3.2391300475e-07
 666.0000000000    3.2404285850e-07
 666.5000000000    3.2417345922e-07
 667.0000000000    3.2430492074e-07
 667.5000000000    3.2443688423e-07
 668.0000000000    3.2456875049e-07
 668.5000000000    3.2470016082e-07
 669.0000000000    3.2483128351e-07
 669.5000000000    3.2496263556e-07
 670.0000000000    3.2509459205e-07
 670.5000000000    3.2522703151e-07
 671.0000000000    3.2535945639e-07
 671.5000000000    3.2549149420e-07
 672.0000000000    3.2562331465e-07
 672.5000000000    3.2575555780e-07
 673.0000000000    3.2588881373e-07
 673.5000000000    3.2602311520e-07
 674.0000000000    3.2615791697e-07
 674.5000000000    3.2629259693e-07
 675.0000000000    3.2642703654e-07
 675.5000000000    3.2656174457e-07
 676.0000000000    3.2669738907e-07
 676.5000000000    3.2683414652e-07
 677.0000000000    3.2697146128e-07
 677.5000000000    3.2710845950e-07
 678.0000000000    3.2724467248e-07
 678.5000000000    3.2738042581e-07
 679.0000000000    3.2751652000e-07
 679.5000000000    3.2765346215e-07
 680.0000000000    3.2779092382e-07
 680.5000000000    3.2792792674e-07
 681.0000000000    3.2806361752e-07
 681.5000000000    3.2819795687e-07
 682.0000000000    3.2833169297e-07
 682.5000000000    3.2846561021e-07
 683.0000000000    3.2859970086e-07
 683.5000000000    3.2873327821e-07
 684.0000000000    3.2886454605e-07
 684.5000000000    3.2899321409e-07
 685.0000000000    3.2911969115e-07
 685.5000000000    3.2924519853e-07
 686.0000000000    3.2937030814e-07
 686.5000000000    3.2949434822e-07
 687.0000000000    3.2961621351e-07
 687.5000000000    3.2973503637e-07
 688.0000000000    3.2985109205e-07
 688.5000000000    3.2996568152e-07
 689.0000000000    3.3008014914e-07
 689.5000000000    3.3019461193e-07
 690.0000000000    3.3030883296e-07
 690.5000000000    3.3042149880e-07
 691.0000000000    3.3053239920e-07
 691.5000000000    3.3064259548e-07
 692.0000000000    3.3075374885e-07
 692.5000000000    3.3086688951e-07
 693.0000000000    3.3098167408e-07
 693.5000000000    3.3109678397e-07
 694.0000000000    3.3121116000e-07
 694.5000000000    3.3132502297e-07
 695.0000000000    3.3143978294e-07
 695.5000000000    3.3155688495e-07
 696.0000000000    3.3167656277e-07
 696.5000000000    3.3179759259e-07
 697.0000000000    3.3191830080e-07
 697.5000000000    3.3203799632e-07
 698.0000000000    3.3215759222e-07
 698.5000000000    3.3227884260e-07
 699.0000000000    3.3240280638e-07
 699.5000000000    3.3252885706e-07
 700.0000000000    3.3265512311e-07
