#          time             Min_Chi
   0.0000000000    5.0494070167e-01
   0.5000000000    5.0475964845e-01
   1.0000000000    5.0441424203e-01
   1.5000000000    5.0408517107e-01
   2.0000000000    5.0381777320e-01
   2.5000000000    5.0360954231e-01
   3.0000000000    5.0341530699e-01
   3.5000000000    5.0322537299e-01
   4.0000000000    5.0303766288e-01
   4.5000000000    5.0283722196e-01
   5.0000000000    5.0264494281e-01
   5.5000000000    5.0243295396e-01
   6.0000000000    5.0223444114e-01
   6.5000000000    5.0201502280e-01
   7.0000000000    5.0180790721e-01
   7.5000000000    5.0158641146e-01
   8.0000000000    5.0137235405e-01
   8.5000000000    5.0114977957e-01
   9.0000000000    5.0093043934e-01
   9.5000000000    5.0070789904e-01
  10.0000000000    5.0048508798e-01
  10.5000000000    5.0026372651e-01
  11.0000000000    5.0003898664e-01
  11.5000000000    4.9981981359e-01
  12.0000000000    4.9959467513e-01
  12.5000000000    4.9937825168e-01
  13.0000000000    4.9915397133e-01
  13.5000000000    4.9894092473e-01
  14.0000000000    4.9871856276e-01
  14.5000000000    4.9850968314e-01
  15.0000000000    4.9829003578e-01
  15.5000000000    4.9808547499e-01
  16.0000000000    4.9786928190e-01
  16.5000000000    4.9766819565e-01
  17.0000000000    4.9745737288e-01
  17.5000000000    4.9726254632e-01
  18.0000000000    4.9705518740e-01
  18.5000000000    4.9686547036e-01
  19.0000000000    4.9666304031e-01
  19.5000000000    4.9647848008e-01
  20.0000000000    4.9628155942e-01
  20.5000000000    4.9610223622e-01
  21.0000000000    4.9591073146e-01
  21.5000000000    4.9573687387e-01
  22.0000000000    4.9555109605e-01
  22.5000000000    4.9538151569e-01
  23.0000000000    4.9520370584e-01
  23.5000000000    4.9503927688e-01
  24.0000000000    4.9486581616e-01
  24.5000000000    4.9470796378e-01
  25.0000000000    4.9454008339e-01
  25.5000000000    4.9438769250e-01
  26.0000000000    4.9422547968e-01
  26.5000000000    4.9407804004e-01
  27.0000000000    4.9392198046e-01
  27.5000000000    4.9377962349e-01
  28.0000000000    4.9362946999e-01
  28.5000000000    4.9349216530e-01
  29.0000000000    4.9334776962e-01
  29.5000000000    4.9321533416e-01
  30.0000000000    4.9307657613e-01
  30.5000000000    4.9294872389e-01
  31.0000000000    4.9281462549e-01
  31.5000000000    4.9269182204e-01
  32.0000000000    4.9256506421e-01
  32.5000000000    4.9244720432e-01
  33.0000000000    4.9232336800e-01
  33.5000000000    4.9220999796e-01
  34.0000000000    4.9209227855e-01
  34.5000000000    4.9198307148e-01
  35.0000000000    4.9186967366e-01
  35.5000000000    4.9176515788e-01
  36.0000000000    4.9165647061e-01
  36.5000000000    4.9155609857e-01
  37.0000000000    4.9145171921e-01
  37.5000000000    4.9135556926e-01
  38.0000000000    4.9125537215e-01
  38.5000000000    4.9116343467e-01
  39.0000000000    4.9106719172e-01
  39.5000000000    4.9097936986e-01
  40.0000000000    4.9088685043e-01
  40.5000000000    4.9080295589e-01
  41.0000000000    4.9071394632e-01
  41.5000000000    4.9063410056e-01
  42.0000000000    4.9054834366e-01
  42.5000000000    4.9047243697e-01
  43.0000000000    4.9038987029e-01
  43.5000000000    4.9031779138e-01
  44.0000000000    4.9023793596e-01
  44.5000000000    4.9016996856e-01
  45.0000000000    4.9009306107e-01
  45.5000000000    4.9002864938e-01
  46.0000000000    4.8995377992e-01
  46.5000000000    4.8989327137e-01
  47.0000000000    4.8982097508e-01
  47.5000000000    4.8976435681e-01
  48.0000000000    4.8969381246e-01
  48.5000000000    4.8964075645e-01
  49.0000000000    4.8957213747e-01
  49.5000000000    4.8952308650e-01
  50.0000000000    4.8945611236e-01
  50.5000000000    4.8941045514e-01
  51.0000000000    4.8934513333e-01
  51.5000000000    4.8930064751e-01
  52.0000000000    4.8923908300e-01
  52.5000000000    4.8919567167e-01
  53.0000000000    4.8913777864e-01
  53.5000000000    4.8909494969e-01
  54.0000000000    4.8904058870e-01
  54.5000000000    4.8899784686e-01
  55.0000000000    4.8894608820e-01
  55.5000000000    4.8890122297e-01
  56.0000000000    4.8884900300e-01
  56.5000000000    4.8879590498e-01
  57.0000000000    4.8873415976e-01
  57.5000000000    4.8866179656e-01
  58.0000000000    4.8858564430e-01
  58.5000000000    4.8850473553e-01
  59.0000000000    4.8844269916e-01
  59.5000000000    4.8839054616e-01
  60.0000000000    4.8836129370e-01
  60.5000000000    4.8832892114e-01
  61.0000000000    4.8830976245e-01
  61.5000000000    4.8827692392e-01
  62.0000000000    4.8826029504e-01
  62.5000000000    4.8822585590e-01
  63.0000000000    4.8820817497e-01
  63.5000000000    4.8816783432e-01
  64.0000000000    4.8814601640e-01
  64.5000000000    4.8811155012e-01
  65.0000000000    4.8809158814e-01
  65.5000000000    4.8805948356e-01
  66.0000000000    4.8803630135e-01
  66.5000000000    4.8800804307e-01
  67.0000000000    4.8798441576e-01
  67.5000000000    4.8795952452e-01
  68.0000000000    4.8793405505e-01
  68.5000000000    4.8791372309e-01
  69.0000000000    4.8788670692e-01
  69.5000000000    4.8787026614e-01
  70.0000000000    4.8784153385e-01
  70.5000000000    4.8782955293e-01
  71.0000000000    4.8779936190e-01
  71.5000000000    4.8778793334e-01
  72.0000000000    4.8775955250e-01
  72.5000000000    4.8774606386e-01
  73.0000000000    4.8772214266e-01
  73.5000000000    4.8770660034e-01
  74.0000000000    4.8768742311e-01
  74.5000000000    4.8766971839e-01
  75.0000000000    4.8765530057e-01
  75.5000000000    4.8763529853e-01
  76.0000000000    4.8762576617e-01
  76.5000000000    4.8760336278e-01
  77.0000000000    4.8759871467e-01
  77.5000000000    4.8757340582e-01
  78.0000000000    4.8756624531e-01
  78.5000000000    4.8754618410e-01
  79.0000000000    4.8753646341e-01
  79.5000000000    4.8752183139e-01
  80.0000000000    4.8750886704e-01
  80.5000000000    4.8749922141e-01
  81.0000000000    4.8748264300e-01
  81.5000000000    4.8747845973e-01
  82.0000000000    4.8746012022e-01
  82.5000000000    4.8745996907e-01
  83.0000000000    4.8744170853e-01
  83.5000000000    4.8743465893e-01
  84.0000000000    4.8742058266e-01
  84.5000000000    4.8741204796e-01
  85.0000000000    4.8740593280e-01
  85.5000000000    4.8739347906e-01
  86.0000000000    4.8739308091e-01
  86.5000000000    4.8737695118e-01
  87.0000000000    4.8737713546e-01
  87.5000000000    4.8736227344e-01
  88.0000000000    4.8735859442e-01
  88.5000000000    4.8735056251e-01
  89.0000000000    4.8734270588e-01
  89.5000000000    4.8734140702e-01
  90.0000000000    4.8732928080e-01
  90.5000000000    4.8733329811e-01
  91.0000000000    4.8731842747e-01
  91.5000000000    4.8731789558e-01
  92.0000000000    4.8731014076e-01
  92.5000000000    4.8730514700e-01
  93.0000000000    4.8730483996e-01
  93.5000000000    4.8729505328e-01
  94.0000000000    4.8730088641e-01
  94.5000000000    4.8728766222e-01
  95.0000000000    4.8728851196e-01
  95.5000000000    4.8728311088e-01
  96.0000000000    4.8727908004e-01
  96.5000000000    4.8728164891e-01
  97.0000000000    4.8727238729e-01
  97.5000000000    4.8727831989e-01
  98.0000000000    4.8726872630e-01
  98.5000000000    4.8726905248e-01
  99.0000000000    4.8726797357e-01
  99.5000000000    4.8726296839e-01
 100.0000000000    4.8727079699e-01
 100.5000000000    4.8726045411e-01
 101.0000000000    4.8726459046e-01
 101.5000000000    4.8726084697e-01
 102.0000000000    4.8725881586e-01
 102.5000000000    4.8726442089e-01
 103.0000000000    4.8725683211e-01
 103.5000000000    4.8726348823e-01
 104.0000000000    4.8725850922e-01
 104.5000000000    4.8725880200e-01
 105.0000000000    4.8726352733e-01
 105.5000000000    4.8725780549e-01
 106.0000000000    4.8726586292e-01
 106.5000000000    4.8726063206e-01
 107.0000000000    4.8726225724e-01
 107.5000000000    4.8726734383e-01
 108.0000000000    4.8726242201e-01
 108.5000000000    4.8727100800e-01
 109.0000000000    4.8726675872e-01
 109.5000000000    4.8726857206e-01
 110.0000000000    4.8727530917e-01
 110.5000000000    4.8727045291e-01
 111.0000000000    4.8727859161e-01
 111.5000000000    4.8727676223e-01
 112.0000000000    4.8727796174e-01
 112.5000000000    4.8728777598e-01
 113.0000000000    4.8728194477e-01
 113.5000000000    4.8728882880e-01
 114.0000000000    4.8729086116e-01
 114.5000000000    4.8729055283e-01
 115.0000000000    4.8730255037e-01
 115.5000000000    4.8729715041e-01
 116.0000000000    4.8730164056e-01
 116.5000000000    4.8730898369e-01
 117.0000000000    4.8730597081e-01
 117.5000000000    4.8731500974e-01
 118.0000000000    4.8731569436e-01
 118.5000000000    4.8731697111e-01
 119.0000000000    4.8733000272e-01
 119.5000000000    4.8732473649e-01
 120.0000000000    4.8733026868e-01
 120.5000000000    4.8733907595e-01
 121.0000000000    4.8733646083e-01
 121.5000000000    4.8734495856e-01
 122.0000000000    4.8734795604e-01
 122.5000000000    4.8734838966e-01
 123.0000000000    4.8736019703e-01
 123.5000000000    4.8735899335e-01
 124.0000000000    4.8736249760e-01
 124.5000000000    4.8737627300e-01
 125.0000000000    4.8737136021e-01
 125.5000000000    4.8737708518e-01
 126.0000000000    4.8738715057e-01
 126.5000000000    4.8738481289e-01
 127.0000000000    4.8739273369e-01
 127.5000000000    4.8739937990e-01
 128.0000000000    4.8739866880e-01
 128.5000000000    4.8740853360e-01
 129.0000000000    4.8741296389e-01
 129.5000000000    4.8741352569e-01
 130.0000000000    4.8742441740e-01
 130.5000000000    4.8742704008e-01
 131.0000000000    4.8742869193e-01
 131.5000000000    4.8744022807e-01
 132.0000000000    4.8744169122e-01
 132.5000000000    4.8744442138e-01
 133.0000000000    4.8745633158e-01
 133.5000000000    4.8745678912e-01
 134.0000000000    4.8746000439e-01
 134.5000000000    4.8747235954e-01
 135.0000000000    4.8747275052e-01
 135.5000000000    4.8747574579e-01
 136.0000000000    4.8748798743e-01
 136.5000000000    4.8748925614e-01
 137.0000000000    4.8749175556e-01
 137.5000000000    4.8750322722e-01
 138.0000000000    4.8750593188e-01
 138.5000000000    4.8750777569e-01
 139.0000000000    4.8751816272e-01
 139.5000000000    4.8752303380e-01
 140.0000000000    4.8752383871e-01
 140.5000000000    4.8753300435e-01
 141.0000000000    4.8754072221e-01
 141.5000000000    4.8754009693e-01
 142.0000000000    4.8754749203e-01
 142.5000000000    4.8755881036e-01
 143.0000000000    4.8755658650e-01
 143.5000000000    4.8756216787e-01
 144.0000000000    4.8757548888e-01
 144.5000000000    4.8757363693e-01
 145.0000000000    4.8757688556e-01
 145.5000000000    4.8758768803e-01
 146.0000000000    4.8759130484e-01
 146.5000000000    4.8759213125e-01
 147.0000000000    4.8760030141e-01
 147.5000000000    4.8761034323e-01
 148.0000000000    4.8760829075e-01
 148.5000000000    4.8761331375e-01
 149.0000000000    4.8762542136e-01
 149.5000000000    4.8762562349e-01
 150.0000000000    4.8762741737e-01
 150.5000000000    4.8763602978e-01
 151.0000000000    4.8764468094e-01
 151.5000000000    4.8764296550e-01
 152.0000000000    4.8764773031e-01
 152.5000000000    4.8765896952e-01
 153.0000000000    4.8766030398e-01
 153.5000000000    4.8766116278e-01
 154.0000000000    4.8766821100e-01
 154.5000000000    4.8768019088e-01
 155.0000000000    4.8767684841e-01
 155.5000000000    4.8767941632e-01
 156.0000000000    4.8768784611e-01
 156.5000000000    4.8769529294e-01
 157.0000000000    4.8769331228e-01
 157.5000000000    4.8769692710e-01
 158.0000000000    4.8770597875e-01
 158.5000000000    4.8771026739e-01
 159.0000000000    4.8770874179e-01
 159.5000000000    4.8771289632e-01
 160.0000000000    4.8772245578e-01
 160.5000000000    4.8772592986e-01
 161.0000000000    4.8772423973e-01
 161.5000000000    4.8772728483e-01
 162.0000000000    4.8773544289e-01
 162.5000000000    4.8773934045e-01
 163.0000000000    4.8773757644e-01
 163.5000000000    4.8774030847e-01
 164.0000000000    4.8774736834e-01
 164.5000000000    4.8775341645e-01
 165.0000000000    4.8775004719e-01
 165.5000000000    4.8775109750e-01
 166.0000000000    4.8775640237e-01
 166.5000000000    4.8776585024e-01
 167.0000000000    4.8776181771e-01
 167.5000000000    4.8776083711e-01
 168.0000000000    4.8776385272e-01
 168.5000000000    4.8777074160e-01
 169.0000000000    4.8777363712e-01
 169.5000000000    4.8777015912e-01
 170.0000000000    4.8777035803e-01
 170.5000000000    4.8777417164e-01
 171.0000000000    4.8778152227e-01
 171.5000000000    4.8777977700e-01
 172.0000000000    4.8777685197e-01
 172.5000000000    4.8777725789e-01
 173.0000000000    4.8778082697e-01
 173.5000000000    4.8778750569e-01
 174.0000000000    4.8778429085e-01
 174.5000000000    4.8778078456e-01
 175.0000000000    4.8778024427e-01
 175.5000000000    4.8778260715e-01
 176.0000000000    4.8778771869e-01
 176.5000000000    4.8778644574e-01
 177.0000000000    4.8778149394e-01
 177.5000000000    4.8777919896e-01
 178.0000000000    4.8777939860e-01
 178.5000000000    4.8778198718e-01
 179.0000000000    4.8778644409e-01
 179.5000000000    4.8777944058e-01
 180.0000000000    4.8777466683e-01
 180.5000000000    4.8777203243e-01
 181.0000000000    4.8777149017e-01
 181.5000000000    4.8777293790e-01
 182.0000000000    4.8777555785e-01
 182.5000000000    4.8776764944e-01
 183.0000000000    4.8776157921e-01
 183.5000000000    4.8775719553e-01
 184.0000000000    4.8775437166e-01
 184.5000000000    4.8775302417e-01
 185.0000000000    4.8775311103e-01
 185.5000000000    4.8774859150e-01
 186.0000000000    4.8773962799e-01
 186.5000000000    4.8773201959e-01
 187.0000000000    4.8772572729e-01
 187.5000000000    4.8772077383e-01
 188.0000000000    4.8771708523e-01
 188.5000000000    4.8771458623e-01
 189.0000000000    4.8771184962e-01
 189.5000000000    4.8770149303e-01
 190.0000000000    4.8769229140e-01
 190.5000000000    4.8768411543e-01
 191.0000000000    4.8767683224e-01
 191.5000000000    4.8767030598e-01
 192.0000000000    4.8766448235e-01
 192.5000000000    4.8765933028e-01
 193.0000000000    4.8765469862e-01
 193.5000000000    4.8764644443e-01
 194.0000000000    4.8763444374e-01
 194.5000000000    4.8762307016e-01
 195.0000000000    4.8761210391e-01
 195.5000000000    4.8760153815e-01
 196.0000000000    4.8759148034e-01
 196.5000000000    4.8758172607e-01
 197.0000000000    4.8757215680e-01
 197.5000000000    4.8756279940e-01
 198.0000000000    4.8755362223e-01
 198.5000000000    4.8754444555e-01
 199.0000000000    4.8753414697e-01
 199.5000000000    4.8751911684e-01
 200.0000000000    4.8750424889e-01
 200.5000000000    4.8748941013e-01
 201.0000000000    4.8747453248e-01
 201.5000000000    4.8745963925e-01
 202.0000000000    4.8744466511e-01
 202.5000000000    4.8742955235e-01
 203.0000000000    4.8741428941e-01
 203.5000000000    4.8739886290e-01
 204.0000000000    4.8738315204e-01
 204.5000000000    4.8736703868e-01
 205.0000000000    4.8735048587e-01
 205.5000000000    4.8733347685e-01
 206.0000000000    4.8731598840e-01
 206.5000000000    4.8729802290e-01
 207.0000000000    4.8727961163e-01
 207.5000000000    4.8726072251e-01
 208.0000000000    4.8724126670e-01
 208.5000000000    4.8722122129e-01
 209.0000000000    4.8720060314e-01
 209.5000000000    4.8717936303e-01
 210.0000000000    4.8715744937e-01
 210.5000000000    4.8713490544e-01
 211.0000000000    4.8711173901e-01
 211.5000000000    4.8708790334e-01
 212.0000000000    4.8706337680e-01
 212.5000000000    4.8703817588e-01
 213.0000000000    4.8701231720e-01
 213.5000000000    4.8698578721e-01
 214.0000000000    4.8695857718e-01
 214.5000000000    4.8693073258e-01
 215.0000000000    4.8690231936e-01
 215.5000000000    4.8687329201e-01
 216.0000000000    4.8684364184e-01
 216.5000000000    4.8681343106e-01
 217.0000000000    4.8678269838e-01
 217.5000000000    4.8675145373e-01
 218.0000000000    4.8671978099e-01
 218.5000000000    4.8668771867e-01
 219.0000000000    4.8665522385e-01
 219.5000000000    4.8662226667e-01
 220.0000000000    4.8658893411e-01
 220.5000000000    4.8655535577e-01
 221.0000000000    4.8652166122e-01
 221.5000000000    4.8648346319e-01
 222.0000000000    4.8644300871e-01
 222.5000000000    4.8640235914e-01
 223.0000000000    4.8636142328e-01
 223.5000000000    4.8632017037e-01
 224.0000000000    4.8627867009e-01
 224.5000000000    4.8623706103e-01
 225.0000000000    4.8619560306e-01
 225.5000000000    4.8615457157e-01
 226.0000000000    4.8611410880e-01
 226.5000000000    4.8606509164e-01
 227.0000000000    4.8601521356e-01
 227.5000000000    4.8596556929e-01
 228.0000000000    4.8591626223e-01
 228.5000000000    4.8586751998e-01
 229.0000000000    4.8581966426e-01
 229.5000000000    4.8577290321e-01
 230.0000000000    4.8571766974e-01
 230.5000000000    4.8566008941e-01
 231.0000000000    4.8560335305e-01
 231.5000000000    4.8554755047e-01
 232.0000000000    4.8549292065e-01
 232.5000000000    4.8543980231e-01
 233.0000000000    4.8537482112e-01
 233.5000000000    4.8531014001e-01
 234.0000000000    4.8524753691e-01
 234.5000000000    4.8518725859e-01
 235.0000000000    4.8512949930e-01
 235.5000000000    4.8505936393e-01
 236.0000000000    4.8498918449e-01
 236.5000000000    4.8492133409e-01
 237.0000000000    4.8485596088e-01
 237.5000000000    4.8478585819e-01
 238.0000000000    4.8470702777e-01
 238.5000000000    4.8463154718e-01
 239.0000000000    4.8455983730e-01
 239.5000000000    4.8448469386e-01
 240.0000000000    4.8439971683e-01
 240.5000000000    4.8431862069e-01
 241.0000000000    4.8424183045e-01
 241.5000000000    4.8415518857e-01
 242.0000000000    4.8406578790e-01
 242.5000000000    4.8398224389e-01
 243.0000000000    4.8389950147e-01
 243.5000000000    4.8380305198e-01
 244.0000000000    4.8371190795e-01
 244.5000000000    4.8362585410e-01
 245.0000000000    4.8351987215e-01
 245.5000000000    4.8342060219e-01
 246.0000000000    4.8332900712e-01
 246.5000000000    4.8321810038e-01
 247.0000000000    4.8311566261e-01
 247.5000000000    4.8301676484e-01
 248.0000000000    4.8290144219e-01
 248.5000000000    4.8279433342e-01
 249.0000000000    4.8268136382e-01
 249.5000000000    4.8256185002e-01
 250.0000000000    4.8245305014e-01
 250.5000000000    4.8232566628e-01
 251.0000000000    4.8220685592e-01
 251.5000000000    4.8208339161e-01
 252.0000000000    4.8195343910e-01
 252.5000000000    4.8183079514e-01
 253.0000000000    4.8169027982e-01
 253.5000000000    4.8156349968e-01
 254.0000000000    4.8141800171e-01
 254.5000000000    4.8128324762e-01
 255.0000000000    4.8113514823e-01
 255.5000000000    4.8099231794e-01
 256.0000000000    4.8083913422e-01
 256.5000000000    4.8068936569e-01
 257.0000000000    4.8053010900e-01
 257.5000000000    4.8037527922e-01
 258.0000000000    4.8020844457e-01
 258.5000000000    4.8004966003e-01
 259.0000000000    4.7987328903e-01
 259.5000000000    4.7970963073e-01
 260.0000000000    4.7952419032e-01
 260.5000000000    4.7934774453e-01
 261.0000000000    4.7916104861e-01
 261.5000000000    4.7897026292e-01
 262.0000000000    4.7878443674e-01
 262.5000000000    4.7857858174e-01
 263.0000000000    4.7838029403e-01
 263.5000000000    4.7817538048e-01
 264.0000000000    4.7796034622e-01
 264.5000000000    4.7775039574e-01
 265.0000000000    4.7752955256e-01
 265.5000000000    4.7729996133e-01
 266.0000000000    4.7707270245e-01
 266.5000000000    4.7683902382e-01
 267.0000000000    4.7659059139e-01
 267.5000000000    4.7634287333e-01
 268.0000000000    4.7609502046e-01
 268.5000000000    4.7583424863e-01
 269.0000000000    4.7556413560e-01
 269.5000000000    4.7529176369e-01
 270.0000000000    4.7501605965e-01
 270.5000000000    4.7473605666e-01
 271.0000000000    4.7443751481e-01
 271.5000000000    4.7413307568e-01
 272.0000000000    4.7382316244e-01
 272.5000000000    4.7350710652e-01
 273.0000000000    4.7318432969e-01
 273.5000000000    4.7285429025e-01
 274.0000000000    4.7251632860e-01
 274.5000000000    4.7216958541e-01
 275.0000000000    4.7180954601e-01
 275.5000000000    4.7143886275e-01
 276.0000000000    4.7105789136e-01
 276.5000000000    4.7066644538e-01
 277.0000000000    4.7026486037e-01
 277.5000000000    4.6985366345e-01
 278.0000000000    4.6943305722e-01
 278.5000000000    4.6899847001e-01
 279.0000000000    4.6854985757e-01
 279.5000000000    4.6808759918e-01
 280.0000000000    4.6761137867e-01
 280.5000000000    4.6712185614e-01
 281.0000000000    4.6662036007e-01
 281.5000000000    4.6610815442e-01
 282.0000000000    4.6557960394e-01
 282.5000000000    4.6502761303e-01
 283.0000000000    4.6446300591e-01
 283.5000000000    4.6388618950e-01
 284.0000000000    4.6328716097e-01
 284.5000000000    4.6266399137e-01
 285.0000000000    4.6203215582e-01
 285.5000000000    4.6137756161e-01
 286.0000000000    4.6069871110e-01
 286.5000000000    4.6001133073e-01
 287.0000000000    4.5928225822e-01
 287.5000000000    4.5854883811e-01
 288.0000000000    4.5777541143e-01
 288.5000000000    4.5699694000e-01
 289.0000000000    4.5617391718e-01
 289.5000000000    4.5533808163e-01
 290.0000000000    4.5447163308e-01
 290.5000000000    4.5357241562e-01
 291.0000000000    4.5265265990e-01
 291.5000000000    4.5170428082e-01
 292.0000000000    4.5071385727e-01
 292.5000000000    4.4969448963e-01
 293.0000000000    4.4864261248e-01
 293.5000000000    4.4755493491e-01
 294.0000000000    4.4642816125e-01
 294.5000000000    4.4525868153e-01
 295.0000000000    4.4404250311e-01
 295.5000000000    4.4277531901e-01
 296.0000000000    4.4145247259e-01
 296.5000000000    4.4006872545e-01
 297.0000000000    4.3860670958e-01
 297.5000000000    4.3705110078e-01
 298.0000000000    4.3540273686e-01
 298.5000000000    4.3361000239e-01
 299.0000000000    4.3166592842e-01
 299.5000000000    4.2952386584e-01
 300.0000000000    4.2712544516e-01
 300.5000000000    4.2440076538e-01
 301.0000000000    4.2123824648e-01
 301.5000000000    4.1748899789e-01
 302.0000000000    4.1289306424e-01
 302.5000000000    4.0695659875e-01
 303.0000000000    3.9006028963e-01
 303.5000000000    3.6943864748e-01
 304.0000000000    3.4840718539e-01
 304.5000000000    3.2705397783e-01
 305.0000000000    3.0547760512e-01
 305.5000000000    2.8378545547e-01
 306.0000000000    2.6209184925e-01
 306.5000000000    2.4051630917e-01
 307.0000000000    2.1918228487e-01
 307.5000000000    1.9821653750e-01
 308.0000000000    1.7774921466e-01
 308.5000000000    1.5791438957e-01
 309.0000000000    1.3885053836e-01
 309.5000000000    1.2070016542e-01
 310.0000000000    1.0360764138e-01
 310.5000000000    8.7714420314e-02
 311.0000000000    7.3151258077e-02
 311.5000000000    6.0027847079e-02
 312.0000000000    4.8421272287e-02
 312.5000000000    3.8365530682e-02
 313.0000000000    2.9844659824e-02
 313.5000000000    2.2791494444e-02
 314.0000000000    1.7092803889e-02
 314.5000000000    1.2599983010e-02
 315.0000000000    9.1431614892e-03
 315.5000000000    6.5460174080e-03
 316.0000000000    4.6388286812e-03
 316.5000000000    3.2681266458e-03
 317.0000000000    2.3023460828e-03
 317.5000000000    1.6337782504e-03
 318.0000000000    1.1777273245e-03
 318.5000000000    8.6995392711e-04
 319.0000000000    6.6333577357e-04
 319.5000000000    5.2438715778e-04
 320.0000000000    4.3002360976e-04
 320.5000000000    3.6477955733e-04
 321.0000000000    3.1856109086e-04
 321.5000000000    2.8492543417e-04
 322.0000000000    2.5982353186e-04
 322.5000000000    2.4071997201e-04
 323.0000000000    2.2600392496e-04
 323.5000000000    2.1461388961e-04
 324.0000000000    2.0581123201e-04
 324.5000000000    1.9905076827e-04
 325.0000000000    1.9391009440e-04
 325.5000000000    1.9005172705e-04
 326.0000000000    1.8720210781e-04
 326.5000000000    1.8513864914e-04
 327.0000000000    1.8368047691e-04
 327.5000000000    1.8268101275e-04
 328.0000000000    1.8202174768e-04
 328.5000000000    1.8160702169e-04
 329.0000000000    1.8135975333e-04
 329.5000000000    1.8121805556e-04
 330.0000000000    1.8113262097e-04
 330.5000000000    1.8106472722e-04
 331.0000000000    1.8098472193e-04
 331.5000000000    1.8087083683e-04
 332.0000000000    1.8070820959e-04
 332.5000000000    1.8048802620e-04
 333.0000000000    1.8020671814e-04
 333.5000000000    1.7986517292e-04
 334.0000000000    1.7946793960e-04
 334.5000000000    1.7902243643e-04
 335.0000000000    1.7853816647e-04
 335.5000000000    1.7802596571e-04
 336.0000000000    1.7749730453e-04
 336.5000000000    1.7696366800e-04
 337.0000000000    1.7643603693e-04
 337.5000000000    1.7592448145e-04
 338.0000000000    1.7543787326e-04
 338.5000000000    1.7498370732e-04
 339.0000000000    1.7456802746e-04
 339.5000000000    1.7419543317e-04
 340.0000000000    1.7386914996e-04
 340.5000000000    1.7359114394e-04
 341.0000000000    1.7336226321e-04
 341.5000000000    1.7318239345e-04
 342.0000000000    1.7305061385e-04
 342.5000000000    1.7296534508e-04
 343.0000000000    1.7292447778e-04
 343.5000000000    1.7292548165e-04
 344.0000000000    1.7296549093e-04
 344.5000000000    1.7304136965e-04
 345.0000000000    1.7314975956e-04
 345.5000000000    1.7328711337e-04
 346.0000000000    1.7344972208e-04
 346.5000000000    1.7363374141e-04
 347.0000000000    1.7383521757e-04
 347.5000000000    1.7405011688e-04
 348.0000000000    1.7427436366e-04
 348.5000000000    1.7450389221e-04
 349.0000000000    1.7473470583e-04
 349.5000000000    1.7496294149e-04
 350.0000000000    1.7518493966e-04
 350.5000000000    1.7539731174e-04
 351.0000000000    1.7559700185e-04
 351.5000000000    1.7578134501e-04
 352.0000000000    1.7594811246e-04
 352.5000000000    1.7609554855e-04
 353.0000000000    1.7622240353e-04
 353.5000000000    1.7632795924e-04
 354.0000000000    1.7641203750e-04
 354.5000000000    1.7647498277e-04
 355.0000000000    1.7651761997e-04
 355.5000000000    1.7654119020e-04
 356.0000000000    1.7654727912e-04
 356.5000000000    1.7653775927e-04
 357.0000000000    1.7651474868e-04
 357.5000000000    1.7648056473e-04
 358.0000000000    1.7643765449e-04
 358.5000000000    1.7638849408e-04
 359.0000000000    1.7633548275e-04
 359.5000000000    1.7628085247e-04
 360.0000000000    1.7622662179e-04
 360.5000000000    1.7617459833e-04
 361.0000000000    1.7612640022e-04
 361.5000000000    1.7608346245e-04
 362.0000000000    1.7604701258e-04
 362.5000000000    1.7601802671e-04
 363.0000000000    1.7599720005e-04
 363.5000000000    1.7598495641e-04
 364.0000000000    1.7598149906e-04
 364.5000000000    1.7598686614e-04
 365.0000000000    1.7600096120e-04
 365.5000000000    1.7602354851e-04
 366.0000000000    1.7605423451e-04
 366.5000000000    1.7609246274e-04
 367.0000000000    1.7613753900e-04
 367.5000000000    1.7618867495e-04
 368.0000000000    1.7624502924e-04
 368.5000000000    1.7630572995e-04
 369.0000000000    1.7636987684e-04
 369.5000000000    1.7643654242e-04
 370.0000000000    1.7650478015e-04
 370.5000000000    1.7657364634e-04
 371.0000000000    1.7664222160e-04
 371.5000000000    1.7670962959e-04
 372.0000000000    1.7677504835e-04
 372.5000000000    1.7683771788e-04
 373.0000000000    1.7689695461e-04
 373.5000000000    1.7695217533e-04
 374.0000000000    1.7700292308e-04
 374.5000000000    1.7704889261e-04
 375.0000000000    1.7708995206e-04
 375.5000000000    1.7712615703e-04
 376.0000000000    1.7715774927e-04
 376.5000000000    1.7718513598e-04
 377.0000000000    1.7720884362e-04
 377.5000000000    1.7722945231e-04
 378.0000000000    1.7724752117e-04
 378.5000000000    1.7726350949e-04
 379.0000000000    1.7727770637e-04
 379.5000000000    1.7729018521e-04
 380.0000000000    1.7730079385e-04
 380.5000000000    1.7730918212e-04
 381.0000000000    1.7731487777e-04
 381.5000000000    1.7731740964e-04
 382.0000000000    1.7731645765e-04
 382.5000000000    1.7731199816e-04
 383.0000000000    1.7730442229e-04
 383.5000000000    1.7729460322e-04
 384.0000000000    1.7728388877e-04
 384.5000000000    1.7727401388e-04
 385.0000000000    1.7726694482e-04
 385.5000000000    1.7726466280e-04
 386.0000000000    1.7726891486e-04
 386.5000000000    1.7728097617e-04
 387.0000000000    1.7730146746e-04
 387.5000000000    1.7733025864e-04
 388.0000000000    1.7736648047e-04
 388.5000000000    1.7740864240e-04
 389.0000000000    1.7745483917e-04
 389.5000000000    1.7750301153e-04
 390.0000000000    1.7755121789e-04
 390.5000000000    1.7759787440e-04
 391.0000000000    1.7764192340e-04
 391.5000000000    1.7768290316e-04
 392.0000000000    1.7772090892e-04
 392.5000000000    1.7775646355e-04
 393.0000000000    1.7779032533e-04
 393.5000000000    1.7782327742e-04
 394.0000000000    1.7785593789e-04
 394.5000000000    1.7788862888e-04
 395.0000000000    1.7792132302e-04
 395.5000000000    1.7795367110e-04
 396.0000000000    1.7798509711e-04
 396.5000000000    1.7801493732e-04
 397.0000000000    1.7804258619e-04
 397.5000000000    1.7806761998e-04
 398.0000000000    1.7808987245e-04
 398.5000000000    1.7810945361e-04
 399.0000000000    1.7812671380e-04
 399.5000000000    1.7814216617e-04
 400.0000000000    1.7815638918e-04
 400.5000000000    1.7816993139e-04
 401.0000000000    1.7818323890e-04
 401.5000000000    1.7819661636e-04
 402.0000000000    1.7821022695e-04
 402.5000000000    1.7822412050e-04
 403.0000000000    1.7823828092e-04
 403.5000000000    1.7825267538e-04
 404.0000000000    1.7826729417e-04
 404.5000000000    1.7828217472e-04
 405.0000000000    1.7829740604e-04
 405.5000000000    1.7831311685e-04
 406.0000000000    1.7832945195e-04
 406.5000000000    1.7834654400e-04
 407.0000000000    1.7836448796e-04
 407.5000000000    1.7838332218e-04
 408.0000000000    1.7840302033e-04
 408.5000000000    1.7842349202e-04
 409.0000000000    1.7844459067e-04
 409.5000000000    1.7846612218e-04
 410.0000000000    1.7848785745e-04
 410.5000000000    1.7850954863e-04
 411.0000000000    1.7853094681e-04
 411.5000000000    1.7855182580e-04
 412.0000000000    1.7857200469e-04
 412.5000000000    1.7859136955e-04
 413.0000000000    1.7860988805e-04
 413.5000000000    1.7862761263e-04
 414.0000000000    1.7864467443e-04
 414.5000000000    1.7866126465e-04
 415.0000000000    1.7867760770e-04
 415.5000000000    1.7869392948e-04
 416.0000000000    1.7871042564e-04
 416.5000000000    1.7872723664e-04
 417.0000000000    1.7874443332e-04
 417.5000000000    1.7876201723e-04
 418.0000000000    1.7877993371e-04
 418.5000000000    1.7879809306e-04
 419.0000000000    1.7881639552e-04
 419.5000000000    1.7883475375e-04
 420.0000000000    1.7885310752e-04
 420.5000000000    1.7887143003e-04
 421.0000000000    1.7888972501e-04
 421.5000000000    1.7890801521e-04
 422.0000000000    1.7892632657e-04
 422.5000000000    1.7894467301e-04
 423.0000000000    1.7896304461e-04
 423.5000000000    1.7898140225e-04
 424.0000000000    1.7899968122e-04
 424.5000000000    1.7901780200e-04
 425.0000000000    1.7903568443e-04
 425.5000000000    1.7905326489e-04
 426.0000000000    1.7907050875e-04
 426.5000000000    1.7908741987e-04
 427.0000000000    1.7910404156e-04
 427.5000000000    1.7912045147e-04
 428.0000000000    1.7913675082e-04
 428.5000000000    1.7915304735e-04
 429.0000000000    1.7916943768e-04
 429.5000000000    1.7918599143e-04
 430.0000000000    1.7920273962e-04
 430.5000000000    1.7921967081e-04
 431.0000000000    1.7923673448e-04
 431.5000000000    1.7925385005e-04
 432.0000000000    1.7927092234e-04
 432.5000000000    1.7928785781e-04
 433.0000000000    1.7930458036e-04
 433.5000000000    1.7932104487e-04
 434.0000000000    1.7933724151e-04
 434.5000000000    1.7935319496e-04
 435.0000000000    1.7936895659e-04
 435.5000000000    1.7938459174e-04
 436.0000000000    1.7940016583e-04
 436.5000000000    1.7941573233e-04
 437.0000000000    1.7943132366e-04
 437.5000000000    1.7944694475e-04
 438.0000000000    1.7946257181e-04
 438.5000000000    1.7947815703e-04
 439.0000000000    1.7949363683e-04
 439.5000000000    1.7950894356e-04
 440.0000000000    1.7952401901e-04
 440.5000000000    1.7953882514e-04
 441.0000000000    1.7955335285e-04
 441.5000000000    1.7956762564e-04
 442.0000000000    1.7958169802e-04
 442.5000000000    1.7959564929e-04
 443.0000000000    1.7960957497e-04
 443.5000000000    1.7962357412e-04
 444.0000000000    1.7963773663e-04
 444.5000000000    1.7965213171e-04
 445.0000000000    1.7966680039e-04
 445.5000000000    1.7968175242e-04
 446.0000000000    1.7969696551e-04
 446.5000000000    1.7971238996e-04
 447.0000000000    1.7972795547e-04
 447.5000000000    1.7974358066e-04
 448.0000000000    1.7975918388e-04
 448.5000000000    1.7977468801e-04
 449.0000000000    1.7979003231e-04
 449.5000000000    1.7980518110e-04
 450.0000000000    1.7982012367e-04
 450.5000000000    1.7983487000e-04
 451.0000000000    1.7984944876e-04
 451.5000000000    1.7986390241e-04
 452.0000000000    1.7987827581e-04
 452.5000000000    1.7989260756e-04
 453.0000000000    1.7990691975e-04
 453.5000000000    1.7992121809e-04
 454.0000000000    1.7993549658e-04
 454.5000000000    1.7994973903e-04
 455.0000000000    1.7996392482e-04
 455.5000000000    1.7997803295e-04
 456.0000000000    1.7999204092e-04
 456.5000000000    1.8000592962e-04
 457.0000000000    1.8001969099e-04
 457.5000000000    1.8003332997e-04
 458.0000000000    1.8004686193e-04
 458.5000000000    1.8006030985e-04
 459.0000000000    1.8007370275e-04
 459.5000000000    1.8008707009e-04
 460.0000000000    1.8010043057e-04
 460.5000000000    1.8011379256e-04
 461.0000000000    1.8012715997e-04
 461.5000000000    1.8014053009e-04
 462.0000000000    1.8015389356e-04
 462.5000000000    1.8016724141e-04
 463.0000000000    1.8018056866e-04
 463.5000000000    1.8019387013e-04
 464.0000000000    1.8020714065e-04
 464.5000000000    1.8022037879e-04
 465.0000000000    1.8023358639e-04
 465.5000000000    1.8024676616e-04
 466.0000000000    1.8025992132e-04
 466.5000000000    1.8027305440e-04
 467.0000000000    1.8028616511e-04
 467.5000000000    1.8029925170e-04
 468.0000000000    1.8031230925e-04
 468.5000000000    1.8032532958e-04
 469.0000000000    1.8033830767e-04
 469.5000000000    1.8035124143e-04
 470.0000000000    1.8036412778e-04
 470.5000000000    1.8037696217e-04
 471.0000000000    1.8038973885e-04
 471.5000000000    1.8040245170e-04
 472.0000000000    1.8041509582e-04
 472.5000000000    1.8042766972e-04
 473.0000000000    1.8044017632e-04
 473.5000000000    1.8045262252e-04
 474.0000000000    1.8046501799e-04
 474.5000000000    1.8047737346e-04
 475.0000000000    1.8048969870e-04
 475.5000000000    1.8050200042e-04
 476.0000000000    1.8051428027e-04
 476.5000000000    1.8052653402e-04
 477.0000000000    1.8053875391e-04
 477.5000000000    1.8055093250e-04
 478.0000000000    1.8056306628e-04
 478.5000000000    1.8057515931e-04
 479.0000000000    1.8058722282e-04
 479.5000000000    1.8059927215e-04
 480.0000000000    1.8061132212e-04
 480.5000000000    1.8062338119e-04
 481.0000000000    1.8063544790e-04
 481.5000000000    1.8064751141e-04
 482.0000000000    1.8065955578e-04
 482.5000000000    1.8067156585e-04
 483.0000000000    1.8068353350e-04
 483.5000000000    1.8069546013e-04
 484.0000000000    1.8070735517e-04
 484.5000000000    1.8071923031e-04
 485.0000000000    1.8073109203e-04
 485.5000000000    1.8074293729e-04
 486.0000000000    1.8075475438e-04
 486.5000000000    1.8076652771e-04
 487.0000000000    1.8077824513e-04
 487.5000000000    1.8078990388e-04
 488.0000000000    1.8080151181e-04
 488.5000000000    1.8081308301e-04
 489.0000000000    1.8082463037e-04
 489.5000000000    1.8083615868e-04
 490.0000000000    1.8084766145e-04
 490.5000000000    1.8085912304e-04
 491.0000000000    1.8087052562e-04
 491.5000000000    1.8088185716e-04
 492.0000000000    1.8089311666e-04
 492.5000000000    1.8090431439e-04
 493.0000000000    1.8091546717e-04
 493.5000000000    1.8092659136e-04
 494.0000000000    1.8093769694e-04
 494.5000000000    1.8094878567e-04
 495.0000000000    1.8095985358e-04
 495.5000000000    1.8097089552e-04
 496.0000000000    1.8098190874e-04
 496.5000000000    1.8099289334e-04
 497.0000000000    1.8100384881e-04
 497.5000000000    1.8101476887e-04
 498.0000000000    1.8102563827e-04
 498.5000000000    1.8103643293e-04
 499.0000000000    1.8104712408e-04
 499.5000000000    1.8105768388e-04
 500.0000000000    1.8106809110e-04
 500.5000000000    1.8107833443e-04
 501.0000000000    1.8108841501e-04
 501.5000000000    1.8109835006e-04
 502.0000000000    1.8110817925e-04
 502.5000000000    1.8111797291e-04
 503.0000000000    1.8112783899e-04
 503.5000000000    1.8113792434e-04
 504.0000000000    1.8114840571e-04
 504.5000000000    1.8115946900e-04
 505.0000000000    1.8117127821e-04
 505.5000000000    1.8118393844e-04
 506.0000000000    1.8119745927e-04
 506.5000000000    1.8121172421e-04
 507.0000000000    1.8122647173e-04
 507.5000000000    1.8124129241e-04
 508.0000000000    1.8125564494e-04
 508.5000000000    1.8126889179e-04
 509.0000000000    1.8128035529e-04
 509.5000000000    1.8128939233e-04
 510.0000000000    1.8129548229e-04
 510.5000000000    1.8129831796e-04
 511.0000000000    1.8129788548e-04
 511.5000000000    1.8129451585e-04
 512.0000000000    1.8128889200e-04
 512.5000000000    1.8128200160e-04
 513.0000000000    1.8127503536e-04
 513.5000000000    1.8126924404e-04
 514.0000000000    1.8126577866e-04
 514.5000000000    1.8126554279e-04
 515.0000000000    1.8126908556e-04
 515.5000000000    1.8127655478e-04
 516.0000000000    1.8128771483e-04
 516.5000000000    1.8130202064e-04
 517.0000000000    1.8131873091e-04
 517.5000000000    1.8133703710e-04
 518.0000000000    1.8135618523e-04
 518.5000000000    1.8137557092e-04
 519.0000000000    1.8139479313e-04
 519.5000000000    1.8141365881e-04
 520.0000000000    1.8143214239e-04
 520.5000000000    1.8145031111e-04
 521.0000000000    1.8146824231e-04
 521.5000000000    1.8148595459e-04
 522.0000000000    1.8150337313e-04
 522.5000000000    1.8152033647e-04
 523.0000000000    1.8153663793e-04
 523.5000000000    1.8155208361e-04
 524.0000000000    1.8156654599e-04
 524.5000000000    1.8157999604e-04
 525.0000000000    1.8159250971e-04
 525.5000000000    1.8160424465e-04
 526.0000000000    1.8161540299e-04
 526.5000000000    1.8162618715e-04
 527.0000000000    1.8163676202e-04
 527.5000000000    1.8164722757e-04
 528.0000000000    1.8165761324e-04
 528.5000000000    1.8166788733e-04
 529.0000000000    1.8167798273e-04
 529.5000000000    1.8168782641e-04
 530.0000000000    1.8169736683e-04
 530.5000000000    1.8170659013e-04
 531.0000000000    1.8171552248e-04
 531.5000000000    1.8172422054e-04
 532.0000000000    1.8173275653e-04
 532.5000000000    1.8174120921e-04
 533.0000000000    1.8174965470e-04
 533.5000000000    1.8175815656e-04
 534.0000000000    1.8176676432e-04
 534.5000000000    1.8177551192e-04
 535.0000000000    1.8178441457e-04
 535.5000000000    1.8179346822e-04
 536.0000000000    1.8180265313e-04
 536.5000000000    1.8181194030e-04
 537.0000000000    1.8182129939e-04
 537.5000000000    1.8183070672e-04
 538.0000000000    1.8184015370e-04
 538.5000000000    1.8184965604e-04
 539.0000000000    1.8185926246e-04
 539.5000000000    1.8186905992e-04
 540.0000000000    1.8187917211e-04
 540.5000000000    1.8188974859e-04
 541.0000000000    1.8190093870e-04
 541.5000000000    1.8191285331e-04
 542.0000000000    1.8192552875e-04
 542.5000000000    1.8193889246e-04
 543.0000000000    1.8195272774e-04
 543.5000000000    1.8196666119e-04
 544.0000000000    1.8198017627e-04
 544.5000000000    1.8199264156e-04
 545.0000000000    1.8200336782e-04
 545.5000000000    1.8201170235e-04
 546.0000000000    1.8201713587e-04
 546.5000000000    1.8201941157e-04
 547.0000000000    1.8201862744e-04
 547.5000000000    1.8201530994e-04
 548.0000000000    1.8201043893e-04
 548.5000000000    1.8200541338e-04
 549.0000000000    1.8200195570e-04
 549.5000000000    1.8200195807e-04
 550.0000000000    1.8200727925e-04
 550.5000000000    1.8201950784e-04
 551.0000000000    1.8203972972e-04
 551.5000000000    1.8206832966e-04
 552.0000000000    1.8210486739e-04
 552.5000000000    1.8214805539e-04
 553.0000000000    1.8219586119e-04
 553.5000000000    1.8224571699e-04
 554.0000000000    1.8229481496e-04
 554.5000000000    1.8234043278e-04
 555.0000000000    1.8238024954e-04
 555.5000000000    1.8241260329e-04
 556.0000000000    1.8243664454e-04
 556.5000000000    1.8245237029e-04
 557.0000000000    1.8246053152e-04
 557.5000000000    1.8246243036e-04
 558.0000000000    1.8245964594e-04
 558.5000000000    1.8245374072e-04
 559.0000000000    1.8244601573e-04
 559.5000000000    1.8243736258e-04
 560.0000000000    1.8242823900e-04
 560.5000000000    1.8241876289e-04
 561.0000000000    1.8240888216e-04
 561.5000000000    1.8239856448e-04
 562.0000000000    1.8238794912e-04
 562.5000000000    1.8237741831e-04
 563.0000000000    1.8236757284e-04
 563.5000000000    1.8235912537e-04
 564.0000000000    1.8235274828e-04
 564.5000000000    1.8234891988e-04
 565.0000000000    1.8234781260e-04
 565.5000000000    1.8234925460e-04
 566.0000000000    1.8235277216e-04
 566.5000000000    1.8235770528e-04
 567.0000000000    1.8236337184e-04
 567.5000000000    1.8236922744e-04
 568.0000000000    1.8237497577e-04
 568.5000000000    1.8238061310e-04
 569.0000000000    1.8238639455e-04
 569.5000000000    1.8239274063e-04
 570.0000000000    1.8240011453e-04
 570.5000000000    1.8240889657e-04
 571.0000000000    1.8241929774e-04
 571.5000000000    1.8243132165e-04
 572.0000000000    1.8244476407e-04
 572.5000000000    1.8245924978e-04
 573.0000000000    1.8247429495e-04
 573.5000000000    1.8248937620e-04
 574.0000000000    1.8250399730e-04
 574.5000000000    1.8251774553e-04
 575.0000000000    1.8253032994e-04
 575.5000000000    1.8254159874e-04
 576.0000000000    1.8255153934e-04
 576.5000000000    1.8256026089e-04
 577.0000000000    1.8256797224e-04
 577.5000000000    1.8257494439e-04
 578.0000000000    1.8258147065e-04
 578.5000000000    1.8258782737e-04
 579.0000000000    1.8259423552e-04
 579.5000000000    1.8260083345e-04
 580.0000000000    1.8260766811e-04
 580.5000000000    1.8261470178e-04
 581.0000000000    1.8262183936e-04
 581.5000000000    1.8262896167e-04
 582.0000000000    1.8263596120e-04
 582.5000000000    1.8264277090e-04
 583.0000000000    1.8264937769e-04
 583.5000000000    1.8265582070e-04
 584.0000000000    1.8266217967e-04
 584.5000000000    1.8266855128e-04
 585.0000000000    1.8267502865e-04
 585.5000000000    1.8268168153e-04
 586.0000000000    1.8268854809e-04
 586.5000000000    1.8269562917e-04
 587.0000000000    1.8270290033e-04
 587.5000000000    1.8271031753e-04
 588.0000000000    1.8271783026e-04
 588.5000000000    1.8272539198e-04
 589.0000000000    1.8273296823e-04
 589.5000000000    1.8274053768e-04
 590.0000000000    1.8274809010e-04
 590.5000000000    1.8275562721e-04
 591.0000000000    1.8276315560e-04
 591.5000000000    1.8277068072e-04
 592.0000000000    1.8277821174e-04
 592.5000000000    1.8278576009e-04
 593.0000000000    1.8279333304e-04
 593.5000000000    1.8280093275e-04
 594.0000000000    1.8280855987e-04
 594.5000000000    1.8281621514e-04
 595.0000000000    1.8282389513e-04
 595.5000000000    1.8283158729e-04
 596.0000000000    1.8283927753e-04
 596.5000000000    1.8284695288e-04
 597.0000000000    1.8285459836e-04
 597.5000000000    1.8286220037e-04
 598.0000000000    1.8286974848e-04
 598.5000000000    1.8287723284e-04
 599.0000000000    1.8288464133e-04
 599.5000000000    1.8289196044e-04
 600.0000000000    1.8289917169e-04
 600.5000000000    1.8290625132e-04
 601.0000000000    1.8291316871e-04
 601.5000000000    1.8291988635e-04
 602.0000000000    1.8292636331e-04
 602.5000000000    1.8293255719e-04
 603.0000000000    1.8293843549e-04
 603.5000000000    1.8294397550e-04
 604.0000000000    1.8294916865e-04
 604.5000000000    1.8295402418e-04
 605.0000000000    1.8295857124e-04
 605.5000000000    1.8296285557e-04
 606.0000000000    1.8296694146e-04
 606.5000000000    1.8297091135e-04
 607.0000000000    1.8297485779e-04
 607.5000000000    1.8297888612e-04
 608.0000000000    1.8298310792e-04
 608.5000000000    1.8298763436e-04
 609.0000000000    1.8299257253e-04
 609.5000000000    1.8299801864e-04
 610.0000000000    1.8300405139e-04
 610.5000000000    1.8301072947e-04
 611.0000000000    1.8301808838e-04
 611.5000000000    1.8302613756e-04
 612.0000000000    1.8303486210e-04
 612.5000000000    1.8304422787e-04
 613.0000000000    1.8305418403e-04
 613.5000000000    1.8306466818e-04
 614.0000000000    1.8307561585e-04
 614.5000000000    1.8308696170e-04
 615.0000000000    1.8309864488e-04
 615.5000000000    1.8311061000e-04
 616.0000000000    1.8312280338e-04
 616.5000000000    1.8313517169e-04
 617.0000000000    1.8314765597e-04
 617.5000000000    1.8316018858e-04
 618.0000000000    1.8317268791e-04
 618.5000000000    1.8318505467e-04
 619.0000000000    1.8319716871e-04
 619.5000000000    1.8320889409e-04
 620.0000000000    1.8322007885e-04
 620.5000000000    1.8323056518e-04
 621.0000000000    1.8324019761e-04
 621.5000000000    1.8324883586e-04
 622.0000000000    1.8325636531e-04
 622.5000000000    1.8326271019e-04
 623.0000000000    1.8326784174e-04
 623.5000000000    1.8327178356e-04
 624.0000000000    1.8327461541e-04
 624.5000000000    1.8327647221e-04
 625.0000000000    1.8327753783e-04
 625.5000000000    1.8327803606e-04
 626.0000000000    1.8327821691e-04
 626.5000000000    1.8327833994e-04
 627.0000000000    1.8327865444e-04
 627.5000000000    1.8327938165e-04
 628.0000000000    1.8328070467e-04
 628.5000000000    1.8328275471e-04
 629.0000000000    1.8328560500e-04
 629.5000000000    1.8328927675e-04
 630.0000000000    1.8329374362e-04
 630.5000000000    1.8329894027e-04
 631.0000000000    1.8330478044e-04
 631.5000000000    1.8331117275e-04
 632.0000000000    1.8331803291e-04
 632.5000000000    1.8332529883e-04
 633.0000000000    1.8333293617e-04
 633.5000000000    1.8334093805e-04
 634.0000000000    1.8334931935e-04
 634.5000000000    1.8335810365e-04
 635.0000000000    1.8336731309e-04
 635.5000000000    1.8337695754e-04
 636.0000000000    1.8338701929e-04
 636.5000000000    1.8339744798e-04
 637.0000000000    1.8340816006e-04
 637.5000000000    1.8341903888e-04
 638.0000000000    1.8342994080e-04
 638.5000000000    1.8344070465e-04
 639.0000000000    1.8345116347e-04
 639.5000000000    1.8346115830e-04
 640.0000000000    1.8347055228e-04
 640.5000000000    1.8347924129e-04
 641.0000000000    1.8348716466e-04
 641.5000000000    1.8349431122e-04
 642.0000000000    1.8350072073e-04
 642.5000000000    1.8350648430e-04
 643.0000000000    1.8351173817e-04
 643.5000000000    1.8351664904e-04
 644.0000000000    1.8352140147e-04
 644.5000000000    1.8352618105e-04
 645.0000000000    1.8353115616e-04
 645.5000000000    1.8353646666e-04
 646.0000000000    1.8354221550e-04
 646.5000000000    1.8354846497e-04
 647.0000000000    1.8355524154e-04
 647.5000000000    1.8356254184e-04
 648.0000000000    1.8357034630e-04
 648.5000000000    1.8357862599e-04
 649.0000000000    1.8358735388e-04
 649.5000000000    1.8359650567e-04
 650.0000000000    1.8360605948e-04
 650.5000000000    1.8361598866e-04
 651.0000000000    1.8362625403e-04
 651.5000000000    1.8363679258e-04
 652.0000000000    1.8364750942e-04
 652.5000000000    1.8365827379e-04
 653.0000000000    1.8366891926e-04
 653.5000000000    1.8367924973e-04
 654.0000000000    1.8368904689e-04
 654.5000000000    1.8369808619e-04
 655.0000000000    1.8370614733e-04
 655.5000000000    1.8371303038e-04
 656.0000000000    1.8371856657e-04
 656.5000000000    1.8372262647e-04
 657.0000000000    1.8372512868e-04
 657.5000000000    1.8372604146e-04
 658.0000000000    1.8372538586e-04
 658.5000000000    1.8372323512e-04
 659.0000000000    1.8371971158e-04
 659.5000000000    1.8371498540e-04
 660.0000000000    1.8370927639e-04
 660.5000000000    1.8370284640e-04
 661.0000000000    1.8369599762e-04
 661.5000000000    1.8368906741e-04
 662.0000000000    1.8368241478e-04
 662.5000000000    1.8367640947e-04
 663.0000000000    1.8367141439e-04
 663.5000000000    1.8366776762e-04
 664.0000000000    1.8366576422e-04
 664.5000000000    1.8366564043e-04
 665.0000000000    1.8366755976e-04
 665.5000000000    1.8367160704e-04
 666.0000000000    1.8367778503e-04
 666.5000000000    1.8368602012e-04
 667.0000000000    1.8369617364e-04
 667.5000000000    1.8370805569e-04
 668.0000000000    1.8372144143e-04
 668.5000000000    1.8373608709e-04
 669.0000000000    1.8375174492e-04
 669.5000000000    1.8376817304e-04
 670.0000000000    1.8378514076e-04
 670.5000000000    1.8380242866e-04
 671.0000000000    1.8381982303e-04
 671.5000000000    1.8383710764e-04
 672.0000000000    1.8385405496e-04
 672.5000000000    1.8387041872e-04
 673.0000000000    1.8388592973e-04
 673.5000000000    1.8390029752e-04
 674.0000000000    1.8391322112e-04
 674.5000000000    1.8392440271e-04
 675.0000000000    1.8393356958e-04
 675.5000000000    1.8394050103e-04
 676.0000000000    1.8394505059e-04
 676.5000000000    1.8394716838e-04
 677.0000000000    1.8394691851e-04
 677.5000000000    1.8394448503e-04
 678.0000000000    1.8394016740e-04
 678.5000000000    1.8393436832e-04
 679.0000000000    1.8392756735e-04
 679.5000000000    1.8392028794e-04
 680.0000000000    1.8391306232e-04
 680.5000000000    1.8390638885e-04
 681.0000000000    1.8390069603e-04
 681.5000000000    1.8389631254e-04
 682.0000000000    1.8389344435e-04
 682.5000000000    1.8389216446e-04
 683.0000000000    1.8389241577e-04
 683.5000000000    1.8389402195e-04
 684.0000000000    1.8389670945e-04
 684.5000000000    1.8390013536e-04
 685.0000000000    1.8390391848e-04
 685.5000000000    1.8390767017e-04
 686.0000000000    1.8391102130e-04
 686.5000000000    1.8391364394e-04
 687.0000000000    1.8391526559e-04
 687.5000000000    1.8391567634e-04
 688.0000000000    1.8391472805e-04
 688.5000000000    1.8391232843e-04
 689.0000000000    1.8390843172e-04
 689.5000000000    1.8390302773e-04
 690.0000000000    1.8389612919e-04
 690.5000000000    1.8388776183e-04
 691.0000000000    1.8387795572e-04
 691.5000000000    1.8386674133e-04
 692.0000000000    1.8385415153e-04
 692.5000000000    1.8384022897e-04
 693.0000000000    1.8382504054e-04
 693.5000000000    1.8380869452e-04
 694.0000000000    1.8379135950e-04
 694.5000000000    1.8377328366e-04
 695.0000000000    1.8375481161e-04
 695.5000000000    1.8373639529e-04
 696.0000000000    1.8371859871e-04
 696.5000000000    1.8370209180e-04
 697.0000000000    1.8368763220e-04
 697.5000000000    1.8367603511e-04
 698.0000000000    1.8366813124e-04
 698.5000000000    1.8366471853e-04
 699.0000000000    1.8366650943e-04
 699.5000000000    1.8367408015e-04
 700.0000000000    1.8368782573e-04
