#          time             Min_Chi
   0.0000000000    5.0766595958e-01
   0.5000000000    5.0748794850e-01
   1.0000000000    5.0714604561e-01
   1.5000000000    5.0681751962e-01
   2.0000000000    5.0654913076e-01
   2.5000000000    5.0633964272e-01
   3.0000000000    5.0614527662e-01
   3.5000000000    5.0595504005e-01
   4.0000000000    5.0576769553e-01
   4.5000000000    5.0556720040e-01
   5.0000000000    5.0537522646e-01
   5.5000000000    5.0516320045e-01
   6.0000000000    5.0496424499e-01
   6.5000000000    5.0474541257e-01
   7.0000000000    5.0453787005e-01
   7.5000000000    5.0431683833e-01
   8.0000000000    5.0410236133e-01
   8.5000000000    5.0388012373e-01
   9.0000000000    5.0366035481e-01
   9.5000000000    5.0343801980e-01
  10.0000000000    5.0321475901e-01
  10.5000000000    5.0299347003e-01
  11.0000000000    5.0276836902e-01
  11.5000000000    5.0254914436e-01
  12.0000000000    5.0232334784e-01
  12.5000000000    5.0210672873e-01
  13.0000000000    5.0188194478e-01
  13.5000000000    5.0166851287e-01
  14.0000000000    5.0144554208e-01
  14.5000000000    5.0123620830e-01
  15.0000000000    5.0101591004e-01
  15.5000000000    5.0081080503e-01
  16.0000000000    5.0059394468e-01
  16.5000000000    5.0039217352e-01
  17.0000000000    5.0018061065e-01
  17.5000000000    4.9998505491e-01
  18.0000000000    4.9977700526e-01
  18.5000000000    4.9958643501e-01
  19.0000000000    4.9938323766e-01
  19.5000000000    4.9919774952e-01
  20.0000000000    4.9900004515e-01
  20.5000000000    4.9881972615e-01
  21.0000000000    4.9862744404e-01
  21.5000000000    4.9845252332e-01
  22.0000000000    4.9826595036e-01
  22.5000000000    4.9809523558e-01
  23.0000000000    4.9791666487e-01
  23.5000000000    4.9775103552e-01
  24.0000000000    4.9757679821e-01
  24.5000000000    4.9741771956e-01
  25.0000000000    4.9724906878e-01
  25.5000000000    4.9709540806e-01
  26.0000000000    4.9693244123e-01
  26.5000000000    4.9678367073e-01
  27.0000000000    4.9662688162e-01
  27.5000000000    4.9648317503e-01
  28.0000000000    4.9633231477e-01
  28.5000000000    4.9619362374e-01
  29.0000000000    4.9604854846e-01
  29.5000000000    4.9591469495e-01
  30.0000000000    4.9577529210e-01
  30.5000000000    4.9564599429e-01
  31.0000000000    4.9551128330e-01
  31.5000000000    4.9538702233e-01
  32.0000000000    4.9525970648e-01
  32.5000000000    4.9514035057e-01
  33.0000000000    4.9501597960e-01
  33.5000000000    4.9490110515e-01
  34.0000000000    4.9478291984e-01
  34.5000000000    4.9467216193e-01
  35.0000000000    4.9455834686e-01
  35.5000000000    4.9445228703e-01
  36.0000000000    4.9434321701e-01
  36.5000000000    4.9424128117e-01
  37.0000000000    4.9413656769e-01
  37.5000000000    4.9403882981e-01
  38.0000000000    4.9393837026e-01
  38.5000000000    4.9384484725e-01
  39.0000000000    4.9374837307e-01
  39.5000000000    4.9365894322e-01
  40.0000000000    4.9356627091e-01
  40.5000000000    4.9348074540e-01
  41.0000000000    4.9339162934e-01
  41.5000000000    4.9331014627e-01
  42.0000000000    4.9322435213e-01
  42.5000000000    4.9314677919e-01
  43.0000000000    4.9306423915e-01
  43.5000000000    4.9299048252e-01
  44.0000000000    4.9291070805e-01
  44.5000000000    4.9284104027e-01
  45.0000000000    4.9276427724e-01
  45.5000000000    4.9269814167e-01
  46.0000000000    4.9262349354e-01
  46.5000000000    4.9256124409e-01
  47.0000000000    4.9248922297e-01
  47.5000000000    4.9243082615e-01
  48.0000000000    4.9236062383e-01
  48.5000000000    4.9230577181e-01
  49.0000000000    4.9223757469e-01
  49.5000000000    4.9218669928e-01
  50.0000000000    4.9212020454e-01
  50.5000000000    4.9207302643e-01
  51.0000000000    4.9200791588e-01
  51.5000000000    4.9196357771e-01
  52.0000000000    4.9190060744e-01
  52.5000000000    4.9185741303e-01
  53.0000000000    4.9179806717e-01
  53.5000000000    4.9175552852e-01
  54.0000000000    4.9169967163e-01
  54.5000000000    4.9165726124e-01
  55.0000000000    4.9160392200e-01
  55.5000000000    4.9155941958e-01
  56.0000000000    4.9150546766e-01
  56.5000000000    4.9145269539e-01
  57.0000000000    4.9138909966e-01
  57.5000000000    4.9131719335e-01
  58.0000000000    4.9123943766e-01
  58.5000000000    4.9115946592e-01
  59.0000000000    4.9109597470e-01
  59.5000000000    4.9104458149e-01
  60.0000000000    4.9101342833e-01
  60.5000000000    4.9098164755e-01
  61.0000000000    4.9096059299e-01
  61.5000000000    4.9092859595e-01
  62.0000000000    4.9091010909e-01
  62.5000000000    4.9087654507e-01
  63.0000000000    4.9085792742e-01
  63.5000000000    4.9081770638e-01
  64.0000000000    4.9079664221e-01
  64.5000000000    4.9076072815e-01
  65.0000000000    4.9074140910e-01
  65.5000000000    4.9070780658e-01
  66.0000000000    4.9068546441e-01
  66.5000000000    4.9065564241e-01
  67.0000000000    4.9063287458e-01
  67.5000000000    4.9060637697e-01
  68.0000000000    4.9058186915e-01
  68.5000000000    4.9055984590e-01
  69.0000000000    4.9053384822e-01
  69.5000000000    4.9051566944e-01
  70.0000000000    4.9048804988e-01
  70.5000000000    4.9047425171e-01
  71.0000000000    4.9044525757e-01
  71.5000000000    4.9043462679e-01
  72.0000000000    4.9040482652e-01
  72.5000000000    4.9039222932e-01
  73.0000000000    4.9036680572e-01
  73.5000000000    4.9035224742e-01
  74.0000000000    4.9033149708e-01
  74.5000000000    4.9031485855e-01
  75.0000000000    4.9029877716e-01
  75.5000000000    4.9027993987e-01
  76.0000000000    4.9026865353e-01
  76.5000000000    4.9024748872e-01
  77.0000000000    4.9024099796e-01
  77.5000000000    4.9021703677e-01
  78.0000000000    4.9021085623e-01
  78.5000000000    4.9018933939e-01
  79.0000000000    4.9018068732e-01
  79.5000000000    4.9016447315e-01
  80.0000000000    4.9015266168e-01
  80.5000000000    4.9014134797e-01
  81.0000000000    4.9012605320e-01
  81.5000000000    4.9012013427e-01
  82.0000000000    4.9010317415e-01
  82.5000000000    4.9010396926e-01
  83.0000000000    4.9008424020e-01
  83.5000000000    4.9007834112e-01
  84.0000000000    4.9006279738e-01
  84.5000000000    4.9005546452e-01
  85.0000000000    4.9004768394e-01
  85.5000000000    4.9003656065e-01
  86.0000000000    4.9003439315e-01
  86.5000000000    4.9001969344e-01
  87.0000000000    4.9002095901e-01
  87.5000000000    4.9000467013e-01
  88.0000000000    4.9000219539e-01
  88.5000000000    4.8999260784e-01
  89.0000000000    4.8998606513e-01
  89.5000000000    4.8998307195e-01
  90.0000000000    4.8997237483e-01
  90.5000000000    4.8997613925e-01
  91.0000000000    4.8996123455e-01
  91.5000000000    4.8996192018e-01
  92.0000000000    4.8995264948e-01
  92.5000000000    4.8994899903e-01
  93.0000000000    4.8994702057e-01
  93.5000000000    4.8993869654e-01
  94.0000000000    4.8994404904e-01
  94.5000000000    4.8993106593e-01
  95.0000000000    4.8993318716e-01
  95.5000000000    4.8992626213e-01
  96.0000000000    4.8992362995e-01
  96.5000000000    4.8992450679e-01
  97.0000000000    4.8991677486e-01
  97.5000000000    4.8992391367e-01
  98.0000000000    4.8991290594e-01
  98.5000000000    4.8991458673e-01
  99.0000000000    4.8991192695e-01
  99.5000000000    4.8990842777e-01
 100.0000000000    4.8991448612e-01
 100.5000000000    4.8990577569e-01
 101.0000000000    4.8991121060e-01
 101.5000000000    4.8990596215e-01
 102.0000000000    4.8990541153e-01
 102.5000000000    4.8990933618e-01
 103.0000000000    4.8990336946e-01
 103.5000000000    4.8991133711e-01
 104.0000000000    4.8990490734e-01
 104.5000000000    4.8990667210e-01
 105.0000000000    4.8990973979e-01
 105.5000000000    4.8990564537e-01
 106.0000000000    4.8991504067e-01
 106.5000000000    4.8990839494e-01
 107.0000000000    4.8991151587e-01
 107.5000000000    4.8991496111e-01
 108.0000000000    4.8991169584e-01
 108.5000000000    4.8992164601e-01
 109.0000000000    4.8991597643e-01
 109.5000000000    4.8991933166e-01
 110.0000000000    4.8992442220e-01
 110.5000000000    4.8992127421e-01
 111.0000000000    4.8993083976e-01
 111.5000000000    4.8992756392e-01
 112.0000000000    4.8993035911e-01
 112.5000000000    4.8993847687e-01
 113.0000000000    4.8993442277e-01
 113.5000000000    4.8994281908e-01
 114.0000000000    4.8994334605e-01
 114.5000000000    4.8994472277e-01
 115.0000000000    4.8995731131e-01
 115.5000000000    4.8995140814e-01
 116.0000000000    4.8995750124e-01
 116.5000000000    4.8996324701e-01
 117.0000000000    4.8996202612e-01
 117.5000000000    4.8997259765e-01
 118.0000000000    4.8997185146e-01
 118.5000000000    4.8997484473e-01
 119.0000000000    4.8998721881e-01
 119.5000000000    4.8998280542e-01
 120.0000000000    4.8998999476e-01
 120.5000000000    4.8999722484e-01
 121.0000000000    4.8999646365e-01
 121.5000000000    4.9000657603e-01
 122.0000000000    4.9000814878e-01
 122.5000000000    4.9001039585e-01
 123.0000000000    4.9002377067e-01
 123.5000000000    4.9002125896e-01
 124.0000000000    4.9002654855e-01
 124.5000000000    4.9003869991e-01
 125.0000000000    4.9003576883e-01
 125.5000000000    4.9004325324e-01
 126.0000000000    4.9005180265e-01
 126.5000000000    4.9005140680e-01
 127.0000000000    4.9006105535e-01
 127.5000000000    4.9006630322e-01
 128.0000000000    4.9006755211e-01
 128.5000000000    4.9007912718e-01
 129.0000000000    4.9008221191e-01
 129.5000000000    4.9008472697e-01
 130.0000000000    4.9009734187e-01
 130.5000000000    4.9009868517e-01
 131.0000000000    4.9010229495e-01
 131.5000000000    4.9011558946e-01
 132.0000000000    4.9011584401e-01
 132.5000000000    4.9012052493e-01
 133.0000000000    4.9013420169e-01
 133.5000000000    4.9013350963e-01
 134.0000000000    4.9013870127e-01
 134.5000000000    4.9015284344e-01
 135.0000000000    4.9015213297e-01
 135.5000000000    4.9015716471e-01
 136.0000000000    4.9017123202e-01
 136.5000000000    4.9017140024e-01
 137.0000000000    4.9017597570e-01
 137.5000000000    4.9018933057e-01
 138.0000000000    4.9019094899e-01
 138.5000000000    4.9019493240e-01
 139.0000000000    4.9020727609e-01
 139.5000000000    4.9021105576e-01
 140.0000000000    4.9021405493e-01
 140.5000000000    4.9022523584e-01
 141.0000000000    4.9023183199e-01
 141.5000000000    4.9023347296e-01
 142.0000000000    4.9024297758e-01
 142.5000000000    4.9025315352e-01
 143.0000000000    4.9025327625e-01
 143.5000000000    4.9026103580e-01
 144.0000000000    4.9027560565e-01
 144.5000000000    4.9027372294e-01
 145.0000000000    4.9027924889e-01
 145.5000000000    4.9029218068e-01
 146.0000000000    4.9029493608e-01
 146.5000000000    4.9029814831e-01
 147.0000000000    4.9030854419e-01
 147.5000000000    4.9031761148e-01
 148.0000000000    4.9031805088e-01
 148.5000000000    4.9032542772e-01
 149.0000000000    4.9033975046e-01
 149.5000000000    4.9033928521e-01
 150.0000000000    4.9034356934e-01
 150.5000000000    4.9035453000e-01
 151.0000000000    4.9036236457e-01
 151.5000000000    4.9036326509e-01
 152.0000000000    4.9037052620e-01
 152.5000000000    4.9038414325e-01
 153.0000000000    4.9038492467e-01
 153.5000000000    4.9038844094e-01
 154.0000000000    4.9039802487e-01
 154.5000000000    4.9040925775e-01
 155.0000000000    4.9040872992e-01
 155.5000000000    4.9041400340e-01
 156.0000000000    4.9042503594e-01
 156.5000000000    4.9043194314e-01
 157.0000000000    4.9043285594e-01
 157.5000000000    4.9043925527e-01
 158.0000000000    4.9045098547e-01
 158.5000000000    4.9045488731e-01
 159.0000000000    4.9045634284e-01
 159.5000000000    4.9046338482e-01
 160.0000000000    4.9047573026e-01
 160.5000000000    4.9047894061e-01
 161.0000000000    4.9048034272e-01
 161.5000000000    4.9048639802e-01
 162.0000000000    4.9049747314e-01
 162.5000000000    4.9050119480e-01
 163.0000000000    4.9050264116e-01
 163.5000000000    4.9050851137e-01
 164.0000000000    4.9051864080e-01
 164.5000000000    4.9052457880e-01
 165.0000000000    4.9052457375e-01
 165.5000000000    4.9052891692e-01
 166.0000000000    4.9053744288e-01
 166.5000000000    4.9054786876e-01
 167.0000000000    4.9054629743e-01
 167.5000000000    4.9054879967e-01
 168.0000000000    4.9055523589e-01
 168.5000000000    4.9056548636e-01
 169.0000000000    4.9056861908e-01
 169.5000000000    4.9056881463e-01
 170.0000000000    4.9057264254e-01
 170.5000000000    4.9058004475e-01
 171.0000000000    4.9059094478e-01
 171.5000000000    4.9058973904e-01
 172.0000000000    4.9059068035e-01
 172.5000000000    4.9059491303e-01
 173.0000000000    4.9060227292e-01
 173.5000000000    4.9061268188e-01
 174.0000000000    4.9061027663e-01
 174.5000000000    4.9061087454e-01
 175.0000000000    4.9061441482e-01
 175.5000000000    4.9062083314e-01
 176.0000000000    4.9062997624e-01
 176.5000000000    4.9062965045e-01
 177.0000000000    4.9062906399e-01
 177.5000000000    4.9063112744e-01
 178.0000000000    4.9063568352e-01
 178.5000000000    4.9064262684e-01
 179.0000000000    4.9064815943e-01
 179.5000000000    4.9064583289e-01
 180.0000000000    4.9064573132e-01
 180.5000000000    4.9064777353e-01
 181.0000000000    4.9065192137e-01
 181.5000000000    4.9065807586e-01
 182.0000000000    4.9066215145e-01
 182.5000000000    4.9065928601e-01
 183.0000000000    4.9065826240e-01
 183.5000000000    4.9065893418e-01
 184.0000000000    4.9066118701e-01
 184.5000000000    4.9066494695e-01
 185.0000000000    4.9067017235e-01
 185.5000000000    4.9066769904e-01
 186.0000000000    4.9066421604e-01
 186.5000000000    4.9066210828e-01
 187.0000000000    4.9066134544e-01
 187.5000000000    4.9066195913e-01
 188.0000000000    4.9066388316e-01
 188.5000000000    4.9066705035e-01
 189.0000000000    4.9066681349e-01
 189.5000000000    4.9066246966e-01
 190.0000000000    4.9065932311e-01
 190.5000000000    4.9065724639e-01
 191.0000000000    4.9065611581e-01
 191.5000000000    4.9065580961e-01
 192.0000000000    4.9065627508e-01
 192.5000000000    4.9065747465e-01
 193.0000000000    4.9065925964e-01
 193.5000000000    4.9065435841e-01
 194.0000000000    4.9064912077e-01
 194.5000000000    4.9064457446e-01
 195.0000000000    4.9064051594e-01
 195.5000000000    4.9063695218e-01
 196.0000000000    4.9063398233e-01
 196.5000000000    4.9063140071e-01
 197.0000000000    4.9062909484e-01
 197.5000000000    4.9062708781e-01
 198.0000000000    4.9062534751e-01
 198.5000000000    4.9062370785e-01
 199.0000000000    4.9061785522e-01
 199.5000000000    4.9061074047e-01
 200.0000000000    4.9060389121e-01
 200.5000000000    4.9059717467e-01
 201.0000000000    4.9059052523e-01
 201.5000000000    4.9058396744e-01
 202.0000000000    4.9057744760e-01
 202.5000000000    4.9057092043e-01
 203.0000000000    4.9056437576e-01
 203.5000000000    4.9055779469e-01
 204.0000000000    4.9055105400e-01
 204.5000000000    4.9054403675e-01
 205.0000000000    4.9053671345e-01
 205.5000000000    4.9052907312e-01
 206.0000000000    4.9052110353e-01
 206.5000000000    4.9051281012e-01
 207.0000000000    4.9050421922e-01
 207.5000000000    4.9049529845e-01
 208.0000000000    4.9048596391e-01
 208.5000000000    4.9047619343e-01
 209.0000000000    4.9046601288e-01
 209.5000000000    4.9045537166e-01
 210.0000000000    4.9044422861e-01
 210.5000000000    4.9043262995e-01
 211.0000000000    4.9042057983e-01
 211.5000000000    4.9040803586e-01
 212.0000000000    4.9039497519e-01
 212.5000000000    4.9038141769e-01
 213.0000000000    4.9036738026e-01
 213.5000000000    4.9035286042e-01
 214.0000000000    4.9033785812e-01
 214.5000000000    4.9032242115e-01
 215.0000000000    4.9030660813e-01
 215.5000000000    4.9029036999e-01
 216.0000000000    4.9027370126e-01
 216.5000000000    4.9025666995e-01
 217.0000000000    4.9023932531e-01
 217.5000000000    4.9022168578e-01
 218.0000000000    4.9020383304e-01
 218.5000000000    4.9018580109e-01
 219.0000000000    4.9016754088e-01
 219.5000000000    4.9014902245e-01
 220.0000000000    4.9013035208e-01
 220.5000000000    4.9011165701e-01
 221.0000000000    4.9009307816e-01
 221.5000000000    4.9007391124e-01
 222.0000000000    4.9004924676e-01
 222.5000000000    4.9002461802e-01
 223.0000000000    4.8999993416e-01
 223.5000000000    4.8997517774e-01
 224.0000000000    4.8995041989e-01
 224.5000000000    4.8992580564e-01
 225.0000000000    4.8990159488e-01
 225.5000000000    4.8987805798e-01
 226.0000000000    4.8985533205e-01
 226.5000000000    4.8982826518e-01
 227.0000000000    4.8979695756e-01
 227.5000000000    4.8976614456e-01
 228.0000000000    4.8973593488e-01
 228.5000000000    4.8970656295e-01
 229.0000000000    4.8967834794e-01
 229.5000000000    4.8965148980e-01
 230.0000000000    4.8962051149e-01
 230.5000000000    4.8958378087e-01
 231.0000000000    4.8954816124e-01
 231.5000000000    4.8951375411e-01
 232.0000000000    4.8948080730e-01
 232.5000000000    4.8944966035e-01
 233.0000000000    4.8941125768e-01
 233.5000000000    4.8936962342e-01
 234.0000000000    4.8933033403e-01
 234.5000000000    4.8929363698e-01
 235.0000000000    4.8925973395e-01
 235.5000000000    4.8921819484e-01
 236.0000000000    4.8917306023e-01
 236.5000000000    4.8913053737e-01
 237.0000000000    4.8909076457e-01
 237.5000000000    4.8905079510e-01
 238.0000000000    4.8899881079e-01
 238.5000000000    4.8895046725e-01
 239.0000000000    4.8890617597e-01
 239.5000000000    4.8886304432e-01
 240.0000000000    4.8880680205e-01
 240.5000000000    4.8875471433e-01
 241.0000000000    4.8870720459e-01
 241.5000000000    4.8865478332e-01
 242.0000000000    4.8859607282e-01
 242.5000000000    4.8854347737e-01
 243.0000000000    4.8849629423e-01
 243.5000000000    4.8843223526e-01
 244.0000000000    4.8837373785e-01
 244.5000000000    4.8832096383e-01
 245.0000000000    4.8825302298e-01
 245.5000000000    4.8818818066e-01
 246.0000000000    4.8813138486e-01
 246.5000000000    4.8806063522e-01
 247.0000000000    4.8799442885e-01
 247.5000000000    4.8793651620e-01
 248.0000000000    4.8785903858e-01
 248.5000000000    4.8778996406e-01
 249.0000000000    4.8772025048e-01
 249.5000000000    4.8764045779e-01
 250.0000000000    4.8757155633e-01
 250.5000000000    4.8748999985e-01
 251.0000000000    4.8741279027e-01
 251.5000000000    4.8733629281e-01
 252.0000000000    4.8724965703e-01
 252.5000000000    4.8717526978e-01
 253.0000000000    4.8707986762e-01
 253.5000000000    4.8699828220e-01
 254.0000000000    4.8690424005e-01
 254.5000000000    4.8681645604e-01
 255.0000000000    4.8672141939e-01
 255.5000000000    4.8662735025e-01
 256.0000000000    4.8652900090e-01
 256.5000000000    4.8642981762e-01
 257.0000000000    4.8632730513e-01
 257.5000000000    4.8622487530e-01
 258.0000000000    4.8611683639e-01
 258.5000000000    4.8601227173e-01
 259.0000000000    4.8589690240e-01
 259.5000000000    4.8579137755e-01
 260.0000000000    4.8566713263e-01
 260.5000000000    4.8555436624e-01
 261.0000000000    4.8542751816e-01
 261.5000000000    4.8530301246e-01
 262.0000000000    4.8517881807e-01
 262.5000000000    4.8504199052e-01
 263.0000000000    4.8491334410e-01
 263.5000000000    4.8477392014e-01
 264.0000000000    4.8463144791e-01
 264.5000000000    4.8449485118e-01
 265.0000000000    4.8434336314e-01
 265.5000000000    4.8419031885e-01
 266.0000000000    4.8404055459e-01
 266.5000000000    4.8387999894e-01
 267.0000000000    4.8371243133e-01
 267.5000000000    4.8354669767e-01
 268.0000000000    4.8338201460e-01
 268.5000000000    4.8320034298e-01
 269.0000000000    4.8301704885e-01
 269.5000000000    4.8283282464e-01
 270.0000000000    4.8264667126e-01
 270.5000000000    4.8245253261e-01
 271.0000000000    4.8224629676e-01
 271.5000000000    4.8203683786e-01
 272.0000000000    4.8182350872e-01
 272.5000000000    4.8160571462e-01
 273.0000000000    4.8138295572e-01
 273.5000000000    4.8115475744e-01
 274.0000000000    4.8092047951e-01
 274.5000000000    4.8067377712e-01
 275.0000000000    4.8042046504e-01
 275.5000000000    4.8015954598e-01
 276.0000000000    4.7989034996e-01
 276.5000000000    4.7961275320e-01
 277.0000000000    4.7932712630e-01
 277.5000000000    4.7903400835e-01
 278.0000000000    4.7873361278e-01
 278.5000000000    4.7842547937e-01
 279.0000000000    4.7810528206e-01
 279.5000000000    4.7777052314e-01
 280.0000000000    4.7742415111e-01
 280.5000000000    4.7706682384e-01
 281.0000000000    4.7669986527e-01
 281.5000000000    4.7632452412e-01
 282.0000000000    4.7594127896e-01
 282.5000000000    4.7553412472e-01
 283.0000000000    4.7511486650e-01
 283.5000000000    4.7468563642e-01
 284.0000000000    4.7424509469e-01
 284.5000000000    4.7377624351e-01
 285.0000000000    4.7330089527e-01
 285.5000000000    4.7281416590e-01
 286.0000000000    4.7229867504e-01
 286.5000000000    4.7177773632e-01
 287.0000000000    4.7122606991e-01
 287.5000000000    4.7066464347e-01
 288.0000000000    4.7007683079e-01
 288.5000000000    4.6947788158e-01
 289.0000000000    4.6884715105e-01
 289.5000000000    4.6820677490e-01
 290.0000000000    4.6753098268e-01
 290.5000000000    4.6683584195e-01
 291.0000000000    4.6612331904e-01
 291.5000000000    4.6537667381e-01
 292.0000000000    4.6460237128e-01
 292.5000000000    4.6380262711e-01
 293.0000000000    4.6297402864e-01
 293.5000000000    4.6211332086e-01
 294.0000000000    4.6121708490e-01
 294.5000000000    4.6028144937e-01
 295.0000000000    4.5930205232e-01
 295.5000000000    4.5827408726e-01
 296.0000000000    4.5719217226e-01
 296.5000000000    4.5605001701e-01
 297.0000000000    4.5483247224e-01
 297.5000000000    4.5351664306e-01
 298.0000000000    4.5209940883e-01
 298.5000000000    4.5053690186e-01
 299.0000000000    4.4880099229e-01
 299.5000000000    4.4684519737e-01
 300.0000000000    4.4460270504e-01
 300.5000000000    4.4196814609e-01
 301.0000000000    4.3880696982e-01
 301.5000000000    4.3487855114e-01
 302.0000000000    4.2970189397e-01
 302.5000000000    4.1165363969e-01
 303.0000000000    3.9208161003e-01
 303.5000000000    3.7207013719e-01
 304.0000000000    3.5168627789e-01
 304.5000000000    3.3100538120e-01
 305.0000000000    3.1010981435e-01
 305.5000000000    2.8908755338e-01
 306.0000000000    2.6803092127e-01
 306.5000000000    2.4703578541e-01
 307.0000000000    2.2620147593e-01
 307.5000000000    2.0563156754e-01
 308.0000000000    1.8543549325e-01
 308.5000000000    1.6573070519e-01
 309.0000000000    1.4664477521e-01
 309.5000000000    1.2831652031e-01
 310.0000000000    1.1089503270e-01
 310.5000000000    9.4535525586e-02
 311.0000000000    7.9391320433e-02
 311.5000000000    6.5602160743e-02
 312.0000000000    5.3280199245e-02
 312.5000000000    4.2496128490e-02
 313.0000000000    3.3268532198e-02
 313.5000000000    2.5559194193e-02
 314.0000000000    1.9275802684e-02
 314.5000000000    1.4281638148e-02
 315.0000000000    1.0410135923e-02
 315.5000000000    7.4812782793e-03
 316.0000000000    5.3168213819e-03
 316.5000000000    3.7521839729e-03
 317.0000000000    2.6439862058e-03
 317.5000000000    1.8733358742e-03
 318.0000000000    1.3457451823e-03
 318.5000000000    9.8887567561e-04
 319.0000000000    7.4919792096e-04
 319.5000000000    5.8834085849e-04
 320.0000000000    4.7960872752e-04
 320.5000000000    4.0493436708e-04
 321.0000000000    3.5239211048e-04
 321.5000000000    3.1428379635e-04
 322.0000000000    2.8573622811e-04
 322.5000000000    2.6371212572e-04
 323.0000000000    2.4633322382e-04
 323.5000000000    2.3242939884e-04
 324.0000000000    2.2124773840e-04
 324.5000000000    2.1227266956e-04
 325.0000000000    2.0512093355e-04
 325.5000000000    1.9948457295e-04
 326.0000000000    1.9510257729e-04
 326.5000000000    1.9174805698e-04
 327.0000000000    1.8922280082e-04
 327.5000000000    1.8735471301e-04
 328.0000000000    1.8599600821e-04
 328.5000000000    1.8502137900e-04
 329.0000000000    1.8432599621e-04
 329.5000000000    1.8382344087e-04
 330.0000000000    1.8344368444e-04
 330.5000000000    1.8313118841e-04
 331.0000000000    1.8284316164e-04
 331.5000000000    1.8254795717e-04
 332.0000000000    1.8222358454e-04
 332.5000000000    1.8185631474e-04
 333.0000000000    1.8143936183e-04
 333.5000000000    1.8097162795e-04
 334.0000000000    1.8045651469e-04
 334.5000000000    1.7990081747e-04
 335.0000000000    1.7931370594e-04
 335.5000000000    1.7870581198e-04
 336.0000000000    1.7808843069e-04
 336.5000000000    1.7747284748e-04
 337.0000000000    1.7686979961e-04
 337.5000000000    1.7628907125e-04
 338.0000000000    1.7573921699e-04
 338.5000000000    1.7522740062e-04
 339.0000000000    1.7475933707e-04
 339.5000000000    1.7433931246e-04
 340.0000000000    1.7397026431e-04
 340.5000000000    1.7365389844e-04
 341.0000000000    1.7339083214e-04
 341.5000000000    1.7318074488e-04
 342.0000000000    1.7302252694e-04
 342.5000000000    1.7291441774e-04
 343.0000000000    1.7285412581e-04
 343.5000000000    1.7283892778e-04
 344.0000000000    1.7286574683e-04
 344.5000000000    1.7293121238e-04
 345.0000000000    1.7303170533e-04
 345.5000000000    1.7316339219e-04
 346.0000000000    1.7332225569e-04
 346.5000000000    1.7350412650e-04
 347.0000000000    1.7370471581e-04
 347.5000000000    1.7391965359e-04
 348.0000000000    1.7414453838e-04
 348.5000000000    1.7437499741e-04
 349.0000000000    1.7460675708e-04
 349.5000000000    1.7483571632e-04
 350.0000000000    1.7505802214e-04
 350.5000000000    1.7527014408e-04
 351.0000000000    1.7546893978e-04
 351.5000000000    1.7565170622e-04
 352.0000000000    1.7581622566e-04
 352.5000000000    1.7596080063e-04
 353.0000000000    1.7608427705e-04
 353.5000000000    1.7618605960e-04
 354.0000000000    1.7626611091e-04
 354.5000000000    1.7632492497e-04
 355.0000000000    1.7636347371e-04
 355.5000000000    1.7638313507e-04
 356.0000000000    1.7638561902e-04
 356.5000000000    1.7637290320e-04
 357.0000000000    1.7634718506e-04
 357.5000000000    1.7631083564e-04
 358.0000000000    1.7626633154e-04
 358.5000000000    1.7621615762e-04
 359.0000000000    1.7616269998e-04
 359.5000000000    1.7610816278e-04
 360.0000000000    1.7605452634e-04
 360.5000000000    1.7600355040e-04
 361.0000000000    1.7595679791e-04
 361.5000000000    1.7591564488e-04
 362.0000000000    1.7588125571e-04
 362.5000000000    1.7585454293e-04
 363.0000000000    1.7583614096e-04
 363.5000000000    1.7582641662e-04
 364.0000000000    1.7582551871e-04
 364.5000000000    1.7583343301e-04
 365.0000000000    1.7585001270e-04
 365.5000000000    1.7587497358e-04
 366.0000000000    1.7590787826e-04
 366.5000000000    1.7594813047e-04
 367.0000000000    1.7599500067e-04
 367.5000000000    1.7604767031e-04
 368.0000000000    1.7610527269e-04
 368.5000000000    1.7616691529e-04
 369.0000000000    1.7623168394e-04
 369.5000000000    1.7629864358e-04
 370.0000000000    1.7636684831e-04
 370.5000000000    1.7643536306e-04
 371.0000000000    1.7650328447e-04
 371.5000000000    1.7656975870e-04
 372.0000000000    1.7663399144e-04
 372.5000000000    1.7669525633e-04
 373.0000000000    1.7675290853e-04
 373.5000000000    1.7680640783e-04
 374.0000000000    1.7685534203e-04
 374.5000000000    1.7689945127e-04
 375.0000000000    1.7693864816e-04
 375.5000000000    1.7697302996e-04
 376.0000000000    1.7700287519e-04
 376.5000000000    1.7702862261e-04
 377.0000000000    1.7705082532e-04
 377.5000000000    1.7707008549e-04
 378.0000000000    1.7708697742e-04
 378.5000000000    1.7710196930e-04
 379.0000000000    1.7711535645e-04
 379.5000000000    1.7712721810e-04
 380.0000000000    1.7713740308e-04
 380.5000000000    1.7714555740e-04
 381.0000000000    1.7715120355e-04
 381.5000000000    1.7715386679e-04
 382.0000000000    1.7715322098e-04
 382.5000000000    1.7714923232e-04
 383.0000000000    1.7714227491e-04
 383.5000000000    1.7713319677e-04
 384.0000000000    1.7712331509e-04
 384.5000000000    1.7711433458e-04
 385.0000000000    1.7710818519e-04
 385.5000000000    1.7710680910e-04
 386.0000000000    1.7711191951e-04
 386.5000000000    1.7712476368e-04
 387.0000000000    1.7714594072e-04
 387.5000000000    1.7717531033e-04
 388.0000000000    1.7721200275e-04
 388.5000000000    1.7725453385e-04
 389.0000000000    1.7730100977e-04
 389.5000000000    1.7734938472e-04
 390.0000000000    1.7739772985e-04
 390.5000000000    1.7744447091e-04
 391.0000000000    1.7748855536e-04
 391.5000000000    1.7752952102e-04
 392.0000000000    1.7756745873e-04
 392.5000000000    1.7760288346e-04
 393.0000000000    1.7763654675e-04
 393.5000000000    1.7766922691e-04
 394.0000000000    1.7770154281e-04
 394.5000000000    1.7773382320e-04
 395.0000000000    1.7776605300e-04
 395.5000000000    1.7779790012e-04
 396.0000000000    1.7782880869e-04
 396.5000000000    1.7785813549e-04
 397.0000000000    1.7788529369e-04
 397.5000000000    1.7790987280e-04
 398.0000000000    1.7793171517e-04
 398.5000000000    1.7795093459e-04
 399.0000000000    1.7796788068e-04
 399.5000000000    1.7798306311e-04
 400.0000000000    1.7799705606e-04
 400.5000000000    1.7801040377e-04
 401.0000000000    1.7802354957e-04
 401.5000000000    1.7803679768e-04
 402.0000000000    1.7805031238e-04
 402.5000000000    1.7806414564e-04
 403.0000000000    1.7807828279e-04
 403.5000000000    1.7809269151e-04
 404.0000000000    1.7810736064e-04
 404.5000000000    1.7812232450e-04
 405.0000000000    1.7813766666e-04
 405.5000000000    1.7815350929e-04
 406.0000000000    1.7816999026e-04
 406.5000000000    1.7818723494e-04
 407.0000000000    1.7820533115e-04
 407.5000000000    1.7822431172e-04
 408.0000000000    1.7824414586e-04
 408.5000000000    1.7826473995e-04
 409.0000000000    1.7828594494e-04
 409.5000000000    1.7830756562e-04
 410.0000000000    1.7832937235e-04
 410.5000000000    1.7835111700e-04
 411.0000000000    1.7837255146e-04
 411.5000000000    1.7839345009e-04
 412.0000000000    1.7841363325e-04
 412.5000000000    1.7843298739e-04
 413.0000000000    1.7845148040e-04
 413.5000000000    1.7846916463e-04
 414.0000000000    1.7848617051e-04
 414.5000000000    1.7850268887e-04
 415.0000000000    1.7851894332e-04
 415.5000000000    1.7853516007e-04
 416.0000000000    1.7855153592e-04
 416.5000000000    1.7856821283e-04
 417.0000000000    1.7858526508e-04
 417.5000000000    1.7860269796e-04
 418.0000000000    1.7862046034e-04
 418.5000000000    1.7863846688e-04
 419.0000000000    1.7865662220e-04
 419.5000000000    1.7867484163e-04
 420.0000000000    1.7869306670e-04
 420.5000000000    1.7871127184e-04
 421.0000000000    1.7872946123e-04
 421.5000000000    1.7874765703e-04
 422.0000000000    1.7876588463e-04
 422.5000000000    1.7878415758e-04
 423.0000000000    1.7880246582e-04
 423.5000000000    1.7882077016e-04
 424.0000000000    1.7883900608e-04
 424.5000000000    1.7885709430e-04
 425.0000000000    1.7887495440e-04
 425.5000000000    1.7889252237e-04
 426.0000000000    1.7890976279e-04
 426.5000000000    1.7892667788e-04
 427.0000000000    1.7894330887e-04
 427.5000000000    1.7895973116e-04
 428.0000000000    1.7897604340e-04
 428.5000000000    1.7899235088e-04
 429.0000000000    1.7900874865e-04
 429.5000000000    1.7902530500e-04
 430.0000000000    1.7904205067e-04
 430.5000000000    1.7905897437e-04
 431.0000000000    1.7907602606e-04
 431.5000000000    1.7909312598e-04
 432.0000000000    1.7911017967e-04
 432.5000000000    1.7912709396e-04
 433.0000000000    1.7914379324e-04
 433.5000000000    1.7916023185e-04
 434.0000000000    1.7917639983e-04
 434.5000000000    1.7919232098e-04
 435.0000000000    1.7920804507e-04
 435.5000000000    1.7922363712e-04
 436.0000000000    1.7923916250e-04
 436.5000000000    1.7925467455e-04
 437.0000000000    1.7927020646e-04
 437.5000000000    1.7928576433e-04
 438.0000000000    1.7930132594e-04
 438.5000000000    1.7931684488e-04
 439.0000000000    1.7933225958e-04
 439.5000000000    1.7934750385e-04
 440.0000000000    1.7936252010e-04
 440.5000000000    1.7937727145e-04
 441.0000000000    1.7939174957e-04
 441.5000000000    1.7940597701e-04
 442.0000000000    1.7942000726e-04
 442.5000000000    1.7943391930e-04
 443.0000000000    1.7944780671e-04
 443.5000000000    1.7946176776e-04
 444.0000000000    1.7947589125e-04
 444.5000000000    1.7949024575e-04
 445.0000000000    1.7950487227e-04
 445.5000000000    1.7951978001e-04
 446.0000000000    1.7953494786e-04
 446.5000000000    1.7955032728e-04
 447.0000000000    1.7956584873e-04
 447.5000000000    1.7958143206e-04
 448.0000000000    1.7959699641e-04
 448.5000000000    1.7961246573e-04
 449.0000000000    1.7962777941e-04
 449.5000000000    1.7964290172e-04
 450.0000000000    1.7965782094e-04
 450.5000000000    1.7967254544e-04
 451.0000000000    1.7968710419e-04
 451.5000000000    1.7970153824e-04
 452.0000000000    1.7971588947e-04
 452.5000000000    1.7973019552e-04
 453.0000000000    1.7974448142e-04
 453.5000000000    1.7975875227e-04
 454.0000000000    1.7977299770e-04
 454.5000000000    1.7978720398e-04
 455.0000000000    1.7980135471e-04
 455.5000000000    1.7981542664e-04
 456.0000000000    1.7982939599e-04
 456.5000000000    1.7984324593e-04
 457.0000000000    1.7985696962e-04
 457.5000000000    1.7987057140e-04
 458.0000000000    1.7988406706e-04
 458.5000000000    1.7989747983e-04
 459.0000000000    1.7991083688e-04
 459.5000000000    1.7992416621e-04
 460.0000000000    1.7993748814e-04
 460.5000000000    1.7995081120e-04
 461.0000000000    1.7996413833e-04
 461.5000000000    1.7997746659e-04
 462.0000000000    1.7999078729e-04
 462.5000000000    1.8000409373e-04
 463.0000000000    1.8001738096e-04
 463.5000000000    1.8003064280e-04
 464.0000000000    1.8004387419e-04
 464.5000000000    1.8005707348e-04
 465.0000000000    1.8007024248e-04
 465.5000000000    1.8008338393e-04
 466.0000000000    1.8009650104e-04
 466.5000000000    1.8010959764e-04
 467.0000000000    1.8012267355e-04
 467.5000000000    1.8013572423e-04
 468.0000000000    1.8014874555e-04
 468.5000000000    1.8016173426e-04
 469.0000000000    1.8017468333e-04
 469.5000000000    1.8018758644e-04
 470.0000000000    1.8020044108e-04
 470.5000000000    1.8021324329e-04
 471.0000000000    1.8022598697e-04
 471.5000000000    1.8023866653e-04
 472.0000000000    1.8025127793e-04
 472.5000000000    1.8026381944e-04
 473.0000000000    1.8027629312e-04
 473.5000000000    1.8028870560e-04
 474.0000000000    1.8030106745e-04
 474.5000000000    1.8031339016e-04
 475.0000000000    1.8032568310e-04
 475.5000000000    1.8033795198e-04
 476.0000000000    1.8035019822e-04
 476.5000000000    1.8036241794e-04
 477.0000000000    1.8037460345e-04
 477.5000000000    1.8038674743e-04
 478.0000000000    1.8039884680e-04
 478.5000000000    1.8041090537e-04
 479.0000000000    1.8042293402e-04
 479.5000000000    1.8043494811e-04
 480.0000000000    1.8044696225e-04
 480.5000000000    1.8045898467e-04
 481.0000000000    1.8047101420e-04
 481.5000000000    1.8048304044e-04
 482.0000000000    1.8049504766e-04
 482.5000000000    1.8050702105e-04
 483.0000000000    1.8051895280e-04
 483.5000000000    1.8053084449e-04
 484.0000000000    1.8054270491e-04
 484.5000000000    1.8055454478e-04
 485.0000000000    1.8056637067e-04
 485.5000000000    1.8057818010e-04
 486.0000000000    1.8058996160e-04
 486.5000000000    1.8060169989e-04
 487.0000000000    1.8061338302e-04
 487.5000000000    1.8062500816e-04
 488.0000000000    1.8063658279e-04
 488.5000000000    1.8064812078e-04
 489.0000000000    1.8065963490e-04
 489.5000000000    1.8067112966e-04
 490.0000000000    1.8068259843e-04
 490.5000000000    1.8069402683e-04
 491.0000000000    1.8070539649e-04
 491.5000000000    1.8071669588e-04
 492.0000000000    1.8072792383e-04
 492.5000000000    1.8073909039e-04
 493.0000000000    1.8075021198e-04
 493.5000000000    1.8076130434e-04
 494.0000000000    1.8077237736e-04
 494.5000000000    1.8078343283e-04
 495.0000000000    1.8079446662e-04
 495.5000000000    1.8080547428e-04
 496.0000000000    1.8081645367e-04
 496.5000000000    1.8082740482e-04
 497.0000000000    1.8083832681e-04
 497.5000000000    1.8084921315e-04
 498.0000000000    1.8086004881e-04
 498.5000000000    1.8087081000e-04
 499.0000000000    1.8088146801e-04
 499.5000000000    1.8089199510e-04
 500.0000000000    1.8090236999e-04
 500.5000000000    1.8091258122e-04
 501.0000000000    1.8092262986e-04
 501.5000000000    1.8093253322e-04
 502.0000000000    1.8094233113e-04
 502.5000000000    1.8095209391e-04
 503.0000000000    1.8096192922e-04
 503.5000000000    1.8097198322e-04
 504.0000000000    1.8098243156e-04
 504.5000000000    1.8099345881e-04
 505.0000000000    1.8100522703e-04
 505.5000000000    1.8101784044e-04
 506.0000000000    1.8103131050e-04
 506.5000000000    1.8104552214e-04
 507.0000000000    1.8106021336e-04
 507.5000000000    1.8107497990e-04
 508.0000000000    1.8108928798e-04
 508.5000000000    1.8110250059e-04
 509.0000000000    1.8111394089e-04
 509.5000000000    1.8112296974e-04
 510.0000000000    1.8112906871e-04
 510.5000000000    1.8113193034e-04
 511.0000000000    1.8113153821e-04
 511.5000000000    1.8112821828e-04
 512.0000000000    1.8112264507e-04
 512.5000000000    1.8111579560e-04
 513.0000000000    1.8110885119e-04
 513.5000000000    1.8110305598e-04
 514.0000000000    1.8109955648e-04
 514.5000000000    1.8109925457e-04
 515.0000000000    1.8110270201e-04
 515.5000000000    1.8111005341e-04
 516.0000000000    1.8112108242e-04
 516.5000000000    1.8113525430e-04
 517.0000000000    1.8115183761e-04
 517.5000000000    1.8117003154e-04
 518.0000000000    1.8118908683e-04
 518.5000000000    1.8120840072e-04
 519.0000000000    1.8122757058e-04
 519.5000000000    1.8124639920e-04
 520.0000000000    1.8126485534e-04
 520.5000000000    1.8128300107e-04
 521.0000000000    1.8130090983e-04
 521.5000000000    1.8131859833e-04
 522.0000000000    1.8133599219e-04
 522.5000000000    1.8135293194e-04
 523.0000000000    1.8136921316e-04
 523.5000000000    1.8138464306e-04
 524.0000000000    1.8139909364e-04
 524.5000000000    1.8141253500e-04
 525.0000000000    1.8142504143e-04
 525.5000000000    1.8143676797e-04
 526.0000000000    1.8144791458e-04
 526.5000000000    1.8145868228e-04
 527.0000000000    1.8146923536e-04
 527.5000000000    1.8147967425e-04
 528.0000000000    1.8149002988e-04
 528.5000000000    1.8150027246e-04
 529.0000000000    1.8151033679e-04
 529.5000000000    1.8152015088e-04
 530.0000000000    1.8152966343e-04
 530.5000000000    1.8153886064e-04
 531.0000000000    1.8154776807e-04
 531.5000000000    1.8155644033e-04
 532.0000000000    1.8156494881e-04
 532.5000000000    1.8157337317e-04
 533.0000000000    1.8158178781e-04
 533.5000000000    1.8159025543e-04
 534.0000000000    1.8159882632e-04
 534.5000000000    1.8160753520e-04
 535.0000000000    1.8161639787e-04
 535.5000000000    1.8162541106e-04
 536.0000000000    1.8163455597e-04
 536.5000000000    1.8164380429e-04
 537.0000000000    1.8165312587e-04
 537.5000000000    1.8166249706e-04
 538.0000000000    1.8167190957e-04
 538.5000000000    1.8168137937e-04
 539.0000000000    1.8169095521e-04
 539.5000000000    1.8170072356e-04
 540.0000000000    1.8171080707e-04
 540.5000000000    1.8172135357e-04
 541.0000000000    1.8173251036e-04
 541.5000000000    1.8174438631e-04
 542.0000000000    1.8175701651e-04
 542.5000000000    1.8177032806e-04
 543.0000000000    1.8178410501e-04
 543.5000000000    1.8179797547e-04
 544.0000000000    1.8181142572e-04
 544.5000000000    1.8182382877e-04
 545.0000000000    1.8183450063e-04
 545.5000000000    1.8184279412e-04
 546.0000000000    1.8184820548e-04
 546.5000000000    1.8185048189e-04
 547.0000000000    1.8184972232e-04
 547.5000000000    1.8184645002e-04
 548.0000000000    1.8184163776e-04
 548.5000000000    1.8183667383e-04
 549.0000000000    1.8183326745e-04
 549.5000000000    1.8183329670e-04
 550.0000000000    1.8183860678e-04
 550.5000000000    1.8185077571e-04
 551.0000000000    1.8187088372e-04
 551.5000000000    1.8189931643e-04
 552.0000000000    1.8193564175e-04
 552.5000000000    1.8197858744e-04
 553.0000000000    1.8202614166e-04
 553.5000000000    1.8207575980e-04
 554.0000000000    1.8212465674e-04
 554.5000000000    1.8217012878e-04
 555.0000000000    1.8220986753e-04
 555.5000000000    1.8224221493e-04
 556.0000000000    1.8226631633e-04
 556.5000000000    1.8228215611e-04
 557.0000000000    1.8229046625e-04
 557.5000000000    1.8229252740e-04
 558.0000000000    1.8228989824e-04
 558.5000000000    1.8228412543e-04
 559.0000000000    1.8227650096e-04
 559.5000000000    1.8226791472e-04
 560.0000000000    1.8225882938e-04
 560.5000000000    1.8224937138e-04
 561.0000000000    1.8223949789e-04
 561.5000000000    1.8222918313e-04
 562.0000000000    1.8221856881e-04
 562.5000000000    1.8220803522e-04
 563.0000000000    1.8219817751e-04
 563.5000000000    1.8218970158e-04
 564.0000000000    1.8218327448e-04
 564.5000000000    1.8217937228e-04
 565.0000000000    1.8217816989e-04
 565.5000000000    1.8217950269e-04
 566.0000000000    1.8218290690e-04
 566.5000000000    1.8218773351e-04
 567.0000000000    1.8219330948e-04
 567.5000000000    1.8219909545e-04
 568.0000000000    1.8220479515e-04
 568.5000000000    1.8221040015e-04
 569.0000000000    1.8221615749e-04
 569.5000000000    1.8222247840e-04
 570.0000000000    1.8222981815e-04
 570.5000000000    1.8223855206e-04
 571.0000000000    1.8224888968e-04
 571.5000000000    1.8226083691e-04
 572.0000000000    1.8227419456e-04
 572.5000000000    1.8228859388e-04
 573.0000000000    1.8230355760e-04
 573.5000000000    1.8231856793e-04
 574.0000000000    1.8233313245e-04
 574.5000000000    1.8234684017e-04
 575.0000000000    1.8235939998e-04
 575.5000000000    1.8237065819e-04
 576.0000000000    1.8238059909e-04
 576.5000000000    1.8238932788e-04
 577.0000000000    1.8239704902e-04
 577.5000000000    1.8240402913e-04
 578.0000000000    1.8241055773e-04
 578.5000000000    1.8241690845e-04
 579.0000000000    1.8242330107e-04
 579.5000000000    1.8242987430e-04
 580.0000000000    1.8243667685e-04
 580.5000000000    1.8244367389e-04
 581.0000000000    1.8245077354e-04
 581.5000000000    1.8245785948e-04
 582.0000000000    1.8246482601e-04
 582.5000000000    1.8247160669e-04
 583.0000000000    1.8247818783e-04
 583.5000000000    1.8248460697e-04
 584.0000000000    1.8249094180e-04
 584.5000000000    1.8249728703e-04
 585.0000000000    1.8250373443e-04
 585.5000000000    1.8251035323e-04
 586.0000000000    1.8251718196e-04
 586.5000000000    1.8252422238e-04
 587.0000000000    1.8253145135e-04
 587.5000000000    1.8253882621e-04
 588.0000000000    1.8254629763e-04
 588.5000000000    1.8255381987e-04
 589.0000000000    1.8256135884e-04
 589.5000000000    1.8256889320e-04
 590.0000000000    1.8257641221e-04
 590.5000000000    1.8258391693e-04
 591.0000000000    1.8259141330e-04
 591.5000000000    1.8259890622e-04
 592.0000000000    1.8260640445e-04
 592.5000000000    1.8261391932e-04
 593.0000000000    1.8262145825e-04
 593.5000000000    1.8262902363e-04
 594.0000000000    1.8263661633e-04
 594.5000000000    1.8264423721e-04
 595.0000000000    1.8265188309e-04
 595.5000000000    1.8265954165e-04
 596.0000000000    1.8266719889e-04
 596.5000000000    1.8267484191e-04
 597.0000000000    1.8268245577e-04
 597.5000000000    1.8269002673e-04
 598.0000000000    1.8269754418e-04
 598.5000000000    1.8270499814e-04
 599.0000000000    1.8271237642e-04
 599.5000000000    1.8271966535e-04
 600.0000000000    1.8272684643e-04
 600.5000000000    1.8273389600e-04
 601.0000000000    1.8274078361e-04
 601.5000000000    1.8274747195e-04
 602.0000000000    1.8275392044e-04
 602.5000000000    1.8276008700e-04
 603.0000000000    1.8276593932e-04
 603.5000000000    1.8277145486e-04
 604.0000000000    1.8277662493e-04
 604.5000000000    1.8278145843e-04
 605.0000000000    1.8278598406e-04
 605.5000000000    1.8279024708e-04
 606.0000000000    1.8279431118e-04
 606.5000000000    1.8279825834e-04
 607.0000000000    1.8280218060e-04
 607.5000000000    1.8280618270e-04
 608.0000000000    1.8281037572e-04
 608.5000000000    1.8281487033e-04
 609.0000000000    1.8281977329e-04
 609.5000000000    1.8282518081e-04
 610.0000000000    1.8283117178e-04
 610.5000000000    1.8283780533e-04
 611.0000000000    1.8284511750e-04
 611.5000000000    1.8285311826e-04
 612.0000000000    1.8286179328e-04
 612.5000000000    1.8287110895e-04
 613.0000000000    1.8288101496e-04
 613.5000000000    1.8289144938e-04
 614.0000000000    1.8290234814e-04
 614.5000000000    1.8291364614e-04
 615.0000000000    1.8292528258e-04
 615.5000000000    1.8293720210e-04
 616.0000000000    1.8294935100e-04
 616.5000000000    1.8296167606e-04
 617.0000000000    1.8297411858e-04
 617.5000000000    1.8298661127e-04
 618.0000000000    1.8299907303e-04
 618.5000000000    1.8301140515e-04
 619.0000000000    1.8302348799e-04
 619.5000000000    1.8303518619e-04
 620.0000000000    1.8304634835e-04
 620.5000000000    1.8305681709e-04
 621.0000000000    1.8306643723e-04
 621.5000000000    1.8307506850e-04
 622.0000000000    1.8308259593e-04
 622.5000000000    1.8308894308e-04
 623.0000000000    1.8309408012e-04
 623.5000000000    1.8309802937e-04
 624.0000000000    1.8310086890e-04
 624.5000000000    1.8310273177e-04
 625.0000000000    1.8310379989e-04
 625.5000000000    1.8310429519e-04
 626.0000000000    1.8310446606e-04
 626.5000000000    1.8310457091e-04
 627.0000000000    1.8310485846e-04
 627.5000000000    1.8310554997e-04
 628.0000000000    1.8310682923e-04
 628.5000000000    1.8310882873e-04
 629.0000000000    1.8311162339e-04
 629.5000000000    1.8311523637e-04
 630.0000000000    1.8311964329e-04
 630.5000000000    1.8312478053e-04
 631.0000000000    1.8313056302e-04
 631.5000000000    1.8313690012e-04
 632.0000000000    1.8314370771e-04
 632.5000000000    1.8315092340e-04
 633.0000000000    1.8315851228e-04
 633.5000000000    1.8316646668e-04
 634.0000000000    1.8317480066e-04
 634.5000000000    1.8318353720e-04
 635.0000000000    1.8319269820e-04
 635.5000000000    1.8320229378e-04
 636.0000000000    1.8321230711e-04
 636.5000000000    1.8322268897e-04
 637.0000000000    1.8323335723e-04
 637.5000000000    1.8324419653e-04
 638.0000000000    1.8325506434e-04
 638.5000000000    1.8326580035e-04
 639.0000000000    1.8327623819e-04
 639.5000000000    1.8328621908e-04
 640.0000000000    1.8329560586e-04
 640.5000000000    1.8330429363e-04
 641.0000000000    1.8331222027e-04
 641.5000000000    1.8331937279e-04
 642.0000000000    1.8332578884e-04
 642.5000000000    1.8333155739e-04
 643.0000000000    1.8333681270e-04
 643.5000000000    1.8334171982e-04
 644.0000000000    1.8334646201e-04
 644.5000000000    1.8335122410e-04
 645.0000000000    1.8335617436e-04
 645.5000000000    1.8336145317e-04
 646.0000000000    1.8336716469e-04
 646.5000000000    1.8337337279e-04
 647.0000000000    1.8338010566e-04
 647.5000000000    1.8338736146e-04
 648.0000000000    1.8339512168e-04
 648.5000000000    1.8340335795e-04
 649.0000000000    1.8341204325e-04
 649.5000000000    1.8342115288e-04
 650.0000000000    1.8343066431e-04
 650.5000000000    1.8344055017e-04
 651.0000000000    1.8345077073e-04
 651.5000000000    1.8346126274e-04
 652.0000000000    1.8347193160e-04
 652.5000000000    1.8348264730e-04
 653.0000000000    1.8349324464e-04
 653.5000000000    1.8350352908e-04
 654.0000000000    1.8351328395e-04
 654.5000000000    1.8352228627e-04
 655.0000000000    1.8353031710e-04
 655.5000000000    1.8353717755e-04
 656.0000000000    1.8354269951e-04
 656.5000000000    1.8354675387e-04
 657.0000000000    1.8354925911e-04
 657.5000000000    1.8355018306e-04
 658.0000000000    1.8354954596e-04
 658.5000000000    1.8354741989e-04
 659.0000000000    1.8354392575e-04
 659.5000000000    1.8353923196e-04
 660.0000000000    1.8353355631e-04
 660.5000000000    1.8352715835e-04
 661.0000000000    1.8352033786e-04
 661.5000000000    1.8351342962e-04
 662.0000000000    1.8350679020e-04
 662.5000000000    1.8350078714e-04
 663.0000000000    1.8349578160e-04
 663.5000000000    1.8349211061e-04
 664.0000000000    1.8349006891e-04
 664.5000000000    1.8348989331e-04
 665.0000000000    1.8349174869e-04
 665.5000000000    1.8349572198e-04
 666.0000000000    1.8350181851e-04
 666.5000000000    1.8350996762e-04
 667.0000000000    1.8352003360e-04
 667.5000000000    1.8353182932e-04
 668.0000000000    1.8354513236e-04
 668.5000000000    1.8355970080e-04
 669.0000000000    1.8357528825e-04
 669.5000000000    1.8359165367e-04
 670.0000000000    1.8360856684e-04
 670.5000000000    1.8362580856e-04
 671.0000000000    1.8364316528e-04
 671.5000000000    1.8366042097e-04
 672.0000000000    1.8367734854e-04
 672.5000000000    1.8369370235e-04
 673.0000000000    1.8370921403e-04
 673.5000000000    1.8372359396e-04
 674.0000000000    1.8373654177e-04
 674.5000000000    1.8374775983e-04
 675.0000000000    1.8375697487e-04
 675.5000000000    1.8376396479e-04
 676.0000000000    1.8376858079e-04
 676.5000000000    1.8377076961e-04
 677.0000000000    1.8377059108e-04
 677.5000000000    1.8376822435e-04
 678.0000000000    1.8376396367e-04
 678.5000000000    1.8375820650e-04
 679.0000000000    1.8375142765e-04
 679.5000000000    1.8374414666e-04
 680.0000000000    1.8373689297e-04
 680.5000000000    1.8373016367e-04
 681.0000000000    1.8372438754e-04
 681.5000000000    1.8371989528e-04
 682.0000000000    1.8371689658e-04
 682.5000000000    1.8371546971e-04
 683.0000000000    1.8371556423e-04
 683.5000000000    1.8371701162e-04
 684.0000000000    1.8371954703e-04
 684.5000000000    1.8372283692e-04
 685.0000000000    1.8372650980e-04
 685.5000000000    1.8373018694e-04
 686.0000000000    1.8373350898e-04
 686.5000000000    1.8373615734e-04
 687.0000000000    1.8373786818e-04
 687.5000000000    1.8373843929e-04
 688.0000000000    1.8373772904e-04
 688.5000000000    1.8373565023e-04
 689.0000000000    1.8373216057e-04
 689.5000000000    1.8372725158e-04
 690.0000000000    1.8372093588e-04
 690.5000000000    1.8371323723e-04
 691.0000000000    1.8370418195e-04
 691.5000000000    1.8369379490e-04
 692.0000000000    1.8368210120e-04
 692.5000000000    1.8366913311e-04
 693.0000000000    1.8365494367e-04
 693.5000000000    1.8363962260e-04
 694.0000000000    1.8362331398e-04
 694.5000000000    1.8360623406e-04
 695.0000000000    1.8358868697e-04
 695.5000000000    1.8357107496e-04
 696.0000000000    1.8355390320e-04
 696.5000000000    1.8353777502e-04
 697.0000000000    1.8352337624e-04
 697.5000000000    1.8351144906e-04
 698.0000000000    1.8350275525e-04
 698.5000000000    1.8349803378e-04
 699.0000000000    1.8349795430e-04
 699.5000000000    1.8350307206e-04
 700.0000000000    1.8351378751e-04
