#          time             L^2_Ham             L^2_Mom
   0.0000000000    3.8637827985e-06    3.7424019885e-06
   0.5000000000    1.2141482579e-06    3.7069036549e-06
   1.0000000000    1.0483592549e-06    3.6717934525e-06
   1.5000000000    9.0305427149e-07    3.6478781715e-06
   2.0000000000    7.7065898764e-07    3.6458332663e-06
   2.5000000000    6.5992172447e-07    3.6642151590e-06
   3.0000000000    5.9113532247e-07    3.6963757537e-06
   3.5000000000    5.5272311318e-07    3.7341726478e-06
   4.0000000000    5.3189205577e-07    3.7711867328e-06
   4.5000000000    5.1772942998e-07    3.8036982231e-06
   5.0000000000    5.0109815182e-07    3.8313790701e-06
   5.5000000000    4.7993733632e-07    3.8551428050e-06
   6.0000000000    4.5622800351e-07    3.8764638571e-06
   6.5000000000    4.3187612594e-07    3.8967237718e-06
   7.0000000000    4.0814649872e-07    3.9170387912e-06
   7.5000000000    3.8594569507e-07    3.9386196648e-06
   8.0000000000    3.6629323564e-07    3.9610107899e-06
   8.5000000000    3.4912006290e-07    3.9854801887e-06
   9.0000000000    3.3414987984e-07    4.0123517107e-06
   9.5000000000    3.2100509465e-07    4.0407433909e-06
  10.0000000000    3.0964167595e-07    4.0707233519e-06
  10.5000000000    2.9990188244e-07    4.1040308979e-06
  11.0000000000    2.9251966607e-07    4.1380795451e-06
  11.5000000000    2.8426444987e-07    4.1736532325e-06
  12.0000000000    2.7838076111e-07    4.2115720007e-06
  12.5000000000    2.7371811223e-07    4.2537335354e-06
  13.0000000000    2.7311386051e-07    4.2935764475e-06
  13.5000000000    2.6867507661e-07    4.3360422248e-06
  14.0000000000    2.7382040542e-07    4.3821265488e-06
  14.5000000000    2.7333222603e-07    4.4270504203e-06
  15.0000000000    2.7108028199e-07    4.4754989832e-06
  15.5000000000    2.6970041843e-07    4.5282458239e-06
  16.0000000000    2.7067485862e-07    4.5762225577e-06
  16.5000000000    2.8125042892e-07    4.6261562971e-06
  17.0000000000    3.0102006918e-07    4.6798075034e-06
  17.5000000000    2.9884992202e-07    4.7336051240e-06
  18.0000000000    2.9511384420e-07    4.7894861835e-06
  18.5000000000    2.9366307847e-07    4.8458921616e-06
  19.0000000000    2.9206124416e-07    4.9039413253e-06
  19.5000000000    2.9458821044e-07    4.9609368770e-06
  20.0000000000    3.0121864326e-07    5.0212902348e-06
  20.5000000000    2.8248013497e-07    5.0778204897e-06
  21.0000000000    2.8224444877e-07    5.1383472106e-06
  21.5000000000    2.8573781074e-07    5.1998502703e-06
  22.0000000000    2.9378902524e-07    5.2630057233e-06
  22.5000000000    3.0266582771e-07    5.3268925701e-06
  23.0000000000    3.0612380711e-07    5.3932347936e-06
  23.5000000000    3.0846777266e-07    5.4565645511e-06
  24.0000000000    3.1094719459e-07    5.5248131491e-06
  24.5000000000    3.1586847233e-07    5.5896785495e-06
  25.0000000000    3.2300821677e-07    5.6546102480e-06
  25.5000000000    3.3012130716e-07    5.7225352317e-06
  26.0000000000    3.2547412067e-07    5.7891272789e-06
  26.5000000000    3.2226771582e-07    5.8568451393e-06
  27.0000000000    3.2418590947e-07    5.9259661452e-06
  27.5000000000    3.2808774275e-07    5.9953615402e-06
  28.0000000000    3.3229974393e-07    6.0651502422e-06
  28.5000000000    3.3675594699e-07    6.1372527226e-06
  29.0000000000    3.4157235013e-07    6.2256513462e-06
  29.5000000000    3.4643871753e-07    6.2773962402e-06
  30.0000000000    3.5156263646e-07    6.3482115518e-06
  30.5000000000    3.5732605844e-07    6.4199997597e-06
  31.0000000000    3.6271061580e-07    6.4953949402e-06
  31.5000000000    3.6837443413e-07    6.5729382351e-06
  32.0000000000    3.7430832571e-07    6.6416703867e-06
  32.5000000000    3.8058592625e-07    6.7150243693e-06
  33.0000000000    3.8641485051e-07    6.7843297163e-06
  33.5000000000    3.9261288952e-07    6.8646964369e-06
  34.0000000000    3.9827893953e-07    6.9413533468e-06
  34.5000000000    4.0312690746e-07    7.0065416501e-06
  35.0000000000    4.0922492254e-07    7.0781370909e-06
  35.5000000000    4.1244884105e-07    7.1546731407e-06
  36.0000000000    4.1628352081e-07    7.2274140574e-06
  36.5000000000    4.2011559800e-07    7.3007356436e-06
  37.0000000000    4.2335795850e-07    7.3742529565e-06
  37.5000000000    4.2670496867e-07    7.4547142547e-06
  38.0000000000    4.2971874436e-07    7.5225906956e-06
  38.5000000000    4.3240825152e-07    7.6062215570e-06
  39.0000000000    4.3505551863e-07    7.6724507684e-06
  39.5000000000    4.3761862446e-07    7.7455376328e-06
  40.0000000000    4.4000751734e-07    7.8201102359e-06
  40.5000000000    4.4293101159e-07    7.8950556260e-06
  41.0000000000    4.4609336732e-07    7.9710813825e-06
  41.5000000000    4.4856112283e-07    8.0463306451e-06
  42.0000000000    4.5129830464e-07    8.1195763016e-06
  42.5000000000    4.5434384467e-07    8.1953402562e-06
  43.0000000000    4.5751209213e-07    8.2816249871e-06
  43.5000000000    4.6092374566e-07    8.3497693893e-06
  44.0000000000    4.6393574913e-07    8.4227970669e-06
  44.5000000000    4.6708986160e-07    8.4932148931e-06
  45.0000000000    4.7077608019e-07    8.5717700770e-06
  45.5000000000    4.7433968798e-07    8.6417496397e-06
  46.0000000000    4.7766456691e-07    8.7226365845e-06
  46.5000000000    4.8098088387e-07    8.7903873859e-06
  47.0000000000    4.8418926724e-07    8.8678403855e-06
  47.5000000000    4.8771199816e-07    8.9652751187e-06
  48.0000000000    4.9122804356e-07    9.0215541797e-06
  48.5000000000    4.9507461080e-07    9.0884708013e-06
  49.0000000000    4.9875595435e-07    9.1715646157e-06
  49.5000000000    5.0211973256e-07    9.2343178630e-06
  50.0000000000    5.0566866995e-07    9.3050456613e-06
  50.5000000000    5.0933353588e-07    9.3777035577e-06
  51.0000000000    5.1297721566e-07    9.4504189519e-06
  51.5000000000    5.1666825759e-07    9.5237271687e-06
  52.0000000000    5.2021407889e-07    9.5967328437e-06
  52.5000000000    5.2414498906e-07    9.6679285486e-06
  53.0000000000    5.2778838999e-07    9.7365249420e-06
  53.5000000000    5.3151798713e-07    9.8074872584e-06
  54.0000000000    5.3547257567e-07    9.8967538633e-06
  54.5000000000    5.3926032435e-07    9.9623495617e-06
  55.0000000000    5.4301639462e-07    1.0026152362e-05
  55.5000000000    5.4659976997e-07    1.0096227234e-05
  56.0000000000    5.4996260352e-07    1.0164535014e-05
  56.5000000000    5.5396059785e-07    1.0232392965e-05
  57.0000000000    5.5766258570e-07    1.0307081829e-05
  57.5000000000    5.6064892089e-07    1.0365874791e-05
  58.0000000000    5.6379069310e-07    1.0429013627e-05
  58.5000000000    5.6731534728e-07    1.0490189554e-05
  59.0000000000    5.7014740766e-07    1.0549268652e-05
  59.5000000000    5.7345727955e-07    1.0617143957e-05
  60.0000000000    5.7709884964e-07    1.0683780018e-05
  60.5000000000    5.8075545571e-07    1.0754292337e-05
  61.0000000000    5.8473880306e-07    1.0825824194e-05
  61.5000000000    5.8872964375e-07    1.0897168253e-05
  62.0000000000    5.9249492742e-07    1.1026189082e-05
  62.5000000000    5.9623403113e-07    1.1042721211e-05
  63.0000000000    5.9973004195e-07    1.1108892913e-05
  63.5000000000    6.0318883933e-07    1.1171735064e-05
  64.0000000000    6.0710751556e-07    1.1236497955e-05
  64.5000000000    6.1077034074e-07    1.1317695255e-05
  65.0000000000    6.1445092197e-07    1.1370773054e-05
  65.5000000000    6.1833146916e-07    1.1438825926e-05
  66.0000000000    6.2218566589e-07    1.1502958856e-05
  66.5000000000    6.2606228277e-07    1.1570550898e-05
  67.0000000000    6.2976871139e-07    1.1636704321e-05
  67.5000000000    6.3359522339e-07    1.1713560945e-05
  68.0000000000    6.3732218336e-07    1.1772058954e-05
  68.5000000000    6.4112632611e-07    1.1893928037e-05
  69.0000000000    6.4475383884e-07    1.1933645239e-05
  69.5000000000    6.4857802467e-07    1.1989646401e-05
  70.0000000000    6.5219174478e-07    1.2032467270e-05
  70.5000000000    6.5599933592e-07    1.2191838569e-05
  71.0000000000    6.5957549493e-07    1.2185905271e-05
  71.5000000000    6.6337658482e-07    1.2235268362e-05
  72.0000000000    6.6704643245e-07    1.2317808194e-05
  72.5000000000    6.7042547893e-07    1.2371959676e-05
  73.0000000000    6.7506141015e-07    1.2428453155e-05
  73.5000000000    6.7893291127e-07    1.2481918982e-05
  74.0000000000    6.8231761023e-07    1.2538002124e-05
  74.5000000000    6.8630841959e-07    1.2613413094e-05
  75.0000000000    6.9214918058e-07    1.2711154127e-05
  75.5000000000    6.9517500898e-07    1.2771223586e-05
  76.0000000000    6.9893203916e-07    1.2824998730e-05
  76.5000000000    7.0268102859e-07    1.2877593859e-05
  77.0000000000    7.0524487492e-07    1.2932531577e-05
  77.5000000000    7.0721075495e-07    1.2999438955e-05
  78.0000000000    7.1147987188e-07    1.3060178040e-05
  78.5000000000    7.1599977474e-07    1.3125700928e-05
  79.0000000000    7.1986139587e-07    1.3177186684e-05
  79.5000000000    7.2381890680e-07    1.3232549856e-05
  80.0000000000    7.2676514050e-07    1.3298644047e-05
  80.5000000000    7.2990549573e-07    1.3357521410e-05
  81.0000000000    7.3331218647e-07    1.3421747199e-05
  81.5000000000    7.3699876289e-07    1.3480668220e-05
  82.0000000000    7.4058244276e-07    1.3539297158e-05
  82.5000000000    7.4449936198e-07    1.3599656821e-05
  83.0000000000    7.4797230085e-07    1.3660670535e-05
  83.5000000000    7.5135881746e-07    1.3721491850e-05
  84.0000000000    7.5505606308e-07    1.3780649381e-05
  84.5000000000    7.5854624253e-07    1.3839647051e-05
  85.0000000000    7.6265577045e-07    1.3904030138e-05
  85.5000000000    7.6726590610e-07    1.3961162400e-05
  86.0000000000    7.7360899102e-07    1.4020341614e-05
  86.5000000000    7.8065398500e-07    1.4079090223e-05
  87.0000000000    7.8747725204e-07    1.4137636900e-05
  87.5000000000    7.9811356919e-07    1.4196339759e-05
  88.0000000000    8.1040628516e-07    1.4254925393e-05
  88.5000000000    8.2032208154e-07    1.4322569113e-05
  89.0000000000    8.2969794505e-07    1.4378559503e-05
  89.5000000000    8.3617478957e-07    1.4438811310e-05
  90.0000000000    8.4397725693e-07    1.4496792979e-05
  90.5000000000    8.5018603440e-07    1.4552650541e-05
  91.0000000000    8.5592789467e-07    1.4605005014e-05
  91.5000000000    8.5978934287e-07    1.4662184869e-05
  92.0000000000    8.6338520426e-07    1.4721243441e-05
  92.5000000000    8.6678593243e-07    1.4776647047e-05
  93.0000000000    8.6961175422e-07    1.4834750966e-05
  93.5000000000    8.7158923684e-07    1.4888821787e-05
  94.0000000000    8.7343505712e-07    1.4945488318e-05
  94.5000000000    8.7653895320e-07    1.5002512927e-05
  95.0000000000    8.7914586908e-07    1.5062752653e-05
  95.5000000000    8.8111696588e-07    1.5116992831e-05
  96.0000000000    8.8331464246e-07    1.5171161866e-05
  96.5000000000    8.8664457712e-07    1.5263440208e-05
  97.0000000000    8.8981622287e-07    1.5297368459e-05
  97.5000000000    8.9224480679e-07    1.5340032753e-05
  98.0000000000    8.9456919137e-07    1.5396430771e-05
  98.5000000000    8.9763295743e-07    1.5460401211e-05
  99.0000000000    9.0080672889e-07    1.5514241411e-05
  99.5000000000    9.0417118237e-07    1.5582131849e-05
 100.0000000000    9.0870119410e-07    1.5620400475e-05
 100.5000000000    9.1192700739e-07    1.5670313360e-05
 101.0000000000    9.1156262030e-07    1.5724882269e-05
 101.5000000000    9.1023754949e-07    1.5778391805e-05
 102.0000000000    9.1329567655e-07    1.5833210462e-05
 102.5000000000    9.2086765758e-07    1.5886396080e-05
 103.0000000000    9.2617736623e-07    1.5939461574e-05
 103.5000000000    9.2536740525e-07    1.5992269252e-05
 104.0000000000    9.2438424018e-07    1.6045784644e-05
 104.5000000000    9.2761174084e-07    1.6119836882e-05
 105.0000000000    9.3178477933e-07    1.6154853065e-05
 105.5000000000    9.3440797486e-07    1.6340537383e-05
 106.0000000000    9.3592392395e-07    1.6264261724e-05
 106.5000000000    9.3844680587e-07    1.6310259160e-05
 107.0000000000    9.4111121445e-07    1.6369242587e-05
 107.5000000000    9.4364088405e-07    1.6410147579e-05
 108.0000000000    9.4603916935e-07    1.6473082687e-05
 108.5000000000    9.4860766922e-07    1.6524044016e-05
 109.0000000000    9.5109761574e-07    1.6575049214e-05
 109.5000000000    9.5352494576e-07    1.6628582660e-05
 110.0000000000    9.5605470315e-07    1.6675484513e-05
 110.5000000000    9.5862784767e-07    1.6727772637e-05
 111.0000000000    9.6127276985e-07    1.6777618731e-05
 111.5000000000    9.6381247842e-07    1.6829756446e-05
 112.0000000000    9.6628532499e-07    1.6880383345e-05
 112.5000000000    9.6887320970e-07    1.6931521495e-05
 113.0000000000    9.7140105655e-07    1.6982481489e-05
 113.5000000000    9.7415936056e-07    1.7033114421e-05
 114.0000000000    9.7681677816e-07    1.7084017097e-05
 114.5000000000    9.7948344262e-07    1.7140084823e-05
 115.0000000000    9.8209522629e-07    1.7187195883e-05
 115.5000000000    9.8486030264e-07    1.7237636029e-05
 116.0000000000    9.8761386467e-07    1.7288011142e-05
 116.5000000000    9.9025157403e-07    1.7338256674e-05
 117.0000000000    9.9300784688e-07    1.7388239287e-05
 117.5000000000    9.9596932383e-07    1.7438123635e-05
 118.0000000000    9.9915011312e-07    1.7509963431e-05
 118.5000000000    1.0022365122e-06    1.7541819883e-05
 119.0000000000    1.0052503897e-06    1.7612444891e-05
 119.5000000000    1.0082466396e-06    1.7640184239e-05
 120.0000000000    1.0116634033e-06    1.7689081716e-05
 120.5000000000    1.0155139585e-06    1.7770571951e-05
 121.0000000000    1.0188946002e-06    1.7770280955e-05
 121.5000000000    1.0221559334e-06    1.7820710996e-05
 122.0000000000    1.0257687149e-06    1.7874900273e-05
 122.5000000000    1.0296573165e-06    1.7920786980e-05
 123.0000000000    1.0332452136e-06    1.7967132051e-05
 123.5000000000    1.0366517819e-06    1.8015051809e-05
 124.0000000000    1.0403265136e-06    1.8069592190e-05
 124.5000000000    1.0443080524e-06    1.8114363159e-05
 125.0000000000    1.0477113813e-06    1.8163039210e-05
 125.5000000000    1.0505696138e-06    1.8211517038e-05
 126.0000000000    1.0539915606e-06    1.8259716586e-05
 126.5000000000    1.0579985290e-06    1.8307799255e-05
 127.0000000000    1.0614206870e-06    1.8355798557e-05
 127.5000000000    1.0639649044e-06    1.8428066164e-05
 128.0000000000    1.0668340457e-06    1.8456319636e-05
 128.5000000000    1.0706188392e-06    1.8527262197e-05
 129.0000000000    1.0739274486e-06    1.8550693394e-05
 129.5000000000    1.0761763208e-06    1.8597753175e-05
 130.0000000000    1.0789807809e-06    1.8645651152e-05
 130.5000000000    1.0824171560e-06    1.8693235716e-05
 131.0000000000    1.0852539937e-06    1.8740650900e-05
 131.5000000000    1.0877233568e-06    1.8787938869e-05
 132.0000000000    1.0905756119e-06    1.8835145967e-05
 132.5000000000    1.0937097432e-06    1.8882243509e-05
 133.0000000000    1.0963301564e-06    1.8929248451e-05
 133.5000000000    1.0990687988e-06    1.8982732387e-05
 134.0000000000    1.1017281656e-06    1.9025258487e-05
 134.5000000000    1.1046165645e-06    1.9072418361e-05
 135.0000000000    1.1073090713e-06    1.9119459420e-05
 135.5000000000    1.1100243119e-06    1.9166268992e-05
 136.0000000000    1.1127706689e-06    1.9212952345e-05
 136.5000000000    1.1155864207e-06    1.9259519650e-05
 137.0000000000    1.1184105546e-06    1.9332918896e-05
 137.5000000000    1.1209528873e-06    1.9358193665e-05
 138.0000000000    1.1235944838e-06    1.9407945966e-05
 138.5000000000    1.1264453723e-06    1.9448930938e-05
 139.0000000000    1.1292361081e-06    1.9495437617e-05
 139.5000000000    1.1318824298e-06    1.9541960990e-05
 140.0000000000    1.1344962089e-06    1.9588191129e-05
 140.5000000000    1.1371957748e-06    1.9634340391e-05
 141.0000000000    1.1399369371e-06    1.9680411170e-05
 141.5000000000    1.1426949863e-06    1.9726447602e-05
 142.0000000000    1.1452520141e-06    1.9772435241e-05
 142.5000000000    1.1480041977e-06    1.9825356104e-05
 143.0000000000    1.1507454036e-06    1.9866250444e-05
 143.5000000000    1.1558818793e-06    2.0026161231e-05
 144.0000000000    1.1574736876e-06    1.9977247869e-05
 144.5000000000    1.1596484928e-06    2.0027664784e-05
 145.0000000000    1.1622678033e-06    2.0081452251e-05
 145.5000000000    1.1650658230e-06    2.0101512354e-05
 146.0000000000    1.1680386231e-06    2.0147305229e-05
 146.5000000000    1.1715003580e-06    2.0202486314e-05
 147.0000000000    1.1751275227e-06    2.0328501110e-05
 147.5000000000    1.1785811008e-06    2.0299494695e-05
 148.0000000000    1.1831826718e-06    2.0334405287e-05
 148.5000000000    1.1908848843e-06    2.0537424834e-05
 149.0000000000    1.1995909652e-06    2.0528823067e-05
 149.5000000000    1.2069677532e-06    2.0499963772e-05
 150.0000000000    1.2142576117e-06    2.0535773049e-05
 150.5000000000    1.2284003123e-06    2.0579667878e-05
 151.0000000000    1.2482087105e-06    2.0607507098e-05
 151.5000000000    1.2617621365e-06    2.0688335272e-05
 152.0000000000    1.2706441640e-06    2.0701938720e-05
 152.5000000000    1.2928723177e-06    2.0748817697e-05
 153.0000000000    1.3227010616e-06    2.0794021976e-05
 153.5000000000    1.3337525317e-06    2.0839064475e-05
 154.0000000000    1.3358362241e-06    2.0883684217e-05
 154.5000000000    1.3622101782e-06    2.0929698276e-05
 155.0000000000    1.3958611498e-06    2.1087581907e-05
 155.5000000000    1.3982648005e-06    2.1472577669e-05
 156.0000000000    1.3920701511e-06    2.1397857414e-05
 156.5000000000    1.4158706781e-06    2.1599849614e-05
 157.0000000000    1.4390596670e-06    2.2901420010e-05
 157.5000000000    1.4286377133e-06    2.1236881156e-05
 158.0000000000    1.4179295591e-06    2.3310425505e-05
 158.5000000000    1.4298244134e-06    2.1337960681e-05
 159.0000000000    1.4369979535e-06    2.1363983904e-05
 159.5000000000    1.4282810910e-06    2.1415357590e-05
 160.0000000000    1.4289885781e-06    2.1494924775e-05
 160.5000000000    1.4415756901e-06    2.1508799398e-05
 161.0000000000    1.4467433258e-06    2.1542770860e-05
 161.5000000000    1.4422039803e-06    2.1590876691e-05
 162.0000000000    1.4389090576e-06    2.1633321641e-05
 162.5000000000    1.4367132593e-06    2.1680298460e-05
 163.0000000000    1.4318512547e-06    2.1723887024e-05
 163.5000000000    1.4281711091e-06    2.1770079940e-05
 164.0000000000    1.4293837296e-06    2.1849406738e-05
 164.5000000000    1.4323080506e-06    2.1869957963e-05
 165.0000000000    1.4328846081e-06    2.1919237739e-05
 165.5000000000    1.4307092921e-06    2.1955687552e-05
 166.0000000000    1.4276361476e-06    2.2000582441e-05
 166.5000000000    1.4247772920e-06    2.2046044901e-05
 167.0000000000    1.4224796014e-06    2.2090916746e-05
 167.5000000000    1.4211679950e-06    2.2136209762e-05
 168.0000000000    1.4206340550e-06    2.2181423335e-05
 168.5000000000    1.4196294578e-06    2.2226767819e-05
 169.0000000000    1.4178470304e-06    2.2272113304e-05
 169.5000000000    1.4163100622e-06    2.2327279941e-05
 170.0000000000    1.4153833925e-06    2.2364674593e-05
 170.5000000000    1.4152646066e-06    2.2411107439e-05
 171.0000000000    1.4152136851e-06    2.2456899159e-05
 171.5000000000    1.4152010442e-06    2.2502316617e-05
 172.0000000000    1.4149945436e-06    2.2547736058e-05
 172.5000000000    1.4149119385e-06    2.2626558067e-05
 173.0000000000    1.4149946624e-06    2.2697551039e-05
 173.5000000000    1.4154494990e-06    2.2838944411e-05
 174.0000000000    1.4159232522e-06    2.2763031731e-05
 174.5000000000    1.4163069302e-06    2.2844597804e-05
 175.0000000000    1.4169286456e-06    2.2864262579e-05
 175.5000000000    1.4178116641e-06    2.2884711825e-05
 176.0000000000    1.4189461112e-06    2.2918155619e-05
 176.5000000000    1.4199908222e-06    2.2959038032e-05
 177.0000000000    1.4210672755e-06    2.3002997653e-05
 177.5000000000    1.4222506639e-06    2.3048238160e-05
 178.0000000000    1.4235369642e-06    2.3104758247e-05
 178.5000000000    1.4250784647e-06    2.3141767020e-05
 179.0000000000    1.4266780915e-06    2.3217506110e-05
 179.5000000000    1.4282018891e-06    2.3252045396e-05
 180.0000000000    1.4298720598e-06    2.3285100770e-05
 180.5000000000    1.4317555276e-06    2.3324021120e-05
 181.0000000000    1.4335994650e-06    2.3367181495e-05
 181.5000000000    1.4356258353e-06    2.3412299014e-05
 182.0000000000    1.4376618517e-06    2.3502500679e-05
 182.5000000000    1.4397700752e-06    2.3507118411e-05
 183.0000000000    1.4422419118e-06    2.3553186902e-05
 183.5000000000    1.4448654800e-06    2.3598806891e-05
 184.0000000000    1.4477836776e-06    2.3641466757e-05
 184.5000000000    1.4510781625e-06    2.3686728100e-05
 185.0000000000    1.4548471985e-06    2.3733536600e-05
 185.5000000000    1.4587724977e-06    2.3780719835e-05
 186.0000000000    1.4625871261e-06    2.3873045060e-05
 186.5000000000    1.4657233451e-06    2.3877188435e-05
 187.0000000000    1.4680831994e-06    2.3923939843e-05
 187.5000000000    1.4698002857e-06    2.3971373095e-05
 188.0000000000    1.4712423274e-06    2.4017311485e-05
 188.5000000000    1.4733089164e-06    2.4061990968e-05
 189.0000000000    1.4755639153e-06    2.4108431326e-05
 189.5000000000    1.4786436964e-06    2.4155866928e-05
 190.0000000000    1.4820680105e-06    2.4203618559e-05
 190.5000000000    1.4861004783e-06    2.4263009397e-05
 191.0000000000    1.4906330634e-06    2.4300875502e-05
 191.5000000000    1.4960485147e-06    2.4349825187e-05
 192.0000000000    1.5019052883e-06    2.4402798980e-05
 192.5000000000    1.5063146729e-06    2.4448237043e-05
 193.0000000000    1.5083508878e-06    2.4493676683e-05
 193.5000000000    1.5078985783e-06    2.4540455665e-05
 194.0000000000    1.5070793060e-06    2.4588064861e-05
 194.5000000000    1.5083187835e-06    2.4647799195e-05
 195.0000000000    1.5129000840e-06    2.4686350145e-05
 195.5000000000    1.5197034177e-06    2.4736021969e-05
 196.0000000000    1.5258443934e-06    2.4784402718e-05
 196.5000000000    1.5292375397e-06    2.4832888264e-05
 197.0000000000    1.5295522628e-06    2.4881243131e-05
 197.5000000000    1.5289462083e-06    2.4930072618e-05
 198.0000000000    1.5300141289e-06    2.4979231240e-05
 198.5000000000    1.5335503583e-06    2.5040166327e-05
 199.0000000000    1.5385017770e-06    2.5080276628e-05
 199.5000000000    1.5429340006e-06    2.5130945751e-05
 200.0000000000    1.5459608588e-06    2.5180214943e-05
 200.5000000000    1.5481907737e-06    2.5230544236e-05
 201.0000000000    1.5505681982e-06    2.5280265321e-05
 201.5000000000    1.5535833323e-06    2.5330139828e-05
 202.0000000000    1.5573313138e-06    2.5380318917e-05
 202.5000000000    1.5609615532e-06    2.5441927484e-05
 203.0000000000    1.5641080617e-06    2.5483786074e-05
 203.5000000000    1.5671364613e-06    2.5535377983e-05
 204.0000000000    1.5704092300e-06    2.5585790777e-05
 204.5000000000    1.5737660351e-06    2.5636945429e-05
 205.0000000000    1.5769984732e-06    2.5688208971e-05
 205.5000000000    1.5801858353e-06    2.5739648607e-05
 206.0000000000    1.5835545777e-06    2.5840664477e-05
 206.5000000000    1.5869386991e-06    2.5844971901e-05
 207.0000000000    1.5904685859e-06    2.5898523437e-05
 207.5000000000    1.5940078029e-06    2.5949996003e-05
 208.0000000000    1.5973820637e-06    2.6002086275e-05
 208.5000000000    1.6010371877e-06    2.6055194286e-05
 209.0000000000    1.6045122586e-06    2.6107762021e-05
 209.5000000000    1.6082916410e-06    2.6160561520e-05
 210.0000000000    1.6120652866e-06    2.6263015609e-05
 210.5000000000    1.6158206882e-06    2.6268818468e-05
 211.0000000000    1.6195605871e-06    2.6324085511e-05
 211.5000000000    1.6234034077e-06    2.6376866108e-05
 212.0000000000    1.6272290255e-06    2.6430687682e-05
 212.5000000000    1.6316958129e-06    2.6486510623e-05
 213.0000000000    1.6355027044e-06    2.6540372283e-05
 213.5000000000    1.6411070451e-06    2.6594492818e-05
 214.0000000000    1.6485933229e-06    2.6657412616e-05
 214.5000000000    1.6590870614e-06    2.6707488493e-05
 215.0000000000    1.6738350369e-06    2.6762161233e-05
 215.5000000000    1.6930371412e-06    2.6817237038e-05
 216.0000000000    1.7147532967e-06    2.6873217855e-05
 216.5000000000    1.7348413599e-06    2.6932583364e-05
 217.0000000000    1.7481474606e-06    2.6987672411e-05
 217.5000000000    1.7511831231e-06    2.7088947493e-05
 218.0000000000    1.7468121119e-06    2.7101634505e-05
 218.5000000000    1.7449430031e-06    2.7159831899e-05
 219.0000000000    1.7599042060e-06    2.7216040611e-05
 219.5000000000    1.8013889699e-06    2.7273848616e-05
 220.0000000000    1.8651723562e-06    2.7332018406e-05
 220.5000000000    1.9323980461e-06    2.7395417666e-05
 221.0000000000    1.9797475401e-06    2.7451919149e-05
 221.5000000000    1.9916483986e-06    2.7514443043e-05
 222.0000000000    1.9709812215e-06    2.7571225794e-05
 222.5000000000    1.9379708407e-06    2.7628745968e-05
 223.0000000000    1.9197533596e-06    2.7688426887e-05
 223.5000000000    1.9313462006e-06    2.7748860603e-05
 224.0000000000    1.9635313833e-06    2.7809542621e-05
 224.5000000000    1.9915898113e-06    2.7869071723e-05
 225.0000000000    1.9950520178e-06    2.7933436982e-05
 225.5000000000    1.9714477919e-06    2.7994809201e-05
 226.0000000000    1.9380185923e-06    2.8055111507e-05
 226.5000000000    1.9156503290e-06    2.8117776876e-05
 227.0000000000    1.9136543046e-06    2.8180779958e-05
 227.5000000000    1.9228072737e-06    2.8243951030e-05
 228.0000000000    1.9265776565e-06    2.8307436513e-05
 228.5000000000    1.9165692587e-06    2.8371635415e-05
 229.0000000000    1.8976805714e-06    2.8435308436e-05
 229.5000000000    1.8818649701e-06    2.8498195228e-05
 230.0000000000    1.8766919196e-06    2.8563635165e-05
 230.5000000000    1.8788571826e-06    2.8629451673e-05
 231.0000000000    1.8805983282e-06    2.8695529259e-05
 231.5000000000    1.8775532847e-06    2.8786802922e-05
 232.0000000000    1.8722233176e-06    2.8831222478e-05
 232.5000000000    1.8701655550e-06    2.8893712423e-05
 233.0000000000    1.8735020907e-06    2.8959608910e-05
 233.5000000000    1.8799700792e-06    2.9070558429e-05
 234.0000000000    1.8860546284e-06    2.9129909561e-05
 234.5000000000    1.8892308949e-06    2.9223370759e-05
 235.0000000000    1.8937148361e-06    2.9443758850e-05
 235.5000000000    1.9013961479e-06    2.9783607302e-05
 236.0000000000    1.9115986973e-06    3.0140964871e-05
 236.5000000000    1.9286313546e-06    3.4111231523e-05
 237.0000000000    1.9308123878e-06    3.5140263001e-05
 237.5000000000    1.9333768143e-06    3.0868046201e-05
 238.0000000000    1.9348033541e-06    2.9804299530e-05
 238.5000000000    1.9374068785e-06    3.0188333382e-05
 239.0000000000    1.9423008450e-06    3.0082805960e-05
 239.5000000000    1.9472493706e-06    3.0000471023e-05
 240.0000000000    1.9520168338e-06    2.9990329458e-05
 240.5000000000    1.9567620599e-06    3.0088340304e-05
 241.0000000000    1.9633290065e-06    3.0640946418e-05
 241.5000000000    1.9678722226e-06    3.0377074905e-05
 242.0000000000    1.9729893605e-06    3.0279328646e-05
 242.5000000000    1.9777835114e-06    3.0353277204e-05
 243.0000000000    1.9824459016e-06    3.0458390204e-05
 243.5000000000    1.9873672426e-06    3.0495623306e-05
 244.0000000000    1.9926268449e-06    3.0572924787e-05
 244.5000000000    1.9981289219e-06    3.0654107341e-05
 245.0000000000    2.0045258281e-06    3.0743844849e-05
 245.5000000000    2.0110750996e-06    3.1027980700e-05
 246.0000000000    2.0173583752e-06    3.1455706725e-05
 246.5000000000    2.0228927560e-06    3.1121628555e-05
 247.0000000000    2.0287810372e-06    3.1094652867e-05
 247.5000000000    2.0348708664e-06    3.1206463329e-05
 248.0000000000    2.0416026421e-06    3.1258785783e-05
 248.5000000000    2.0488803495e-06    3.1345742877e-05
 249.0000000000    2.0562914845e-06    3.1411942533e-05
 249.5000000000    2.0640000217e-06    3.1497612562e-05
 250.0000000000    2.0718064869e-06    3.1592576944e-05
 250.5000000000    2.0798568437e-06    3.1675604766e-05
 251.0000000000    2.0881821780e-06    3.1768263099e-05
 251.5000000000    2.0967644028e-06    3.1853711685e-05
 252.0000000000    2.1054149638e-06    3.1943641332e-05
 252.5000000000    2.1141758407e-06    3.2039860070e-05
 253.0000000000    2.1232513268e-06    3.2135482274e-05
 253.5000000000    2.1321776601e-06    3.2232578722e-05
 254.0000000000    2.1413337447e-06    3.2330621388e-05
 254.5000000000    2.1505852561e-06    3.2428846831e-05
 255.0000000000    2.1599755027e-06    3.2550195602e-05
 255.5000000000    2.1693879963e-06    3.2638306414e-05
 256.0000000000    2.1788419549e-06    3.2732464964e-05
 256.5000000000    2.1883412877e-06    3.2832143891e-05
 257.0000000000    2.1976906479e-06    3.2934668759e-05
 257.5000000000    2.2072357045e-06    3.3039287729e-05
 258.0000000000    2.2170304823e-06    3.3155984656e-05
 258.5000000000    2.2269828506e-06    3.3278254236e-05
 259.0000000000    2.2370695535e-06    3.3377055837e-05
 259.5000000000    2.2471259152e-06    3.3473330062e-05
 260.0000000000    2.2569176240e-06    3.3582905617e-05
 260.5000000000    2.2665929216e-06    3.3694163467e-05
 261.0000000000    2.2761311581e-06    3.3808246654e-05
 261.5000000000    2.2859748225e-06    3.3925326851e-05
 262.0000000000    2.2963945848e-06    3.4066517788e-05
 262.5000000000    2.3076001777e-06    3.4171933200e-05
 263.0000000000    2.3193695214e-06    3.4286749105e-05
 263.5000000000    2.3311301770e-06    3.4404908731e-05
 264.0000000000    2.3422407100e-06    3.4528280629e-05
 264.5000000000    2.3527860567e-06    3.4654283936e-05
 265.0000000000    2.3631341077e-06    3.4782756378e-05
 265.5000000000    2.3742018345e-06    3.4937524499e-05
 266.0000000000    2.3866214370e-06    3.5054047521e-05
 266.5000000000    2.4002970195e-06    3.5180236826e-05
 267.0000000000    2.4144842182e-06    3.5313415758e-05
 267.5000000000    2.4280738766e-06    3.5450656522e-05
 268.0000000000    2.4408925553e-06    3.5591015664e-05
 268.5000000000    2.4530564026e-06    3.5734238057e-05
 269.0000000000    2.4657669427e-06    3.5904313232e-05
 269.5000000000    2.4795815017e-06    3.6037730461e-05
 270.0000000000    2.4944292540e-06    3.6177844068e-05
 270.5000000000    2.5096901337e-06    3.6328944178e-05
 271.0000000000    2.5249450806e-06    3.6481813862e-05
 271.5000000000    2.5397878919e-06    3.6640347596e-05
 272.0000000000    2.5547895961e-06    3.6801233747e-05
 272.5000000000    2.5703117327e-06    3.6954383839e-05
 273.0000000000    2.5863275129e-06    3.7120368152e-05
 273.5000000000    2.6029066315e-06    3.7292444564e-05
 274.0000000000    2.6196370815e-06    3.7467763953e-05
 274.5000000000    2.6366464053e-06    3.7646207801e-05
 275.0000000000    2.6539326901e-06    3.7828074981e-05
 275.5000000000    2.6715895748e-06    3.8048704417e-05
 276.0000000000    2.6896742603e-06    3.8207686502e-05
 276.5000000000    2.7080824084e-06    3.8391819822e-05
 277.0000000000    2.7268474372e-06    3.8584017753e-05
 277.5000000000    2.7457982649e-06    3.8783064878e-05
 278.0000000000    2.7650855717e-06    3.8987852419e-05
 278.5000000000    2.7848606795e-06    3.9196656731e-05
 279.0000000000    2.8052920707e-06    3.9398886688e-05
 279.5000000000    2.8260932348e-06    3.9616739865e-05
 280.0000000000    2.8472418320e-06    3.9842859465e-05
 280.5000000000    2.8687431082e-06    4.0127337996e-05
 281.0000000000    2.8905147770e-06    4.0311142695e-05
 281.5000000000    2.9127946182e-06    4.0730289758e-05
 282.0000000000    2.9356807876e-06    4.0869302605e-05
 282.5000000000    2.9591054245e-06    4.1049957797e-05
 283.0000000000    2.9829908688e-06    4.1300020016e-05
 283.5000000000    3.0070161225e-06    4.1567352336e-05
 284.0000000000    3.0310144902e-06    4.1843727740e-05
 284.5000000000    3.0551590843e-06    4.2125902183e-05
 285.0000000000    3.0801284940e-06    4.2436723571e-05
 285.5000000000    3.1064822918e-06    4.2714038786e-05
 286.0000000000    3.1341986946e-06    4.3014041841e-05
 286.5000000000    3.1625721491e-06    4.3328541348e-05
 287.0000000000    3.1908199828e-06    4.3654444385e-05
 287.5000000000    3.2188393360e-06    4.4014657228e-05
 288.0000000000    3.2471922268e-06    4.4358219288e-05
 288.5000000000    3.2766638801e-06    4.4697136193e-05
 289.0000000000    3.3073459904e-06    4.5057033071e-05
 289.5000000000    3.3387460173e-06    4.5439243951e-05
 290.0000000000    3.3702758851e-06    4.5835930333e-05
 290.5000000000    3.4018360539e-06    4.6246221795e-05
 291.0000000000    3.4339160301e-06    4.6660757640e-05
 291.5000000000    3.4665717959e-06    4.7102663358e-05
 292.0000000000    3.4999083331e-06    4.7562824442e-05
 292.5000000000    3.5335434440e-06    4.8039421261e-05
 293.0000000000    3.5671414328e-06    4.8564765137e-05
 293.5000000000    3.6006109731e-06    4.9054713117e-05
 294.0000000000    3.6342929992e-06    4.9582898243e-05
 294.5000000000    3.6679646232e-06    5.0140371876e-05
 295.0000000000    3.7016904598e-06    5.0727909020e-05
 295.5000000000    3.7351849690e-06    5.1340327738e-05
 296.0000000000    3.7684412283e-06    5.2015239531e-05
 296.5000000000    3.8013379101e-06    5.2657407971e-05
 297.0000000000    3.8338066914e-06    5.3365929235e-05
 297.5000000000    3.8656521409e-06    5.4086293284e-05
 298.0000000000    3.8970678880e-06    5.4869720905e-05
 298.5000000000    3.9281092766e-06    5.5685327604e-05
 299.0000000000    3.9590172151e-06    5.6563082342e-05
 299.5000000000    3.9900185316e-06    5.7469152793e-05
 300.0000000000    4.0216121794e-06    5.8427207484e-05
 300.5000000000    4.0546026713e-06    5.9435304377e-05
 301.0000000000    4.0900877802e-06    6.0526377965e-05
 301.5000000000    4.1294619281e-06    6.1675610459e-05
 302.0000000000    4.1746111289e-06    6.2908654512e-05
 302.5000000000    4.2277741063e-06    6.4214306043e-05
 303.0000000000    4.2913843042e-06    6.5623770941e-05
 303.5000000000    4.3685256631e-06    6.7130847549e-05
 304.0000000000    4.4621088342e-06    6.8756126100e-05
 304.5000000000    4.5749436936e-06    7.0527590646e-05
 305.0000000000    4.7094786755e-06    7.2434257843e-05
 305.5000000000    4.8672404772e-06    7.4533619876e-05
 306.0000000000    5.0491688213e-06    7.6846418930e-05
 306.5000000000    5.2549619971e-06    7.9446885972e-05
 307.0000000000    5.4832425010e-06    8.2374594899e-05
 307.5000000000    5.7316453251e-06    8.5731316743e-05
 308.0000000000    5.9965701806e-06    8.9618509161e-05
 308.5000000000    6.2734003343e-06    9.4191913068e-05
 309.0000000000    6.5564420794e-06    9.9626094187e-05
 309.5000000000    6.8389174503e-06    1.0620833320e-04
 310.0000000000    7.1128023722e-06    1.1409463371e-04
 310.5000000000    7.3695636878e-06    1.2374248886e-04
 311.0000000000    7.6021518474e-06    1.3547673628e-04
 311.5000000000    7.8126645225e-06    1.4974155145e-04
 312.0000000000    8.0460320267e-06    1.6694984740e-04
 312.5000000000    8.5066454040e-06    1.8753892394e-04
 313.0000000000    9.8592769554e-06    2.1196061429e-04
 313.5000000000    1.3531891540e-05    2.4092147647e-04
 314.0000000000    2.1322286879e-05    2.7601250505e-04
 314.5000000000    3.4824890175e-05    3.2078056198e-04
 315.0000000000    5.5370682053e-05    3.8197306562e-04
 315.5000000000    8.3761285314e-05    4.7167883492e-04
 316.0000000000    1.1968606359e-04    6.1166791311e-04
 316.5000000000    1.6114008382e-04    8.3289569005e-04
 317.0000000000    2.0421553532e-04    1.1576244348e-03
 317.5000000000    2.4359516501e-04    1.5762309733e-03
 318.0000000000    2.7374427434e-04    2.0430011629e-03
 318.5000000000    2.9042507050e-04    2.4915065227e-03
 319.0000000000    2.9194193116e-04    2.8573609777e-03
 319.5000000000    2.7954275513e-04    3.0981130553e-03
 320.0000000000    2.5682019086e-04    3.2034163840e-03
 320.5000000000    2.2848561485e-04    3.1932310477e-03
 321.0000000000    1.9907807093e-04    3.1065954001e-03
 321.5000000000    1.7203588907e-04    2.9866002928e-03
 322.0000000000    1.4931840743e-04    2.8679165492e-03
 322.5000000000    1.3153114770e-04    2.7710834074e-03
 323.0000000000    1.1834546323e-04    2.7035941199e-03
 323.5000000000    1.0896882727e-04    2.6645370921e-03
 324.0000000000    1.0250344024e-04    2.6492821201e-03
 324.5000000000    9.8146361431e-05    2.6525002169e-03
 325.0000000000    9.5263343772e-05    2.6695456911e-03
 325.5000000000    9.3389693236e-05    2.6967856070e-03
 326.0000000000    9.2201231892e-05    2.7315009145e-03
 326.5000000000    9.1478802864e-05    2.7716412469e-03
 327.0000000000    9.1077018931e-05    2.8155991878e-03
 327.5000000000    9.0899986023e-05    2.8620337000e-03
 328.0000000000    9.0883584775e-05    2.9097590348e-03
 328.5000000000    9.0983325771e-05    2.9576819575e-03
 329.0000000000    9.1166306382e-05    3.0047786413e-03
 329.5000000000    9.1406108094e-05    3.0500950436e-03
 330.0000000000    9.1679569361e-05    3.0927620818e-03
 330.5000000000    9.1965356481e-05    3.1320155296e-03
 331.0000000000    9.2243126719e-05    3.1672160157e-03
 331.5000000000    9.2493654128e-05    3.1978644886e-03
 332.0000000000    9.2699216589e-05    3.2236121538e-03
 332.5000000000    9.2844186108e-05    3.2442623131e-03
 333.0000000000    9.2915830324e-05    3.2597684847e-03
 333.5000000000    9.2904814103e-05    3.2702153778e-03
 334.0000000000    9.2805741819e-05    3.2758218318e-03
 334.5000000000    9.2617290513e-05    3.2769058523e-03
 335.0000000000    9.2342346936e-05    3.2738772754e-03
 335.5000000000    9.1987432389e-05    3.2672112336e-03
 336.0000000000    9.1562395564e-05    3.2574334454e-03
 336.5000000000    9.1079588176e-05    3.2450983880e-03
 337.0000000000    9.0553081839e-05    3.2307743561e-03
 337.5000000000    8.9997787733e-05    3.2150263613e-03
 338.0000000000    8.9428635403e-05    3.1984038306e-03
 338.5000000000    8.8859893980e-05    3.1814284870e-03
 339.0000000000    8.8304531753e-05    3.1645857959e-03
 339.5000000000    8.7773907356e-05    3.1483175584e-03
 340.0000000000    8.7277346692e-05    3.1330173294e-03
 340.5000000000    8.6822171521e-05    3.1190268737e-03
 341.0000000000    8.6413661888e-05    3.1066345554e-03
 341.5000000000    8.6055182172e-05    3.0960746151e-03
 342.0000000000    8.5748428045e-05    3.0875274940e-03
 342.5000000000    8.5493669748e-05    3.0811207122e-03
 343.0000000000    8.5290066504e-05    3.0769301029e-03
 343.5000000000    8.5135978397e-05    3.0749814224e-03
 344.0000000000    8.5029174108e-05    3.0752522696e-03
 344.5000000000    8.4967116589e-05    3.0776744250e-03
 345.0000000000    8.4947004510e-05    3.0821367561e-03
 345.5000000000    8.4966035406e-05    3.0884888077e-03
 346.0000000000    8.5021372382e-05    3.0965452320e-03
 346.5000000000    8.5110072882e-05    3.1060909183e-03
 347.0000000000    8.5229221642e-05    3.1168869205e-03
 347.5000000000    8.5375794258e-05    3.1286769707e-03
 348.0000000000    8.5546581353e-05    3.1411944433e-03
 348.5000000000    8.5738135556e-05    3.1541697251e-03
 349.0000000000    8.5946789681e-05    3.1673373352e-03
 349.5000000000    8.6168551513e-05    3.1804426501e-03
 350.0000000000    8.6399249671e-05    3.1932492228e-03
 350.5000000000    8.6634529873e-05    3.2055398059e-03
 351.0000000000    8.6869846450e-05    3.2171275470e-03
 351.5000000000    8.7100740184e-05    3.2278532547e-03
 352.0000000000    8.7322763096e-05    3.2375894477e-03
 352.5000000000    8.7531791390e-05    3.2462400377e-03
 353.0000000000    8.7723945294e-05    3.2537404968e-03
 353.5000000000    8.7895909445e-05    3.2600569009e-03
 354.0000000000    8.8044919532e-05    3.2651847657e-03
 354.5000000000    8.8168929166e-05    3.2691468841e-03
 355.0000000000    8.8266638072e-05    3.2719908311e-03
 355.5000000000    8.8337446605e-05    3.2737856708e-03
 356.0000000000    8.8381513778e-05    3.2746185133e-03
 356.5000000000    8.8399583471e-05    3.2745909429e-03
 357.0000000000    8.8393079404e-05    3.2738157822e-03
 357.5000000000    8.8364045817e-05    3.2724139826e-03
 358.0000000000    8.8315005058e-05    3.2705114921e-03
 358.5000000000    8.8249079741e-05    3.2682358908e-03
 359.0000000000    8.8169466896e-05    3.2657129781e-03
 359.5000000000    8.8079420645e-05    3.2630637465e-03
 360.0000000000    8.7982056689e-05    3.2604020228e-03
 360.5000000000    8.7880179484e-05    3.2578327679e-03
 361.0000000000    8.7776513112e-05    3.2554509432e-03
 361.5000000000    8.7673594621e-05    3.2533404821e-03
 362.0000000000    8.7573786069e-05    3.2515734029e-03
 362.5000000000    8.7479242428e-05    3.2502093714e-03
 363.0000000000    8.7391562021e-05    3.2492957325e-03
 363.5000000000    8.7311946062e-05    3.2488677046e-03
 364.0000000000    8.7241155487e-05    3.2489485298e-03
 364.5000000000    8.7179804478e-05    3.2495493953e-03
 365.0000000000    8.7128420339e-05    3.2506693174e-03
 365.5000000000    8.7087489602e-05    3.2522953672e-03
 366.0000000000    8.7057294826e-05    3.2544034248e-03
 366.5000000000    8.7037956770e-05    3.2569595039e-03
 367.0000000000    8.7029230705e-05    3.2599213541e-03
 367.5000000000    8.7030727889e-05    3.2632399060e-03
 368.0000000000    8.7041987725e-05    3.2668606156e-03
 368.5000000000    8.7062474517e-05    3.2707250552e-03
 369.0000000000    8.7091538937e-05    3.2747728456e-03
 369.5000000000    8.7128339831e-05    3.2789438011e-03
 370.0000000000    8.7171742432e-05    3.2831797888e-03
 370.5000000000    8.7220602276e-05    3.2874261378e-03
 371.0000000000    8.7273498755e-05    3.2916322763e-03
 371.5000000000    8.7329132854e-05    3.2957519332e-03
 372.0000000000    8.7386150512e-05    3.2997420558e-03
 372.5000000000    8.7443246034e-05    3.3035650502e-03
 373.0000000000    8.7499236008e-05    3.3071857320e-03
 373.5000000000    8.7552973272e-05    3.3105740620e-03
 374.0000000000    8.7603592739e-05    3.3137036583e-03
 374.5000000000    8.7650369258e-05    3.3165533939e-03
 375.0000000000    8.7692961739e-05    3.3191072664e-03
 375.5000000000    8.7731251822e-05    3.3213560306e-03
 376.0000000000    8.7765336484e-05    3.3232980506e-03
 376.5000000000    8.7795704914e-05    3.3249406651e-03
 377.0000000000    8.7822775932e-05    3.3263007036e-03
 377.5000000000    8.7847169881e-05    3.3274044180e-03
 378.0000000000    8.7869335027e-05    3.3282859938e-03
 378.5000000000    8.7889449836e-05    3.3289855430e-03
 379.0000000000    8.7907376776e-05    3.3295465032e-03
 379.5000000000    8.7922484902e-05    3.3300128027e-03
 380.0000000000    8.7933800579e-05    3.3304275751e-03
 380.5000000000    8.7939864989e-05    3.3308214054e-03
 381.0000000000    8.7938977799e-05    3.3312275309e-03
 381.5000000000    8.7929523973e-05    3.3316638173e-03
 382.0000000000    8.7910063352e-05    3.3321423606e-03
 382.5000000000    8.7879782446e-05    3.3326727419e-03
 383.0000000000    8.7838695485e-05    3.3332469198e-03
 383.5000000000    8.7787822172e-05    3.3338770752e-03
 384.0000000000    8.7729285725e-05    3.3345673369e-03
 384.5000000000    8.7666174471e-05    3.3353268734e-03
 385.0000000000    8.7602194184e-05    3.3361708139e-03
 385.5000000000    8.7541594068e-05    3.3371193492e-03
 386.0000000000    8.7488417799e-05    3.3381952246e-03
 386.5000000000    8.7446078996e-05    3.3394200981e-03
 387.0000000000    8.7417178990e-05    3.3408122707e-03
 387.5000000000    8.7402855586e-05    3.3423743987e-03
 388.0000000000    8.7402923200e-05    3.3441077734e-03
 388.5000000000    8.7415860028e-05    3.3459942887e-03
 389.0000000000    8.7439168242e-05    3.3480063109e-03
 389.5000000000    8.7469617954e-05    3.3501061961e-03
 390.0000000000    8.7503875365e-05    3.3522508558e-03
 390.5000000000    8.7538937418e-05    3.3543964960e-03
 391.0000000000    8.7572395220e-05    3.3565039067e-03
 391.5000000000    8.7602781715e-05    3.3585429336e-03
 392.0000000000    8.7629580829e-05    3.3604953114e-03
 392.5000000000    8.7653188803e-05    3.3623554175e-03
 393.0000000000    8.7674512196e-05    3.3641289526e-03
 393.5000000000    8.7694711081e-05    3.3658300098e-03
 394.0000000000    8.7715033472e-05    3.3674771836e-03
 394.5000000000    8.7736201246e-05    3.3690892759e-03
 395.0000000000    8.7758482869e-05    3.3706812249e-03
 395.5000000000    8.7781647368e-05    3.3722610637e-03
 396.0000000000    8.7804923672e-05    3.3738283569e-03
 396.5000000000    8.7827329266e-05    3.3753743631e-03
 397.0000000000    8.7847755178e-05    3.3768839186e-03
 397.5000000000    8.7865284261e-05    3.3783385381e-03
 398.0000000000    8.7879247310e-05    3.3797200993e-03
 398.5000000000    8.7889499074e-05    3.3810143105e-03
 399.0000000000    8.7896121415e-05    3.3822133904e-03
 399.5000000000    8.7899494400e-05    3.3833176278e-03
 400.0000000000    8.7900438548e-05    3.3843355635e-03
 400.5000000000    8.7899558281e-05    3.3852829424e-03
 401.0000000000    8.7897499635e-05    3.3861804897e-03
 401.5000000000    8.7894787504e-05    3.3870511016e-03
 402.0000000000    8.7891754853e-05    3.3879169167e-03
 402.5000000000    8.7888614603e-05    3.3887967535e-03
 403.0000000000    8.7885468551e-05    3.3897043466e-03
 403.5000000000    8.7882317909e-05    3.3906476575e-03
 404.0000000000    8.7879276565e-05    3.3916291680e-03
 404.5000000000    8.7876378297e-05    3.3926470249e-03
 405.0000000000    8.7873737771e-05    3.3936966669e-03
 405.5000000000    8.7871528258e-05    3.3947726108e-03
 406.0000000000    8.7869891538e-05    3.3958700000e-03
 406.5000000000    8.7868987830e-05    3.3969855975e-03
 407.0000000000    8.7868969513e-05    3.3981180348e-03
 407.5000000000    8.7869947271e-05    3.3992674374e-03
 408.0000000000    8.7872016163e-05    3.4004346549e-03
 408.5000000000    8.7875257980e-05    3.4016201291e-03
 409.0000000000    8.7879751554e-05    3.4028227758e-03
 409.5000000000    8.7885492491e-05    3.4040393748e-03
 410.0000000000    8.7892426843e-05    3.4052645444e-03
 410.5000000000    8.7900408620e-05    3.4064913909e-03
 411.0000000000    8.7909100104e-05    3.4077126579e-03
 411.5000000000    8.7918083776e-05    3.4089220615e-03
 412.0000000000    8.7926810783e-05    3.4101155609e-03
 412.5000000000    8.7934715741e-05    3.4112922328e-03
 413.0000000000    8.7941274369e-05    3.4124544017e-03
 413.5000000000    8.7946097337e-05    3.4136070954e-03
 414.0000000000    8.7949008416e-05    3.4147568557e-03
 414.5000000000    8.7949991369e-05    3.4159101454e-03
 415.0000000000    8.7949322693e-05    3.4170717337e-03
 415.5000000000    8.7947509011e-05    3.4182433675e-03
 416.0000000000    8.7945156214e-05    3.4194229229e-03
 416.5000000000    8.7942913785e-05    3.4206043591e-03
 417.0000000000    8.7941425975e-05    3.4217785379e-03
 417.5000000000    8.7941190184e-05    3.4229347666e-03
 418.0000000000    8.7942454615e-05    3.4240627172e-03
 418.5000000000    8.7945330719e-05    3.4251543344e-03
 419.0000000000    8.7949609200e-05    3.4262053863e-03
 419.5000000000    8.7955035246e-05    3.4272163552e-03
 420.0000000000    8.7961087667e-05    3.4281925033e-03
 420.5000000000    8.7967369334e-05    3.4291430937e-03
 421.0000000000    8.7973508863e-05    3.4300798876e-03
 421.5000000000    8.7979228531e-05    3.4310151819e-03
 422.0000000000    8.7984432308e-05    3.4319597794e-03
 422.5000000000    8.7989084312e-05    3.4329212784e-03
 423.0000000000    8.7993414736e-05    3.4339029671e-03
 423.5000000000    8.7997665903e-05    3.4349035074e-03
 424.0000000000    8.8002079397e-05    3.4359174755e-03
 424.5000000000    8.8006860577e-05    3.4369366244e-03
 425.0000000000    8.8012049017e-05    3.4379516509e-03
 425.5000000000    8.8017507300e-05    3.4389540225e-03
 426.0000000000    8.8022962017e-05    3.4399375711e-03
 426.5000000000    8.8028094783e-05    3.4408995350e-03
 427.0000000000    8.8032664638e-05    3.4418409636e-03
 427.5000000000    8.8036593239e-05    3.4427663500e-03
 428.0000000000    8.8039927267e-05    3.4436826950e-03
 428.5000000000    8.8042878078e-05    3.4445982429e-03
 429.0000000000    8.8045706136e-05    3.4455209738e-03
 429.5000000000    8.8048598456e-05    3.4464572355e-03
 430.0000000000    8.8051673133e-05    3.4474106955e-03
 430.5000000000    8.8054972121e-05    3.4483818517e-03
 431.0000000000    8.8058515072e-05    3.4493682079e-03
 431.5000000000    8.8062329944e-05    3.4503648578e-03
 432.0000000000    8.8066438937e-05    3.4513654447e-03
 432.5000000000    8.8070833201e-05    3.4523632222e-03
 433.0000000000    8.8075429542e-05    3.4533519880e-03
 433.5000000000    8.8080055043e-05    3.4543268846e-03
 434.0000000000    8.8084496963e-05    3.4552849343e-03
 434.5000000000    8.8088582135e-05    3.4562253046e-03
 435.0000000000    8.8092243878e-05    3.4571492356e-03
 435.5000000000    8.8095596803e-05    3.4580596334e-03
 436.0000000000    8.8098770764e-05    3.4589604652e-03
 436.5000000000    8.8101960975e-05    3.4598559581e-03
 437.0000000000    8.8105396321e-05    3.4607498769e-03
 437.5000000000    8.8108871279e-05    3.4616449394e-03
 438.0000000000    8.8112450557e-05    3.4625424456e-03
 438.5000000000    8.8116038818e-05    3.4634422000e-03
 439.0000000000    8.8119491779e-05    3.4643426928e-03
 439.5000000000    8.8122785907e-05    3.4652414921e-03
 440.0000000000    8.8125826168e-05    3.4661357465e-03
 440.5000000000    8.8128503956e-05    3.4670227788e-03
 441.0000000000    8.8130712565e-05    3.4679005659e-03
 441.5000000000    8.8132370188e-05    3.4687681160e-03
 442.0000000000    8.8133507045e-05    3.4696262509e-03
 442.5000000000    8.8134239918e-05    3.4704742323e-03
 443.0000000000    8.8134771710e-05    3.4713156420e-03
 443.5000000000    8.8135321255e-05    3.4721522030e-03
 444.0000000000    8.8136086201e-05    3.4729888831e-03
 444.5000000000    8.8137218704e-05    3.4738199783e-03
 445.0000000000    8.8138841752e-05    3.4746541289e-03
 445.5000000000    8.8141033800e-05    3.4754906266e-03
 446.0000000000    8.8143844205e-05    3.4763295387e-03
 446.5000000000    8.8147230955e-05    3.4771701055e-03
 447.0000000000    8.8151091153e-05    3.4780122852e-03
 447.5000000000    8.8155299124e-05    3.4788547007e-03
 448.0000000000    8.8159698452e-05    3.4796958489e-03
 448.5000000000    8.8164148420e-05    3.4805341768e-03
 449.0000000000    8.8168521770e-05    3.4813770575e-03
 449.5000000000    8.8172698366e-05    3.4821975194e-03
 450.0000000000    8.8176644850e-05    3.4830210701e-03
 450.5000000000    8.8180337911e-05    3.4838388739e-03
 451.0000000000    8.8183780505e-05    3.4846518994e-03
 451.5000000000    8.8187026211e-05    3.4854610372e-03
 452.0000000000    8.8190158061e-05    3.4862675075e-03
 452.5000000000    8.8193248619e-05    3.4870722815e-03
 453.0000000000    8.8196345324e-05    3.4878761122e-03
 453.5000000000    8.8199485278e-05    3.4886794645e-03
 454.0000000000    8.8202700690e-05    3.4894850496e-03
 454.5000000000    8.8205988167e-05    3.4902962927e-03
 455.0000000000    8.8209276847e-05    3.4910855519e-03
 455.5000000000    8.8212577482e-05    3.4918844728e-03
 456.0000000000    8.8215845291e-05    3.4926802546e-03
 456.5000000000    8.8219050933e-05    3.4934722893e-03
 457.0000000000    8.8222153461e-05    3.4942594194e-03
 457.5000000000    8.8225128244e-05    3.4950410153e-03
 458.0000000000    8.8227995669e-05    3.4958167894e-03
 458.5000000000    8.8230750858e-05    3.4965869830e-03
 459.0000000000    8.8233435766e-05    3.4973523328e-03
 459.5000000000    8.8236086665e-05    3.4981137990e-03
 460.0000000000    8.8238720124e-05    3.4988724917e-03
 460.5000000000    8.8241351435e-05    3.4996295030e-03
 461.0000000000    8.8244025334e-05    3.5003856055e-03
 461.5000000000    8.8246710543e-05    3.5011412233e-03
 462.0000000000    8.8249392049e-05    3.5018964878e-03
 462.5000000000    8.8252087580e-05    3.5026512754e-03
 463.0000000000    8.8254754666e-05    3.5034053952e-03
 463.5000000000    8.8257364072e-05    3.5041586676e-03
 464.0000000000    8.8259953650e-05    3.5049108127e-03
 464.5000000000    8.8262497900e-05    3.5056615163e-03
 465.0000000000    8.8265039776e-05    3.5064145448e-03
 465.5000000000    8.8267546033e-05    3.5071573699e-03
 466.0000000000    8.8270062569e-05    3.5079027156e-03
 466.5000000000    8.8272617831e-05    3.5086424782e-03
 467.0000000000    8.8275238949e-05    3.5093822416e-03
 467.5000000000    8.8277895057e-05    3.5101172725e-03
 468.0000000000    8.8280621146e-05    3.5108498108e-03
 468.5000000000    8.8283405335e-05    3.5115776933e-03
 469.0000000000    8.8286226969e-05    3.5123043127e-03
 469.5000000000    8.8289098636e-05    3.5130261377e-03
 470.0000000000    8.8292041607e-05    3.5137479877e-03
 470.5000000000    8.8294971602e-05    3.5144651097e-03
 471.0000000000    8.8297894799e-05    3.5151776040e-03
 471.5000000000    8.8300822444e-05    3.5158880653e-03
 472.0000000000    8.8303724904e-05    3.5165951522e-03
 472.5000000000    8.8306556478e-05    3.5172979645e-03
 473.0000000000    8.8309364908e-05    3.5179995226e-03
 473.5000000000    8.8312085211e-05    3.5186940708e-03
 474.0000000000    8.8314702449e-05    3.5193862426e-03
 474.5000000000    8.8317296298e-05    3.5200762892e-03
 475.0000000000    8.8319844474e-05    3.5207641421e-03
 475.5000000000    8.8322381643e-05    3.5214498433e-03
 476.0000000000    8.8324933145e-05    3.5221335341e-03
 476.5000000000    8.8327494200e-05    3.5228151849e-03
 477.0000000000    8.8330060190e-05    3.5234948146e-03
 477.5000000000    8.8332606313e-05    3.5241726702e-03
 478.0000000000    8.8335104897e-05    3.5248492082e-03
 478.5000000000    8.8337524535e-05    3.5255250444e-03
 479.0000000000    8.8339891281e-05    3.5262007763e-03
 479.5000000000    8.8342240044e-05    3.5268779798e-03
 480.0000000000    8.8344583210e-05    3.5275528780e-03
 480.5000000000    8.8346987090e-05    3.5282284259e-03
 481.0000000000    8.8349466568e-05    3.5289030437e-03
 481.5000000000    8.8352048564e-05    3.5295778281e-03
 482.0000000000    8.8354660198e-05    3.5302481817e-03
 482.5000000000    8.8357298488e-05    3.5309166427e-03
 483.0000000000    8.8359916204e-05    3.5315836054e-03
 483.5000000000    8.8362495366e-05    3.5322490936e-03
 484.0000000000    8.8365049424e-05    3.5329134863e-03
 484.5000000000    8.8367610889e-05    3.5335763928e-03
 485.0000000000    8.8370212815e-05    3.5342373470e-03
 485.5000000000    8.8372864125e-05    3.5348959485e-03
 486.0000000000    8.8375549930e-05    3.5355519506e-03
 486.5000000000    8.8378230781e-05    3.5362053860e-03
 487.0000000000    8.8380866396e-05    3.5368565325e-03
 487.5000000000    8.8383437900e-05    3.5375057013e-03
 488.0000000000    8.8385960257e-05    3.5381530157e-03
 488.5000000000    8.8388475929e-05    3.5387982949e-03
 489.0000000000    8.8391044541e-05    3.5394411098e-03
 489.5000000000    8.8393676307e-05    3.5400810005e-03
 490.0000000000    8.8396361297e-05    3.5407177118e-03
 490.5000000000    8.8399074607e-05    3.5413513205e-03
 491.0000000000    8.8401741566e-05    3.5419822096e-03
 491.5000000000    8.8404314516e-05    3.5426109001e-03
 492.0000000000    8.8406768505e-05    3.5432378394e-03
 492.5000000000    8.8409127535e-05    3.5438632570e-03
 493.0000000000    8.8411434150e-05    3.5444871599e-03
 493.5000000000    8.8413738938e-05    3.5451094405e-03
 494.0000000000    8.8416078213e-05    3.5457300058e-03
 494.5000000000    8.8418454738e-05    3.5463488623e-03
 495.0000000000    8.8420852881e-05    3.5469661066e-03
 495.5000000000    8.8423244757e-05    3.5475818602e-03
 496.0000000000    8.8425624626e-05    3.5481961876e-03
 496.5000000000    8.8427996391e-05    3.5488090323e-03
 497.0000000000    8.8430381439e-05    3.5494202114e-03
 497.5000000000    8.8432806726e-05    3.5500294441e-03
 498.0000000000    8.8435295072e-05    3.5506363916e-03
 498.5000000000    8.8437860684e-05    3.5512406860e-03
 499.0000000000    8.8440515889e-05    3.5518419620e-03
 499.5000000000    8.8443271544e-05    3.5524399624e-03
 500.0000000000    8.8446137292e-05    3.5530346768e-03
 500.5000000000    8.8449119350e-05    3.5536265313e-03
 501.0000000000    8.8452201899e-05    3.5542165674e-03
 501.5000000000    8.8455342981e-05    3.5548065525e-03
 502.0000000000    8.8458481136e-05    3.5553989791e-03
 502.5000000000    8.8461559307e-05    3.5559969062e-03
 503.0000000000    8.8464565578e-05    3.5566036303e-03
 503.5000000000    8.8467573983e-05    3.5572221833e-03
 504.0000000000    8.8470778365e-05    3.5578546621e-03
 504.5000000000    8.8474517666e-05    3.5585014495e-03
 505.0000000000    8.8479262898e-05    3.5591604216e-03
 505.5000000000    8.8485570635e-05    3.5598263301e-03
 506.0000000000    8.8494006867e-05    3.5604906068e-03
 506.5000000000    8.8505036136e-05    3.5611418184e-03
 507.0000000000    8.8518891506e-05    3.5617669040e-03
 507.5000000000    8.8535433800e-05    3.5623531336e-03
 508.0000000000    8.8554041207e-05    3.5628904781e-03
 508.5000000000    8.8573549603e-05    3.5633738754e-03
 509.0000000000    8.8592281677e-05    3.5638048421e-03
 509.5000000000    8.8608186716e-05    3.5641919962e-03
 510.0000000000    8.8619062521e-05    3.5645503061e-03
 510.5000000000    8.8622899940e-05    3.5648991589e-03
 511.0000000000    8.8618207092e-05    3.5652595976e-03
 511.5000000000    8.8604305777e-05    3.5656512602e-03
 512.0000000000    8.8581590792e-05    3.5660895286e-03
 512.5000000000    8.8551529970e-05    3.5665833269e-03
 513.0000000000    8.8516540699e-05    3.5671339062e-03
 513.5000000000    8.8479698186e-05    3.5677347731e-03
 514.0000000000    8.8444303710e-05    3.5683741628e-03
 514.5000000000    8.8413377823e-05    3.5690308748e-03
 515.0000000000    8.8389285561e-05    3.5696898384e-03
 515.5000000000    8.8373374359e-05    3.5703337002e-03
 516.0000000000    8.8365898471e-05    3.5709509541e-03
 516.5000000000    8.8366091969e-05    3.5715417391e-03
 517.0000000000    8.8372344410e-05    3.5720971108e-03
 517.5000000000    8.8382714698e-05    3.5726376737e-03
 518.0000000000    8.8395210153e-05    3.5731727338e-03
 518.5000000000    8.8408180672e-05    3.5737151491e-03
 519.0000000000    8.8420548911e-05    3.5742754327e-03
 519.5000000000    8.8431887196e-05    3.5748600205e-03
 520.0000000000    8.8442337333e-05    3.5754701037e-03
 520.5000000000    8.8452404348e-05    3.5761021407e-03
 521.0000000000    8.8462698370e-05    3.5767490369e-03
 521.5000000000    8.8473681869e-05    3.5774016279e-03
 522.0000000000    8.8485503883e-05    3.5780502192e-03
 522.5000000000    8.8497958942e-05    3.5786860072e-03
 523.0000000000    8.8510541087e-05    3.5793022387e-03
 523.5000000000    8.8522606728e-05    3.5798950079e-03
 524.0000000000    8.8533543952e-05    3.5804636109e-03
 524.5000000000    8.8542924808e-05    3.5810103848e-03
 525.0000000000    8.8550588750e-05    3.5815400516e-03
 525.5000000000    8.8556645044e-05    3.5820587406e-03
 526.0000000000    8.8561411297e-05    3.5825728122e-03
 526.5000000000    8.8565309361e-05    3.5830878715e-03
 527.0000000000    8.8568752855e-05    3.5836080750e-03
 527.5000000000    8.8572057225e-05    3.5841357347e-03
 528.0000000000    8.8575388057e-05    3.5846713460e-03
 528.5000000000    8.8578762609e-05    3.5852137371e-03
 529.0000000000    8.8582080618e-05    3.5857604207e-03
 529.5000000000    8.8585185619e-05    3.5863080261e-03
 530.0000000000    8.8587921148e-05    3.5868528635e-03
 530.5000000000    8.8590174995e-05    3.5873915750e-03
 531.0000000000    8.8591902610e-05    3.5879217293e-03
 531.5000000000    8.8593123245e-05    3.5884423052e-03
 532.0000000000    8.8593903772e-05    3.5889537254e-03
 532.5000000000    8.8594341536e-05    3.5894578227e-03
 533.0000000000    8.8594567162e-05    3.5899572997e-03
 533.5000000000    8.8594703929e-05    3.5904550685e-03
 534.0000000000    8.8594861598e-05    3.5909537893e-03
 534.5000000000    8.8595131660e-05    3.5914554815e-03
 535.0000000000    8.8595583135e-05    3.5919619101e-03
 535.5000000000    8.8596258783e-05    3.5924713961e-03
 536.0000000000    8.8597186176e-05    3.5929856391e-03
 536.5000000000    8.8598389495e-05    3.5935034783e-03
 537.0000000000    8.8599851973e-05    3.5940174108e-03
 537.5000000000    8.8601545973e-05    3.5945321051e-03
 538.0000000000    8.8603404937e-05    3.5950450229e-03
 538.5000000000    8.8605315727e-05    3.5955564647e-03
 539.0000000000    8.8607152607e-05    3.5960679839e-03
 539.5000000000    8.8608810458e-05    3.5965824463e-03
 540.0000000000    8.8610210370e-05    3.5971040110e-03
 540.5000000000    8.8611348556e-05    3.5976369414e-03
 541.0000000000    8.8612306045e-05    3.5981849781e-03
 541.5000000000    8.8613207196e-05    3.5987498893e-03
 542.0000000000    8.8614225406e-05    3.5993302442e-03
 542.5000000000    8.8615572746e-05    3.5999204637e-03
 543.0000000000    8.8617452791e-05    3.6005099819e-03
 543.5000000000    8.8619989475e-05    3.6010835614e-03
 544.0000000000    8.8623156711e-05    3.6016229073e-03
 544.5000000000    8.8626659549e-05    3.6021092414e-03
 545.0000000000    8.8629808193e-05    3.6025270180e-03
 545.5000000000    8.8631503200e-05    3.6028682694e-03
 546.0000000000    8.8630245704e-05    3.6031362575e-03
 546.5000000000    8.8624275141e-05    3.6033477808e-03
 547.0000000000    8.8611818966e-05    3.6035334718e-03
 547.5000000000    8.8591456305e-05    3.6037354007e-03
 548.0000000000    8.8562511062e-05    3.6040019765e-03
 548.5000000000    8.8525446542e-05    3.6043806705e-03
 549.0000000000    8.8482142298e-05    3.6049096977e-03
 549.5000000000    8.8436002619e-05    3.6056101449e-03
 550.0000000000    8.8391785804e-05    3.6064801409e-03
 550.5000000000    8.8355163736e-05    3.6074924477e-03
 551.0000000000    8.8331998472e-05    3.6085965974e-03
 551.5000000000    8.8327441083e-05    3.6097255061e-03
 552.0000000000    8.8345030715e-05    3.6108056786e-03
 552.5000000000    8.8385945497e-05    3.6117692895e-03
 553.0000000000    8.8448574761e-05    3.6125657488e-03
 553.5000000000    8.8528597153e-05    3.6131703428e-03
 554.0000000000    8.8619453977e-05    3.6135882735e-03
 554.5000000000    8.8713259220e-05    3.6138529824e-03
 555.0000000000    8.8802004312e-05    3.6140192108e-03
 555.5000000000    8.8878673862e-05    3.6141522660e-03
 556.0000000000    8.8938254128e-05    3.6143157330e-03
 556.5000000000    8.8978418998e-05    3.6145600390e-03
 557.0000000000    8.8999565807e-05    3.6149141727e-03
 557.5000000000    8.9004473242e-05    3.6153819041e-03
 558.0000000000    8.8997516018e-05    3.6159430156e-03
 558.5000000000    8.8983573486e-05    3.6165590642e-03
 559.0000000000    8.8967037458e-05    3.6171840061e-03
 559.5000000000    8.8950955500e-05    3.6177653016e-03
 560.0000000000    8.8936701104e-05    3.6182699559e-03
 560.5000000000    8.8924071962e-05    3.6186798795e-03
 561.0000000000    8.8911690318e-05    3.6189738596e-03
 561.5000000000    8.8897773633e-05    3.6191815104e-03
 562.0000000000    8.8880838406e-05    3.6193273645e-03
 562.5000000000    8.8860224105e-05    3.6194468047e-03
 563.0000000000    8.8836334567e-05    3.6195768054e-03
 563.5000000000    8.8810564550e-05    3.6197508446e-03
 564.0000000000    8.8784909633e-05    3.6199923114e-03
 564.5000000000    8.8761431443e-05    3.6203132512e-03
 565.0000000000    8.8741812282e-05    3.6207131204e-03
 565.5000000000    8.8726927372e-05    3.6211805805e-03
 566.0000000000    8.8716727528e-05    3.6216964520e-03
 566.5000000000    8.8710319507e-05    3.6222373764e-03
 567.0000000000    8.8706334382e-05    3.6227806183e-03
 567.5000000000    8.8703313998e-05    3.6233047512e-03
 568.0000000000    8.8700074891e-05    3.6237984736e-03
 568.5000000000    8.8695975260e-05    3.6242539464e-03
 569.0000000000    8.8691055396e-05    3.6246747671e-03
 569.5000000000    8.8685848922e-05    3.6250700707e-03
 570.0000000000    8.8681295111e-05    3.6254531973e-03
 570.5000000000    8.8678324344e-05    3.6258388801e-03
 571.0000000000    8.8677868038e-05    3.6262403322e-03
 571.5000000000    8.8680459159e-05    3.6266665455e-03
 572.0000000000    8.8686321461e-05    3.6271208271e-03
 572.5000000000    8.8695248653e-05    3.6276005570e-03
 573.0000000000    8.8706717962e-05    3.6280982803e-03
 573.5000000000    8.8719895631e-05    3.6286036355e-03
 574.0000000000    8.8733852993e-05    3.6291056653e-03
 574.5000000000    8.8747576762e-05    3.6295948675e-03
 575.0000000000    8.8760186730e-05    3.6300646664e-03
 575.5000000000    8.8770956964e-05    3.6305122480e-03
 576.0000000000    8.8779446036e-05    3.6309384594e-03
 576.5000000000    8.8785458504e-05    3.6313470823e-03
 577.0000000000    8.8789123700e-05    3.6317438056e-03
 577.5000000000    8.8790791105e-05    3.6321349852e-03
 578.0000000000    8.8791029400e-05    3.6325263558e-03
 578.5000000000    8.8790503339e-05    3.6329223810e-03
 579.0000000000    8.8789783425e-05    3.6333256798e-03
 579.5000000000    8.8789378578e-05    3.6337369732e-03
 580.0000000000    8.8789596307e-05    3.6341553305e-03
 580.5000000000    8.8790484620e-05    3.6345786349e-03
 581.0000000000    8.8791886533e-05    3.6350041246e-03
 581.5000000000    8.8793501695e-05    3.6354289348e-03
 582.0000000000    8.8795090060e-05    3.6358505450e-03
 582.5000000000    8.8796383445e-05    3.6362670631e-03
 583.0000000000    8.8797210782e-05    3.6366774417e-03
 583.5000000000    8.8797558128e-05    3.6370815973e-03
 584.0000000000    8.8797519134e-05    3.6374803712e-03
 584.5000000000    8.8797225868e-05    3.6378752961e-03
 585.0000000000    8.8796892888e-05    3.6382682745e-03
 585.5000000000    8.8796682662e-05    3.6386612578e-03
 586.0000000000    8.8796708608e-05    3.6390559932e-03
 586.5000000000    8.8797043706e-05    3.6394538003e-03
 587.0000000000    8.8797758165e-05    3.6398553048e-03
 587.5000000000    8.8798780044e-05    3.6402604357e-03
 588.0000000000    8.8800110584e-05    3.6406684821e-03
 588.5000000000    8.8801667662e-05    3.6410782714e-03
 589.0000000000    8.8803350669e-05    3.6414884196e-03
 589.5000000000    8.8805062308e-05    3.6418975690e-03
 590.0000000000    8.8806649150e-05    3.6423046888e-03
 590.5000000000    8.8808124289e-05    3.6427091441e-03
 591.0000000000    8.8809442331e-05    3.6431107019e-03
 591.5000000000    8.8810705301e-05    3.6435094649e-03
 592.0000000000    8.8811996736e-05    3.6439059476e-03
 592.5000000000    8.8813490656e-05    3.6443008743e-03
 593.0000000000    8.8815242831e-05    3.6446949235e-03
 593.5000000000    8.8817207593e-05    3.6450887121e-03
 594.0000000000    8.8819317581e-05    3.6454827590e-03
 594.5000000000    8.8821414773e-05    3.6458773802e-03
 595.0000000000    8.8823372212e-05    3.6462725558e-03
 595.5000000000    8.8825132647e-05    3.6466681467e-03
 596.0000000000    8.8826787937e-05    3.6470640846e-03
 596.5000000000    8.8828464934e-05    3.6474600595e-03
 597.0000000000    8.8830245764e-05    3.6478555566e-03
 597.5000000000    8.8832143346e-05    3.6482500499e-03
 598.0000000000    8.8834113963e-05    3.6486430205e-03
 598.5000000000    8.8835974454e-05    3.6490338450e-03
 599.0000000000    8.8837836374e-05    3.6494218230e-03
 599.5000000000    8.8839337407e-05    3.6498061986e-03
 600.0000000000    8.8840816485e-05    3.6501860534e-03
 600.5000000000    8.8842327175e-05    3.6505603475e-03
 601.0000000000    8.8843901313e-05    3.6509278916e-03
 601.5000000000    8.8845329032e-05    3.6512873482e-03
 602.0000000000    8.8846860549e-05    3.6516370853e-03
 602.5000000000    8.8848246585e-05    3.6519753471e-03
 603.0000000000    8.8849451010e-05    3.6523003386e-03
 603.5000000000    8.8850573057e-05    3.6526105048e-03
 604.0000000000    8.8851629941e-05    3.6529045255e-03
 604.5000000000    8.8852823006e-05    3.6531812836e-03
 605.0000000000    8.8854045406e-05    3.6534403867e-03
 605.5000000000    8.8855401093e-05    3.6536822614e-03
 606.0000000000    8.8856948758e-05    3.6539084327e-03
 606.5000000000    8.8858628504e-05    3.6541215770e-03
 607.0000000000    8.8860445239e-05    3.6543254789e-03
 607.5000000000    8.8862442046e-05    3.6545268375e-03
 608.0000000000    8.8864519510e-05    3.6547286053e-03
 608.5000000000    8.8866653738e-05    3.6549352742e-03
 609.0000000000    8.8868774171e-05    3.6551602894e-03
 609.5000000000    8.8870690723e-05    3.6554046427e-03
 610.0000000000    8.8872363517e-05    3.6556730137e-03
 610.5000000000    8.8873740004e-05    3.6559758691e-03
 611.0000000000    8.8874783430e-05    3.6563153510e-03
 611.5000000000    8.8875384746e-05    3.6566952066e-03
 612.0000000000    8.8875540373e-05    3.6571182259e-03
 612.5000000000    8.8875202437e-05    3.6575853390e-03
 613.0000000000    8.8874371834e-05    3.6580970171e-03
 613.5000000000    8.8873128207e-05    3.6586516165e-03
 614.0000000000    8.8871628291e-05    3.6592469588e-03
 614.5000000000    8.8869982417e-05    3.6598788963e-03
 615.0000000000    8.8868463473e-05    3.6605423201e-03
 615.5000000000    8.8867363698e-05    3.6612305672e-03
 616.0000000000    8.8866935612e-05    3.6619359892e-03
 616.5000000000    8.8867461594e-05    3.6626500464e-03
 617.0000000000    8.8869212114e-05    3.6633636173e-03
 617.5000000000    8.8872369062e-05    3.6640672986e-03
 618.0000000000    8.8877011316e-05    3.6647517140e-03
 618.5000000000    8.8883163388e-05    3.6654079136e-03
 619.0000000000    8.8890625881e-05    3.6660276728e-03
 619.5000000000    8.8899215815e-05    3.6666038638e-03
 620.0000000000    8.8908677060e-05    3.6671306340e-03
 620.5000000000    8.8918610733e-05    3.6676036551e-03
 621.0000000000    8.8928581714e-05    3.6680202969e-03
 621.5000000000    8.8938120591e-05    3.6683797526e-03
 622.0000000000    8.8946795772e-05    3.6686831719e-03
 622.5000000000    8.8954177275e-05    3.6689336058e-03
 623.0000000000    8.8959890535e-05    3.6691358828e-03
 623.5000000000    8.8963686825e-05    3.6692963555e-03
 624.0000000000    8.8965615934e-05    3.6694226424e-03
 624.5000000000    8.8965511159e-05    3.6695232493e-03
 625.0000000000    8.8963529055e-05    3.6696069631e-03
 625.5000000000    8.8959951648e-05    3.6696823057e-03
 626.0000000000    8.8955324268e-05    3.6697570451e-03
 626.5000000000    8.8949995102e-05    3.6698377833e-03
 627.0000000000    8.8944467711e-05    3.6699297587e-03
 627.5000000000    8.8939232839e-05    3.6700369083e-03
 628.0000000000    8.8934683046e-05    3.6701620430e-03
 628.5000000000    8.8931076437e-05    3.6703072463e-03
 629.0000000000    8.8928479559e-05    3.6704743823e-03
 629.5000000000    8.8926864086e-05    3.6706654620e-03
 630.0000000000    8.8926045762e-05    3.6708829851e-03
 630.5000000000    8.8925677587e-05    3.6711299820e-03
 631.0000000000    8.8925591377e-05    3.6714098791e-03
 631.5000000000    8.8925219547e-05    3.6717261444e-03
 632.0000000000    8.8924483596e-05    3.6720816591e-03
 632.5000000000    8.8923396191e-05    3.6724781687e-03
 633.0000000000    8.8921625275e-05    3.6729156734e-03
 633.5000000000    8.8919668328e-05    3.6733920505e-03
 634.0000000000    8.8917764963e-05    3.6739029729e-03
 634.5000000000    8.8916234214e-05    3.6744420387e-03
 635.0000000000    8.8915538599e-05    3.6750012537e-03
 635.5000000000    8.8916072131e-05    3.6755716657e-03
 636.0000000000    8.8918172598e-05    3.6761439936e-03
 636.5000000000    8.8922004758e-05    3.6767093762e-03
 637.0000000000    8.8927577023e-05    3.6772599505e-03
 637.5000000000    8.8934757552e-05    3.6777892395e-03
 638.0000000000    8.8943213167e-05    3.6782923711e-03
 638.5000000000    8.8952504598e-05    3.6787661553e-03
 639.0000000000    8.8962230058e-05    3.6792091160e-03
 639.5000000000    8.8971787332e-05    3.6796214862e-03
 640.0000000000    8.8980756957e-05    3.6800050947e-03
 640.5000000000    8.8988862833e-05    3.6803632234e-03
 641.0000000000    8.8995567550e-05    3.6807003601e-03
 641.5000000000    8.9000740481e-05    3.6810218628e-03
 642.0000000000    8.9004202327e-05    3.6813334772e-03
 642.5000000000    8.9005858871e-05    3.6816407710e-03
 643.0000000000    8.9005882916e-05    3.6819484956e-03
 643.5000000000    8.9004475345e-05    3.6822601761e-03
 644.0000000000    8.9002174099e-05    3.6825779081e-03
 644.5000000000    8.8999461943e-05    3.6829023425e-03
 645.0000000000    8.8996865610e-05    3.6832329456e-03
 645.5000000000    8.8994901786e-05    3.6835685415e-03
 646.0000000000    8.8993784697e-05    3.6839081055e-03
 646.5000000000    8.8993650127e-05    3.6842515024e-03
 647.0000000000    8.8994393189e-05    3.6846000965e-03
 647.5000000000    8.8995850807e-05    3.6849569999e-03
 648.0000000000    8.8997767088e-05    3.6853270118e-03
 648.5000000000    8.8999827595e-05    3.6857162335e-03
 649.0000000000    8.9001789269e-05    3.6861312940e-03
 649.5000000000    8.9003433265e-05    3.6865783851e-03
 650.0000000000    8.9004592359e-05    3.6870622406e-03
 650.5000000000    8.9005220640e-05    3.6875852213e-03
 651.0000000000    8.9005353090e-05    3.6881467666e-03
 651.5000000000    8.9005090559e-05    3.6887430912e-03
 652.0000000000    8.9004720539e-05    3.6893672101e-03
 652.5000000000    8.9004225409e-05    3.6900092675e-03
 653.0000000000    8.9003877257e-05    3.6906570398e-03
 653.5000000000    8.9004010456e-05    3.6912965653e-03
 654.0000000000    8.9004443331e-05    3.6919128335e-03
 654.5000000000    8.9005476215e-05    3.6924904897e-03
 655.0000000000    8.9007265998e-05    3.6930145294e-03
 655.5000000000    8.9009898428e-05    3.6934709424e-03
 656.0000000000    8.9013488010e-05    3.6938473032e-03
 656.5000000000    8.9018110344e-05    3.6941334007e-03
 657.0000000000    8.9023806657e-05    3.6943218383e-03
 657.5000000000    8.9030558894e-05    3.6944086102e-03
 658.0000000000    8.9038169433e-05    3.6943936129e-03
 658.5000000000    8.9046452462e-05    3.6942809915e-03
 659.0000000000    8.9055092254e-05    3.6940792921e-03
 659.5000000000    8.9063501741e-05    3.6938013896e-03
 660.0000000000    8.9071200817e-05    3.6934641401e-03
 660.5000000000    8.9077664783e-05    3.6930876122e-03
 661.0000000000    8.9082204288e-05    3.6926941792e-03
 661.5000000000    8.9084471875e-05    3.6923073258e-03
 662.0000000000    8.9084137004e-05    3.6919503559e-03
 662.5000000000    8.9081027188e-05    3.6916453253e-03
 663.0000000000    8.9075260711e-05    3.6914119475e-03
 663.5000000000    8.9067119445e-05    3.6912668550e-03
 664.0000000000    8.9057050958e-05    3.6912231578e-03
 664.5000000000    8.9045684552e-05    3.6912903068e-03
 665.0000000000    8.9033591532e-05    3.6914742565e-03
 665.5000000000    8.9021379575e-05    3.6917777442e-03
 666.0000000000    8.9009667298e-05    3.6922006419e-03
 666.5000000000    8.8998854031e-05    3.6927402982e-03
 667.0000000000    8.8989237509e-05    3.6933917673e-03
 667.5000000000    8.8981161831e-05    3.6941478926e-03
 668.0000000000    8.8974815711e-05    3.6949992026e-03
 668.5000000000    8.8970330619e-05    3.6959336693e-03
 669.0000000000    8.8967933602e-05    3.6969364665e-03
 669.5000000000    8.8967849128e-05    3.6979897959e-03
 670.0000000000    8.8970348482e-05    3.6990729018e-03
 670.5000000000    8.8975738938e-05    3.7001623813e-03
 671.0000000000    8.8984358837e-05    3.7012328576e-03
 671.5000000000    8.8996403256e-05    3.7022580762e-03
 672.0000000000    8.9011898215e-05    3.7032123187e-03
 672.5000000000    8.9031117353e-05    3.7040720581e-03
 673.0000000000    8.9053227412e-05    3.7048177061e-03
 673.5000000000    8.9077809253e-05    3.7054351135e-03
 674.0000000000    8.9104213600e-05    3.7059168819e-03
 674.5000000000    8.9130968218e-05    3.7062630323e-03
 675.0000000000    8.9156806138e-05    3.7064810636e-03
 675.5000000000    8.9180416015e-05    3.7065853509e-03
 676.0000000000    8.9200433746e-05    3.7065958950e-03
 676.5000000000    8.9215652057e-05    3.7065366044e-03
 677.0000000000    8.9225327089e-05    3.7064332067e-03
 677.5000000000    8.9229086506e-05    3.7063111695e-03
 678.0000000000    8.9227049458e-05    3.7061936487e-03
 678.5000000000    8.9219798698e-05    3.7060998962e-03
 679.0000000000    8.9208328275e-05    3.7060442139e-03
 679.5000000000    8.9193971996e-05    3.7060354242e-03
 680.0000000000    8.9178245316e-05    3.7060770844e-03
 680.5000000000    8.9162703290e-05    3.7061681302e-03
 681.0000000000    8.9148838508e-05    3.7063040051e-03
 681.5000000000    8.9137859994e-05    3.7064780650e-03
 682.0000000000    8.9130620174e-05    3.7066829381e-03
 682.5000000000    8.9127596625e-05    3.7069117702e-03
 683.0000000000    8.9128952351e-05    3.7071620846e-03
 683.5000000000    8.9134167294e-05    3.7074226206e-03
 684.0000000000    8.9142935614e-05    3.7076968840e-03
 684.5000000000    8.9154420517e-05    3.7079850081e-03
 685.0000000000    8.9167718078e-05    3.7082854220e-03
 685.5000000000    8.9181805178e-05    3.7085990968e-03
 686.0000000000    8.9195604782e-05    3.7089244435e-03
 686.5000000000    8.9208110366e-05    3.7092576622e-03
 687.0000000000    8.9218487284e-05    3.7095942967e-03
 687.5000000000    8.9226184483e-05    3.7099265314e-03
 688.0000000000    8.9231092064e-05    3.7102406638e-03
 688.5000000000    8.9233433151e-05    3.7105289345e-03
 689.0000000000    8.9233690832e-05    3.7107785479e-03
 689.5000000000    8.9232428021e-05    3.7109785425e-03
 690.0000000000    8.9229705672e-05    3.7111204094e-03
 690.5000000000    8.9225561294e-05    3.7111974961e-03
 691.0000000000    8.9219445313e-05    3.7112091738e-03
 691.5000000000    8.9210555043e-05    3.7111573526e-03
 692.0000000000    8.9198037885e-05    3.7110496992e-03
 692.5000000000    8.9181211438e-05    3.7108972947e-03
 693.0000000000    8.9159472004e-05    3.7107144242e-03
 693.5000000000    8.9132539715e-05    3.7105182979e-03
 694.0000000000    8.9100004563e-05    3.7103266581e-03
 694.5000000000    8.9061592751e-05    3.7101581525e-03
 695.0000000000    8.9017176085e-05    3.7100298689e-03
 695.5000000000    8.8966860006e-05    3.7099572375e-03
 696.0000000000    8.8911319883e-05    3.7099531145e-03
 696.5000000000    8.8851788763e-05    3.7100269521e-03
 697.0000000000    8.8790075389e-05    3.7101853732e-03
 697.5000000000    8.8728375243e-05    3.7104313009e-03
 698.0000000000    8.8669092178e-05    3.7107649178e-03
 698.5000000000    8.8614697584e-05    3.7111836465e-03
 699.0000000000    8.8567584595e-05    3.7116826361e-03
 699.5000000000    8.8530016605e-05    3.7122555539e-03
 700.0000000000    8.8503970285e-05    3.7128945366e-03
