#          time             Min_Chi
   0.0000000000    4.9002989263e-01
   0.5000000000    4.8983133558e-01
   1.0000000000    4.8946729717e-01
   1.5000000000    4.8913697482e-01
   2.0000000000    4.8887600723e-01
   2.5000000000    4.8867502970e-01
   3.0000000000    4.8848123610e-01
   3.5000000000    4.8829317106e-01
   4.0000000000    4.8810347338e-01
   4.5000000000    4.8790373272e-01
   5.0000000000    4.8770998233e-01
   5.5000000000    4.8749860800e-01
   6.0000000000    4.8730173770e-01
   6.5000000000    4.8708050745e-01
   7.0000000000    4.8687624969e-01
   7.5000000000    4.8665230143e-01
   8.0000000000    4.8644103099e-01
   8.5000000000    4.8621674922e-01
   9.0000000000    4.8600022660e-01
   9.5000000000    4.8577675204e-01
  10.0000000000    4.8555685834e-01
  10.5000000000    4.8533534519e-01
  11.0000000000    4.8511367675e-01
  11.5000000000    4.8489515273e-01
  12.0000000000    4.8467329978e-01
  12.5000000000    4.8445827148e-01
  13.0000000000    4.8423734614e-01
  13.5000000000    4.8402654548e-01
  14.0000000000    4.8380786958e-01
  14.5000000000    4.8360178309e-01
  15.0000000000    4.8338599515e-01
  15.5000000000    4.8318486956e-01
  16.0000000000    4.8297269754e-01
  16.5000000000    4.8277575167e-01
  17.0000000000    4.8256901245e-01
  17.5000000000    4.8237872907e-01
  18.0000000000    4.8217557504e-01
  18.5000000000    4.8199090136e-01
  19.0000000000    4.8179280823e-01
  19.5000000000    4.8161375874e-01
  20.0000000000    4.8142116893e-01
  20.5000000000    4.8124779466e-01
  21.0000000000    4.8106066488e-01
  21.5000000000    4.8089308826e-01
  22.0000000000    4.8071168474e-01
  22.5000000000    4.8054879183e-01
  23.0000000000    4.8037516008e-01
  23.5000000000    4.8021777409e-01
  24.0000000000    4.8004851486e-01
  24.5000000000    4.7989784642e-01
  25.0000000000    4.7973409528e-01
  25.5000000000    4.7958910021e-01
  26.0000000000    4.7943096340e-01
  26.5000000000    4.7929124688e-01
  27.0000000000    4.7913899424e-01
  27.5000000000    4.7900449568e-01
  28.0000000000    4.7885800197e-01
  28.5000000000    4.7872874597e-01
  29.0000000000    4.7858782053e-01
  29.5000000000    4.7846361713e-01
  30.0000000000    4.7832810070e-01
  30.5000000000    4.7820863157e-01
  31.0000000000    4.7807755445e-01
  31.5000000000    4.7796320908e-01
  32.0000000000    4.7783913889e-01
  32.5000000000    4.7772993183e-01
  33.0000000000    4.7760861669e-01
  33.5000000000    4.7750397477e-01
  34.0000000000    4.7738840962e-01
  34.5000000000    4.7728809272e-01
  35.0000000000    4.7717657561e-01
  35.5000000000    4.7708094315e-01
  36.0000000000    4.7697390676e-01
  36.5000000000    4.7688255895e-01
  37.0000000000    4.7677947493e-01
  37.5000000000    4.7669245865e-01
  38.0000000000    4.7659319976e-01
  38.5000000000    4.7651048166e-01
  39.0000000000    4.7641482943e-01
  39.5000000000    4.7633635113e-01
  40.0000000000    4.7624411154e-01
  40.5000000000    4.7616968276e-01
  41.0000000000    4.7608058837e-01
  41.5000000000    4.7601026710e-01
  42.0000000000    4.7592406036e-01
  42.5000000000    4.7585778963e-01
  43.0000000000    4.7577440719e-01
  43.5000000000    4.7571210788e-01
  44.0000000000    4.7563106011e-01
  44.5000000000    4.7557298698e-01
  45.0000000000    4.7549457453e-01
  45.5000000000    4.7544017894e-01
  46.0000000000    4.7536331509e-01
  46.5000000000    4.7531107876e-01
  47.0000000000    4.7523834249e-01
  47.5000000000    4.7518794572e-01
  48.0000000000    4.7511885503e-01
  48.5000000000    4.7506965254e-01
  49.0000000000    4.7500451239e-01
  49.5000000000    4.7495676424e-01
  50.0000000000    4.7489563290e-01
  50.5000000000    4.7484889073e-01
  51.0000000000    4.7479158946e-01
  51.5000000000    4.7474559076e-01
  52.0000000000    4.7469224947e-01
  52.5000000000    4.7464690233e-01
  53.0000000000    4.7459745641e-01
  53.5000000000    4.7455227948e-01
  54.0000000000    4.7450664853e-01
  54.5000000000    4.7446126379e-01
  55.0000000000    4.7441870644e-01
  55.5000000000    4.7437107245e-01
  56.0000000000    4.7432869807e-01
  56.5000000000    4.7427301495e-01
  57.0000000000    4.7422195250e-01
  57.5000000000    4.7414627531e-01
  58.0000000000    4.7407955336e-01
  58.5000000000    4.7399272020e-01
  59.0000000000    4.7393944527e-01
  59.5000000000    4.7388228010e-01
  60.0000000000    4.7386322386e-01
  60.5000000000    4.7382768012e-01
  61.0000000000    4.7381397024e-01
  61.5000000000    4.7378107682e-01
  62.0000000000    4.7376449270e-01
  62.5000000000    4.7373496666e-01
  63.0000000000    4.7371373977e-01
  63.5000000000    4.7368111220e-01
  64.0000000000    4.7365420037e-01
  64.5000000000    4.7362818408e-01
  65.0000000000    4.7360384609e-01
  65.5000000000    4.7358053224e-01
  66.0000000000    4.7355175397e-01
  66.5000000000    4.7353265909e-01
  67.0000000000    4.7350337070e-01
  67.5000000000    4.7348789721e-01
  68.0000000000    4.7345611566e-01
  68.5000000000    4.7344571437e-01
  69.0000000000    4.7341207205e-01
  69.5000000000    4.7339953762e-01
  70.0000000000    4.7336990755e-01
  70.5000000000    4.7335543553e-01
  71.0000000000    4.7333071222e-01
  71.5000000000    4.7331392429e-01
  72.0000000000    4.7329386843e-01
  72.5000000000    4.7327447943e-01
  73.0000000000    4.7325934440e-01
  73.5000000000    4.7323737991e-01
  74.0000000000    4.7322743949e-01
  74.5000000000    4.7320277204e-01
  75.0000000000    4.7319807551e-01
  75.5000000000    4.7317057428e-01
  76.0000000000    4.7316350150e-01
  76.5000000000    4.7314089375e-01
  77.0000000000    4.7313059475e-01
  77.5000000000    4.7311314417e-01
  78.0000000000    4.7309951170e-01
  78.5000000000    4.7308791427e-01
  79.0000000000    4.7307120396e-01
  79.5000000000    4.7306577633e-01
  80.0000000000    4.7304532861e-01
  80.5000000000    4.7304425761e-01
  81.0000000000    4.7302055969e-01
  81.5000000000    4.7301537051e-01
  82.0000000000    4.7299926414e-01
  82.5000000000    4.7299276482e-01
  83.0000000000    4.7298302015e-01
  83.5000000000    4.7296844783e-01
  84.0000000000    4.7296286944e-01
  84.5000000000    4.7294648182e-01
  85.0000000000    4.7294941387e-01
  85.5000000000    4.7292891467e-01
  86.0000000000    4.7292675119e-01
  86.5000000000    4.7291337475e-01
  87.0000000000    4.7290634986e-01
  87.5000000000    4.7289971493e-01
  88.0000000000    4.7288809100e-01
  88.5000000000    4.7288901252e-01
  89.0000000000    4.7287251482e-01
  89.5000000000    4.7287433792e-01
  90.0000000000    4.7285949593e-01
  90.5000000000    4.7285619720e-01
  91.0000000000    4.7284916273e-01
  91.5000000000    4.7284051740e-01
  92.0000000000    4.7284142055e-01
  92.5000000000    4.7282752110e-01
  93.0000000000    4.7283134557e-01
  93.5000000000    4.7281732042e-01
  94.0000000000    4.7281547574e-01
  94.5000000000    4.7280996300e-01
  95.0000000000    4.7280229070e-01
  95.5000000000    4.7280550591e-01
  96.0000000000    4.7279210934e-01
  96.5000000000    4.7279575682e-01
  97.0000000000    4.7278482258e-01
  97.5000000000    4.7278248810e-01
  98.0000000000    4.7278078578e-01
  98.5000000000    4.7277195254e-01
  99.0000000000    4.7277972147e-01
  99.5000000000    4.7276461119e-01
 100.0000000000    4.7276621682e-01
 100.5000000000    4.7276107449e-01
 101.0000000000    4.7275620267e-01
 101.5000000000    4.7276081475e-01
 102.0000000000    4.7274867933e-01
 102.5000000000    4.7275283636e-01
 103.0000000000    4.7274502507e-01
 103.5000000000    4.7274250937e-01
 104.0000000000    4.7274540498e-01
 104.5000000000    4.7273552524e-01
 105.0000000000    4.7274141475e-01
 105.5000000000    4.7273240248e-01
 106.0000000000    4.7273102540e-01
 106.5000000000    4.7273332218e-01
 107.0000000000    4.7272447239e-01
 107.5000000000    4.7273086348e-01
 108.0000000000    4.7272196314e-01
 108.5000000000    4.7272076718e-01
 109.0000000000    4.7272395143e-01
 109.5000000000    4.7271487620e-01
 110.0000000000    4.7272061468e-01
 110.5000000000    4.7271348517e-01
 111.0000000000    4.7271129877e-01
 111.5000000000    4.7271684604e-01
 112.0000000000    4.7270663656e-01
 112.5000000000    4.7271077527e-01
 113.0000000000    4.7270688600e-01
 113.5000000000    4.7270276581e-01
 114.0000000000    4.7271232997e-01
 114.5000000000    4.7269987753e-01
 115.0000000000    4.7270131709e-01
 115.5000000000    4.7270223946e-01
 116.0000000000    4.7269496566e-01
 116.5000000000    4.7270143209e-01
 117.0000000000    4.7269417765e-01
 117.5000000000    4.7269171785e-01
 118.0000000000    4.7269909689e-01
 118.5000000000    4.7268764983e-01
 119.0000000000    4.7268942181e-01
 119.5000000000    4.7268981718e-01
 120.0000000000    4.7268287877e-01
 120.5000000000    4.7268883773e-01
 121.0000000000    4.7268252319e-01
 121.5000000000    4.7267860007e-01
 122.0000000000    4.7268726384e-01
 122.5000000000    4.7267462263e-01
 123.0000000000    4.7267412504e-01
 123.5000000000    4.7267825042e-01
 124.0000000000    4.7266798416e-01
 124.5000000000    4.7266996580e-01
 125.0000000000    4.7266887006e-01
 125.5000000000    4.7266078861e-01
 126.0000000000    4.7266484227e-01
 126.5000000000    4.7265971766e-01
 127.0000000000    4.7265382369e-01
 127.5000000000    4.7265907541e-01
 128.0000000000    4.7264962061e-01
 128.5000000000    4.7264545521e-01
 129.0000000000    4.7265231685e-01
 129.5000000000    4.7263945010e-01
 130.0000000000    4.7263597987e-01
 130.5000000000    4.7264267918e-01
 131.0000000000    4.7262843345e-01
 131.5000000000    4.7262515172e-01
 132.0000000000    4.7262999648e-01
 132.5000000000    4.7261665580e-01
 133.0000000000    4.7261353821e-01
 133.5000000000    4.7261677871e-01
 134.0000000000    4.7260335282e-01
 134.5000000000    4.7260009417e-01
 135.0000000000    4.7260261070e-01
 135.5000000000    4.7258831404e-01
 136.0000000000    4.7258440845e-01
 136.5000000000    4.7258742631e-01
 137.0000000000    4.7257200308e-01
 137.5000000000    4.7256664383e-01
 138.0000000000    4.7257074125e-01
 138.5000000000    4.7255394391e-01
 139.0000000000    4.7254665542e-01
 139.5000000000    4.7254894020e-01
 140.0000000000    4.7253391005e-01
 140.5000000000    4.7252459978e-01
 141.0000000000    4.7252451380e-01
 141.5000000000    4.7251227689e-01
 142.0000000000    4.7250023999e-01
 142.5000000000    4.7249716440e-01
 143.0000000000    4.7248863155e-01
 143.5000000000    4.7247383871e-01
 144.0000000000    4.7246760378e-01
 144.5000000000    4.7246356398e-01
 145.0000000000    4.7244538516e-01
 145.5000000000    4.7243547279e-01
 146.0000000000    4.7243375973e-01
 146.5000000000    4.7241494675e-01
 147.0000000000    4.7240119453e-01
 147.5000000000    4.7239536876e-01
 148.0000000000    4.7238312399e-01
 148.5000000000    4.7236489861e-01
 149.0000000000    4.7235441846e-01
 149.5000000000    4.7234984165e-01
 150.0000000000    4.7232690333e-01
 150.5000000000    4.7231139180e-01
 151.0000000000    4.7230317171e-01
 151.5000000000    4.7228761670e-01
 152.0000000000    4.7226671223e-01
 152.5000000000    4.7225279052e-01
 153.0000000000    4.7224564371e-01
 153.5000000000    4.7222057832e-01
 154.0000000000    4.7220069094e-01
 154.5000000000    4.7218737389e-01
 155.0000000000    4.7217358668e-01
 155.5000000000    4.7214740747e-01
 156.0000000000    4.7212746384e-01
 156.5000000000    4.7211366081e-01
 157.0000000000    4.7209332476e-01
 157.5000000000    4.7206654564e-01
 158.0000000000    4.7204552383e-01
 158.5000000000    4.7203010905e-01
 159.0000000000    4.7200487188e-01
 159.5000000000    4.7197673539e-01
 160.0000000000    4.7195435488e-01
 160.5000000000    4.7193704136e-01
 161.0000000000    4.7190868870e-01
 161.5000000000    4.7187752271e-01
 162.0000000000    4.7185165512e-01
 162.5000000000    4.7183100652e-01
 163.0000000000    4.7180195277e-01
 163.5000000000    4.7176770312e-01
 164.0000000000    4.7173796054e-01
 164.5000000000    4.7171297469e-01
 165.0000000000    4.7168491299e-01
 165.5000000000    4.7164682750e-01
 166.0000000000    4.7161281553e-01
 166.5000000000    4.7158283129e-01
 167.0000000000    4.7155688397e-01
 167.5000000000    4.7151434891e-01
 168.0000000000    4.7147503139e-01
 168.5000000000    4.7143940690e-01
 169.0000000000    4.7140743366e-01
 169.5000000000    4.7137051361e-01
 170.0000000000    4.7132506773e-01
 170.5000000000    4.7128295906e-01
 171.0000000000    4.7124410403e-01
 171.5000000000    4.7120832901e-01
 172.0000000000    4.7116276905e-01
 172.5000000000    4.7111347171e-01
 173.0000000000    4.7106698921e-01
 173.5000000000    4.7102321727e-01
 174.0000000000    4.7098199070e-01
 174.5000000000    4.7093100331e-01
 175.0000000000    4.7087610492e-01
 175.5000000000    4.7082359399e-01
 176.0000000000    4.7077330287e-01
 176.5000000000    4.7072502996e-01
 177.0000000000    4.7067226975e-01
 177.5000000000    4.7061042791e-01
 178.0000000000    4.7055037725e-01
 178.5000000000    4.7049197660e-01
 179.0000000000    4.7043521278e-01
 179.5000000000    4.7037996329e-01
 180.0000000000    4.7031429602e-01
 180.5000000000    4.7024539692e-01
 181.0000000000    4.7017771505e-01
 181.5000000000    4.7011108418e-01
 182.0000000000    4.7004536640e-01
 182.5000000000    4.6998048344e-01
 183.0000000000    4.6990708064e-01
 183.5000000000    4.6982859972e-01
 184.0000000000    4.6975062483e-01
 184.5000000000    4.6967298813e-01
 185.0000000000    4.6959557660e-01
 185.5000000000    4.6951829648e-01
 186.0000000000    4.6944103406e-01
 186.5000000000    4.6935171413e-01
 187.0000000000    4.6926096406e-01
 187.5000000000    4.6917021689e-01
 188.0000000000    4.6907929971e-01
 188.5000000000    4.6898805342e-01
 189.0000000000    4.6889647733e-01
 189.5000000000    4.6880448536e-01
 190.0000000000    4.6870881136e-01
 190.5000000000    4.6860382344e-01
 191.0000000000    4.6849806809e-01
 191.5000000000    4.6839128130e-01
 192.0000000000    4.6828334156e-01
 192.5000000000    4.6817420509e-01
 193.0000000000    4.6806364989e-01
 193.5000000000    4.6795151437e-01
 194.0000000000    4.6783784899e-01
 194.5000000000    4.6772163797e-01
 195.0000000000    4.6759513655e-01
 195.5000000000    4.6746676869e-01
 196.0000000000    4.6733661539e-01
 196.5000000000    4.6720442913e-01
 197.0000000000    4.6706996976e-01
 197.5000000000    4.6693324178e-01
 198.0000000000    4.6679422968e-01
 198.5000000000    4.6665263790e-01
 199.0000000000    4.6650828145e-01
 199.5000000000    4.6636109146e-01
 200.0000000000    4.6621097257e-01
 200.5000000000    4.6605770798e-01
 201.0000000000    4.6589888172e-01
 201.5000000000    4.6573341003e-01
 202.0000000000    4.6556477182e-01
 202.5000000000    4.6539278224e-01
 203.0000000000    4.6521732677e-01
 203.5000000000    4.6503830936e-01
 204.0000000000    4.6485553729e-01
 204.5000000000    4.6466883172e-01
 205.0000000000    4.6447807262e-01
 205.5000000000    4.6428313557e-01
 206.0000000000    4.6408387548e-01
 206.5000000000    4.6388017452e-01
 207.0000000000    4.6367198039e-01
 207.5000000000    4.6345917215e-01
 208.0000000000    4.6324154747e-01
 208.5000000000    4.6301896528e-01
 209.0000000000    4.6279134796e-01
 209.5000000000    4.6255853746e-01
 210.0000000000    4.6232034255e-01
 210.5000000000    4.6207667289e-01
 211.0000000000    4.6182742681e-01
 211.5000000000    4.6157242088e-01
 212.0000000000    4.6131148689e-01
 212.5000000000    4.6104454499e-01
 213.0000000000    4.6077148696e-01
 213.5000000000    4.6049215251e-01
 214.0000000000    4.6020635411e-01
 214.5000000000    4.5991396394e-01
 215.0000000000    4.5961488801e-01
 215.5000000000    4.5930896600e-01
 216.0000000000    4.5899604778e-01
 216.5000000000    4.5867603624e-01
 217.0000000000    4.5834879894e-01
 217.5000000000    4.5801412639e-01
 218.0000000000    4.5767188580e-01
 218.5000000000    4.5732196233e-01
 219.0000000000    4.5696184731e-01
 219.5000000000    4.5658866174e-01
 220.0000000000    4.5620682022e-01
 220.5000000000    4.5581620075e-01
 221.0000000000    4.5541667960e-01
 221.5000000000    4.5500820999e-01
 222.0000000000    4.5459068298e-01
 222.5000000000    4.5416384971e-01
 223.0000000000    4.5372741060e-01
 223.5000000000    4.5328107604e-01
 224.0000000000    4.5282461811e-01
 224.5000000000    4.5235626467e-01
 225.0000000000    4.5186668324e-01
 225.5000000000    4.5136625779e-01
 226.0000000000    4.5085483844e-01
 226.5000000000    4.5033213520e-01
 227.0000000000    4.4979782699e-01
 227.5000000000    4.4925163227e-01
 228.0000000000    4.4869332998e-01
 228.5000000000    4.4811466819e-01
 229.0000000000    4.4751461827e-01
 229.5000000000    4.4690140902e-01
 230.0000000000    4.4627476543e-01
 230.5000000000    4.4563436057e-01
 231.0000000000    4.4497983989e-01
 231.5000000000    4.4430324649e-01
 232.0000000000    4.4359840207e-01
 232.5000000000    4.4287786107e-01
 233.0000000000    4.4214146580e-01
 233.5000000000    4.4138908090e-01
 234.0000000000    4.4061653590e-01
 234.5000000000    4.3980675517e-01
 235.0000000000    4.3897932845e-01
 235.5000000000    4.3813373380e-01
 236.0000000000    4.3726937752e-01
 236.5000000000    4.3636913346e-01
 237.0000000000    4.3543641554e-01
 237.5000000000    4.3448244424e-01
 238.0000000000    4.3350697588e-01
 238.5000000000    4.3249488025e-01
 239.0000000000    4.3144250238e-01
 239.5000000000    4.3036621412e-01
 240.0000000000    4.2926529357e-01
 240.5000000000    4.2811348040e-01
 241.0000000000    4.2692382118e-01
 241.5000000000    4.2570641779e-01
 242.0000000000    4.2445171536e-01
 242.5000000000    4.2313675677e-01
 243.0000000000    4.2179076028e-01
 243.5000000000    4.2041231442e-01
 244.0000000000    4.1895511005e-01
 244.5000000000    4.1746092053e-01
 245.0000000000    4.1592886723e-01
 245.5000000000    4.1431003759e-01
 246.0000000000    4.1264899533e-01
 246.5000000000    4.1093930519e-01
 247.0000000000    4.0913796458e-01
 247.5000000000    4.0728866127e-01
 248.0000000000    4.0536403111e-01
 248.5000000000    4.0335153700e-01
 249.0000000000    4.0128237353e-01
 249.5000000000    3.9909857309e-01
 250.0000000000    3.9684292098e-01
 250.5000000000    3.9449187616e-01
 251.0000000000    3.9202900321e-01
 251.5000000000    3.8948383238e-01
 252.0000000000    3.8678783612e-01
 252.5000000000    3.8400506261e-01
 253.0000000000    3.8105907460e-01
 253.5000000000    3.7800155470e-01
 254.0000000000    3.7477434432e-01
 254.5000000000    3.7140566980e-01
 255.0000000000    3.6785069994e-01
 255.5000000000    3.6412621615e-01
 256.0000000000    3.6018735610e-01
 256.5000000000    3.5605404891e-01
 257.0000000000    3.5166456745e-01
 257.5000000000    3.4705890907e-01
 258.0000000000    3.4213698292e-01
 258.5000000000    3.3696787124e-01
 259.0000000000    3.3142476292e-01
 259.5000000000    3.2556307281e-01
 260.0000000000    3.1930552209e-01
 260.5000000000    3.1261003997e-01
 261.0000000000    3.0549580785e-01
 261.5000000000    2.9779745795e-01
 262.0000000000    2.8956811498e-01
 262.5000000000    2.8074008443e-01
 263.0000000000    2.7114754917e-01
 263.5000000000    2.6083096504e-01
 264.0000000000    2.4971326027e-01
 264.5000000000    2.3755722979e-01
 265.0000000000    2.2441728943e-01
 265.5000000000    2.1021163045e-01
 266.0000000000    1.9483346104e-01
 266.5000000000    1.7812635123e-01
 267.0000000000    1.6022464273e-01
 267.5000000000    1.4122319868e-01
 268.0000000000    1.2135061694e-01
 268.5000000000    1.0101975011e-01
 269.0000000000    8.0863804008e-02
 269.5000000000    6.1629326811e-02
 270.0000000000    4.4328512981e-02
 270.5000000000    2.9873127475e-02
 271.0000000000    1.8785255130e-02
 271.5000000000    1.1068750872e-02
 272.0000000000    6.2312955441e-03
 272.5000000000    3.4980134243e-03
 273.0000000000    2.0874751910e-03
 273.5000000000    1.4030534994e-03
 274.0000000000    1.0786855695e-03
 274.5000000000    9.2435049943e-04
 275.0000000000    8.5159300618e-04
 275.5000000000    8.2136332224e-04
 276.0000000000    8.1669969928e-04
 276.5000000000    8.3051094806e-04
 277.0000000000    8.3610319801e-04
 277.5000000000    7.4936320654e-04
 278.0000000000    6.6742545395e-04
 278.5000000000    5.9176732444e-04
 279.0000000000    5.2542233902e-04
 279.5000000000    4.7330027058e-04
 280.0000000000    4.4235084347e-04
 280.5000000000    4.4156755978e-04
 281.0000000000    4.8190853133e-04
 281.5000000000    5.7622387547e-04
 282.0000000000    6.8210700792e-04
 282.5000000000    5.1512490024e-04
 283.0000000000    4.2104952576e-04
 283.5000000000    4.2277671524e-04
 284.0000000000    5.4940537876e-04
 284.5000000000    5.7458465765e-04
 285.0000000000    4.1315469267e-04
 285.5000000000    4.6509615011e-04
 286.0000000000    5.9108407016e-04
 286.5000000000    4.0272055377e-04
 287.0000000000    6.0723708635e-04
 287.5000000000    4.1520661797e-04
 288.0000000000    5.7991532988e-04
 288.5000000000    4.0902824900e-04
 289.0000000000    6.6970639081e-04
 289.5000000000    4.1076521215e-04
 290.0000000000    5.0953411148e-04
 290.5000000000    5.2588927742e-04
 291.0000000000    4.0436216813e-04
 291.5000000000    4.9677993929e-04
 292.0000000000    6.1795450624e-04
 292.5000000000    4.5634085907e-04
 293.0000000000    4.0491288954e-04
 293.5000000000    4.1531307263e-04
 294.0000000000    4.4787284090e-04
 294.5000000000    4.7396785765e-04
 295.0000000000    4.7763259823e-04
 295.5000000000    4.5662518496e-04
 296.0000000000    4.2322351477e-04
 296.5000000000    4.0495957131e-04
 297.0000000000    4.4534397504e-04
 297.5000000000    6.0445129677e-04
 298.0000000000    4.7474188287e-04
 298.5000000000    4.1859895751e-04
 299.0000000000    6.4847323357e-04
 299.5000000000    4.1129576397e-04
 300.0000000000    6.5535610587e-04
 300.5000000000    4.1947895366e-04
 301.0000000000    4.9675292590e-04
 301.5000000000    5.5872424837e-04
 302.0000000000    4.2885055373e-04
 302.5000000000    4.3057453051e-04
 303.0000000000    5.0781573262e-04
 303.5000000000    6.2461203747e-04
 304.0000000000    5.6184262132e-04
 304.5000000000    4.8080394711e-04
 305.0000000000    4.3113658206e-04
 305.5000000000    4.3146859555e-04
 306.0000000000    5.5157600941e-04
 306.5000000000    4.7377703054e-04
 307.0000000000    5.1312716938e-04
 307.5000000000    4.2685150746e-04
 308.0000000000    4.2707802831e-04
 308.5000000000    5.5016991390e-04
 309.0000000000    4.2255582604e-04
 309.5000000000    4.2438392934e-04
 310.0000000000    5.1136900671e-04
 310.5000000000    4.2880200948e-04
 311.0000000000    4.3393590627e-04
 311.5000000000    5.4023456537e-04
 312.0000000000    4.6435087500e-04
 312.5000000000    5.3829714048e-04
 313.0000000000    5.3573732477e-04
 313.5000000000    5.1002405992e-04
 314.0000000000    6.3377626646e-04
 314.5000000000    5.7035890226e-04
 315.0000000000    6.5553108718e-04
 315.5000000000    5.4818382346e-04
 316.0000000000    4.2401710625e-04
 316.5000000000    2.8007911544e-04
 317.0000000000    2.0925775600e-04
 317.5000000000    1.7810558959e-04
 318.0000000000    1.6680815445e-04
 318.5000000000    1.6448396520e-04
 319.0000000000    1.6559297710e-04
 319.5000000000    1.6755842540e-04
 320.0000000000    1.6933667443e-04
 320.5000000000    1.7061711084e-04
 321.0000000000    1.7140199322e-04
 321.5000000000    1.7180044045e-04
 322.0000000000    1.7193644571e-04
 322.5000000000    1.7191415785e-04
 323.0000000000    1.7180986757e-04
 323.5000000000    1.7167496823e-04
 324.0000000000    1.7154220496e-04
 324.5000000000    1.7143177189e-04
 325.0000000000    1.7135614142e-04
 325.5000000000    1.7132351009e-04
 326.0000000000    1.7133995715e-04
 326.5000000000    1.7141039312e-04
 327.0000000000    1.7153858732e-04
 327.5000000000    1.7172671072e-04
 328.0000000000    1.7197474507e-04
 328.5000000000    1.7227998687e-04
 329.0000000000    1.7263678062e-04
 329.5000000000    1.7303654720e-04
 330.0000000000    1.7346811870e-04
 330.5000000000    1.7391834420e-04
 331.0000000000    1.7437289361e-04
 331.5000000000    1.7481714084e-04
 332.0000000000    1.7523702963e-04
 332.5000000000    1.7561984892e-04
 333.0000000000    1.7595487208e-04
 333.5000000000    1.7623380984e-04
 334.0000000000    1.7645107665e-04
 334.5000000000    1.7660391723e-04
 335.0000000000    1.7669238358e-04
 335.5000000000    1.7671910718e-04
 336.0000000000    1.7668888390e-04
 336.5000000000    1.7660816397e-04
 337.0000000000    1.7648454747e-04
 337.5000000000    1.7632630921e-04
 338.0000000000    1.7614196973e-04
 338.5000000000    1.7593992386e-04
 339.0000000000    1.7572813613e-04
 339.5000000000    1.7551392263e-04
 340.0000000000    1.7530380076e-04
 340.5000000000    1.7510340402e-04
 341.0000000000    1.7491744499e-04
 341.5000000000    1.7474972308e-04
 342.0000000000    1.7460316519e-04
 342.5000000000    1.7447989785e-04
 343.0000000000    1.7438134149e-04
 343.5000000000    1.7430831145e-04
 344.0000000000    1.7426111814e-04
 344.5000000000    1.7423964745e-04
 345.0000000000    1.7424340538e-04
 345.5000000000    1.7427153488e-04
 346.0000000000    1.7432283216e-04
 346.5000000000    1.7439577530e-04
 347.0000000000    1.7448855566e-04
 347.5000000000    1.7459910410e-04
 348.0000000000    1.7472511882e-04
 348.5000000000    1.7486409573e-04
 349.0000000000    1.7501336322e-04
 349.5000000000    1.7517012158e-04
 350.0000000000    1.7533149310e-04
 350.5000000000    1.7549457618e-04
 351.0000000000    1.7565650040e-04
 351.5000000000    1.7581448855e-04
 352.0000000000    1.7596592722e-04
 352.5000000000    1.7610843643e-04
 353.0000000000    1.7623993673e-04
 353.5000000000    1.7635871636e-04
 354.0000000000    1.7646348079e-04
 354.5000000000    1.7655336426e-04
 355.0000000000    1.7662791723e-04
 355.5000000000    1.7668708803e-04
 356.0000000000    1.7673119535e-04
 356.5000000000    1.7676090429e-04
 357.0000000000    1.7677720467e-04
 357.5000000000    1.7678138501e-04
 358.0000000000    1.7677499116e-04
 358.5000000000    1.7675975169e-04
 359.0000000000    1.7673747983e-04
 359.5000000000    1.7670997435e-04
 360.0000000000    1.7667895402e-04
 360.5000000000    1.7664603923e-04
 361.0000000000    1.7661276871e-04
 361.5000000000    1.7658060974e-04
 362.0000000000    1.7655093199e-04
 362.5000000000    1.7652494489e-04
 363.0000000000    1.7650363685e-04
 363.5000000000    1.7648776035e-04
 364.0000000000    1.7647786990e-04
 364.5000000000    1.7647437977e-04
 365.0000000000    1.7647759170e-04
 365.5000000000    1.7648767979e-04
 366.0000000000    1.7650465201e-04
 366.5000000000    1.7652833109e-04
 367.0000000000    1.7655837993e-04
 367.5000000000    1.7659436031e-04
 368.0000000000    1.7663577783e-04
 368.5000000000    1.7668208389e-04
 369.0000000000    1.7673265517e-04
 369.5000000000    1.7678679517e-04
 370.0000000000    1.7684376471e-04
 370.5000000000    1.7690280423e-04
 371.0000000000    1.7696313460e-04
 371.5000000000    1.7702395969e-04
 372.0000000000    1.7708448542e-04
 372.5000000000    1.7714394296e-04
 373.0000000000    1.7720161651e-04
 373.5000000000    1.7725686757e-04
 374.0000000000    1.7730914102e-04
 374.5000000000    1.7735797109e-04
 375.0000000000    1.7740301603e-04
 375.5000000000    1.7744411041e-04
 376.0000000000    1.7748129231e-04
 376.5000000000    1.7751478137e-04
 377.0000000000    1.7754492516e-04
 377.5000000000    1.7757213221e-04
 378.0000000000    1.7759680581e-04
 378.5000000000    1.7761927307e-04
 379.0000000000    1.7763970437e-04
 379.5000000000    1.7765804527e-04
 380.0000000000    1.7767400459e-04
 380.5000000000    1.7768711077e-04
 381.0000000000    1.7769679848e-04
 381.5000000000    1.7770251178e-04
 382.0000000000    1.7770385041e-04
 382.5000000000    1.7770074114e-04
 383.0000000000    1.7769356822e-04
 383.5000000000    1.7768323737e-04
 384.0000000000    1.7767117756e-04
 384.5000000000    1.7765925199e-04
 385.0000000000    1.7764956615e-04
 385.5000000000    1.7764423838e-04
 386.0000000000    1.7764517456e-04
 386.5000000000    1.7765382963e-04
 387.0000000000    1.7767097988e-04
 387.5000000000    1.7769659217e-04
 388.0000000000    1.7772984182e-04
 388.5000000000    1.7776924764e-04
 389.0000000000    1.7781288151e-04
 389.5000000000    1.7785863979e-04
 390.0000000000    1.7790454230e-04
 390.5000000000    1.7794898680e-04
 391.0000000000    1.7799091381e-04
 391.5000000000    1.7802988465e-04
 392.0000000000    1.7806606086e-04
 392.5000000000    1.7810006014e-04
 393.0000000000    1.7813272654e-04
 393.5000000000    1.7816490034e-04
 394.0000000000    1.7819723285e-04
 394.5000000000    1.7823005333e-04
 395.0000000000    1.7826330804e-04
 395.5000000000    1.7829659435e-04
 396.0000000000    1.7832926635e-04
 396.5000000000    1.7836057379e-04
 397.0000000000    1.7838981298e-04
 397.5000000000    1.7841646903e-04
 398.0000000000    1.7844031006e-04
 398.5000000000    1.7846140810e-04
 399.0000000000    1.7848009593e-04
 399.5000000000    1.7849688476e-04
 400.0000000000    1.7851235870e-04
 400.5000000000    1.7852707094e-04
 401.0000000000    1.7854146553e-04
 401.5000000000    1.7855583797e-04
 402.0000000000    1.7857033407e-04
 402.5000000000    1.7858498171e-04
 403.0000000000    1.7859973983e-04
 403.5000000000    1.7861455063e-04
 404.0000000000    1.7862938496e-04
 404.5000000000    1.7864427585e-04
 405.0000000000    1.7865933011e-04
 405.5000000000    1.7867470793e-04
 406.0000000000    1.7869058425e-04
 406.5000000000    1.7870711464e-04
 407.0000000000    1.7872441534e-04
 407.5000000000    1.7874254801e-04
 408.0000000000    1.7876150795e-04
 408.5000000000    1.7878122308e-04
 409.0000000000    1.7880156244e-04
 409.5000000000    1.7882234610e-04
 410.0000000000    1.7884335632e-04
 410.5000000000    1.7886435530e-04
 411.0000000000    1.7888510530e-04
 411.5000000000    1.7890538853e-04
 412.0000000000    1.7892503079e-04
 412.5000000000    1.7894392514e-04
 413.0000000000    1.7896204454e-04
 413.5000000000    1.7897944519e-04
 414.0000000000    1.7899626250e-04
 414.5000000000    1.7901269747e-04
 415.0000000000    1.7902898469e-04
 415.5000000000    1.7904535450e-04
 416.0000000000    1.7906199989e-04
 416.5000000000    1.7907905331e-04
 417.0000000000    1.7909657498e-04
 417.5000000000    1.7911455314e-04
 418.0000000000    1.7913291736e-04
 418.5000000000    1.7915156082e-04
 419.0000000000    1.7917036594e-04
 419.5000000000    1.7918922828e-04
 420.0000000000    1.7920807577e-04
 420.5000000000    1.7922687602e-04
 421.0000000000    1.7924562921e-04
 421.5000000000    1.7926435260e-04
 422.0000000000    1.7928306611e-04
 422.5000000000    1.7930178155e-04
 423.0000000000    1.7932049053e-04
 423.5000000000    1.7933915219e-04
 424.0000000000    1.7935769348e-04
 424.5000000000    1.7937602685e-04
 425.0000000000    1.7939406968e-04
 425.5000000000    1.7941175712e-04
 426.0000000000    1.7942905504e-04
 426.5000000000    1.7944597148e-04
 427.0000000000    1.7946256004e-04
 427.5000000000    1.7947890977e-04
 428.0000000000    1.7949513000e-04
 428.5000000000    1.7951133534e-04
 429.0000000000    1.7952762985e-04
 429.5000000000    1.7954409149e-04
 430.0000000000    1.7956075897e-04
 430.5000000000    1.7957762245e-04
 431.0000000000    1.7959462692e-04
 431.5000000000    1.7961168718e-04
 432.0000000000    1.7962870752e-04
 432.5000000000    1.7964559839e-04
 433.0000000000    1.7966228740e-04
 433.5000000000    1.7967872907e-04
 434.0000000000    1.7969491445e-04
 434.5000000000    1.7971087423e-04
 435.0000000000    1.7972666745e-04
 435.5000000000    1.7974236319e-04
 436.0000000000    1.7975802887e-04
 436.5000000000    1.7977372119e-04
 437.0000000000    1.7978947334e-04
 437.5000000000    1.7980528605e-04
 438.0000000000    1.7982112902e-04
 438.5000000000    1.7983694613e-04
 439.0000000000    1.7985266489e-04
 439.5000000000    1.7986821194e-04
 440.0000000000    1.7988352526e-04
 440.5000000000    1.7989856191e-04
 441.0000000000    1.7991330569e-04
 441.5000000000    1.7992777843e-04
 442.0000000000    1.7994204040e-04
 442.5000000000    1.7995617571e-04
 443.0000000000    1.7997027971e-04
 443.5000000000    1.7998445503e-04
 444.0000000000    1.7999879853e-04
 444.5000000000    1.8001338436e-04
 445.0000000000    1.8002825555e-04
 445.5000000000    1.8004342079e-04
 446.0000000000    1.8005885493e-04
 446.5000000000    1.8007450290e-04
 447.0000000000    1.8009028817e-04
 447.5000000000    1.8010612337e-04
 448.0000000000    1.8012192040e-04
 448.5000000000    1.8013759812e-04
 449.0000000000    1.8015309259e-04
 449.5000000000    1.8016836894e-04
 450.0000000000    1.8018342111e-04
 450.5000000000    1.8019826505e-04
 451.0000000000    1.8021293619e-04
 451.5000000000    1.8022748498e-04
 452.0000000000    1.8024196353e-04
 452.5000000000    1.8025641058e-04
 453.0000000000    1.8027084885e-04
 453.5000000000    1.8028528788e-04
 454.0000000000    1.8029972276e-04
 454.5000000000    1.8031413220e-04
 455.0000000000    1.8032848888e-04
 455.5000000000    1.8034276773e-04
 456.0000000000    1.8035694524e-04
 456.5000000000    1.8037100173e-04
 457.0000000000    1.8038492851e-04
 457.5000000000    1.8039873116e-04
 458.0000000000    1.8041242820e-04
 458.5000000000    1.8042604813e-04
 459.0000000000    1.8043962345e-04
 459.5000000000    1.8045318311e-04
 460.0000000000    1.8046674760e-04
 460.5000000000    1.8048032769e-04
 461.0000000000    1.8049392378e-04
 461.5000000000    1.8050752807e-04
 462.0000000000    1.8052112894e-04
 462.5000000000    1.8053471490e-04
 463.0000000000    1.8054827587e-04
 463.5000000000    1.8056180378e-04
 464.0000000000    1.8057529403e-04
 464.5000000000    1.8058874614e-04
 465.0000000000    1.8060216310e-04
 465.5000000000    1.8061554996e-04
 466.0000000000    1.8062891176e-04
 466.5000000000    1.8064225170e-04
 467.0000000000    1.8065557026e-04
 467.5000000000    1.8066886531e-04
 468.0000000000    1.8068213259e-04
 468.5000000000    1.8069536668e-04
 469.0000000000    1.8070856245e-04
 469.5000000000    1.8072171532e-04
 470.0000000000    1.8073482025e-04
 470.5000000000    1.8074787085e-04
 471.0000000000    1.8076086021e-04
 471.5000000000    1.8077378226e-04
 472.0000000000    1.8078663247e-04
 472.5000000000    1.8079940919e-04
 473.0000000000    1.8081211536e-04
 473.5000000000    1.8082475845e-04
 474.0000000000    1.8083734906e-04
 474.5000000000    1.8084989987e-04
 475.0000000000    1.8086242378e-04
 475.5000000000    1.8087492985e-04
 476.0000000000    1.8088741985e-04
 476.5000000000    1.8089988875e-04
 477.0000000000    1.8091232791e-04
 477.5000000000    1.8092472815e-04
 478.0000000000    1.8093708422e-04
 478.5000000000    1.8094939959e-04
 479.0000000000    1.8096168702e-04
 479.5000000000    1.8097396357e-04
 480.0000000000    1.8098624467e-04
 480.5000000000    1.8099853937e-04
 481.0000000000    1.8101084647e-04
 481.5000000000    1.8102315406e-04
 482.0000000000    1.8103544364e-04
 482.5000000000    1.8104769760e-04
 483.0000000000    1.8105990650e-04
 483.5000000000    1.8107207246e-04
 484.0000000000    1.8108420703e-04
 484.5000000000    1.8109632401e-04
 485.0000000000    1.8110843069e-04
 485.5000000000    1.8112052300e-04
 486.0000000000    1.8113258705e-04
 486.5000000000    1.8114460549e-04
 487.0000000000    1.8115656524e-04
 487.5000000000    1.8116846352e-04
 488.0000000000    1.8118030917e-04
 488.5000000000    1.8119211800e-04
 489.0000000000    1.8120390483e-04
 489.5000000000    1.8121567482e-04
 490.0000000000    1.8122741989e-04
 490.5000000000    1.8123912242e-04
 491.0000000000    1.8125076306e-04
 491.5000000000    1.8126232955e-04
 492.0000000000    1.8127382201e-04
 492.5000000000    1.8128525226e-04
 493.0000000000    1.8129663886e-04
 493.5000000000    1.8130800007e-04
 494.0000000000    1.8131934721e-04
 494.5000000000    1.8133068159e-04
 495.0000000000    1.8134199756e-04
 495.5000000000    1.8135328884e-04
 496.0000000000    1.8136455314e-04
 496.5000000000    1.8137579165e-04
 497.0000000000    1.8138700486e-04
 497.5000000000    1.8139818727e-04
 498.0000000000    1.8140932334e-04
 498.5000000000    1.8142038730e-04
 499.0000000000    1.8143134764e-04
 499.5000000000    1.8144217440e-04
 500.0000000000    1.8145284487e-04
 500.5000000000    1.8146334666e-04
 501.0000000000    1.8147368035e-04
 501.5000000000    1.8148386333e-04
 502.0000000000    1.8149393480e-04
 502.5000000000    1.8150396393e-04
 503.0000000000    1.8151405925e-04
 503.5000000000    1.8152437219e-04
 504.0000000000    1.8153508826e-04
 504.5000000000    1.8154640544e-04
 505.0000000000    1.8155850161e-04
 505.5000000000    1.8157149368e-04
 506.0000000000    1.8158539527e-04
 506.5000000000    1.8160008246e-04
 507.0000000000    1.8161527534e-04
 507.5000000000    1.8163053465e-04
 508.0000000000    1.8164528089e-04
 508.5000000000    1.8165883649e-04
 509.0000000000    1.8167049203e-04
 509.5000000000    1.8167959037e-04
 510.0000000000    1.8168562250e-04
 510.5000000000    1.8168832347e-04
 511.0000000000    1.8168774874e-04
 511.5000000000    1.8168431212e-04
 512.0000000000    1.8167877229e-04
 512.5000000000    1.8167216433e-04
 513.0000000000    1.8166568036e-04
 513.5000000000    1.8166051930e-04
 514.0000000000    1.8165773734e-04
 514.5000000000    1.8165812377e-04
 515.0000000000    1.8166212692e-04
 515.5000000000    1.8166983668e-04
 516.0000000000    1.8168102116e-04
 516.5000000000    1.8169520233e-04
 517.0000000000    1.8171174996e-04
 517.5000000000    1.8172997895e-04
 518.0000000000    1.8174923632e-04
 518.5000000000    1.8176896865e-04
 519.0000000000    1.8178876397e-04
 519.5000000000    1.8180837011e-04
 520.0000000000    1.8182767664e-04
 520.5000000000    1.8184666457e-04
 521.0000000000    1.8186534682e-04
 521.5000000000    1.8188370804e-04
 522.0000000000    1.8190166310e-04
 522.5000000000    1.8191905027e-04
 523.0000000000    1.8193565928e-04
 523.5000000000    1.8195128205e-04
 524.0000000000    1.8196577870e-04
 524.5000000000    1.8197912687e-04
 525.0000000000    1.8199143730e-04
 525.5000000000    1.8200293547e-04
 526.0000000000    1.8201391056e-04
 526.5000000000    1.8202465282e-04
 527.0000000000    1.8203538805e-04
 527.5000000000    1.8204622825e-04
 528.0000000000    1.8205716085e-04
 528.5000000000    1.8206807195e-04
 529.0000000000    1.8207879223e-04
 529.5000000000    1.8208915299e-04
 530.0000000000    1.8209903586e-04
 530.5000000000    1.8210840376e-04
 531.0000000000    1.8211730812e-04
 531.5000000000    1.8212587547e-04
 532.0000000000    1.8213427917e-04
 532.5000000000    1.8214270283e-04
 533.0000000000    1.8215130345e-04
 533.5000000000    1.8216018375e-04
 534.0000000000    1.8216937717e-04
 534.5000000000    1.8217884735e-04
 535.0000000000    1.8218850367e-04
 535.5000000000    1.8219823506e-04
 536.0000000000    1.8220794822e-04
 536.5000000000    1.8221759309e-04
 537.0000000000    1.8222716742e-04
 537.5000000000    1.8223670645e-04
 538.0000000000    1.8224626472e-04
 538.5000000000    1.8225589865e-04
 539.0000000000    1.8226566352e-04
 539.5000000000    1.8227563106e-04
 540.0000000000    1.8228591171e-04
 540.5000000000    1.8229666127e-04
 541.0000000000    1.8230806065e-04
 541.5000000000    1.8232026740e-04
 542.0000000000    1.8233334967e-04
 542.5000000000    1.8234722518e-04
 543.0000000000    1.8236162830e-04
 543.5000000000    1.8237611591e-04
 544.0000000000    1.8239010582e-04
 544.5000000000    1.8240293545e-04
 545.0000000000    1.8241393198e-04
 545.5000000000    1.8242248795e-04
 546.0000000000    1.8242814047e-04
 546.5000000000    1.8243065526e-04
 547.0000000000    1.8243011526e-04
 547.5000000000    1.8242700135e-04
 548.0000000000    1.8242224063e-04
 548.5000000000    1.8241719952e-04
 549.0000000000    1.8241360986e-04
 549.5000000000    1.8241342266e-04
 550.0000000000    1.8241859423e-04
 550.5000000000    1.8243082920e-04
 551.0000000000    1.8245131834e-04
 551.5000000000    1.8248050674e-04
 552.0000000000    1.8251795012e-04
 552.5000000000    1.8256228651e-04
 553.0000000000    1.8261135998e-04
 553.5000000000    1.8266245759e-04
 554.0000000000    1.8271263969e-04
 554.5000000000    1.8275909309e-04
 555.0000000000    1.8279945957e-04
 555.5000000000    1.8283208603e-04
 556.0000000000    1.8285616146e-04
 556.5000000000    1.8287173472e-04
 557.0000000000    1.8287961248e-04
 557.5000000000    1.8288115402e-04
 558.0000000000    1.8287799914e-04
 558.5000000000    1.8287177479e-04
 559.0000000000    1.8286383982e-04
 559.5000000000    1.8285512313e-04
 560.0000000000    1.8284608879e-04
 560.5000000000    1.8283682852e-04
 561.0000000000    1.8282724279e-04
 561.5000000000    1.8281724788e-04
 562.0000000000    1.8280694502e-04
 562.5000000000    1.8279670061e-04
 563.0000000000    1.8278712147e-04
 563.5000000000    1.8277894219e-04
 564.0000000000    1.8277286454e-04
 564.5000000000    1.8276939676e-04
 565.0000000000    1.8276873306e-04
 565.5000000000    1.8277070442e-04
 566.0000000000    1.8277481635e-04
 566.5000000000    1.8278036716e-04
 567.0000000000    1.8278661728e-04
 567.5000000000    1.8279296406e-04
 568.0000000000    1.8279908121e-04
 568.5000000000    1.8280497727e-04
 569.0000000000    1.8281095480e-04
 569.5000000000    1.8281749366e-04
 570.0000000000    1.8282510547e-04
 570.5000000000    1.8283420147e-04
 571.0000000000    1.8284499702e-04
 571.5000000000    1.8285747371e-04
 572.0000000000    1.8287139697e-04
 572.5000000000    1.8288636525e-04
 573.0000000000    1.8290187676e-04
 573.5000000000    1.8291739890e-04
 574.0000000000    1.8293243262e-04
 574.5000000000    1.8294656236e-04
 575.0000000000    1.8295949064e-04
 575.5000000000    1.8297106019e-04
 576.0000000000    1.8298125582e-04
 576.5000000000    1.8299019255e-04
 577.0000000000    1.8299809291e-04
 577.5000000000    1.8300524265e-04
 578.0000000000    1.8301195591e-04
 578.5000000000    1.8301852618e-04
 579.0000000000    1.8302518606e-04
 579.5000000000    1.8303207584e-04
 580.0000000000    1.8303923421e-04
 580.5000000000    1.8304660862e-04
 581.0000000000    1.8305408815e-04
 581.5000000000    1.8306154216e-04
 582.0000000000    1.8306885928e-04
 582.5000000000    1.8307597395e-04
 583.0000000000    1.8308287844e-04
 583.5000000000    1.8308961880e-04
 584.0000000000    1.8309627979e-04
 584.5000000000    1.8310296053e-04
 585.0000000000    1.8310975527e-04
 585.5000000000    1.8311673434e-04
 586.0000000000    1.8312393577e-04
 586.5000000000    1.8313135920e-04
 587.0000000000    1.8313897684e-04
 587.5000000000    1.8314674069e-04
 588.0000000000    1.8315459653e-04
 588.5000000000    1.8316249476e-04
 589.0000000000    1.8317039947e-04
 589.5000000000    1.8317828939e-04
 590.0000000000    1.8318615590e-04
 590.5000000000    1.8319400294e-04
 591.0000000000    1.8320184156e-04
 591.5000000000    1.8320968398e-04
 592.0000000000    1.8321753947e-04
 592.5000000000    1.8322541672e-04
 593.0000000000    1.8323332068e-04
 593.5000000000    1.8324124996e-04
 594.0000000000    1.8324920508e-04
 594.5000000000    1.8325718378e-04
 595.0000000000    1.8326517977e-04
 595.5000000000    1.8327318743e-04
 596.0000000000    1.8328119827e-04
 596.5000000000    1.8328919915e-04
 597.0000000000    1.8329717383e-04
 597.5000000000    1.8330510619e-04
 598.0000000000    1.8331298293e-04
 598.5000000000    1.8332079325e-04
 599.0000000000    1.8332852613e-04
 599.5000000000    1.8333616961e-04
 600.0000000000    1.8334370460e-04
 600.5000000000    1.8335110643e-04
 601.0000000000    1.8335834109e-04
 601.5000000000    1.8336537005e-04
 602.0000000000    1.8337214946e-04
 602.5000000000    1.8337863557e-04
 603.0000000000    1.8338479483e-04
 603.5000000000    1.8339060519e-04
 604.0000000000    1.8339606055e-04
 604.5000000000    1.8340117463e-04
 605.0000000000    1.8340597938e-04
 605.5000000000    1.8341052340e-04
 606.0000000000    1.8341487299e-04
 606.5000000000    1.8341911089e-04
 607.0000000000    1.8342332973e-04
 607.5000000000    1.8342763526e-04
 608.0000000000    1.8343213986e-04
 608.5000000000    1.8343695662e-04
 609.0000000000    1.8344219424e-04
 609.5000000000    1.8344795127e-04
 610.0000000000    1.8345430699e-04
 610.5000000000    1.8346131974e-04
 611.0000000000    1.8346902112e-04
 611.5000000000    1.8347741484e-04
 612.0000000000    1.8348648125e-04
 612.5000000000    1.8349618495e-04
 613.0000000000    1.8350647481e-04
 613.5000000000    1.8351729427e-04
 614.0000000000    1.8352858083e-04
 614.5000000000    1.8354026879e-04
 615.0000000000    1.8355229309e-04
 615.5000000000    1.8356459056e-04
 616.0000000000    1.8357710155e-04
 616.5000000000    1.8358977077e-04
 617.0000000000    1.8360254091e-04
 617.5000000000    1.8361534860e-04
 618.0000000000    1.8362811633e-04
 618.5000000000    1.8364074500e-04
 619.0000000000    1.8365311337e-04
 619.5000000000    1.8366508067e-04
 620.0000000000    1.8367649343e-04
 620.5000000000    1.8368719289e-04
 621.0000000000    1.8369702356e-04
 621.5000000000    1.8370584503e-04
 622.0000000000    1.8371354033e-04
 622.5000000000    1.8372003117e-04
 623.0000000000    1.8372528727e-04
 623.5000000000    1.8372933551e-04
 624.0000000000    1.8373226298e-04
 624.5000000000    1.8373421437e-04
 625.0000000000    1.8373538371e-04
 625.5000000000    1.8373600214e-04
 626.0000000000    1.8373632410e-04
 626.5000000000    1.8373661074e-04
 627.0000000000    1.8373710981e-04
 627.5000000000    1.8373804375e-04
 628.0000000000    1.8373959709e-04
 628.5000000000    1.8374190049e-04
 629.0000000000    1.8374502764e-04
 629.5000000000    1.8374899732e-04
 630.0000000000    1.8375377595e-04
 630.5000000000    1.8375928904e-04
 631.0000000000    1.8376544349e-04
 631.5000000000    1.8377214388e-04
 632.0000000000    1.8377931150e-04
 632.5000000000    1.8378689508e-04
 633.0000000000    1.8379487325e-04
 633.5000000000    1.8380325360e-04
 634.0000000000    1.8381206467e-04
 634.5000000000    1.8382134404e-04
 635.0000000000    1.8383113205e-04
 635.5000000000    1.8384146156e-04
 636.0000000000    1.8385234421e-04
 636.5000000000    1.8386375926e-04
 637.0000000000    1.8387564668e-04
 637.5000000000    1.8388790371e-04
 638.0000000000    1.8390038712e-04
 638.5000000000    1.8391291968e-04
 639.0000000000    1.8392529412e-04
 639.5000000000    1.8393727673e-04
 640.0000000000    1.8394861213e-04
 640.5000000000    1.8395902510e-04
 641.0000000000    1.8396823015e-04
 641.5000000000    1.8397594653e-04
 642.0000000000    1.8398191168e-04
 642.5000000000    1.8398589766e-04
 643.0000000000    1.8398772578e-04
 643.5000000000    1.8398727532e-04
 644.0000000000    1.8398449894e-04
 644.5000000000    1.8397943332e-04
 645.0000000000    1.8397220097e-04
 645.5000000000    1.8396300576e-04
 646.0000000000    1.8395211128e-04
 646.5000000000    1.8393981209e-04
 647.0000000000    1.8392639656e-04
 647.5000000000    1.8391211129e-04
 648.0000000000    1.8389712840e-04
 648.5000000000    1.8388152274e-04
 649.0000000000    1.8386526669e-04
 649.5000000000    1.8384824948e-04
 650.0000000000    1.8383032961e-04
 650.5000000000    1.8381142391e-04
 651.0000000000    1.8379163079e-04
 651.5000000000    1.8377136906e-04
 652.0000000000    1.8375150583e-04
 652.5000000000    1.8373344945e-04
 653.0000000000    1.8371916968e-04
 653.5000000000    1.8371112486e-04
 654.0000000000    1.8371208379e-04
 654.5000000000    1.8372485466e-04
 655.0000000000    1.8375194189e-04
 655.5000000000    1.8379518014e-04
 656.0000000000    1.8385539320e-04
 656.5000000000    1.8393213081e-04
 657.0000000000    1.8402353260e-04
 657.5000000000    1.8412634684e-04
 658.0000000000    1.8423611241e-04
 658.5000000000    1.8434749067e-04
 659.0000000000    1.8445471448e-04
 659.5000000000    1.8455210659e-04
 660.0000000000    1.8463460530e-04
 660.5000000000    1.8469823521e-04
 661.0000000000    1.8474046977e-04
 661.5000000000    1.8476043308e-04
 662.0000000000    1.8475891734e-04
 662.5000000000    1.8473821537e-04
 663.0000000000    1.8470179591e-04
 663.5000000000    1.8465387114e-04
 664.0000000000    1.8459890739e-04
 664.5000000000    1.8454115863e-04
 665.0000000000    1.8448428070e-04
 665.5000000000    1.8443108255e-04
 666.0000000000    1.8438343358e-04
 666.5000000000    1.8434232077e-04
 667.0000000000    1.8430802702e-04
 667.5000000000    1.8428038246e-04
 668.0000000000    1.8425903240e-04
 668.5000000000    1.8424365902e-04
 669.0000000000    1.8423413390e-04
 669.5000000000    1.8423056039e-04
 670.0000000000    1.8423320358e-04
 670.5000000000    1.8424233129e-04
 671.0000000000    1.8425803279e-04
 671.5000000000    1.8428004131e-04
 672.0000000000    1.8430758905e-04
 672.5000000000    1.8433935580e-04
 673.0000000000    1.8437351727e-04
 673.5000000000    1.8440788123e-04
 674.0000000000    1.8444010581e-04
 674.5000000000    1.8446796526e-04
 675.0000000000    1.8448961767e-04
 675.5000000000    1.8450382598e-04
 676.0000000000    1.8451010267e-04
 676.5000000000    1.8450875335e-04
 677.0000000000    1.8450081137e-04
 677.5000000000    1.8448788351e-04
 678.0000000000    1.8447192803e-04
 678.5000000000    1.8445499771e-04
 679.0000000000    1.8443899238e-04
 679.5000000000    1.8442545599e-04
 680.0000000000    1.8441544106e-04
 680.5000000000    1.8440945790e-04
 681.0000000000    1.8440750732e-04
 681.5000000000    1.8440917662e-04
 682.0000000000    1.8441377665e-04
 682.5000000000    1.8442049078e-04
 683.0000000000    1.8442851623e-04
 683.5000000000    1.8443716593e-04
 684.0000000000    1.8444592823e-04
 684.5000000000    1.8445448025e-04
 685.0000000000    1.8446265408e-04
 685.5000000000    1.8447038621e-04
 686.0000000000    1.8447766461e-04
 686.5000000000    1.8448447846e-04
 687.0000000000    1.8449078800e-04
 687.5000000000    1.8449652718e-04
 688.0000000000    1.8450162076e-04
 688.5000000000    1.8450601567e-04
 689.0000000000    1.8450971079e-04
 689.5000000000    1.8451278011e-04
 690.0000000000    1.8451537243e-04
 690.5000000000    1.8451768231e-04
 691.0000000000    1.8451990745e-04
 691.5000000000    1.8452219977e-04
 692.0000000000    1.8452462429e-04
 692.5000000000    1.8452713420e-04
 693.0000000000    1.8452956674e-04
 693.5000000000    1.8453166665e-04
 694.0000000000    1.8453313366e-04
 694.5000000000    1.8453367878e-04
 695.0000000000    1.8453309106e-04
 695.5000000000    1.8453129190e-04
 696.0000000000    1.8452836493e-04
 696.5000000000    1.8452456740e-04
 697.0000000000    1.8452031046e-04
 697.5000000000    1.8451611193e-04
 698.0000000000    1.8451253730e-04
 698.5000000000    1.8451013486e-04
 699.0000000000    1.8450937500e-04
 699.5000000000    1.8451060691e-04
 700.0000000000    1.8451402747e-04
