#          time             L^2_Ham             L^2_Mom
   0.0000000000    3.8361490424e-06    3.7194831189e-06
   0.5000000000    1.2126840891e-06    3.6835947765e-06
   1.0000000000    1.0479275892e-06    3.6491138067e-06
   1.5000000000    9.0298208625e-07    3.6253250034e-06
   2.0000000000    7.7075286515e-07    3.6230221354e-06
   2.5000000000    6.6005336290e-07    3.6409336130e-06
   3.0000000000    5.9114408579e-07    3.6725723602e-06
   3.5000000000    5.5256367279e-07    3.7099255755e-06
   4.0000000000    5.3162743792e-07    3.7466203519e-06
   4.5000000000    5.1741899728e-07    3.7789978954e-06
   5.0000000000    5.0081016392e-07    3.8066184133e-06
   5.5000000000    4.7970127578e-07    3.8303714345e-06
   6.0000000000    4.5604444085e-07    3.8516978031e-06
   6.5000000000    4.3172849440e-07    3.8719590510e-06
   7.0000000000    4.0801957131e-07    3.8926404451e-06
   7.5000000000    3.8581065536e-07    3.9137144475e-06
   8.0000000000    3.6613769036e-07    3.9361231088e-06
   8.5000000000    3.4894783281e-07    3.9605532170e-06
   9.0000000000    3.3398689919e-07    3.9868000180e-06
   9.5000000000    3.2074870931e-07    4.0152581463e-06
  10.0000000000    3.0932683001e-07    4.0454418853e-06
  10.5000000000    2.9956990283e-07    4.0787979777e-06
  11.0000000000    2.9216357787e-07    4.1126464279e-06
  11.5000000000    2.8384341650e-07    4.1482538887e-06
  12.0000000000    2.7790702633e-07    4.1859458111e-06
  12.5000000000    2.7319234684e-07    4.2274509792e-06
  13.0000000000    2.7255518651e-07    4.2676644293e-06
  13.5000000000    2.6806873132e-07    4.3101119287e-06
  14.0000000000    2.7317265864e-07    4.3560948439e-06
  14.5000000000    2.7264221435e-07    4.4008886177e-06
  15.0000000000    2.7033069396e-07    4.4491849726e-06
  15.5000000000    2.6889826992e-07    4.5019010288e-06
  16.0000000000    2.6981134907e-07    4.5496901746e-06
  16.5000000000    2.8043327989e-07    4.5995090231e-06
  17.0000000000    3.0008667852e-07    4.6530322209e-06
  17.5000000000    2.9791130186e-07    4.7086899252e-06
  18.0000000000    2.9412413654e-07    4.7633295580e-06
  18.5000000000    2.9259383986e-07    4.8179882520e-06
  19.0000000000    2.9100328170e-07    4.8750203570e-06
  19.5000000000    2.9357131529e-07    4.9322881155e-06
  20.0000000000    2.9940089867e-07    4.9920818665e-06
  20.5000000000    2.8104075077e-07    5.0501008209e-06
  21.0000000000    2.8085402793e-07    5.1100469576e-06
  21.5000000000    2.8433585828e-07    5.1717386535e-06
  22.0000000000    2.9236528660e-07    5.2344495720e-06
  22.5000000000    3.0123528586e-07    5.2985077130e-06
  23.0000000000    3.0468353502e-07    5.3647905806e-06
  23.5000000000    3.0694744695e-07    5.4278106113e-06
  24.0000000000    3.0940452619e-07    5.4948320448e-06
  24.5000000000    3.1429011472e-07    5.5602042083e-06
  25.0000000000    3.2139169083e-07    5.6251807154e-06
  25.5000000000    3.2865043598e-07    5.6929693499e-06
  26.0000000000    3.2323358166e-07    5.7595281780e-06
  26.5000000000    3.2048851726e-07    5.8270069702e-06
  27.0000000000    3.2231516766e-07    5.8960109380e-06
  27.5000000000    3.2617345550e-07    5.9652829407e-06
  28.0000000000    3.3034438914e-07    6.0391423083e-06
  28.5000000000    3.3475820534e-07    6.1061181476e-06
  29.0000000000    3.3949561969e-07    6.1761374804e-06
  29.5000000000    3.4435462730e-07    6.2469745565e-06
  30.0000000000    3.4942829225e-07    6.3174532371e-06
  30.5000000000    3.5516261556e-07    6.3888470542e-06
  31.0000000000    3.6050175862e-07    6.4640464132e-06
  31.5000000000    3.6609782692e-07    6.5414690513e-06
  32.0000000000    3.7198489803e-07    6.6100135470e-06
  32.5000000000    3.7816849768e-07    6.6832012604e-06
  33.0000000000    3.8390513300e-07    6.7523144850e-06
  33.5000000000    3.9001908348e-07    6.8277403840e-06
  34.0000000000    3.9562516818e-07    6.8989418415e-06
  34.5000000000    4.0035028036e-07    6.9734566421e-06
  35.0000000000    4.0641890998e-07    7.0447393811e-06
  35.5000000000    4.0958533768e-07    7.1229066279e-06
  36.0000000000    4.1339133134e-07    7.1944348170e-06
  36.5000000000    4.1717937920e-07    7.2677360133e-06
  37.0000000000    4.2039605546e-07    7.3408431603e-06
  37.5000000000    4.2372513092e-07    7.4210782269e-06
  38.0000000000    4.2671842872e-07    7.4889010215e-06
  38.5000000000    4.2939743351e-07    7.5644186613e-06
  39.0000000000    4.3205232881e-07    7.6371444636e-06
  39.5000000000    4.3460563116e-07    7.7108902470e-06
  40.0000000000    4.3697363770e-07    7.7855935775e-06
  40.5000000000    4.3988183330e-07    7.8604003577e-06
  41.0000000000    4.4298119648e-07    7.9351529051e-06
  41.5000000000    4.4550389673e-07    8.0122067302e-06
  42.0000000000    4.4820383734e-07    8.0855558760e-06
  42.5000000000    4.5124142118e-07    8.1593486121e-06
  43.0000000000    4.5441910800e-07    8.2463654115e-06
  43.5000000000    4.5782091546e-07    8.3216127103e-06
  44.0000000000    4.6079517143e-07    8.3863452230e-06
  44.5000000000    4.6392590190e-07    8.4572074830e-06
  45.0000000000    4.6758556676e-07    8.5354136786e-06
  45.5000000000    4.7113561595e-07    8.6054312222e-06
  46.0000000000    4.7442459431e-07    8.6863055659e-06
  46.5000000000    4.7772118304e-07    8.7540163658e-06
  47.0000000000    4.8089772195e-07    8.8311744845e-06
  47.5000000000    4.8437600812e-07    8.9109309296e-06
  48.0000000000    4.8799656366e-07    8.9749896300e-06
  48.5000000000    4.9175277524e-07    9.0451183685e-06
  49.0000000000    4.9536717911e-07    9.1306582052e-06
  49.5000000000    4.9869356090e-07    9.1949938197e-06
  50.0000000000    5.0221792002e-07    9.2666378872e-06
  50.5000000000    5.0586246595e-07    9.3396977805e-06
  51.0000000000    5.0947144886e-07    9.4125092367e-06
  51.5000000000    5.1313835407e-07    9.4857406799e-06
  52.0000000000    5.1666162329e-07    9.5585820848e-06
  52.5000000000    5.2056617573e-07    9.6296108761e-06
  53.0000000000    5.2417635311e-07    9.6980787098e-06
  53.5000000000    5.2788550956e-07    9.7689128392e-06
  54.0000000000    5.3182380205e-07    9.8680821824e-06
  54.5000000000    5.3557238078e-07    9.9220902418e-06
  55.0000000000    5.3929674634e-07    9.9868702156e-06
  55.5000000000    5.4285205757e-07    1.0057024872e-05
  56.0000000000    5.4618413851e-07    1.0125272666e-05
  56.5000000000    5.5015259088e-07    1.0193036529e-05
  57.0000000000    5.5383304674e-07    1.0267662375e-05
  57.5000000000    5.5680181357e-07    1.0326353395e-05
  58.0000000000    5.5991323805e-07    1.0389433512e-05
  58.5000000000    5.6340115616e-07    1.0450538010e-05
  59.0000000000    5.6621802128e-07    1.0509553463e-05
  59.5000000000    5.6951405722e-07    1.0577359295e-05
  60.0000000000    5.7313089312e-07    1.0643898051e-05
  60.5000000000    5.7675927269e-07    1.0714296166e-05
  61.0000000000    5.8072351037e-07    1.0785692989e-05
  61.5000000000    5.8467381920e-07    1.0856895122e-05
  62.0000000000    5.8841513380e-07    1.0985982488e-05
  62.5000000000    5.9212050748e-07    1.1002223392e-05
  63.0000000000    5.9560166084e-07    1.1068263853e-05
  63.5000000000    5.9902528549e-07    1.1130970609e-05
  64.0000000000    6.0291557740e-07    1.1195639468e-05
  64.5000000000    6.0654554473e-07    1.1268620200e-05
  65.0000000000    6.1020717909e-07    1.1329290713e-05
  65.5000000000    6.1406129472e-07    1.1397590135e-05
  66.0000000000    6.1789105678e-07    1.1461679858e-05
  66.5000000000    6.2174102369e-07    1.1529187099e-05
  67.0000000000    6.2540965739e-07    1.1595231415e-05
  67.5000000000    6.2921947771e-07    1.1672042405e-05
  68.0000000000    6.3293598664e-07    1.1730412796e-05
  68.5000000000    6.3669276336e-07    1.1852271515e-05
  69.0000000000    6.4026468702e-07    1.1891826756e-05
  69.5000000000    6.4410260867e-07    1.1947759356e-05
  70.0000000000    6.4770164885e-07    1.1990432558e-05
  70.5000000000    6.5148512634e-07    1.2149884643e-05
  71.0000000000    6.5502292197e-07    1.2143742490e-05
  71.5000000000    6.5878777876e-07    1.2192978890e-05
  72.0000000000    6.6245618329e-07    1.2275491039e-05
  72.5000000000    6.6579142447e-07    1.2329515184e-05
  73.0000000000    6.7041439830e-07    1.2385884378e-05
  73.5000000000    6.7425241978e-07    1.2439247909e-05
  74.0000000000    6.7760255408e-07    1.2495231787e-05
  74.5000000000    6.8159447974e-07    1.2584786288e-05
  75.0000000000    6.8739061266e-07    1.2666465098e-05
  75.5000000000    6.9039544649e-07    1.2728092099e-05
  76.0000000000    6.9411536388e-07    1.2781942870e-05
  76.5000000000    6.9782488637e-07    1.2834458529e-05
  77.0000000000    7.0035002527e-07    1.2889306306e-05
  77.5000000000    7.0235386204e-07    1.2956153485e-05
  78.0000000000    7.0657920552e-07    1.3016815268e-05
  78.5000000000    7.1104396573e-07    1.3082260055e-05
  79.0000000000    7.1492859994e-07    1.3133640821e-05
  79.5000000000    7.1886820461e-07    1.3204129065e-05
  80.0000000000    7.2175219038e-07    1.3252930452e-05
  80.5000000000    7.2488652663e-07    1.3313507126e-05
  81.0000000000    7.2827221007e-07    1.3377842207e-05
  81.5000000000    7.3193916712e-07    1.3436711930e-05
  82.0000000000    7.3549576891e-07    1.3495275871e-05
  82.5000000000    7.3939112609e-07    1.3555567072e-05
  83.0000000000    7.4284141904e-07    1.3616515653e-05
  83.5000000000    7.4621489075e-07    1.3677272392e-05
  84.0000000000    7.4989223893e-07    1.3736357243e-05
  84.5000000000    7.5336649386e-07    1.3811476524e-05
  85.0000000000    7.5742941213e-07    1.3857467179e-05
  85.5000000000    7.6201772381e-07    1.3916447532e-05
  86.0000000000    7.6829624157e-07    1.3975727301e-05
  86.5000000000    7.7525457446e-07    1.4034432968e-05
  87.0000000000    7.8200827373e-07    1.4092917176e-05
  87.5000000000    7.9251941891e-07    1.4151553296e-05
  88.0000000000    8.0464658343e-07    1.4210075304e-05
  88.5000000000    8.1442766937e-07    1.4277678193e-05
  89.0000000000    8.2278742049e-07    1.4339475055e-05
  89.5000000000    8.3046435972e-07    1.4410636736e-05
  90.0000000000    8.3748336265e-07    1.4446476833e-05
  90.5000000000    8.4403877814e-07    1.4503307239e-05
  91.0000000000    8.4944061829e-07    1.4563423694e-05
  91.5000000000    8.5369504299e-07    1.4618302910e-05
  92.0000000000    8.5716770465e-07    1.4676738768e-05
  92.5000000000    8.6075637733e-07    1.4730362202e-05
  93.0000000000    8.6351583971e-07    1.4787323390e-05
  93.5000000000    8.6560587081e-07    1.4844937482e-05
  94.0000000000    8.6754414565e-07    1.4900022682e-05
  94.5000000000    8.7062105096e-07    1.4975736103e-05
  95.0000000000    8.7327821438e-07    1.5014350471e-05
  95.5000000000    8.7514643929e-07    1.5070019538e-05
  96.0000000000    8.7741873029e-07    1.5126131121e-05
  96.5000000000    8.8070431135e-07    1.5217446935e-05
  97.0000000000    8.8384770946e-07    1.5251874476e-05
  97.5000000000    8.8627561588e-07    1.5293957923e-05
  98.0000000000    8.8855930763e-07    1.5349835677e-05
  98.5000000000    8.9162166320e-07    1.5414715175e-05
  99.0000000000    8.9474096031e-07    1.5467769039e-05
  99.5000000000    8.9809499107e-07    1.5536200625e-05
 100.0000000000    9.0260942648e-07    1.5574090564e-05
 100.5000000000    9.0570356390e-07    1.5623714243e-05
 101.0000000000    9.0536290269e-07    1.5678728508e-05
 101.5000000000    9.0412962974e-07    1.5731656895e-05
 102.0000000000    9.0720410559e-07    1.5786813274e-05
 102.5000000000    9.1469197649e-07    1.5839754823e-05
 103.0000000000    9.1985558738e-07    1.5892698796e-05
 103.5000000000    9.1912618886e-07    1.5945718766e-05
 104.0000000000    9.1821717139e-07    1.5998832725e-05
 104.5000000000    9.2135927437e-07    1.6057883725e-05
 105.0000000000    9.2552562188e-07    1.6107599134e-05
 105.5000000000    9.2813967581e-07    1.6293995265e-05
 106.0000000000    9.2966565020e-07    1.6217424050e-05
 106.5000000000    9.3217035083e-07    1.6263090480e-05
 107.0000000000    9.3480667247e-07    1.6322196508e-05
 107.5000000000    9.3733630882e-07    1.6362944350e-05
 108.0000000000    9.3971208535e-07    1.6425870520e-05
 108.5000000000    9.4229385450e-07    1.6476841023e-05
 109.0000000000    9.4474411519e-07    1.6527642503e-05
 109.5000000000    9.4716812345e-07    1.6581250289e-05
 110.0000000000    9.4969590824e-07    1.6628032831e-05
 110.5000000000    9.5223982135e-07    1.6680296516e-05
 111.0000000000    9.5487386004e-07    1.6730112776e-05
 111.5000000000    9.5741778210e-07    1.6782110587e-05
 112.0000000000    9.5986597922e-07    1.6832764470e-05
 112.5000000000    9.6243089190e-07    1.6883813752e-05
 113.0000000000    9.6496136199e-07    1.6934746734e-05
 113.5000000000    9.6770707711e-07    1.6985330876e-05
 114.0000000000    9.7037617821e-07    1.7058619809e-05
 114.5000000000    9.7300445754e-07    1.7089178841e-05
 115.0000000000    9.7560878889e-07    1.7139196231e-05
 115.5000000000    9.7834462858e-07    1.7189714891e-05
 116.0000000000    9.8107265699e-07    1.7239974150e-05
 116.5000000000    9.8371949402e-07    1.7290120468e-05
 117.0000000000    9.8645610106e-07    1.7340087154e-05
 117.5000000000    9.8939895067e-07    1.7389906501e-05
 118.0000000000    9.9256244823e-07    1.7461785835e-05
 118.5000000000    9.9564415990e-07    1.7493522615e-05
 119.0000000000    9.9860577987e-07    1.7545970244e-05
 119.5000000000    1.0016268098e-06    1.7591427253e-05
 120.0000000000    1.0050289630e-06    1.7640810420e-05
 120.5000000000    1.0086179496e-06    1.7690249498e-05
 121.0000000000    1.0123169270e-06    1.7771647078e-05
 121.5000000000    1.0156674380e-06    1.7903217792e-05
 122.0000000000    1.0195201613e-06    1.8119191906e-05
 122.5000000000    1.0231241323e-06    1.7896877536e-05
 123.0000000000    1.0266222372e-06    1.7914727247e-05
 123.5000000000    1.0300089618e-06    1.7992357219e-05
 124.0000000000    1.0336362451e-06    1.8022430894e-05
 124.5000000000    1.0375996174e-06    1.8067913636e-05
 125.0000000000    1.0409771672e-06    1.8114595114e-05
 125.5000000000    1.0437938383e-06    1.8162336455e-05
 126.0000000000    1.0471640072e-06    1.8210492016e-05
 126.5000000000    1.0511639233e-06    1.8258648730e-05
 127.0000000000    1.0545392190e-06    1.8306657767e-05
 127.5000000000    1.0570636976e-06    1.8378944184e-05
 128.0000000000    1.0599183903e-06    1.8407059146e-05
 128.5000000000    1.0636531567e-06    1.8457803137e-05
 129.0000000000    1.0669471427e-06    1.8500865684e-05
 129.5000000000    1.0691878944e-06    1.8548528497e-05
 130.0000000000    1.0719887575e-06    1.8596217773e-05
 130.5000000000    1.0753929246e-06    1.8643659278e-05
 131.0000000000    1.0781739511e-06    1.8690981079e-05
 131.5000000000    1.0806619045e-06    1.8738209647e-05
 132.0000000000    1.0834818640e-06    1.8785360104e-05
 132.5000000000    1.0865953436e-06    1.8832399456e-05
 133.0000000000    1.0892498400e-06    1.8906641923e-05
 133.5000000000    1.0919227938e-06    1.8928818217e-05
 134.0000000000    1.0945711068e-06    1.8975317336e-05
 134.5000000000    1.0974436438e-06    1.9022500995e-05
 135.0000000000    1.1001278034e-06    1.9069350291e-05
 135.5000000000    1.1028172337e-06    1.9116059394e-05
 136.0000000000    1.1055120571e-06    1.9162666194e-05
 136.5000000000    1.1083408016e-06    1.9209175226e-05
 137.0000000000    1.1111342439e-06    1.9282601211e-05
 137.5000000000    1.1136923900e-06    1.9336047438e-05
 138.0000000000    1.1163241508e-06    1.9353236904e-05
 138.5000000000    1.1191021980e-06    1.9398445977e-05
 139.0000000000    1.1218958422e-06    1.9444961076e-05
 139.5000000000    1.1245208718e-06    1.9491266768e-05
 140.0000000000    1.1271212249e-06    1.9537389847e-05
 140.5000000000    1.1297997215e-06    1.9583462178e-05
 141.0000000000    1.1325229683e-06    1.9629466285e-05
 141.5000000000    1.1352573017e-06    1.9675435062e-05
 142.0000000000    1.1377954662e-06    1.9721354618e-05
 142.5000000000    1.1405319332e-06    1.9774224971e-05
 143.0000000000    1.1456728020e-06    1.9992565765e-05
 143.5000000000    1.1478077255e-06    1.9923265137e-05
 144.0000000000    1.1494469554e-06    1.9917162079e-05
 144.5000000000    1.1521016481e-06    1.9977379208e-05
 145.0000000000    1.1546482519e-06    2.0005797378e-05
 145.5000000000    1.1573933800e-06    2.0055852630e-05
 146.0000000000    1.1603993779e-06    2.0105658057e-05
 146.5000000000    1.1638976920e-06    2.0151333588e-05
 147.0000000000    1.1673986733e-06    2.0217533728e-05
 147.5000000000    1.1708598102e-06    2.0244463351e-05
 148.0000000000    1.1754155062e-06    2.0288665959e-05
 148.5000000000    1.1830291290e-06    2.0644571063e-05
 149.0000000000    1.1916956438e-06    2.0451007875e-05
 149.5000000000    1.1991027352e-06    2.0427661199e-05
 150.0000000000    1.2064008577e-06    2.0459708807e-05
 150.5000000000    1.2204685539e-06    2.0515421101e-05
 151.0000000000    1.2400922027e-06    2.0557752286e-05
 151.5000000000    1.2535263834e-06    2.0613947121e-05
 152.0000000000    1.2624033822e-06    2.0648144712e-05
 152.5000000000    1.2845910002e-06    2.0695412011e-05
 153.0000000000    1.3140690256e-06    2.0740248714e-05
 153.5000000000    1.3250166130e-06    2.0786436371e-05
 154.0000000000    1.3271798753e-06    2.0831435417e-05
 154.5000000000    1.3534522740e-06    2.0876464157e-05
 155.0000000000    1.3867773868e-06    2.1034309837e-05
 155.5000000000    1.3891196228e-06    2.1419747818e-05
 156.0000000000    1.3830538637e-06    2.1285168160e-05
 156.5000000000    1.4065228308e-06    2.1489451505e-05
 157.0000000000    1.4290878366e-06    2.1131499298e-05
 157.5000000000    1.4191057809e-06    2.1183342773e-05
 158.0000000000    1.4080966265e-06    2.1222280975e-05
 158.5000000000    1.4202504648e-06    2.1264561515e-05
 159.0000000000    1.4273847880e-06    2.1309707308e-05
 159.5000000000    1.4188748412e-06    2.1354159485e-05
 160.0000000000    1.4195372769e-06    2.1399161506e-05
 160.5000000000    1.4322009005e-06    2.1459004625e-05
 161.0000000000    1.4373593477e-06    2.1485454834e-05
 161.5000000000    1.4329586679e-06    2.1538566163e-05
 162.0000000000    1.4296954565e-06    2.1577301063e-05
 162.5000000000    1.4274058243e-06    2.1626604921e-05
 163.0000000000    1.4226849901e-06    2.1668176480e-05
 163.5000000000    1.4189269920e-06    2.1715520195e-05
 164.0000000000    1.4202309101e-06    2.1795091257e-05
 164.5000000000    1.4231819274e-06    2.1852004476e-05
 165.0000000000    1.4236928527e-06    2.1857447562e-05
 165.5000000000    1.4215860568e-06    2.1900674559e-05
 166.0000000000    1.4184745134e-06    2.1945260657e-05
 166.5000000000    1.4156585674e-06    2.1990413345e-05
 167.0000000000    1.4133124231e-06    2.2035064983e-05
 167.5000000000    1.4120305464e-06    2.2080326585e-05
 168.0000000000    1.4114970365e-06    2.2125331630e-05
 168.5000000000    1.4104431428e-06    2.2170625141e-05
 169.0000000000    1.4087423733e-06    2.2254673292e-05
 169.5000000000    1.4070903738e-06    2.2263798331e-05
 170.0000000000    1.4062230849e-06    2.2308535047e-05
 170.5000000000    1.4060542619e-06    2.2354668162e-05
 171.0000000000    1.4060273967e-06    2.2399952504e-05
 171.5000000000    1.4059288673e-06    2.2445365119e-05
 172.0000000000    1.4057497918e-06    2.2490663986e-05
 172.5000000000    1.4056474905e-06    2.2569384793e-05
 173.0000000000    1.4057025373e-06    2.2640364984e-05
 173.5000000000    1.4061499217e-06    2.2751124813e-05
 174.0000000000    1.4065586212e-06    2.2704462677e-05
 174.5000000000    1.4069968233e-06    2.2787372338e-05
 175.0000000000    1.4075501522e-06    2.2806329785e-05
 175.5000000000    1.4084225036e-06    2.2826529835e-05
 176.0000000000    1.4095248365e-06    2.2859836366e-05
 176.5000000000    1.4105547897e-06    2.2900551396e-05
 177.0000000000    1.4116127380e-06    2.2944361237e-05
 177.5000000000    1.4128114799e-06    2.3031408266e-05
 178.0000000000    1.4140702799e-06    2.3037812560e-05
 178.5000000000    1.4154946521e-06    2.3083218808e-05
 179.0000000000    1.4171746877e-06    2.3158392812e-05
 179.5000000000    1.4186024603e-06    2.3192515611e-05
 180.0000000000    1.4202476761e-06    2.3225388894e-05
 180.5000000000    1.4221206227e-06    2.3264158503e-05
 181.0000000000    1.4239010754e-06    2.3307127910e-05
 181.5000000000    1.4259108596e-06    2.3352045200e-05
 182.0000000000    1.4278810042e-06    2.3408767803e-05
 182.5000000000    1.4299932059e-06    2.3445499435e-05
 183.0000000000    1.4324480452e-06    2.3492812396e-05
 183.5000000000    1.4349527773e-06    2.3557272929e-05
 184.0000000000    1.4379014016e-06    2.3595916449e-05
 184.5000000000    1.4411663754e-06    2.3633883653e-05
 185.0000000000    1.4449265009e-06    2.3675743296e-05
 185.5000000000    1.4488020734e-06    2.3720198230e-05
 186.0000000000    1.4525839344e-06    2.3811406822e-05
 186.5000000000    1.4556719119e-06    2.3814818157e-05
 187.0000000000    1.4579802979e-06    2.3861286212e-05
 187.5000000000    1.4596760702e-06    2.3908495576e-05
 188.0000000000    1.4609295535e-06    2.3954188036e-05
 188.5000000000    1.4627310970e-06    2.3998685642e-05
 189.0000000000    1.4653577368e-06    2.4044870000e-05
 189.5000000000    1.4685026821e-06    2.4092063441e-05
 190.0000000000    1.4717948148e-06    2.4186097480e-05
 190.5000000000    1.4757278301e-06    2.4189509413e-05
 191.0000000000    1.4801413376e-06    2.4237104623e-05
 191.5000000000    1.4855571002e-06    2.4284931875e-05
 192.0000000000    1.4913436175e-06    2.4337563692e-05
 192.5000000000    1.4957760338e-06    2.4382765716e-05
 193.0000000000    1.4976803642e-06    2.4427975514e-05
 193.5000000000    1.4972074887e-06    2.4474448717e-05
 194.0000000000    1.4963563516e-06    2.4569305798e-05
 194.5000000000    1.4975205394e-06    2.4571870658e-05
 195.0000000000    1.5020658621e-06    2.4620323470e-05
 195.5000000000    1.5087860082e-06    2.4668674851e-05
 196.0000000000    1.5148793461e-06    2.4716734846e-05
 196.5000000000    1.5181858615e-06    2.4765010888e-05
 197.0000000000    1.5185544706e-06    2.4813009533e-05
 197.5000000000    1.5176415942e-06    2.4861519299e-05
 198.0000000000    1.5187134042e-06    2.4958793996e-05
 198.5000000000    1.5222376262e-06    2.4961584430e-05
 199.0000000000    1.5271808800e-06    2.5011576253e-05
 199.5000000000    1.5315225613e-06    2.5060771109e-05
 200.0000000000    1.5345105728e-06    2.5109770663e-05
 200.5000000000    1.5366466363e-06    2.5159838163e-05
 201.0000000000    1.5389500569e-06    2.5209198021e-05
 201.5000000000    1.5420150856e-06    2.5258663347e-05
 202.0000000000    1.5456503750e-06    2.5357628412e-05
 202.5000000000    1.5491589393e-06    2.5360506437e-05
 203.0000000000    1.5521816850e-06    2.5411941516e-05
 203.5000000000    1.5551918509e-06    2.5461948628e-05
 204.0000000000    1.5583679228e-06    2.5512158863e-05
 204.5000000000    1.5616606927e-06    2.5562859728e-05
 205.0000000000    1.5648382070e-06    2.5613778459e-05
 205.5000000000    1.5679072755e-06    2.5664771599e-05
 206.0000000000    1.5711650711e-06    2.5765542865e-05
 206.5000000000    1.5745298338e-06    2.5769201048e-05
 207.0000000000    1.5779061068e-06    2.5822275051e-05
 207.5000000000    1.5813714267e-06    2.5873259997e-05
 208.0000000000    1.5847319610e-06    2.5924826570e-05
 208.5000000000    1.5881996686e-06    2.5976936706e-05
 209.0000000000    1.5916697930e-06    2.6029153231e-05
 209.5000000000    1.5953244845e-06    2.6081607000e-05
 210.0000000000    1.5989654862e-06    2.6143779038e-05
 210.5000000000    1.6026328688e-06    2.6190070754e-05
 211.0000000000    1.6063227196e-06    2.6243073459e-05
 211.5000000000    1.6100384299e-06    2.6295662346e-05
 212.0000000000    1.6137651516e-06    2.6349150660e-05
 212.5000000000    1.6181624304e-06    2.6402793687e-05
 213.0000000000    1.6217989553e-06    2.6456487646e-05
 213.5000000000    1.6274016884e-06    2.6557772775e-05
 214.0000000000    1.6347459329e-06    2.6566581640e-05
 214.5000000000    1.6451583675e-06    2.6622757692e-05
 215.0000000000    1.6599078672e-06    2.6676426241e-05
 215.5000000000    1.6790329931e-06    2.6731336339e-05
 216.0000000000    1.7007417051e-06    2.6786672197e-05
 216.5000000000    1.7208529075e-06    2.6842173074e-05
 217.0000000000    1.7338258703e-06    2.6897466670e-05
 217.5000000000    1.7368457161e-06    2.6960103235e-05
 218.0000000000    1.7322796589e-06    2.7013008251e-05
 218.5000000000    1.7302947453e-06    2.7068442878e-05
 219.0000000000    1.7452071148e-06    2.7124942596e-05
 219.5000000000    1.7867582340e-06    2.7182184619e-05
 220.0000000000    1.8505855830e-06    2.7239573708e-05
 220.5000000000    1.9179350019e-06    2.7302167111e-05
 221.0000000000    1.9652033167e-06    2.7399923301e-05
 221.5000000000    1.9769556797e-06    2.7416435057e-05
 222.0000000000    1.9561310768e-06    2.7474567978e-05
 222.5000000000    1.9228648168e-06    2.7531879673e-05
 223.0000000000    1.9043967926e-06    2.7590988607e-05
 223.5000000000    1.9157722497e-06    2.7650442392e-05
 224.0000000000    1.9477806992e-06    2.7710195852e-05
 224.5000000000    1.9756839263e-06    2.7814519982e-05
 225.0000000000    1.9789158044e-06    2.7836776138e-05
 225.5000000000    1.9551903842e-06    2.7894575795e-05
 226.0000000000    1.9214990199e-06    2.7953381047e-05
 226.5000000000    1.8988380035e-06    2.8014272832e-05
 227.0000000000    1.8965537112e-06    2.8075717458e-05
 227.5000000000    1.9054527886e-06    2.8137647903e-05
 228.0000000000    1.9090962856e-06    2.8231583024e-05
 228.5000000000    1.8987395893e-06    2.8263276052e-05
 229.0000000000    1.8797025776e-06    2.8324220214e-05
 229.5000000000    1.8636164677e-06    2.8387251636e-05
 230.0000000000    1.8581063918e-06    2.8451528392e-05
 230.5000000000    1.8600416615e-06    2.8516080050e-05
 231.0000000000    1.8615513409e-06    2.8580926842e-05
 231.5000000000    1.8582488792e-06    2.8647471995e-05
 232.0000000000    1.8527554879e-06    2.8713393047e-05
 232.5000000000    1.8503552301e-06    2.8774909197e-05
 233.0000000000    1.8551807087e-06    2.9289308452e-05
 233.5000000000    1.8597519465e-06    2.8973663462e-05
 234.0000000000    1.8672046517e-06    3.1281225151e-05
 234.5000000000    1.8714135792e-06    3.5554787136e-05
 235.0000000000    1.8772308899e-06    4.0223188226e-05
 235.5000000000    1.8858724111e-06    4.4210759597e-05
 236.0000000000    1.8976251861e-06    4.7667684280e-05
 236.5000000000    1.9170147532e-06    3.0687506171e-05
 237.0000000000    1.9056069997e-06    3.0516591765e-05
 237.5000000000    1.9065560918e-06    3.1070762752e-05
 238.0000000000    1.9095275369e-06    3.0402346036e-05
 238.5000000000    1.9143629366e-06    2.9689198566e-05
 239.0000000000    1.9186286072e-06    2.9719206334e-05
 239.5000000000    1.9232336215e-06    2.9872720073e-05
 240.0000000000    1.9277980278e-06    2.9862626298e-05
 240.5000000000    1.9324389217e-06    2.9948991468e-05
 241.0000000000    1.9385495531e-06    3.0629627634e-05
 241.5000000000    1.9429680145e-06    3.0272102247e-05
 242.0000000000    1.9476084216e-06    3.0129648278e-05
 242.5000000000    1.9520489157e-06    3.0201524199e-05
 243.0000000000    1.9563383748e-06    3.0310977204e-05
 243.5000000000    1.9609250755e-06    3.0340877132e-05
 244.0000000000    1.9656512303e-06    3.0413117013e-05
 244.5000000000    1.9706903127e-06    3.0492029669e-05
 245.0000000000    1.9758098560e-06    3.0564104059e-05
 245.5000000000    1.9814718336e-06    3.0651044029e-05
 246.0000000000    1.9869089482e-06    3.0728874500e-05
 246.5000000000    1.9924956732e-06    3.0809583132e-05
 247.0000000000    1.9981581852e-06    3.0892380366e-05
 247.5000000000    2.0041056889e-06    3.0991592385e-05
 248.0000000000    2.0104947792e-06    3.1064731705e-05
 248.5000000000    2.0172929004e-06    3.1142082692e-05
 249.0000000000    2.0244735280e-06    3.1223585555e-05
 249.5000000000    2.0314871458e-06    3.1308156240e-05
 250.0000000000    2.0388362925e-06    3.1393574770e-05
 250.5000000000    2.0463944322e-06    3.1480035739e-05
 251.0000000000    2.0541731558e-06    3.1567490864e-05
 251.5000000000    2.0621744399e-06    3.1649286292e-05
 252.0000000000    2.0702841591e-06    3.1737102007e-05
 252.5000000000    2.0784764072e-06    3.1828501059e-05
 253.0000000000    2.0867506322e-06    3.1921070009e-05
 253.5000000000    2.0951721736e-06    3.2014439473e-05
 254.0000000000    2.1036527542e-06    3.2108253337e-05
 254.5000000000    2.1122800892e-06    3.2202707248e-05
 255.0000000000    2.1209478267e-06    3.2319842053e-05
 255.5000000000    2.1296769219e-06    3.2403610408e-05
 256.0000000000    2.1383232827e-06    3.2493422836e-05
 256.5000000000    2.1470930462e-06    3.2588478368e-05
 257.0000000000    2.1557891865e-06    3.2686352054e-05
 257.5000000000    2.1645124132e-06    3.2786142085e-05
 258.0000000000    2.1734271381e-06    3.2887484072e-05
 258.5000000000    2.1825332518e-06    3.3013091050e-05
 259.0000000000    2.1917651835e-06    3.3103306328e-05
 259.5000000000    2.2009271422e-06    3.3200622022e-05
 260.0000000000    2.2099277862e-06    3.3303726433e-05
 260.5000000000    2.2184468104e-06    3.3409986479e-05
 261.0000000000    2.2270357990e-06    3.3518470974e-05
 261.5000000000    2.2358163504e-06    3.3628813146e-05
 262.0000000000    2.2452096545e-06    3.3776477406e-05
 262.5000000000    2.2553890511e-06    3.3865203539e-05
 263.0000000000    2.2659746081e-06    3.3977186312e-05
 263.5000000000    2.2766025493e-06    3.4080846014e-05
 264.0000000000    2.2865879167e-06    3.4197968717e-05
 264.5000000000    2.2958862018e-06    3.4315925601e-05
 265.0000000000    2.3048984061e-06    3.4436182664e-05
 265.5000000000    2.3146674887e-06    3.4583991226e-05
 266.0000000000    2.3257316006e-06    3.4691437982e-05
 266.5000000000    2.3380125842e-06    3.4809620650e-05
 267.0000000000    2.3507861407e-06    3.4933748894e-05
 267.5000000000    2.3630090632e-06    3.5061986347e-05
 268.0000000000    2.3741845458e-06    3.5193025868e-05
 268.5000000000    2.3847964741e-06    3.5326461321e-05
 269.0000000000    2.3958367955e-06    3.5486703691e-05
 269.5000000000    2.4079700937e-06    3.5609536305e-05
 270.0000000000    2.4210639889e-06    3.5738841933e-05
 270.5000000000    2.4345488519e-06    3.5878745992e-05
 271.0000000000    2.4478906656e-06    3.6020046188e-05
 271.5000000000    2.4608720902e-06    3.6166546561e-05
 272.0000000000    2.4738044440e-06    3.6314956992e-05
 272.5000000000    2.4872354869e-06    3.6455066614e-05
 273.0000000000    2.5011320627e-06    3.6607611874e-05
 273.5000000000    2.5154801654e-06    3.6765756497e-05
 274.0000000000    2.5299049040e-06    3.6926593200e-05
 274.5000000000    2.5445288973e-06    3.7089969729e-05
 275.0000000000    2.5593218907e-06    3.7256161055e-05
 275.5000000000    2.5743851288e-06    3.7460805582e-05
 276.0000000000    2.5898157560e-06    3.7602498018e-05
 276.5000000000    2.6054844960e-06    3.7768899631e-05
 277.0000000000    2.6212896446e-06    3.7942705537e-05
 277.5000000000    2.6372993358e-06    3.8122592833e-05
 278.0000000000    2.6534680055e-06    3.8307439837e-05
 278.5000000000    2.6700648081e-06    3.8495385381e-05
 279.0000000000    2.6871316758e-06    3.8675715659e-05
 279.5000000000    2.7044250065e-06    3.8870847731e-05
 280.0000000000    2.7219403505e-06    3.9073265977e-05
 280.5000000000    2.7396437003e-06    3.9334085415e-05
 281.0000000000    2.7574742592e-06    3.9490942034e-05
 281.5000000000    2.7757395909e-06    3.9753886032e-05
 282.0000000000    2.7943106628e-06    3.9929598797e-05
 282.5000000000    2.8132860912e-06    4.0135871963e-05
 283.0000000000    2.8325337887e-06    4.0363858724e-05
 283.5000000000    2.8516966888e-06    4.0600803564e-05
 284.0000000000    2.8705901221e-06    4.0841080574e-05
 284.5000000000    2.8894094611e-06    4.1086070967e-05
 285.0000000000    2.9088490847e-06    4.1359438833e-05
 285.5000000000    2.9294777161e-06    4.1596953379e-05
 286.0000000000    2.9512539939e-06    4.1855246351e-05
 286.5000000000    2.9734071804e-06    4.2125808526e-05
 287.0000000000    2.9951244570e-06    4.2405448893e-05
 287.5000000000    3.0162697733e-06    4.2717501090e-05
 288.0000000000    3.0374301959e-06    4.3009506248e-05
 288.5000000000    3.0594395689e-06    4.3293752531e-05
 289.0000000000    3.0823346567e-06    4.3596122230e-05
 289.5000000000    3.1056444993e-06    4.3917807617e-05
 290.0000000000    3.1286541181e-06    4.4250464344e-05
 290.5000000000    3.1512857988e-06    4.4592962740e-05
 291.0000000000    3.1740386109e-06    4.4935382122e-05
 291.5000000000    3.1969539096e-06    4.5301158164e-05
 292.0000000000    3.2201740422e-06    4.5680496572e-05
 292.5000000000    3.2431877505e-06    4.6071182659e-05
 293.0000000000    3.2657384838e-06    4.6506290556e-05
 293.5000000000    3.2876447757e-06    4.6898086823e-05
 294.0000000000    3.3093092064e-06    4.7322470287e-05
 294.5000000000    3.3305003090e-06    4.7769436186e-05
 295.0000000000    3.3513000347e-06    4.8239230335e-05
 295.5000000000    3.3714194456e-06    4.8725758674e-05
 296.0000000000    3.3908784570e-06    4.9267891467e-05
 296.5000000000    3.4096243787e-06    4.9764443275e-05
 297.0000000000    3.4276555828e-06    5.0319011210e-05
 297.5000000000    3.4448567525e-06    5.0872664603e-05
 298.0000000000    3.4615408846e-06    5.1478515275e-05
 298.5000000000    3.4778614460e-06    5.2102629182e-05
 299.0000000000    3.4942574101e-06    5.2775313828e-05
 299.5000000000    3.5111251028e-06    5.3458969480e-05
 300.0000000000    3.5292058209e-06    5.4177261611e-05
 300.5000000000    3.5495787102e-06    5.4925815322e-05
 301.0000000000    3.5735589307e-06    5.5737642069e-05
 301.5000000000    3.6027034224e-06    5.6583751218e-05
 302.0000000000    3.6390533354e-06    5.7489055486e-05
 302.5000000000    3.6848762352e-06    5.8438609787e-05
 303.0000000000    3.7423719364e-06    5.9462728213e-05
 303.5000000000    3.8142218373e-06    6.0551168335e-05
 304.0000000000    3.9027810693e-06    6.1722885373e-05
 304.5000000000    4.0100227149e-06    6.3004703458e-05
 305.0000000000    4.1373616790e-06    6.4380219559e-05
 305.5000000000    4.2853263360e-06    6.5909114860e-05
 306.0000000000    4.4540409205e-06    6.7609400565e-05
 306.5000000000    4.6423121342e-06    6.9559072265e-05
 307.0000000000    4.8486030326e-06    7.1797091321e-05
 307.5000000000    5.0702576862e-06    7.4432042081e-05
 308.0000000000    5.3040803151e-06    7.7572508628e-05
 308.5000000000    5.5458989488e-06    8.1388244891e-05
 309.0000000000    5.7908047604e-06    8.6072029018e-05
 309.5000000000    6.0328370451e-06    9.1946465010e-05
 310.0000000000    6.2646723602e-06    9.9185634741e-05
 310.5000000000    6.4780116754e-06    1.0830694858e-04
 311.0000000000    6.6645773707e-06    1.1967580300e-04
 311.5000000000    6.8207110395e-06    1.3378916758e-04
 312.0000000000    6.9678380194e-06    1.5111018295e-04
 312.5000000000    7.2236123680e-06    1.7213155183e-04
 313.0000000000    8.0059537689e-06    1.9731982004e-04
 313.5000000000    1.0342269597e-05    2.2715831155e-04
 314.0000000000    1.5749910660e-05    2.6227288664e-04
 314.5000000000    2.5719752284e-05    3.0390343306e-04
 315.0000000000    4.1661475714e-05    3.5544061194e-04
 315.5000000000    6.4829399415e-05    4.2727604515e-04
 316.0000000000    9.5820032225e-05    5.4604987857e-04
 316.5000000000    1.3384973294e-04    7.5513846001e-04
 317.0000000000    1.7621167011e-04    1.0878123856e-03
 317.5000000000    2.1836095264e-04    1.5377917415e-03
 318.0000000000    2.5480461063e-04    2.0573668352e-03
 318.5000000000    2.8057542002e-04    2.5745268335e-03
 319.0000000000    2.9270176097e-04    3.0163916208e-03
 319.5000000000    2.9092880615e-04    3.3304074893e-03
 320.0000000000    2.7740124235e-04    3.4957980654e-03
 320.5000000000    2.5569400736e-04    3.5229713678e-03
 321.0000000000    2.2975439382e-04    3.4444587904e-03
 321.5000000000    2.0308569347e-04    3.3027165759e-03
 322.0000000000    1.7827477531e-04    3.1387940491e-03
 322.5000000000    1.5685054659e-04    2.9843610847e-03
 323.0000000000    1.3939850983e-04    2.8583682024e-03
 323.5000000000    1.2582075864e-04    2.7680634067e-03
 324.0000000000    1.1562856376e-04    2.7125922837e-03
 324.5000000000    1.0818566002e-04    2.6869750459e-03
 325.0000000000    1.0286678639e-04    2.6850344444e-03
 325.5000000000    9.9136276976e-05    2.7009720638e-03
 326.0000000000    9.6570685031e-05    2.7299392789e-03
 326.5000000000    9.4851351918e-05    2.7680799688e-03
 327.0000000000    9.3744900230e-05    2.8123642233e-03
 327.5000000000    9.3082327080e-05    2.8603897230e-03
 328.0000000000    9.2740825979e-05    2.9102125382e-03
 328.5000000000    9.2629724322e-05    2.9602275343e-03
 329.0000000000    9.2680126487e-05    3.0090907646e-03
 329.5000000000    9.2837986996e-05    3.0556752978e-03
 330.0000000000    9.3059328496e-05    3.0990473006e-03
 330.5000000000    9.3307507131e-05    3.1384544312e-03
 331.0000000000    9.3551424245e-05    3.1733191509e-03
 331.5000000000    9.3764779953e-05    3.2032331322e-03
 332.0000000000    9.3925724503e-05    3.2279498553e-03
 332.5000000000    9.4016793854e-05    3.2473753872e-03
 333.0000000000    9.4025093421e-05    3.2615552876e-03
 333.5000000000    9.3942316250e-05    3.2706620643e-03
 334.0000000000    9.3764784333e-05    3.2749697802e-03
 334.5000000000    9.3493266763e-05    3.2748536984e-03
 335.0000000000    9.3132748713e-05    3.2707548430e-03
 335.5000000000    9.2691833771e-05    3.2631738952e-03
 336.0000000000    9.2182127484e-05    3.2526469726e-03
 336.5000000000    9.1617456772e-05    3.2397338628e-03
 337.0000000000    9.1013010292e-05    3.2249994700e-03
 337.5000000000    9.0384518373e-05    3.2090022830e-03
 338.0000000000    8.9747441582e-05    3.1922805105e-03
 338.5000000000    8.9116304521e-05    3.1753431271e-03
 339.0000000000    8.8504186377e-05    3.1586606728e-03
 339.5000000000    8.7922362276e-05    3.1426595076e-03
 340.0000000000    8.7380037874e-05    3.1277169918e-03
 340.5000000000    8.6884324846e-05    3.1141588041e-03
 341.0000000000    8.6440283529e-05    3.1022572281e-03
 341.5000000000    8.6051035028e-05    3.0922309013e-03
 342.0000000000    8.5718043032e-05    3.0842452241e-03
 342.5000000000    8.5441350886e-05    3.0784134626e-03
 343.0000000000    8.5219895343e-05    3.0747980882e-03
 343.5000000000    8.5051804965e-05    3.0734124941e-03
 344.0000000000    8.4934640419e-05    3.0742229759e-03
 344.5000000000    8.4865594055e-05    3.0771511776e-03
 345.0000000000    8.4841618762e-05    3.0820770627e-03
 345.5000000000    8.4859619088e-05    3.0888425674e-03
 346.0000000000    8.4916426364e-05    3.0972560857e-03
 346.5000000000    8.5008764138e-05    3.1070978359e-03
 347.0000000000    8.5133340225e-05    3.1181256854e-03
 347.5000000000    8.5286725854e-05    3.1300817210e-03
 348.0000000000    8.5465319774e-05    3.1426994202e-03
 348.5000000000    8.5665247631e-05    3.1557108508e-03
 349.0000000000    8.5882484258e-05    3.1688538145e-03
 349.5000000000    8.6112655654e-05    3.1818784656e-03
 350.0000000000    8.6351306331e-05    3.1945533404e-03
 350.5000000000    8.6593786686e-05    3.2066702797e-03
 351.0000000000    8.6835368213e-05    3.2180492514e-03
 351.5000000000    8.7071431744e-05    3.2285387944e-03
 352.0000000000    8.7297487646e-05    3.2380201466e-03
 352.5000000000    8.7509379254e-05    3.2464054299e-03
 353.0000000000    8.7703301788e-05    3.2536378347e-03
 353.5000000000    8.7876022588e-05    3.2596908074e-03
 354.0000000000    8.8024909691e-05    3.2645662870e-03
 354.5000000000    8.8148084862e-05    3.2682927076e-03
 355.0000000000    8.8244410202e-05    3.2709223911e-03
 355.5000000000    8.8313466061e-05    3.2725281029e-03
 356.0000000000    8.8355564757e-05    3.2731996353e-03
 356.5000000000    8.8371603212e-05    3.2730404089e-03
 357.0000000000    8.8363141114e-05    3.2721642562e-03
 357.5000000000    8.8332274290e-05    3.2706923454e-03
 358.0000000000    8.8281678080e-05    3.2687500579e-03
 358.5000000000    8.8214447664e-05    3.2664637310e-03
 359.0000000000    8.8133840391e-05    3.2639573917e-03
 359.5000000000    8.8043098135e-05    3.2613498509e-03
 360.0000000000    8.7945360686e-05    3.2587523454e-03
 360.5000000000    8.7843400810e-05    3.2562669238e-03
 361.0000000000    8.7739874313e-05    3.2539854062e-03
 361.5000000000    8.7637346190e-05    3.2519884397e-03
 362.0000000000    8.7538113119e-05    3.2503446756e-03
 362.5000000000    8.7444303865e-05    3.2491104238e-03
 363.0000000000    8.7357485336e-05    3.2483297440e-03
 363.5000000000    8.7278840055e-05    3.2480346672e-03
 364.0000000000    8.7209105852e-05    3.2482454490e-03
 364.5000000000    8.7148861572e-05    3.2489705252e-03
 365.0000000000    8.7098653361e-05    3.2502064200e-03
 365.5000000000    8.7058899903e-05    3.2519379851e-03
 366.0000000000    8.7029931141e-05    3.2541392949e-03
 366.5000000000    8.7011724351e-05    3.2567749848e-03
 367.0000000000    8.7004124398e-05    3.2598018037e-03
 367.5000000000    8.7006665502e-05    3.2631700732e-03
 368.0000000000    8.7018870135e-05    3.2668250302e-03
 368.5000000000    8.7040177484e-05    3.2707084193e-03
 369.0000000000    8.7069896220e-05    3.2747604059e-03
 369.5000000000    8.7107148443e-05    3.2789217082e-03
 370.0000000000    8.7150873229e-05    3.2831353837e-03
 370.5000000000    8.7199790014e-05    3.2873480955e-03
 371.0000000000    8.7252526352e-05    3.2915107573e-03
 371.5000000000    8.7307791518e-05    3.2955805520e-03
 372.0000000000    8.7364223977e-05    3.2995113366e-03
 372.5000000000    8.7420564045e-05    3.3032718631e-03
 373.0000000000    8.7475617732e-05    3.3068265843e-03
 373.5000000000    8.7528309888e-05    3.3101483577e-03
 374.0000000000    8.7577758701e-05    3.3132114007e-03
 374.5000000000    8.7623305100e-05    3.3159967080e-03
 375.0000000000    8.7664667230e-05    3.3184891412e-03
 375.5000000000    8.7701719475e-05    3.3206809042e-03
 376.0000000000    8.7734593247e-05    3.3225710742e-03
 376.5000000000    8.7763794814e-05    3.3241680508e-03
 377.0000000000    8.7789858367e-05    3.3254892118e-03
 377.5000000000    8.7813292524e-05    3.3265611729e-03
 378.0000000000    8.7834605304e-05    3.3274182104e-03
 378.5000000000    8.7854008939e-05    3.3281005369e-03
 379.0000000000    8.7871328059e-05    3.3286514781e-03
 379.5000000000    8.7885985825e-05    3.3291146825e-03
 380.0000000000    8.7896978087e-05    3.3295328064e-03
 380.5000000000    8.7902843225e-05    3.3299359965e-03
 381.0000000000    8.7901900169e-05    3.3303571579e-03
 381.5000000000    8.7892518243e-05    3.3308128107e-03
 382.0000000000    8.7873254890e-05    3.3313142283e-03
 382.5000000000    8.7843280220e-05    3.3318708060e-03
 383.0000000000    8.7802619200e-05    3.3324738399e-03
 383.5000000000    8.7752301846e-05    3.3331346458e-03
 384.0000000000    8.7694373590e-05    3.3338565837e-03
 384.5000000000    8.7631893299e-05    3.3346480227e-03
 385.0000000000    8.7568629926e-05    3.3355232941e-03
 385.5000000000    8.7508706690e-05    3.3365019039e-03
 386.0000000000    8.7456198052e-05    3.3376059460e-03
 386.5000000000    8.7414503154e-05    3.3388564762e-03
 387.0000000000    8.7386187414e-05    3.3402712664e-03
 387.5000000000    8.7372393774e-05    3.3418526051e-03
 388.0000000000    8.7372917508e-05    3.3436015435e-03
 388.5000000000    8.7386230311e-05    3.3454998760e-03
 389.0000000000    8.7409826444e-05    3.3475200067e-03
 389.5000000000    8.7440524012e-05    3.3496244346e-03
 390.0000000000    8.7474981151e-05    3.3517703044e-03
 390.5000000000    8.7510151007e-05    3.3539141387e-03
 391.0000000000    8.7543686444e-05    3.3560170870e-03
 391.5000000000    8.7574112171e-05    3.3580493550e-03
 392.0000000000    8.7600914346e-05    3.3599929881e-03
 392.5000000000    8.7624437964e-05    3.3618426302e-03
 393.0000000000    8.7645619253e-05    3.3636042726e-03
 393.5000000000    8.7665688710e-05    3.3652923302e-03
 394.0000000000    8.7685789289e-05    3.3669256494e-03
 394.5000000000    8.7706626401e-05    3.3685232366e-03
 395.0000000000    8.7728640309e-05    3.3701003310e-03
 395.5000000000    8.7751446506e-05    3.3716653336e-03
 396.0000000000    8.7774346171e-05    3.3732181463e-03
 396.5000000000    8.7796390786e-05    3.3747503783e-03
 397.0000000000    8.7816475094e-05    3.3762472180e-03
 397.5000000000    8.7833656780e-05    3.3776904963e-03
 398.0000000000    8.7847356594e-05    3.3790623132e-03
 398.5000000000    8.7857291057e-05    3.3803485194e-03
 399.0000000000    8.7863696766e-05    3.3815414277e-03
 399.5000000000    8.7866943719e-05    3.3826413603e-03
 400.0000000000    8.7867645949e-05    3.3836567763e-03
 400.5000000000    8.7866653532e-05    3.3846032807e-03
 401.0000000000    8.7864505832e-05    3.3855014540e-03
 401.5000000000    8.7861715732e-05    3.3863740070e-03
 402.0000000000    8.7858640236e-05    3.3872428733e-03
 402.5000000000    8.7855490724e-05    3.3881266913e-03
 403.0000000000    8.7852315379e-05    3.3890390663e-03
 403.5000000000    8.7849199679e-05    3.3899878276e-03
 404.0000000000    8.7846208371e-05    3.3909753327e-03
 404.5000000000    8.7843381305e-05    3.3919995971e-03
 405.0000000000    8.7840844968e-05    3.3930559318e-03
 405.5000000000    8.7838752498e-05    3.3941387346e-03
 406.0000000000    8.7837236785e-05    3.3952429887e-03
 406.5000000000    8.7836478107e-05    3.3963652777e-03
 407.0000000000    8.7836616549e-05    3.3975041034e-03
 407.5000000000    8.7837731281e-05    3.3986594415e-03
 408.0000000000    8.7839951969e-05    3.3998319640e-03
 408.5000000000    8.7843341627e-05    3.4010219882e-03
 409.0000000000    8.7847934379e-05    3.4022283874e-03
 409.5000000000    8.7853795751e-05    3.4034478985e-03
 410.0000000000    8.7860835535e-05    3.4046751461e-03
 410.5000000000    8.7868885779e-05    3.4059032870e-03
 411.0000000000    8.7877641776e-05    3.4071251128e-03
 411.5000000000    8.7886663384e-05    3.4083344129e-03
 412.0000000000    8.7895415968e-05    3.4095272256e-03
 412.5000000000    8.7903333867e-05    3.4107026929e-03
 413.0000000000    8.7909894788e-05    3.4118631942e-03
 413.5000000000    8.7914710322e-05    3.4130137917e-03
 414.0000000000    8.7917577609e-05    3.4141610780e-03
 414.5000000000    8.7918506523e-05    3.4153115731e-03
 415.0000000000    8.7917854813e-05    3.4164701002e-03
 415.5000000000    8.7915987175e-05    3.4176384566e-03
 416.0000000000    8.7913596575e-05    3.4188146103e-03
 416.5000000000    8.7911280592e-05    3.4199926204e-03
 417.0000000000    8.7909735555e-05    3.4211634434e-03
 417.5000000000    8.7909395598e-05    3.4223164977e-03
 418.0000000000    8.7910583402e-05    3.4234415506e-03
 418.5000000000    8.7913373044e-05    3.4245306155e-03
 419.0000000000    8.7917570195e-05    3.4255794994e-03
 419.5000000000    8.7922878659e-05    3.4265887021e-03
 420.0000000000    8.7928848626e-05    3.4275634857e-03
 420.5000000000    8.7935092423e-05    3.4285130896e-03
 421.0000000000    8.7941148276e-05    3.4294492333e-03
 421.5000000000    8.7946814414e-05    3.4303841649e-03
 422.0000000000    8.7951950483e-05    3.4313286521e-03
 422.5000000000    8.7956584777e-05    3.4322902650e-03
 423.0000000000    8.7960922583e-05    3.4332722793e-03
 423.5000000000    8.7965136566e-05    3.4342733587e-03
 424.0000000000    8.7969548796e-05    3.4352880843e-03
 424.5000000000    8.7974327230e-05    3.4363082161e-03
 425.0000000000    8.7979518321e-05    3.4373244528e-03
 425.5000000000    8.7984976827e-05    3.4383282303e-03
 426.0000000000    8.7990444622e-05    3.4393133604e-03
 426.5000000000    8.7995601279e-05    3.4402770323e-03
 427.0000000000    8.8000196532e-05    3.4412202050e-03
 427.5000000000    8.8004128132e-05    3.4421473038e-03
 428.0000000000    8.8007488459e-05    3.4430652858e-03
 428.5000000000    8.8010494177e-05    3.4439823149e-03
 429.0000000000    8.8013361781e-05    3.4449063191e-03
 429.5000000000    8.8016283278e-05    3.4458436265e-03
 430.0000000000    8.8019378447e-05    3.4467978977e-03
 430.5000000000    8.8022698536e-05    3.4477696491e-03
 431.0000000000    8.8026263042e-05    3.4487563965e-03
 431.5000000000    8.8030092994e-05    3.4497532695e-03
 432.0000000000    8.8034212306e-05    3.4507539626e-03
 432.5000000000    8.8038614998e-05    3.4517517394e-03
 433.0000000000    8.8043216448e-05    3.4527404151e-03
 433.5000000000    8.8047843574e-05    3.4537151488e-03
 434.0000000000    8.8052285740e-05    3.4546729592e-03
 434.5000000000    8.8056368875e-05    3.4556130156e-03
 435.0000000000    8.8060034675e-05    3.4565365519e-03
 435.5000000000    8.8063364450e-05    3.4574464643e-03
 436.0000000000    8.8066517199e-05    3.4583467158e-03
 436.5000000000    8.8069775232e-05    3.4592415350e-03
 437.0000000000    8.8073082271e-05    3.4601347144e-03
 437.5000000000    8.8076562538e-05    3.4610289867e-03
 438.0000000000    8.8080168988e-05    3.4619256833e-03
 438.5000000000    8.8083693153e-05    3.4628246529e-03
 439.0000000000    8.8087121650e-05    3.4637244056e-03
 439.5000000000    8.8090393650e-05    3.4646225383e-03
 440.0000000000    8.8093407201e-05    3.4655162309e-03
 440.5000000000    8.8096069351e-05    3.4664028182e-03
 441.0000000000    8.8098254314e-05    3.4672802771e-03
 441.5000000000    8.8099898348e-05    3.4681476007e-03
 442.0000000000    8.8101032000e-05    3.4690056207e-03
 442.5000000000    8.8101756153e-05    3.4698535585e-03
 443.0000000000    8.8102280989e-05    3.4706950033e-03
 443.5000000000    8.8102825743e-05    3.4715316664e-03
 444.0000000000    8.8103584207e-05    3.4723684962e-03
 444.5000000000    8.8104714354e-05    3.4731997753e-03
 445.0000000000    8.8106330972e-05    3.4740341254e-03
 445.5000000000    8.8108527534e-05    3.4748708506e-03
 446.0000000000    8.8111331805e-05    3.4757100111e-03
 446.5000000000    8.8114708126e-05    3.4765508634e-03
 447.0000000000    8.8118569316e-05    3.4773933465e-03
 447.5000000000    8.8122774102e-05    3.4782360709e-03
 448.0000000000    8.8127173054e-05    3.4790775486e-03
 448.5000000000    8.8131623012e-05    3.4799162231e-03
 449.0000000000    8.8135997950e-05    3.4807594402e-03
 449.5000000000    8.8140178269e-05    3.4815802171e-03
 450.0000000000    8.8144128457e-05    3.4824040852e-03
 450.5000000000    8.8147824627e-05    3.4832221790e-03
 451.0000000000    8.8151274828e-05    3.4840354778e-03
 451.5000000000    8.8154522920e-05    3.4848448213e-03
 452.0000000000    8.8157653246e-05    3.4856514593e-03
 452.5000000000    8.8160744648e-05    3.4864563954e-03
 453.0000000000    8.8163845277e-05    3.4872603215e-03
 453.5000000000    8.8166985352e-05    3.4880636692e-03
 454.0000000000    8.8170195342e-05    3.4888691947e-03
 454.5000000000    8.8173472829e-05    3.4896803577e-03
 455.0000000000    8.8176751340e-05    3.4904695405e-03
 455.5000000000    8.8180041856e-05    3.4912683514e-03
 456.0000000000    8.8183307352e-05    3.4920639922e-03
 456.5000000000    8.8186508291e-05    3.4928558718e-03
 457.0000000000    8.8189593658e-05    3.4936428657e-03
 457.5000000000    8.8192575868e-05    3.4944243501e-03
 458.0000000000    8.8195433400e-05    3.4952000273e-03
 458.5000000000    8.8198183939e-05    3.4959700993e-03
 459.0000000000    8.8200864906e-05    3.4967353136e-03
 459.5000000000    8.8203508734e-05    3.4974966973e-03
 460.0000000000    8.8206139512e-05    3.4982553121e-03
 460.5000000000    8.8208765827e-05    3.4990122132e-03
 461.0000000000    8.8211432672e-05    3.4997681988e-03
 461.5000000000    8.8214109667e-05    3.5005237149e-03
 462.0000000000    8.8216785781e-05    3.5012788607e-03
 462.5000000000    8.8219470087e-05    3.5020335279e-03
 463.0000000000    8.8222122560e-05    3.5027875844e-03
 463.5000000000    8.8224754124e-05    3.5035408160e-03
 464.0000000000    8.8227326269e-05    3.5042929165e-03
 464.5000000000    8.8229864230e-05    3.5050435889e-03
 465.0000000000    8.8232405993e-05    3.5057966144e-03
 465.5000000000    8.8234904569e-05    3.5065394733e-03
 466.0000000000    8.8237412606e-05    3.5072834217e-03
 466.5000000000    8.8239973156e-05    3.5080260777e-03
 467.0000000000    8.8242580063e-05    3.5087678279e-03
 467.5000000000    8.8245245364e-05    3.5095004079e-03
 468.0000000000    8.8247955167e-05    3.5102318783e-03
 468.5000000000    8.8250727525e-05    3.5109594698e-03
 469.0000000000    8.8253580918e-05    3.5116925041e-03
 469.5000000000    8.8256460269e-05    3.5124108288e-03
 470.0000000000    8.8259390699e-05    3.5131300961e-03
 470.5000000000    8.8262306869e-05    3.5138470390e-03
 471.0000000000    8.8265223409e-05    3.5145619907e-03
 471.5000000000    8.8268142029e-05    3.5152715096e-03
 472.0000000000    8.8271045201e-05    3.5159783706e-03
 472.5000000000    8.8273887851e-05    3.5166831492e-03
 473.0000000000    8.8276679978e-05    3.5173817341e-03
 473.5000000000    8.8279368593e-05    3.5180773072e-03
 474.0000000000    8.8281999079e-05    3.5187701379e-03
 474.5000000000    8.8284593477e-05    3.5194600718e-03
 475.0000000000    8.8287137890e-05    3.5201479089e-03
 475.5000000000    8.8289680458e-05    3.5208337033e-03
 476.0000000000    8.8292232562e-05    3.5215174396e-03
 476.5000000000    8.8294794140e-05    3.5221990861e-03
 477.0000000000    8.8297360015e-05    3.5228787034e-03
 477.5000000000    8.8299902805e-05    3.5235565545e-03
 478.0000000000    8.8302400128e-05    3.5242330852e-03
 478.5000000000    8.8304831229e-05    3.5249088971e-03
 479.0000000000    8.8307187716e-05    3.5255845769e-03
 479.5000000000    8.8309531284e-05    3.5262617126e-03
 480.0000000000    8.8311878090e-05    3.5269365421e-03
 480.5000000000    8.8314272180e-05    3.5276120201e-03
 481.0000000000    8.8316748514e-05    3.5282865612e-03
 481.5000000000    8.8319324892e-05    3.5289612715e-03
 482.0000000000    8.8321930331e-05    3.5296315780e-03
 482.5000000000    8.8324562309e-05    3.5303000043e-03
 483.0000000000    8.8327174003e-05    3.5309669228e-03
 483.5000000000    8.8329749202e-05    3.5316323593e-03
 484.0000000000    8.8332298663e-05    3.5322967195e-03
 484.5000000000    8.8334856881e-05    3.5329596104e-03
 485.0000000000    8.8337452912e-05    3.5336205613e-03
 485.5000000000    8.8340099834e-05    3.5342791800e-03
 486.0000000000    8.8342780417e-05    3.5349352187e-03
 486.5000000000    8.8345456091e-05    3.5355887018e-03
 487.0000000000    8.8348086557e-05    3.5362399025e-03
 487.5000000000    8.8350653297e-05    3.5368891333e-03
 488.0000000000    8.8353171451e-05    3.5375365177e-03
 488.5000000000    8.8355683281e-05    3.5381818716e-03
 489.0000000000    8.8358247172e-05    3.5388247628e-03
 489.5000000000    8.8360876047e-05    3.5394647321e-03
 490.0000000000    8.8363557768e-05    3.5401015255e-03
 490.5000000000    8.8366269226e-05    3.5407352231e-03
 491.0000000000    8.8368934106e-05    3.5413662039e-03
 491.5000000000    8.8371506721e-05    3.5419949801e-03
 492.0000000000    8.8373963487e-05    3.5426219930e-03
 492.5000000000    8.8376325527e-05    3.5432474702e-03
 493.0000000000    8.8378637729e-05    3.5438714230e-03
 493.5000000000    8.8380948687e-05    3.5444937496e-03
 494.0000000000    8.8383292190e-05    3.5451143587e-03
 494.5000000000    8.8385671941e-05    3.5457332526e-03
 495.0000000000    8.8388073454e-05    3.5463505273e-03
 495.5000000000    8.8390469381e-05    3.5469663055e-03
 496.0000000000    8.8392853024e-05    3.5475806493e-03
 496.5000000000    8.8395228985e-05    3.5481935012e-03
 497.0000000000    8.8397615599e-05    3.5488046788e-03
 497.5000000000    8.8400039191e-05    3.5494139075e-03
 498.0000000000    8.8402522425e-05    3.5500208512e-03
 498.5000000000    8.8405079943e-05    3.5506251387e-03
 499.0000000000    8.8407720401e-05    3.5512264036e-03
 499.5000000000    8.8410457710e-05    3.5518243915e-03
 500.0000000000    8.8413302929e-05    3.5524190929e-03
 500.5000000000    8.8416259226e-05    3.5530109354e-03
 501.0000000000    8.8419314130e-05    3.5536009643e-03
 501.5000000000    8.8422427912e-05    3.5541909510e-03
 502.0000000000    8.8425540682e-05    3.5547833853e-03
 502.5000000000    8.8428597730e-05    3.5553813168e-03
 503.0000000000    8.8431588589e-05    3.5559880333e-03
 503.5000000000    8.8434588325e-05    3.5566065635e-03
 504.0000000000    8.8437790322e-05    3.5572390015e-03
 504.5000000000    8.8441531879e-05    3.5578857241e-03
 505.0000000000    8.8446282943e-05    3.5585446088e-03
 505.5000000000    8.8452597620e-05    3.5592104207e-03
 506.0000000000    8.8461040000e-05    3.5598746080e-03
 506.5000000000    8.8472072486e-05    3.5605257635e-03
 507.0000000000    8.8485925919e-05    3.5611508569e-03
 507.5000000000    8.8502460235e-05    3.5617371866e-03
 508.0000000000    8.8521054199e-05    3.5622747415e-03
 508.5000000000    8.8540546736e-05    3.5627584602e-03
 509.0000000000    8.8559264689e-05    3.5631898364e-03
 509.5000000000    8.8575163608e-05    3.5635774452e-03
 510.0000000000    8.8586046942e-05    3.5639361998e-03
 510.5000000000    8.8589910635e-05    3.5642854225e-03
 511.0000000000    8.8585263999e-05    3.5646461031e-03
 511.5000000000    8.8571427687e-05    3.5650378407e-03
 512.0000000000    8.8548791247e-05    3.5654760010e-03
 512.5000000000    8.8518813510e-05    3.5659695258e-03
 513.0000000000    8.8483901452e-05    3.5665197063e-03
 513.5000000000    8.8447120138e-05    3.5671201046e-03
 514.0000000000    8.8411762547e-05    3.5677590257e-03
 514.5000000000    8.8380843359e-05    3.5684153384e-03
 515.0000000000    8.8356726239e-05    3.5690740306e-03
 515.5000000000    8.8340762302e-05    3.5697177858e-03
 516.0000000000    8.8333213323e-05    3.5703351031e-03
 516.5000000000    8.8333323253e-05    3.5709260901e-03
 517.0000000000    8.8339492099e-05    3.5714817524e-03
 517.5000000000    8.8349788756e-05    3.5720226203e-03
 518.0000000000    8.8362227586e-05    3.5725579318e-03
 518.5000000000    8.8375161359e-05    3.5731004912e-03
 519.0000000000    8.8387511924e-05    3.5736607831e-03
 519.5000000000    8.8398847486e-05    3.5742452517e-03
 520.0000000000    8.8409303724e-05    3.5748551217e-03
 520.5000000000    8.8419379344e-05    3.5754868982e-03
 521.0000000000    8.8429679581e-05    3.5761335406e-03
 521.5000000000    8.8440664224e-05    3.5767859305e-03
 522.0000000000    8.8452482391e-05    3.5774344135e-03
 522.5000000000    8.8464930937e-05    3.5780702068e-03
 523.0000000000    8.8477507096e-05    3.5786865559e-03
 523.5000000000    8.8489570478e-05    3.5792795376e-03
 524.0000000000    8.8500510786e-05    3.5798484105e-03
 524.5000000000    8.8509899518e-05    3.5803954626e-03
 525.0000000000    8.8517575164e-05    3.5809254063e-03
 525.5000000000    8.8523644374e-05    3.5814443215e-03
 526.0000000000    8.8528422479e-05    3.5819585521e-03
 526.5000000000    8.8532329238e-05    3.5824736949e-03
 527.0000000000    8.8535777910e-05    3.5829939110e-03
 527.5000000000    8.8539084135e-05    3.5835215283e-03
 528.0000000000    8.8542414326e-05    3.5840570512e-03
 528.5000000000    8.8545787321e-05    3.5845993273e-03
 529.0000000000    8.8549103880e-05    3.5851458971e-03
 529.5000000000    8.8552207461e-05    3.5856934207e-03
 530.0000000000    8.8554942683e-05    3.5862382322e-03
 530.5000000000    8.8557198053e-05    3.5867769775e-03
 531.0000000000    8.8558928969e-05    3.5873072208e-03
 531.5000000000    8.8560154453e-05    3.5878279225e-03
 532.0000000000    8.8560940917e-05    3.5883394814e-03
 532.5000000000    8.8561384772e-05    3.5888437061e-03
 533.0000000000    8.8561615821e-05    3.5893432829e-03
 533.5000000000    8.8561756392e-05    3.5898411177e-03
 534.0000000000    8.8561914989e-05    3.5903398758e-03
 534.5000000000    8.8562183996e-05    3.5908415814e-03
 535.0000000000    8.8562633874e-05    3.5913479942e-03
 535.5000000000    8.8563307929e-05    3.5918574365e-03
 536.0000000000    8.8564232715e-05    3.5923716140e-03
 536.5000000000    8.8565433699e-05    3.5928893861e-03
 537.0000000000    8.8566895337e-05    3.5934032536e-03
 537.5000000000    8.8568584137e-05    3.5939179187e-03
 538.0000000000    8.8570437049e-05    3.5944308542e-03
 538.5000000000    8.8572344026e-05    3.5949423610e-03
 539.0000000000    8.8574173776e-05    3.5954539772e-03
 539.5000000000    8.8575822886e-05    3.5959685508e-03
 540.0000000000    8.8577219196e-05    3.5964902187e-03
 540.5000000000    8.8578355048e-05    3.5970232285e-03
 541.0000000000    8.8579310412e-05    3.5975712953e-03
 541.5000000000    8.8580208359e-05    3.5981361479e-03
 542.0000000000    8.8581219855e-05    3.5987163909e-03
 542.5000000000    8.8582563634e-05    3.5993064461e-03
 543.0000000000    8.8584441577e-05    3.5998957167e-03
 543.5000000000    8.8586972343e-05    3.6004690096e-03
 544.0000000000    8.8590129895e-05    3.6010080906e-03
 544.5000000000    8.8593618260e-05    3.6014942495e-03
 545.0000000000    8.8596748968e-05    3.6019120094e-03
 545.5000000000    8.8598427293e-05    3.6022534599e-03
 546.0000000000    8.8597154829e-05    3.6025218874e-03
 546.5000000000    8.8591178418e-05    3.6027340570e-03
 547.0000000000    8.8578734493e-05    3.6029205219e-03
 547.5000000000    8.8558399281e-05    3.6031232489e-03
 548.0000000000    8.8529505211e-05    3.6033905056e-03
 548.5000000000    8.8492517430e-05    3.6037696023e-03
 549.0000000000    8.8449307804e-05    3.6042986219e-03
 549.5000000000    8.8403267854e-05    3.6049985795e-03
 550.0000000000    8.8359145765e-05    3.6058676132e-03
 550.5000000000    8.8322592268e-05    3.6068785861e-03
 551.0000000000    8.8299449568e-05    3.6079812145e-03
 551.5000000000    8.8294860842e-05    3.6091086533e-03
 552.0000000000    8.8312354898e-05    3.6101876622e-03
 552.5000000000    8.8353111061e-05    3.6111506271e-03
 553.0000000000    8.8415538534e-05    3.6119470903e-03
 553.5000000000    8.8495339736e-05    3.6125523748e-03
 554.0000000000    8.8585967530e-05    3.6129715762e-03
 554.5000000000    8.8679579251e-05    3.6132379187e-03
 555.0000000000    8.8768187136e-05    3.6134058852e-03
 555.5000000000    8.8844792987e-05    3.6135404919e-03
 556.0000000000    8.8904386432e-05    3.6137050693e-03
 556.5000000000    8.8944633413e-05    3.6139499009e-03
 557.0000000000    8.8965922950e-05    3.6143039409e-03
 557.5000000000    8.8970997066e-05    3.6147710408e-03
 558.0000000000    8.8964210906e-05    3.6153311624e-03
 558.5000000000    8.8950423006e-05    3.6159461158e-03
 559.0000000000    8.8934001424e-05    3.6165701149e-03
 559.5000000000    8.8917994863e-05    3.6171508124e-03
 560.0000000000    8.8903780748e-05    3.6176553304e-03
 560.5000000000    8.8891170968e-05    3.6180655987e-03
 561.0000000000    8.8878797355e-05    3.6183603113e-03
 561.5000000000    8.8864893841e-05    3.6185689553e-03
 562.0000000000    8.8847980541e-05    3.6187158677e-03
 562.5000000000    8.8827398147e-05    3.6188362413e-03
 563.0000000000    8.8803552286e-05    3.6189668815e-03
 563.5000000000    8.8777816020e-05    3.6191411659e-03
 564.0000000000    8.8752183082e-05    3.6193824584e-03
 564.5000000000    8.8728704960e-05    3.6197028586e-03
 565.0000000000    8.8709056819e-05    3.6201019345e-03
 565.5000000000    8.8694119505e-05    3.6205684897e-03
 566.0000000000    8.8683851991e-05    3.6210834895e-03
 566.5000000000    8.8677371270e-05    3.6216237073e-03
 567.0000000000    8.8673322914e-05    3.6221665001e-03
 567.5000000000    8.8670255041e-05    3.6226904784e-03
 568.0000000000    8.8666989760e-05    3.6231843341e-03
 568.5000000000    8.8662883392e-05    3.6236401772e-03
 569.0000000000    8.8657973238e-05    3.6240615187e-03
 569.5000000000    8.8652785768e-05    3.6244573461e-03
 570.0000000000    8.8648241780e-05    3.6248409282e-03
 570.5000000000    8.8645282727e-05    3.6252269533e-03
 571.0000000000    8.8644831370e-05    3.6256285159e-03
 571.5000000000    8.8647412564e-05    3.6260545987e-03
 572.0000000000    8.8653251839e-05    3.6265085799e-03
 572.5000000000    8.8662148422e-05    3.6269879066e-03
 573.0000000000    8.8673581180e-05    3.6274852043e-03
 573.5000000000    8.8686724558e-05    3.6279901953e-03
 574.0000000000    8.8700650099e-05    3.6284919897e-03
 574.5000000000    8.8714351350e-05    3.6289811191e-03
 575.0000000000    8.8726950198e-05    3.6294510047e-03
 575.5000000000    8.8737716806e-05    3.6298988092e-03
 576.0000000000    8.8746213990e-05    3.6303253429e-03
 576.5000000000    8.8752244183e-05    3.6307343279e-03
 577.0000000000    8.8755933032e-05    3.6311313865e-03
 577.5000000000    8.8757627069e-05    3.6315228276e-03
 578.0000000000    8.8757889794e-05    3.6319143617e-03
 578.5000000000    8.8757382586e-05    3.6323104477e-03
 579.0000000000    8.8756676120e-05    3.6327137160e-03
 579.5000000000    8.8756273462e-05    3.6331249117e-03
 580.0000000000    8.8756488048e-05    3.6335431376e-03
 580.5000000000    8.8757367133e-05    3.6339663084e-03
 581.0000000000    8.8758759109e-05    3.6343916868e-03
 581.5000000000    8.8760373841e-05    3.6348164269e-03
 582.0000000000    8.8761957720e-05    3.6352380182e-03
 582.5000000000    8.8763246431e-05    3.6356545694e-03
 583.0000000000    8.8764086872e-05    3.6360650244e-03
 583.5000000000    8.8764442071e-05    3.6364692830e-03
 584.0000000000    8.8764416330e-05    3.6368681654e-03
 584.5000000000    8.8764133444e-05    3.6372631900e-03
 585.0000000000    8.8763808883e-05    3.6376562582e-03
 585.5000000000    8.8763603126e-05    3.6380493139e-03
 586.0000000000    8.8763628608e-05    3.6384440793e-03
 586.5000000000    8.8763960690e-05    3.6388418705e-03
 587.0000000000    8.8764669153e-05    3.6392433407e-03
 587.5000000000    8.8765681995e-05    3.6396484332e-03
 588.0000000000    8.8767001743e-05    3.6400564422e-03
 588.5000000000    8.8768547510e-05    3.6404662039e-03
 589.0000000000    8.8770220592e-05    3.6408763419e-03
 589.5000000000    8.8771920630e-05    3.6412854999e-03
 590.0000000000    8.8773497176e-05    3.6416926471e-03
 590.5000000000    8.8774963672e-05    3.6420971492e-03
 591.0000000000    8.8776274501e-05    3.6424987688e-03
 591.5000000000    8.8777531840e-05    3.6428975969e-03
 592.0000000000    8.8778819120e-05    3.6432941349e-03
 592.5000000000    8.8780309543e-05    3.6436891024e-03
 593.0000000000    8.8782057447e-05    3.6440831755e-03
 593.5000000000    8.8784019902e-05    3.6444769660e-03
 594.0000000000    8.8786129598e-05    3.6448709878e-03
 594.5000000000    8.8788225999e-05    3.6452655576e-03
 595.0000000000    8.8790183178e-05    3.6456606635e-03
 595.5000000000    8.8791944634e-05    3.6460561695e-03
 596.0000000000    8.8793601122e-05    3.6464520105e-03
 596.5000000000    8.8795279068e-05    3.6468478837e-03
 597.0000000000    8.8797059357e-05    3.6472432813e-03
 597.5000000000    8.8798955831e-05    3.6476376813e-03
 598.0000000000    8.8800922918e-05    3.6480305724e-03
 598.5000000000    8.8802782379e-05    3.6484213353e-03
 599.0000000000    8.8804639254e-05    3.6488092693e-03
 599.5000000000    8.8806132638e-05    3.6491936217e-03
 600.0000000000    8.8807609603e-05    3.6495734764e-03
 600.5000000000    8.8809115151e-05    3.6499477929e-03
 601.0000000000    8.8810677226e-05    3.6503153814e-03
 601.5000000000    8.8812099452e-05    3.6506749024e-03
 602.0000000000    8.8813630153e-05    3.6510247262e-03
 602.5000000000    8.8815013770e-05    3.6513631019e-03
 603.0000000000    8.8816219851e-05    3.6516882353e-03
 603.5000000000    8.8817345672e-05    3.6519985691e-03
 604.0000000000    8.8818409462e-05    3.6522927849e-03
 604.5000000000    8.8819608623e-05    3.6525697665e-03
 605.0000000000    8.8820835866e-05    3.6528291188e-03
 605.5000000000    8.8822196551e-05    3.6530712612e-03
 606.0000000000    8.8823746575e-05    3.6532977036e-03
 606.5000000000    8.8825428179e-05    3.6535111134e-03
 607.0000000000    8.8827246073e-05    3.6537152639e-03
 607.5000000000    8.8829240744e-05    3.6539161872e-03
 608.0000000000    8.8831319798e-05    3.6541187086e-03
 608.5000000000    8.8833470984e-05    3.6543346744e-03
 609.0000000000    8.8835567149e-05    3.6545498623e-03
 609.5000000000    8.8837489959e-05    3.6547952894e-03
 610.0000000000    8.8839171869e-05    3.6550636308e-03
 610.5000000000    8.8840552987e-05    3.6553657838e-03
 611.0000000000    8.8841600866e-05    3.6557049520e-03
 611.5000000000    8.8842203970e-05    3.6560846281e-03
 612.0000000000    8.8842362710e-05    3.6565071710e-03
 612.5000000000    8.8842027949e-05    3.6569739532e-03
 613.0000000000    8.8841200887e-05    3.6574850504e-03
 613.5000000000    8.8839959678e-05    3.6580392018e-03
 614.0000000000    8.8838463188e-05    3.6586340101e-03
 614.5000000000    8.8836819065e-05    3.6592654366e-03
 615.0000000000    8.8835300365e-05    3.6599283510e-03
 615.5000000000    8.8834199082e-05    3.6606161235e-03
 616.0000000000    8.8833764474e-05    3.6613211585e-03
 616.5000000000    8.8834280404e-05    3.6620349106e-03
 617.0000000000    8.8836017564e-05    3.6627482871e-03
 617.5000000000    8.8839157891e-05    3.6634518878e-03
 618.0000000000    8.8843781246e-05    3.6641363567e-03
 618.5000000000    8.8849912100e-05    3.6647927407e-03
 619.0000000000    8.8857352479e-05    3.6654128105e-03
 619.5000000000    8.8865924116e-05    3.6659894220e-03
 620.0000000000    8.8875370456e-05    3.6665167087e-03
 620.5000000000    8.8885292800e-05    3.6669903239e-03
 621.0000000000    8.8895257766e-05    3.6674076156e-03
 621.5000000000    8.8904797904e-05    3.6677677510e-03
 622.0000000000    8.8913480058e-05    3.6680718532e-03
 622.5000000000    8.8920874360e-05    3.6683229489e-03
 623.0000000000    8.8926604417e-05    3.6685258475e-03
 623.5000000000    8.8930427657e-05    3.6686868825e-03
 624.0000000000    8.8932385351e-05    3.6688136540e-03
 624.5000000000    8.8932306743e-05    3.6689146533e-03
 625.0000000000    8.8930349471e-05    3.6689986578e-03
 625.5000000000    8.8926799124e-05    3.6690741831e-03
 626.0000000000    8.8922193940e-05    3.6691490003e-03
 626.5000000000    8.8916877879e-05    3.6692297187e-03
 627.0000000000    8.8911356138e-05    3.6693215861e-03
 627.5000000000    8.8906120123e-05    3.6694285549e-03
 628.0000000000    8.8901562184e-05    3.6695534524e-03
 628.5000000000    8.8897941284e-05    3.6696983716e-03
 629.0000000000    8.8895325741e-05    3.6698651853e-03
 629.5000000000    8.8893690899e-05    3.6700559099e-03
 630.0000000000    8.8892852383e-05    3.6702730436e-03
 630.5000000000    8.8892468954e-05    3.6705196126e-03
 631.0000000000    8.8892370449e-05    3.6707990397e-03
 631.5000000000    8.8891987158e-05    3.6711147897e-03
 632.0000000000    8.8891253587e-05    3.6714697471e-03
 632.5000000000    8.8890163683e-05    3.6718656674e-03
 633.0000000000    8.8888392575e-05    3.6723025666e-03
 633.5000000000    8.8886440417e-05    3.6727783436e-03
 634.0000000000    8.8884535536e-05    3.6732886990e-03
 634.5000000000    8.8882998479e-05    3.6738272602e-03
 635.0000000000    8.8882291766e-05    3.6743860594e-03
 635.5000000000    8.8882809005e-05    3.6749561643e-03
 636.0000000000    8.8884887732e-05    3.6755283082e-03
 636.5000000000    8.8888692220e-05    3.6760936354e-03
 637.0000000000    8.8894232547e-05    3.6766442788e-03
 637.5000000000    8.8901395509e-05    3.6771737498e-03
 638.0000000000    8.8909815556e-05    3.6776771553e-03
 638.5000000000    8.8919091960e-05    3.6781512875e-03
 639.0000000000    8.8928773533e-05    3.6785946496e-03
 639.5000000000    8.8938355085e-05    3.6790074499e-03
 640.0000000000    8.8947323780e-05    3.6793914965e-03
 640.5000000000    8.8955395896e-05    3.6797500415e-03
 641.0000000000    8.8962142016e-05    3.6800875552e-03
 641.5000000000    8.8967335240e-05    3.6804093716e-03
 642.0000000000    8.8970820986e-05    3.6807212334e-03
 642.5000000000    8.8972505793e-05    3.6810286890e-03
 643.0000000000    8.8972550681e-05    3.6813364923e-03
 643.5000000000    8.8971185842e-05    3.6816481965e-03
 644.0000000000    8.8968885755e-05    3.6819659226e-03
 644.5000000000    8.8966191405e-05    3.6822903323e-03
 645.0000000000    8.8963602542e-05    3.6826208970e-03
 645.5000000000    8.8961625391e-05    3.6829564642e-03
 646.0000000000    8.8960501877e-05    3.6832960108e-03
 646.5000000000    8.8960336307e-05    3.6836394057e-03
 647.0000000000    8.8961076217e-05    3.6839879821e-03
 647.5000000000    8.8962510280e-05    3.6843448110e-03
 648.0000000000    8.8964402156e-05    3.6847146777e-03
 648.5000000000    8.8966465519e-05    3.6851036550e-03
 649.0000000000    8.8968417189e-05    3.6855183436e-03
 649.5000000000    8.8970060730e-05    3.6859649362e-03
 650.0000000000    8.8971221404e-05    3.6864481675e-03
 650.5000000000    8.8971853626e-05    3.6869704149e-03
 651.0000000000    8.8971995166e-05    3.6875311554e-03
 651.5000000000    8.8971727713e-05    3.6881266546e-03
 652.0000000000    8.8971305358e-05    3.6887499745e-03
 652.5000000000    8.8970867474e-05    3.6893913022e-03
 653.0000000000    8.8970500718e-05    3.6900384471e-03
 653.5000000000    8.8970538353e-05    3.6906774752e-03
 654.0000000000    8.8971004402e-05    3.6912933918e-03
 654.5000000000    8.8972021808e-05    3.6918708504e-03
 655.0000000000    8.8973782157e-05    3.6923948483e-03
 655.5000000000    8.8976386094e-05    3.6928513703e-03
 656.0000000000    8.8979960437e-05    3.6932279833e-03
 656.5000000000    8.8984565693e-05    3.6935144641e-03
 657.0000000000    8.8990231466e-05    3.6937034054e-03
 657.5000000000    8.8996952407e-05    3.6937907827e-03
 658.0000000000    8.9004565288e-05    3.6937764670e-03
 658.5000000000    8.9012823827e-05    3.6936645731e-03
 659.0000000000    8.9021428277e-05    3.6934636191e-03
 659.5000000000    8.9029850157e-05    3.6931864330e-03
 660.0000000000    8.9037523380e-05    3.6928498230e-03
 660.5000000000    8.9043982260e-05    3.6924738304e-03
 661.0000000000    8.9048558626e-05    3.6920807703e-03
 661.5000000000    8.9050794093e-05    3.6916940858e-03
 662.0000000000    8.9050470451e-05    3.6913370710e-03
 662.5000000000    8.9047390344e-05    3.6910317473e-03
 663.0000000000    8.9041630005e-05    3.6907978380e-03
 663.5000000000    8.9033496007e-05    3.6906519698e-03
 664.0000000000    8.9023446143e-05    3.6906072628e-03
 664.5000000000    8.9012064705e-05    3.6906731963e-03
 665.0000000000    8.8999982160e-05    3.6908557518e-03
 665.5000000000    8.8987776498e-05    3.6911576985e-03
 666.0000000000    8.8976019855e-05    3.6915789446e-03
 666.5000000000    8.8965193499e-05    3.6921168681e-03
 667.0000000000    8.8955580864e-05    3.6927665705e-03
 667.5000000000    8.8947459792e-05    3.6935209415e-03
 668.0000000000    8.8941082010e-05    3.6943705548e-03
 668.5000000000    8.8936580412e-05    3.6953034402e-03
 669.0000000000    8.8934149308e-05    3.6963048332e-03
 669.5000000000    8.8934036509e-05    3.6973570034e-03
 670.0000000000    8.8936504373e-05    3.6984392700e-03
 670.5000000000    8.8941862001e-05    3.6995283052e-03
 671.0000000000    8.8950407120e-05    3.7005988035e-03
 671.5000000000    8.8962443931e-05    3.7016245617e-03
 672.0000000000    8.8977921209e-05    3.7025799074e-03
 672.5000000000    8.8996959616e-05    3.7034413403e-03
 673.0000000000    8.9019110679e-05    3.7041892514e-03
 673.5000000000    8.9043698102e-05    3.7048094712e-03
 674.0000000000    8.9070002490e-05    3.7052945462e-03
 674.5000000000    8.9096721563e-05    3.7056444056e-03
 675.0000000000    8.9122649243e-05    3.7058664413e-03
 675.5000000000    8.9146308311e-05    3.7059749260e-03
 676.0000000000    8.9166366728e-05    3.7059897447e-03
 676.5000000000    8.9181725233e-05    3.7059346815e-03
 677.0000000000    8.9191557790e-05    3.7058353884e-03
 677.5000000000    8.9195504126e-05    3.7057172692e-03
 678.0000000000    8.9193684704e-05    3.7056034333e-03
 678.5000000000    8.9186683129e-05    3.7055131538e-03
 679.0000000000    8.9175487245e-05    3.7054607702e-03
 679.5000000000    8.9161409263e-05    3.7054551831e-03
 680.0000000000    8.9145981333e-05    3.7055000717e-03
 680.5000000000    8.9130748582e-05    3.7055945064e-03
 681.0000000000    8.9117182277e-05    3.7057340861e-03
 681.5000000000    8.9106513416e-05    3.7059123218e-03
 682.0000000000    8.9099583031e-05    3.7061219943e-03
 682.5000000000    8.9096861190e-05    3.7063563805e-03
 683.0000000000    8.9098526443e-05    3.7066131025e-03
 683.5000000000    8.9104055189e-05    3.7068809698e-03
 684.0000000000    8.9113142121e-05    3.7071635178e-03
 684.5000000000    8.9124959655e-05    3.7074608711e-03
 685.0000000000    8.9138600748e-05    3.7077714201e-03
 685.5000000000    8.9153051230e-05    3.7080960703e-03
 686.0000000000    8.9167244398e-05    3.7084331407e-03
 686.5000000000    8.9180167342e-05    3.7087787367e-03
 687.0000000000    8.9191014931e-05    3.7091295682e-03
 687.5000000000    8.9199212846e-05    3.7094723149e-03
 688.0000000000    8.9204685596e-05    3.7098013118e-03
 688.5000000000    8.9207661004e-05    3.7101036723e-03
 689.0000000000    8.9208626844e-05    3.7103674297e-03
 689.5000000000    8.9208130105e-05    3.7105813229e-03
 690.0000000000    8.9206294054e-05    3.7107360029e-03
 690.5000000000    8.9203084633e-05    3.7108253105e-03
 691.0000000000    8.9197986584e-05    3.7108476043e-03
 691.5000000000    8.9190218688e-05    3.7108048506e-03
 692.0000000000    8.9178866857e-05    3.7107030270e-03
 692.5000000000    8.9163272276e-05    3.7105529506e-03
 693.0000000000    8.9142833148e-05    3.7103677479e-03
 693.5000000000    8.9117151513e-05    3.7101640095e-03
 694.0000000000    8.9085876432e-05    3.7099589509e-03
 694.5000000000    8.9048637462e-05    3.7097702640e-03
 695.0000000000    8.9005274809e-05    3.7096150791e-03
 695.5000000000    8.8955832124e-05    3.7095084434e-03
 696.0000000000    8.8900917827e-05    3.7094637571e-03
 696.5000000000    8.8841692086e-05    3.7094911148e-03
 697.0000000000    8.8779862742e-05    3.7095979734e-03
 697.5000000000    8.8717556836e-05    3.7097886889e-03
 698.0000000000    8.8657084931e-05    3.7100646161e-03
 698.5000000000    8.8600832923e-05    3.7104249092e-03
 699.0000000000    8.8551137309e-05    3.7108661999e-03
 699.5000000000    8.8510195782e-05    3.7113836478e-03
 700.0000000000    8.8479981264e-05    3.7119708420e-03
