#          time             Min_Chi
   0.0000000000    5.0223830853e-01
   0.5000000000    5.0205419182e-01
   1.0000000000    5.0170533720e-01
   1.5000000000    5.0137582038e-01
   2.0000000000    5.0110946366e-01
   2.5000000000    5.0090250210e-01
   3.0000000000    5.0070838233e-01
   3.5000000000    5.0051875960e-01
   4.0000000000    5.0033068746e-01
   4.5000000000    5.0013032225e-01
   5.0000000000    4.9993775160e-01
   5.5000000000    4.9972582247e-01
   6.0000000000    4.9952777992e-01
   6.5000000000    4.9930778392e-01
   7.0000000000    4.9910112059e-01
   7.5000000000    4.9887917013e-01
   8.0000000000    4.9866555606e-01
   8.5000000000    4.9844265555e-01
   9.0000000000    4.9822376664e-01
   9.5000000000    4.9800103362e-01
  10.0000000000    4.9777869396e-01
  10.5000000000    4.9755727516e-01
  11.0000000000    4.9733303431e-01
  11.5000000000    4.9711394500e-01
  12.0000000000    4.9688935074e-01
  12.5000000000    4.9667314029e-01
  13.0000000000    4.9644941544e-01
  13.5000000000    4.9623673271e-01
  14.0000000000    4.9601499560e-01
  14.5000000000    4.9580657487e-01
  15.0000000000    4.9558758604e-01
  15.5000000000    4.9538359772e-01
  16.0000000000    4.9516809658e-01
  16.5000000000    4.9496770880e-01
  17.0000000000    4.9475759544e-01
  17.5000000000    4.9456353619e-01
  18.0000000000    4.9435691372e-01
  18.5000000000    4.9416805513e-01
  19.0000000000    4.9396639013e-01
  19.5000000000    4.9378277243e-01
  20.0000000000    4.9358662938e-01
  20.5000000000    4.9340832174e-01
  21.0000000000    4.9321759587e-01
  21.5000000000    4.9304481906e-01
  22.0000000000    4.9285983059e-01
  22.5000000000    4.9269140183e-01
  23.0000000000    4.9251435122e-01
  23.5000000000    4.9235113870e-01
  24.0000000000    4.9217844786e-01
  24.5000000000    4.9202183795e-01
  25.0000000000    4.9185471878e-01
  25.5000000000    4.9170361132e-01
  26.0000000000    4.9154214560e-01
  26.5000000000    4.9139605073e-01
  27.0000000000    4.9124070556e-01
  27.5000000000    4.9109971290e-01
  28.0000000000    4.9095025048e-01
  28.5000000000    4.9081434532e-01
  29.0000000000    4.9067061137e-01
  29.5000000000    4.9053960763e-01
  30.0000000000    4.9040147486e-01
  30.5000000000    4.9027508177e-01
  31.0000000000    4.9014157400e-01
  31.5000000000    4.9002024138e-01
  32.0000000000    4.8989401769e-01
  32.5000000000    4.8977766711e-01
  33.0000000000    4.8965433986e-01
  33.5000000000    4.8954248910e-01
  34.0000000000    4.8942521283e-01
  34.5000000000    4.8931755672e-01
  35.0000000000    4.8920455664e-01
  35.5000000000    4.8910159170e-01
  36.0000000000    4.8899326750e-01
  36.5000000000    4.8889446659e-01
  37.0000000000    4.8879039055e-01
  37.5000000000    4.8869583136e-01
  38.0000000000    4.8859587361e-01
  38.5000000000    4.8850554303e-01
  39.0000000000    4.8840948248e-01
  39.5000000000    4.8832328628e-01
  40.0000000000    4.8823089625e-01
  40.5000000000    4.8814864766e-01
  41.0000000000    4.8805970752e-01
  41.5000000000    4.8798151652e-01
  42.0000000000    4.8789576306e-01
  42.5000000000    4.8782153678e-01
  43.0000000000    4.8773890421e-01
  43.5000000000    4.8766852942e-01
  44.0000000000    4.8758854827e-01
  44.5000000000    4.8752229884e-01
  45.0000000000    4.8744520962e-01
  45.5000000000    4.8738253542e-01
  46.0000000000    4.8730740915e-01
  46.5000000000    4.8724865730e-01
  47.0000000000    4.8717604559e-01
  47.5000000000    4.8712122547e-01
  48.0000000000    4.8705029953e-01
  48.5000000000    4.8699905928e-01
  49.0000000000    4.8692997741e-01
  49.5000000000    4.8688276966e-01
  50.0000000000    4.8681527462e-01
  50.5000000000    4.8676951083e-01
  51.0000000000    4.8670558015e-01
  51.5000000000    4.8666091121e-01
  52.0000000000    4.8660077274e-01
  52.5000000000    4.8655710497e-01
  53.0000000000    4.8650067666e-01
  53.5000000000    4.8645752241e-01
  54.0000000000    4.8640467572e-01
  54.5000000000    4.8636155838e-01
  55.0000000000    4.8631138998e-01
  55.5000000000    4.8626613304e-01
  56.0000000000    4.8621564033e-01
  56.5000000000    4.8616219137e-01
  57.0000000000    4.8610229634e-01
  57.5000000000    4.8602944747e-01
  58.0000000000    4.8595492279e-01
  58.5000000000    4.8587304140e-01
  59.0000000000    4.8581249109e-01
  59.5000000000    4.8575953662e-01
  60.0000000000    4.8573221298e-01
  60.5000000000    4.8569920507e-01
  61.0000000000    4.8568196329e-01
  61.5000000000    4.8564823481e-01
  62.0000000000    4.8563348279e-01
  62.5000000000    4.8559812027e-01
  63.0000000000    4.8557990204e-01
  63.5000000000    4.8554089453e-01
  64.0000000000    4.8551827786e-01
  64.5000000000    4.8548527588e-01
  65.0000000000    4.8546463235e-01
  65.5000000000    4.8543404550e-01
  66.0000000000    4.8540997860e-01
  66.5000000000    4.8538330272e-01
  67.0000000000    4.8535877475e-01
  67.5000000000    4.8533550977e-01
  68.0000000000    4.8530903215e-01
  68.5000000000    4.8529041387e-01
  69.0000000000    4.8526233449e-01
  69.5000000000    4.8524765351e-01
  70.0000000000    4.8521775826e-01
  70.5000000000    4.8520742080e-01
  71.0000000000    4.8517618404e-01
  71.5000000000    4.8516391340e-01
  72.0000000000    4.8513697231e-01
  72.5000000000    4.8512254697e-01
  73.0000000000    4.8510014469e-01
  73.5000000000    4.8508357478e-01
  74.0000000000    4.8506599467e-01
  74.5000000000    4.8504717215e-01
  75.0000000000    4.8503443641e-01
  75.5000000000    4.8501322676e-01
  76.0000000000    4.8500547074e-01
  76.5000000000    4.8498177286e-01
  77.0000000000    4.8497633693e-01
  77.5000000000    4.8495228844e-01
  78.0000000000    4.8494409777e-01
  78.5000000000    4.8492550774e-01
  79.0000000000    4.8491467236e-01
  79.5000000000    4.8490163909e-01
  80.0000000000    4.8488747388e-01
  80.5000000000    4.8487951482e-01
  81.0000000000    4.8486160142e-01
  81.5000000000    4.8485917623e-01
  82.0000000000    4.8483939985e-01
  82.5000000000    4.8483825229e-01
  83.0000000000    4.8482147575e-01
  83.5000000000    4.8481322531e-01
  84.0000000000    4.8480063099e-01
  84.5000000000    4.8479084009e-01
  85.0000000000    4.8478640979e-01
  85.5000000000    4.8477256833e-01
  86.0000000000    4.8477395750e-01
  86.5000000000    4.8475633664e-01
  87.0000000000    4.8475538346e-01
  87.5000000000    4.8474196736e-01
  88.0000000000    4.8473702670e-01
  88.5000000000    4.8473056272e-01
  89.0000000000    4.8472133299e-01
  89.5000000000    4.8472174474e-01
  90.0000000000    4.8470812668e-01
  90.5000000000    4.8471100145e-01
  91.0000000000    4.8469751323e-01
  91.5000000000    4.8469570414e-01
  92.0000000000    4.8468947648e-01
  92.5000000000    4.8468307556e-01
  93.0000000000    4.8468445232e-01
  93.5000000000    4.8467313733e-01
  94.0000000000    4.8467778086e-01
  94.5000000000    4.8466592754e-01
  95.0000000000    4.8466544539e-01
  95.5000000000    4.8466157541e-01
  96.0000000000    4.8465607344e-01
  96.5000000000    4.8466034851e-01
  97.0000000000    4.8464948139e-01
  97.5000000000    4.8465414053e-01
  98.0000000000    4.8464596587e-01
  98.5000000000    4.8464486739e-01
  99.0000000000    4.8464537436e-01
  99.5000000000    4.8463878909e-01
 100.0000000000    4.8464738480e-01
 100.5000000000    4.8463633924e-01
 101.0000000000    4.8463909494e-01
 101.5000000000    4.8463686543e-01
 102.0000000000    4.8463326860e-01
 102.5000000000    4.8464056112e-01
 103.0000000000    4.8463126374e-01
 103.5000000000    4.8463652623e-01
 104.0000000000    4.8463299608e-01
 104.5000000000    4.8463172898e-01
 105.0000000000    4.8463811151e-01
 105.5000000000    4.8463067205e-01
 106.0000000000    4.8463730677e-01
 106.5000000000    4.8463348177e-01
 107.0000000000    4.8463351992e-01
 107.5000000000    4.8464023927e-01
 108.0000000000    4.8463356491e-01
 108.5000000000    4.8464069300e-01
 109.0000000000    4.8463785114e-01
 109.5000000000    4.8463802475e-01
 110.0000000000    4.8464639549e-01
 110.5000000000    4.8463972751e-01
 111.0000000000    4.8464633789e-01
 111.5000000000    4.8464593453e-01
 112.0000000000    4.8464543149e-01
 112.5000000000    4.8465692424e-01
 113.0000000000    4.8464920462e-01
 113.5000000000    4.8465446891e-01
 114.0000000000    4.8465797875e-01
 114.5000000000    4.8465586940e-01
 115.0000000000    4.8466634320e-01
 115.5000000000    4.8466223274e-01
 116.0000000000    4.8466500313e-01
 116.5000000000    4.8467390853e-01
 117.0000000000    4.8466897969e-01
 117.5000000000    4.8467636508e-01
 118.0000000000    4.8467843611e-01
 118.5000000000    4.8467786690e-01
 119.0000000000    4.8468930592e-01
 119.5000000000    4.8468525966e-01
 120.0000000000    4.8468900149e-01
 120.5000000000    4.8469933607e-01
 121.0000000000    4.8469472553e-01
 121.5000000000    4.8470146871e-01
 122.0000000000    4.8470582975e-01
 122.5000000000    4.8470430317e-01
 123.0000000000    4.8471439974e-01
 123.5000000000    4.8471443465e-01
 124.0000000000    4.8471600095e-01
 124.5000000000    4.8472868619e-01
 125.0000000000    4.8472427581e-01
 125.5000000000    4.8472808012e-01
 126.0000000000    4.8473958417e-01
 126.5000000000    4.8473513607e-01
 127.0000000000    4.8474116358e-01
 127.5000000000    4.8474912084e-01
 128.0000000000    4.8474627159e-01
 128.5000000000    4.8475425068e-01
 129.0000000000    4.8475992871e-01
 129.5000000000    4.8475835073e-01
 130.0000000000    4.8476733556e-01
 130.5000000000    4.8477113027e-01
 131.0000000000    4.8477062947e-01
 131.5000000000    4.8478021269e-01
 132.0000000000    4.8478276359e-01
 132.5000000000    4.8478333656e-01
 133.0000000000    4.8479327514e-01
 133.5000000000    4.8479475043e-01
 134.0000000000    4.8479577327e-01
 134.5000000000    4.8480612652e-01
 135.0000000000    4.8480747550e-01
 135.5000000000    4.8480820333e-01
 136.0000000000    4.8481838980e-01
 136.5000000000    4.8482060289e-01
 137.0000000000    4.8482078366e-01
 137.5000000000    4.8483013118e-01
 138.0000000000    4.8483375504e-01
 138.5000000000    4.8483320324e-01
 139.0000000000    4.8484137672e-01
 139.5000000000    4.8484715812e-01
 140.0000000000    4.8484549573e-01
 140.5000000000    4.8485237301e-01
 141.0000000000    4.8486102063e-01
 141.5000000000    4.8485784529e-01
 142.0000000000    4.8486284173e-01
 142.5000000000    4.8487509359e-01
 143.0000000000    4.8487021938e-01
 143.5000000000    4.8487331412e-01
 144.0000000000    4.8488430853e-01
 144.5000000000    4.8488302252e-01
 145.0000000000    4.8488366982e-01
 145.5000000000    4.8489201477e-01
 146.0000000000    4.8489624304e-01
 146.5000000000    4.8489433816e-01
 147.0000000000    4.8489992937e-01
 147.5000000000    4.8491067993e-01
 148.0000000000    4.8490577008e-01
 148.5000000000    4.8490806666e-01
 149.0000000000    4.8491758577e-01
 149.5000000000    4.8491815828e-01
 150.0000000000    4.8491706496e-01
 150.5000000000    4.8492292557e-01
 151.0000000000    4.8493207857e-01
 151.5000000000    4.8492732562e-01
 152.0000000000    4.8492916732e-01
 152.5000000000    4.8493760113e-01
 153.0000000000    4.8493913984e-01
 153.5000000000    4.8493688398e-01
 154.0000000000    4.8494093469e-01
 154.5000000000    4.8495119738e-01
 155.0000000000    4.8494665017e-01
 155.5000000000    4.8494602412e-01
 156.0000000000    4.8495135711e-01
 156.5000000000    4.8495893613e-01
 157.0000000000    4.8495354090e-01
 157.5000000000    4.8495384223e-01
 158.0000000000    4.8495967830e-01
 158.5000000000    4.8496390614e-01
 159.0000000000    4.8495883943e-01
 159.5000000000    4.8495953833e-01
 160.0000000000    4.8496573592e-01
 160.5000000000    4.8496898297e-01
 161.0000000000    4.8496359291e-01
 161.5000000000    4.8496301170e-01
 162.0000000000    4.8496762835e-01
 162.5000000000    4.8497116685e-01
 163.0000000000    4.8496553942e-01
 163.5000000000    4.8496446896e-01
 164.0000000000    4.8496778502e-01
 164.5000000000    4.8497336085e-01
 165.0000000000    4.8496591452e-01
 165.5000000000    4.8496295213e-01
 166.0000000000    4.8496430523e-01
 166.5000000000    4.8496985067e-01
 167.0000000000    4.8496488253e-01
 167.5000000000    4.8495963989e-01
 168.0000000000    4.8495844124e-01
 168.5000000000    4.8496116181e-01
 169.0000000000    4.8496310480e-01
 169.5000000000    4.8495510885e-01
 170.0000000000    4.8495082077e-01
 170.5000000000    4.8495017301e-01
 171.0000000000    4.8495308572e-01
 171.5000000000    4.8494999976e-01
 172.0000000000    4.8494227510e-01
 172.5000000000    4.8493790470e-01
 173.0000000000    4.8493671766e-01
 173.5000000000    4.8493865228e-01
 174.0000000000    4.8493376874e-01
 174.5000000000    4.8492513072e-01
 175.0000000000    4.8491946372e-01
 175.5000000000    4.8491670532e-01
 176.0000000000    4.8491670010e-01
 176.5000000000    4.8491348613e-01
 177.0000000000    4.8490303697e-01
 177.5000000000    4.8489522937e-01
 178.0000000000    4.8488989864e-01
 178.5000000000    4.8488693776e-01
 179.0000000000    4.8488634034e-01
 179.5000000000    4.8487628468e-01
 180.0000000000    4.8486556319e-01
 180.5000000000    4.8485695497e-01
 181.0000000000    4.8485040611e-01
 181.5000000000    4.8484580644e-01
 182.0000000000    4.8484306654e-01
 182.5000000000    4.8483135684e-01
 183.0000000000    4.8481880841e-01
 183.5000000000    4.8480790825e-01
 184.0000000000    4.8479852212e-01
 184.5000000000    4.8479055638e-01
 185.0000000000    4.8478396209e-01
 185.5000000000    4.8477594692e-01
 186.0000000000    4.8475988898e-01
 186.5000000000    4.8474513217e-01
 187.0000000000    4.8473163563e-01
 187.5000000000    4.8471941105e-01
 188.0000000000    4.8470837175e-01
 188.5000000000    4.8469843707e-01
 189.0000000000    4.8468964500e-01
 189.5000000000    4.8467330654e-01
 190.0000000000    4.8465615923e-01
 190.5000000000    4.8463995670e-01
 191.0000000000    4.8462455913e-01
 191.5000000000    4.8460981452e-01
 192.0000000000    4.8459566335e-01
 192.5000000000    4.8458207991e-01
 193.0000000000    4.8456890877e-01
 193.5000000000    4.8455528478e-01
 194.0000000000    4.8453430135e-01
 194.5000000000    4.8451384143e-01
 195.0000000000    4.8449366347e-01
 195.5000000000    4.8447374862e-01
 196.0000000000    4.8445420595e-01
 196.5000000000    4.8443483363e-01
 197.0000000000    4.8441550591e-01
 197.5000000000    4.8439624997e-01
 198.0000000000    4.8437703975e-01
 198.5000000000    4.8435767981e-01
 199.0000000000    4.8433810033e-01
 199.5000000000    4.8431471886e-01
 200.0000000000    4.8428901629e-01
 200.5000000000    4.8426317938e-01
 201.0000000000    4.8423714012e-01
 201.5000000000    4.8421092029e-01
 202.0000000000    4.8418444342e-01
 202.5000000000    4.8415763778e-01
 203.0000000000    4.8413048442e-01
 203.5000000000    4.8410297515e-01
 204.0000000000    4.8407498781e-01
 204.5000000000    4.8404640473e-01
 205.0000000000    4.8401718317e-01
 205.5000000000    4.8398729576e-01
 206.0000000000    4.8395671111e-01
 206.5000000000    4.8392542318e-01
 207.0000000000    4.8389346471e-01
 207.5000000000    4.8386080521e-01
 208.0000000000    4.8382734545e-01
 208.5000000000    4.8379306163e-01
 209.0000000000    4.8375796770e-01
 209.5000000000    4.8372200280e-01
 210.0000000000    4.8368511211e-01
 210.5000000000    4.8364733050e-01
 211.0000000000    4.8360866607e-01
 211.5000000000    4.8356906577e-01
 212.0000000000    4.8352850512e-01
 212.5000000000    4.8348700149e-01
 213.0000000000    4.8344456401e-01
 213.5000000000    4.8340117226e-01
 214.0000000000    4.8335680513e-01
 214.5000000000    4.8331150102e-01
 215.0000000000    4.8326532572e-01
 215.5000000000    4.8321824085e-01
 216.0000000000    4.8317023167e-01
 216.5000000000    4.8312135369e-01
 217.0000000000    4.8307163561e-01
 217.5000000000    4.8302107508e-01
 218.0000000000    4.8296975020e-01
 218.5000000000    4.8291770547e-01
 219.0000000000    4.8286489444e-01
 219.5000000000    4.8281129103e-01
 220.0000000000    4.8275697362e-01
 220.5000000000    4.8270204706e-01
 221.0000000000    4.8264485489e-01
 221.5000000000    4.8258224180e-01
 222.0000000000    4.8251909446e-01
 222.5000000000    4.8245537687e-01
 223.0000000000    4.8239099665e-01
 223.5000000000    4.8232591212e-01
 224.0000000000    4.8226017573e-01
 224.5000000000    4.8219393082e-01
 225.0000000000    4.8212742893e-01
 225.5000000000    4.8206094244e-01
 226.0000000000    4.8199152150e-01
 226.5000000000    4.8191479401e-01
 227.0000000000    4.8183783102e-01
 227.5000000000    4.8176066144e-01
 228.0000000000    4.8168339016e-01
 228.5000000000    4.8160623466e-01
 229.0000000000    4.8152950927e-01
 229.5000000000    4.8145235148e-01
 230.0000000000    4.8136367654e-01
 230.5000000000    4.8127536049e-01
 231.0000000000    4.8118742157e-01
 231.5000000000    4.8109994000e-01
 232.0000000000    4.8101313879e-01
 232.5000000000    4.8092438208e-01
 233.0000000000    4.8082412497e-01
 233.5000000000    4.8072515326e-01
 234.0000000000    4.8062776703e-01
 234.5000000000    4.8053221300e-01
 235.0000000000    4.8043644358e-01
 235.5000000000    4.8032695737e-01
 236.0000000000    4.8021920984e-01
 236.5000000000    4.8011325568e-01
 237.0000000000    4.8000925421e-01
 237.5000000000    4.7989488328e-01
 238.0000000000    4.7977552034e-01
 238.5000000000    4.7965895154e-01
 239.0000000000    4.7954560202e-01
 239.5000000000    4.7942302245e-01
 240.0000000000    4.7929435598e-01
 240.5000000000    4.7916900807e-01
 241.0000000000    4.7904740285e-01
 241.5000000000    4.7890964391e-01
 242.0000000000    4.7877321877e-01
 242.5000000000    4.7864208261e-01
 243.0000000000    4.7850576463e-01
 243.5000000000    4.7835942324e-01
 244.0000000000    4.7821779994e-01
 244.5000000000    4.7807535739e-01
 245.0000000000    4.7791643334e-01
 245.5000000000    4.7776363240e-01
 246.0000000000    4.7761247494e-01
 246.5000000000    4.7744547035e-01
 247.0000000000    4.7728634776e-01
 247.5000000000    4.7712434395e-01
 248.0000000000    4.7694964870e-01
 248.5000000000    4.7678259755e-01
 249.0000000000    4.7660259212e-01
 249.5000000000    4.7642032503e-01
 250.0000000000    4.7624519091e-01
 250.5000000000    4.7604939070e-01
 251.0000000000    4.7586433393e-01
 251.5000000000    4.7566714380e-01
 252.0000000000    4.7546795432e-01
 252.5000000000    4.7526907669e-01
 253.0000000000    4.7505620157e-01
 253.5000000000    4.7485437365e-01
 254.0000000000    4.7462934037e-01
 254.5000000000    4.7441852001e-01
 255.0000000000    4.7418563861e-01
 255.5000000000    4.7396347256e-01
 256.0000000000    4.7372217416e-01
 256.5000000000    4.7348970355e-01
 257.0000000000    4.7323875021e-01
 257.5000000000    4.7299779930e-01
 258.0000000000    4.7273543195e-01
 258.5000000000    4.7248656248e-01
 259.0000000000    4.7221100922e-01
 259.5000000000    4.7194670079e-01
 260.0000000000    4.7166474318e-01
 260.5000000000    4.7138313037e-01
 261.0000000000    4.7109628285e-01
 261.5000000000    4.7079549215e-01
 262.0000000000    4.7050184338e-01
 262.5000000000    4.7018479310e-01
 263.0000000000    4.6986972976e-01
 263.5000000000    4.6955355173e-01
 264.0000000000    4.6921617928e-01
 264.5000000000    4.6888198896e-01
 265.0000000000    4.6854226499e-01
 265.5000000000    4.6818233031e-01
 266.0000000000    4.6782250971e-01
 266.5000000000    4.6746173270e-01
 267.0000000000    4.6707462922e-01
 267.5000000000    4.6668523718e-01
 268.0000000000    4.6629303369e-01
 268.5000000000    4.6589345846e-01
 269.0000000000    4.6547172969e-01
 269.5000000000    4.6504474106e-01
 270.0000000000    4.6461127906e-01
 270.5000000000    4.6417022864e-01
 271.0000000000    4.6371597364e-01
 271.5000000000    4.6324233778e-01
 272.0000000000    4.6275960047e-01
 272.5000000000    4.6226694802e-01
 273.0000000000    4.6176363884e-01
 273.5000000000    4.6124896922e-01
 274.0000000000    4.6072214072e-01
 274.5000000000    4.6018217445e-01
 275.0000000000    4.5962788470e-01
 275.5000000000    4.5905803004e-01
 276.0000000000    4.5847168838e-01
 276.5000000000    4.5786850673e-01
 277.0000000000    4.5724866109e-01
 277.5000000000    4.5661251317e-01
 278.0000000000    4.5596008315e-01
 278.5000000000    4.5529069009e-01
 279.0000000000    4.5460309833e-01
 279.5000000000    4.5389614545e-01
 280.0000000000    4.5316941343e-01
 280.5000000000    4.5242347334e-01
 281.0000000000    4.5165957565e-01
 281.5000000000    4.5087826026e-01
 282.0000000000    4.5006151567e-01
 282.5000000000    4.4922608727e-01
 283.0000000000    4.4837170879e-01
 283.5000000000    4.4749884443e-01
 284.0000000000    4.4658154284e-01
 284.5000000000    4.4564561547e-01
 285.0000000000    4.4469456196e-01
 285.5000000000    4.4369708702e-01
 286.0000000000    4.4268126513e-01
 286.5000000000    4.4163512553e-01
 287.0000000000    4.4055065557e-01
 287.5000000000    4.3944425795e-01
 288.0000000000    4.3829259623e-01
 288.5000000000    4.3711745826e-01
 289.0000000000    4.3590086760e-01
 289.5000000000    4.3464685895e-01
 290.0000000000    4.3336803602e-01
 290.5000000000    4.3202784687e-01
 291.0000000000    4.3065719534e-01
 291.5000000000    4.2925206065e-01
 292.0000000000    4.2779906019e-01
 292.5000000000    4.2629351359e-01
 293.0000000000    4.2474434270e-01
 293.5000000000    4.2314797658e-01
 294.0000000000    4.2150106472e-01
 294.5000000000    4.1980020580e-01
 295.0000000000    4.1804185190e-01
 295.5000000000    4.1622239675e-01
 296.0000000000    4.1433823711e-01
 296.5000000000    4.1238568040e-01
 297.0000000000    4.1033991357e-01
 297.5000000000    4.0820386674e-01
 298.0000000000    4.0597757706e-01
 298.5000000000    4.0360700924e-01
 299.0000000000    4.0111007430e-01
 299.5000000000    3.9842556910e-01
 300.0000000000    3.9552731554e-01
 300.5000000000    3.9236524992e-01
 301.0000000000    3.8887018042e-01
 301.5000000000    3.8493451329e-01
 302.0000000000    3.8044127094e-01
 302.5000000000    3.7518177216e-01
 303.0000000000    3.6886780365e-01
 303.5000000000    3.6091485162e-01
 304.0000000000    3.4362864219e-01
 304.5000000000    3.2111143011e-01
 305.0000000000    2.9833245410e-01
 305.5000000000    2.7543445006e-01
 306.0000000000    2.5257369810e-01
 306.5000000000    2.2991646428e-01
 307.0000000000    2.0763508459e-01
 307.5000000000    1.8590405498e-01
 308.0000000000    1.6489638798e-01
 308.5000000000    1.4478030057e-01
 309.0000000000    1.2571603365e-01
 309.5000000000    1.0785240364e-01
 310.0000000000    9.1322617961e-02
 310.5000000000    7.6239017571e-02
 311.0000000000    6.2686800864e-02
 311.5000000000    5.0717338311e-02
 312.0000000000    4.0342235607e-02
 312.5000000000    3.1529632772e-02
 313.0000000000    2.4204107772e-02
 313.5000000000    1.8250929495e-02
 314.0000000000    1.3524443740e-02
 314.5000000000    9.8594032759e-03
 315.0000000000    7.0834104873e-03
 315.5000000000    5.0285322748e-03
 316.0000000000    3.5405525781e-03
 316.5000000000    2.4850322095e-03
 317.0000000000    1.7500917589e-03
 317.5000000000    1.2464282393e-03
 318.0000000000    9.0540806762e-04
 318.5000000000    6.7611259374e-04
 319.0000000000    5.2202936096e-04
 319.5000000000    4.1783529793e-04
 320.0000000000    3.4651853003e-04
 320.5000000000    2.9696000458e-04
 321.0000000000    2.6202115588e-04
 321.5000000000    2.3712949690e-04
 322.0000000000    2.1930683507e-04
 322.5000000000    2.0654989727e-04
 323.0000000000    1.9746063599e-04
 323.5000000000    1.9103415570e-04
 324.0000000000    1.8653633519e-04
 324.5000000000    1.8342876193e-04
 325.0000000000    1.8131813903e-04
 325.5000000000    1.7991927906e-04
 326.0000000000    1.7902684523e-04
 326.5000000000    1.7849358684e-04
 327.0000000000    1.7821376213e-04
 327.5000000000    1.7811076594e-04
 328.0000000000    1.7812812818e-04
 328.5000000000    1.7822314730e-04
 329.0000000000    1.7836253841e-04
 329.5000000000    1.7851959318e-04
 330.0000000000    1.7867243320e-04
 330.5000000000    1.7880302404e-04
 331.0000000000    1.7889670381e-04
 331.5000000000    1.7894201628e-04
 332.0000000000    1.7893069473e-04
 332.5000000000    1.7885768265e-04
 333.0000000000    1.7872110856e-04
 333.5000000000    1.7852215861e-04
 334.0000000000    1.7826482295e-04
 334.5000000000    1.7795552186e-04
 335.0000000000    1.7760262192e-04
 335.5000000000    1.7721588373e-04
 336.0000000000    1.7680587878e-04
 336.5000000000    1.7638342095e-04
 337.0000000000    1.7595905486e-04
 337.5000000000    1.7554262805e-04
 338.0000000000    1.7514296748e-04
 338.5000000000    1.7476766178e-04
 339.0000000000    1.7442294837e-04
 339.5000000000    1.7411368757e-04
 340.0000000000    1.7384340768e-04
 340.5000000000    1.7361440093e-04
 341.0000000000    1.7342785432e-04
 341.5000000000    1.7328400129e-04
 342.0000000000    1.7318227588e-04
 342.5000000000    1.7312146325e-04
 343.0000000000    1.7309983413e-04
 343.5000000000    1.7311525847e-04
 344.0000000000    1.7316529562e-04
 344.5000000000    1.7324726237e-04
 345.0000000000    1.7335827996e-04
 345.5000000000    1.7349530494e-04
 346.0000000000    1.7365515206e-04
 346.5000000000    1.7383451186e-04
 347.0000000000    1.7402996355e-04
 347.5000000000    1.7423799091e-04
 348.0000000000    1.7445501088e-04
 348.5000000000    1.7467740983e-04
 349.0000000000    1.7490158920e-04
 349.5000000000    1.7512401797e-04
 350.0000000000    1.7534129164e-04
 350.5000000000    1.7555019902e-04
 351.0000000000    1.7574778317e-04
 351.5000000000    1.7593139672e-04
 352.0000000000    1.7609875382e-04
 352.5000000000    1.7624797850e-04
 353.0000000000    1.7637764846e-04
 353.5000000000    1.7648683435e-04
 354.0000000000    1.7657512478e-04
 354.5000000000    1.7664262731e-04
 355.0000000000    1.7668993617e-04
 355.5000000000    1.7671807531e-04
 356.0000000000    1.7672843844e-04
 356.5000000000    1.7672274185e-04
 357.0000000000    1.7670297987e-04
 357.5000000000    1.7667138193e-04
 358.0000000000    1.7663034365e-04
 358.5000000000    1.7658232489e-04
 359.0000000000    1.7652973562e-04
 359.5000000000    1.7647484138e-04
 360.0000000000    1.7641971167e-04
 360.5000000000    1.7636621591e-04
 361.0000000000    1.7631604543e-04
 361.5000000000    1.7627071660e-04
 362.0000000000    1.7623154137e-04
 362.5000000000    1.7619957995e-04
 363.0000000000    1.7617560923e-04
 363.5000000000    1.7616013018e-04
 364.0000000000    1.7615341806e-04
 364.5000000000    1.7615557874e-04
 365.0000000000    1.7616658149e-04
 365.5000000000    1.7618625284e-04
 366.0000000000    1.7621425596e-04
 366.5000000000    1.7625008475e-04
 367.0000000000    1.7629308779e-04
 367.5000000000    1.7634251168e-04
 368.0000000000    1.7639754408e-04
 368.5000000000    1.7645733473e-04
 369.0000000000    1.7652099667e-04
 369.5000000000    1.7658760585e-04
 370.0000000000    1.7665620912e-04
 370.5000000000    1.7672584571e-04
 371.0000000000    1.7679557095e-04
 371.5000000000    1.7686447527e-04
 372.0000000000    1.7693169531e-04
 372.5000000000    1.7699642223e-04
 373.0000000000    1.7705791697e-04
 373.5000000000    1.7711553604e-04
 374.0000000000    1.7716876008e-04
 374.5000000000    1.7721722275e-04
 375.0000000000    1.7726073397e-04
 375.5000000000    1.7729929483e-04
 376.0000000000    1.7733309771e-04
 376.5000000000    1.7736250973e-04
 377.0000000000    1.7738802461e-04
 377.5000000000    1.7741019729e-04
 378.0000000000    1.7742956931e-04
 378.5000000000    1.7744659208e-04
 379.0000000000    1.7746155432e-04
 379.5000000000    1.7747453343e-04
 380.0000000000    1.7748538097e-04
 380.5000000000    1.7749375376e-04
 381.0000000000    1.7749919093e-04
 381.5000000000    1.7750123505e-04
 382.0000000000    1.7749958332e-04
 382.5000000000    1.7749423702e-04
 383.0000000000    1.7748561553e-04
 383.5000000000    1.7747462213e-04
 384.0000000000    1.7746264271e-04
 384.5000000000    1.7745145717e-04
 385.0000000000    1.7744307643e-04
 385.5000000000    1.7743952510e-04
 386.0000000000    1.7744258989e-04
 386.5000000000    1.7745357778e-04
 387.0000000000    1.7747313052e-04
 387.5000000000    1.7750113013e-04
 388.0000000000    1.7753671014e-04
 388.5000000000    1.7757837516e-04
 389.0000000000    1.7762420894e-04
 389.5000000000    1.7767213818e-04
 390.0000000000    1.7772020688e-04
 390.5000000000    1.7776681921e-04
 391.0000000000    1.7781091017e-04
 391.5000000000    1.7785201501e-04
 392.0000000000    1.7789023011e-04
 392.5000000000    1.7792608022e-04
 393.0000000000    1.7796032559e-04
 393.5000000000    1.7799374828e-04
 394.0000000000    1.7802696082e-04
 394.5000000000    1.7806027264e-04
 395.0000000000    1.7809363822e-04
 395.5000000000    1.7812668580e-04
 396.0000000000    1.7815881479e-04
 396.5000000000    1.7818933730e-04
 397.0000000000    1.7821762755e-04
 397.5000000000    1.7824324547e-04
 398.0000000000    1.7826601439e-04
 398.5000000000    1.7828603987e-04
 399.0000000000    1.7830367261e-04
 399.5000000000    1.7831942989e-04
 400.0000000000    1.7833389585e-04
 400.5000000000    1.7834762390e-04
 401.0000000000    1.7836106380e-04
 401.5000000000    1.7837452254e-04
 402.0000000000    1.7838816364e-04
 402.5000000000    1.7840203769e-04
 403.0000000000    1.7841612936e-04
 403.5000000000    1.7843040757e-04
 404.0000000000    1.7844486641e-04
 404.5000000000    1.7845954954e-04
 405.0000000000    1.7847455378e-04
 405.5000000000    1.7849001684e-04
 406.0000000000    1.7850609318e-04
 406.5000000000    1.7852292505e-04
 407.0000000000    1.7854061590e-04
 407.5000000000    1.7855921137e-04
 408.0000000000    1.7857869049e-04
 408.5000000000    1.7859896810e-04
 409.0000000000    1.7861990026e-04
 409.5000000000    1.7864129388e-04
 410.0000000000    1.7866292082e-04
 410.5000000000    1.7868453270e-04
 411.0000000000    1.7870587977e-04
 411.5000000000    1.7872673432e-04
 412.0000000000    1.7874691387e-04
 412.5000000000    1.7876630314e-04
 413.0000000000    1.7878486838e-04
 413.5000000000    1.7880266108e-04
 414.0000000000    1.7881981189e-04
 414.5000000000    1.7883651159e-04
 415.0000000000    1.7885298356e-04
 415.5000000000    1.7886945213e-04
 416.0000000000    1.7888611129e-04
 416.5000000000    1.7890309804e-04
 417.0000000000    1.7892047900e-04
 417.5000000000    1.7893825100e-04
 418.0000000000    1.7895635453e-04
 418.5000000000    1.7897469491e-04
 419.0000000000    1.7899316831e-04
 419.5000000000    1.7901168371e-04
 420.0000000000    1.7903017859e-04
 420.5000000000    1.7904862522e-04
 421.0000000000    1.7906702723e-04
 421.5000000000    1.7908540780e-04
 422.0000000000    1.7910379390e-04
 422.5000000000    1.7912220005e-04
 423.0000000000    1.7914061673e-04
 423.5000000000    1.7915900532e-04
 424.0000000000    1.7917730167e-04
 424.5000000000    1.7919542639e-04
 425.0000000000    1.7921330023e-04
 425.5000000000    1.7923086034e-04
 426.0000000000    1.7924807435e-04
 426.5000000000    1.7926494794e-04
 427.0000000000    1.7928152694e-04
 427.5000000000    1.7929789236e-04
 428.0000000000    1.7931414840e-04
 428.5000000000    1.7933040534e-04
 429.0000000000    1.7934676208e-04
 429.5000000000    1.7936328931e-04
 430.0000000000    1.7938001855e-04
 430.5000000000    1.7939693853e-04
 431.0000000000    1.7941399815e-04
 431.5000000000    1.7943111588e-04
 432.0000000000    1.7944819560e-04
 432.5000000000    1.7946514331e-04
 433.0000000000    1.7948188260e-04
 433.5000000000    1.7949836816e-04
 434.0000000000    1.7951459108e-04
 434.5000000000    1.7953057675e-04
 435.0000000000    1.7954637707e-04
 435.5000000000    1.7956205759e-04
 436.0000000000    1.7957768399e-04
 436.5000000000    1.7959330900e-04
 437.0000000000    1.7960896401e-04
 437.5000000000    1.7962465254e-04
 438.0000000000    1.7964034910e-04
 438.5000000000    1.7965600372e-04
 439.0000000000    1.7967155053e-04
 439.5000000000    1.7968692085e-04
 440.0000000000    1.7970205516e-04
 440.5000000000    1.7971691465e-04
 441.0000000000    1.7973148946e-04
 441.5000000000    1.7974580363e-04
 442.0000000000    1.7975991285e-04
 442.5000000000    1.7977389706e-04
 443.0000000000    1.7978785376e-04
 443.5000000000    1.7980188312e-04
 444.0000000000    1.7981607575e-04
 444.5000000000    1.7983050149e-04
 445.0000000000    1.7984520169e-04
 445.5000000000    1.7986018599e-04
 446.0000000000    1.7987543172e-04
 446.5000000000    1.7989088865e-04
 447.0000000000    1.7990648552e-04
 447.5000000000    1.7992213926e-04
 448.0000000000    1.7993776690e-04
 448.5000000000    1.7995329240e-04
 449.0000000000    1.7996865371e-04
 449.5000000000    1.7998381502e-04
 450.0000000000    1.7999876776e-04
 450.5000000000    1.8001352337e-04
 451.0000000000    1.8002811121e-04
 451.5000000000    1.8004257429e-04
 452.0000000000    1.8005696118e-04
 452.5000000000    1.8007130905e-04
 453.0000000000    1.8008563841e-04
 453.5000000000    1.8009995719e-04
 454.0000000000    1.8011426191e-04
 454.5000000000    1.8012853480e-04
 455.0000000000    1.8014275215e-04
 455.5000000000    1.8015689155e-04
 456.0000000000    1.8017093148e-04
 456.5000000000    1.8018485252e-04
 457.0000000000    1.8019864567e-04
 457.5000000000    1.8021231583e-04
 458.0000000000    1.8022587839e-04
 458.5000000000    1.8023935723e-04
 459.0000000000    1.8025278298e-04
 459.5000000000    1.8026618377e-04
 460.0000000000    1.8027957758e-04
 460.5000000000    1.8029297460e-04
 461.0000000000    1.8030637823e-04
 461.5000000000    1.8031978496e-04
 462.0000000000    1.8033318576e-04
 462.5000000000    1.8034656982e-04
 463.0000000000    1.8035993076e-04
 463.5000000000    1.8037326444e-04
 464.0000000000    1.8038656650e-04
 464.5000000000    1.8039983554e-04
 465.0000000000    1.8041307374e-04
 465.5000000000    1.8042628402e-04
 466.0000000000    1.8043946801e-04
 466.5000000000    1.8045262775e-04
 467.0000000000    1.8046576609e-04
 467.5000000000    1.8047888004e-04
 468.0000000000    1.8049196099e-04
 468.5000000000    1.8050500383e-04
 469.0000000000    1.8051800601e-04
 469.5000000000    1.8053096417e-04
 470.0000000000    1.8054387466e-04
 470.5000000000    1.8055673315e-04
 471.0000000000    1.8056953406e-04
 471.5000000000    1.8058227107e-04
 472.0000000000    1.8059493935e-04
 472.5000000000    1.8060753786e-04
 473.0000000000    1.8062006960e-04
 473.5000000000    1.8063254090e-04
 474.0000000000    1.8064496098e-04
 474.5000000000    1.8065734086e-04
 475.0000000000    1.8066969106e-04
 475.5000000000    1.8068201888e-04
 476.0000000000    1.8069432599e-04
 476.5000000000    1.8070660787e-04
 477.0000000000    1.8071885626e-04
 477.5000000000    1.8073106331e-04
 478.0000000000    1.8074322561e-04
 478.5000000000    1.8075534700e-04
 479.0000000000    1.8076743896e-04
 479.5000000000    1.8077951724e-04
 480.0000000000    1.8079159668e-04
 480.5000000000    1.8080368587e-04
 481.0000000000    1.8081578321e-04
 481.5000000000    1.8082787753e-04
 482.0000000000    1.8083995240e-04
 482.5000000000    1.8085199234e-04
 483.0000000000    1.8086398883e-04
 483.5000000000    1.8087594364e-04
 484.0000000000    1.8088786698e-04
 484.5000000000    1.8089977071e-04
 485.0000000000    1.8091166108e-04
 485.5000000000    1.8092353498e-04
 486.0000000000    1.8093538036e-04
 486.5000000000    1.8094718137e-04
 487.0000000000    1.8095892564e-04
 487.5000000000    1.8097061045e-04
 488.0000000000    1.8098224401e-04
 488.5000000000    1.8099384080e-04
 489.0000000000    1.8100541389e-04
 489.5000000000    1.8101696816e-04
 490.0000000000    1.8102849698e-04
 490.5000000000    1.8103998447e-04
 491.0000000000    1.8105141251e-04
 491.5000000000    1.8106276898e-04
 492.0000000000    1.8107405298e-04
 492.5000000000    1.8108527504e-04
 493.0000000000    1.8109645232e-04
 493.5000000000    1.8110760156e-04
 494.0000000000    1.8111873290e-04
 494.5000000000    1.8112984794e-04
 495.0000000000    1.8114094240e-04
 495.5000000000    1.8115201080e-04
 496.0000000000    1.8116305028e-04
 496.5000000000    1.8117406115e-04
 497.0000000000    1.8118504324e-04
 497.5000000000    1.8119599053e-04
 498.0000000000    1.8120688753e-04
 498.5000000000    1.8121770992e-04
 499.0000000000    1.8122842846e-04
 499.5000000000    1.8123901506e-04
 500.0000000000    1.8124944833e-04
 500.5000000000    1.8125971705e-04
 501.0000000000    1.8126982253e-04
 501.5000000000    1.8127978208e-04
 502.0000000000    1.8128963535e-04
 502.5000000000    1.8129945267e-04
 503.0000000000    1.8130934221e-04
 503.5000000000    1.8131945149e-04
 504.0000000000    1.8132995857e-04
 504.5000000000    1.8134105099e-04
 505.0000000000    1.8135289410e-04
 505.5000000000    1.8136559370e-04
 506.0000000000    1.8137915888e-04
 506.5000000000    1.8139347150e-04
 507.0000000000    1.8140826744e-04
 507.5000000000    1.8142313405e-04
 508.0000000000    1.8143752616e-04
 508.5000000000    1.8145080220e-04
 509.0000000000    1.8146228063e-04
 509.5000000000    1.8147131525e-04
 510.0000000000    1.8147738400e-04
 510.5000000000    1.8148018048e-04
 511.0000000000    1.8147969418e-04
 511.5000000000    1.8147626236e-04
 512.0000000000    1.8147057682e-04
 512.5000000000    1.8146363518e-04
 513.0000000000    1.8145663813e-04
 513.5000000000    1.8145084475e-04
 514.0000000000    1.8144741074e-04
 514.5000000000    1.8144724016e-04
 515.0000000000    1.8145087840e-04
 515.5000000000    1.8145846581e-04
 516.0000000000    1.8146975672e-04
 516.5000000000    1.8148419517e-04
 517.0000000000    1.8150102982e-04
 517.5000000000    1.8151944422e-04
 518.0000000000    1.8153867964e-04
 518.5000000000    1.8155813055e-04
 519.0000000000    1.8157739797e-04
 519.5000000000    1.8159629335e-04
 520.0000000000    1.8161479687e-04
 520.5000000000    1.8163298123e-04
 521.0000000000    1.8165092769e-04
 521.5000000000    1.8166865653e-04
 522.0000000000    1.8168609233e-04
 522.5000000000    1.8170307157e-04
 523.0000000000    1.8171938532e-04
 523.5000000000    1.8173483838e-04
 524.0000000000    1.8174930327e-04
 524.5000000000    1.8176275256e-04
 525.0000000000    1.8177526474e-04
 525.5000000000    1.8178700000e-04
 526.0000000000    1.8179816247e-04
 526.5000000000    1.8180895581e-04
 527.0000000000    1.8181954518e-04
 527.5000000000    1.8183002985e-04
 528.0000000000    1.8184043786e-04
 528.5000000000    1.8185073577e-04
 529.0000000000    1.8186085475e-04
 529.5000000000    1.8187072051e-04
 530.0000000000    1.8188028106e-04
 530.5000000000    1.8188952291e-04
 531.0000000000    1.8189847323e-04
 531.5000000000    1.8190718971e-04
 532.0000000000    1.8191574555e-04
 532.5000000000    1.8192422035e-04
 533.0000000000    1.8193269072e-04
 533.5000000000    1.8194122025e-04
 534.0000000000    1.8194985838e-04
 534.5000000000    1.8195863864e-04
 535.0000000000    1.8196757525e-04
 535.5000000000    1.8197666303e-04
 536.0000000000    1.8198588142e-04
 536.5000000000    1.8199520097e-04
 537.0000000000    1.8200459103e-04
 537.5000000000    1.8201402781e-04
 538.0000000000    1.8202350268e-04
 538.5000000000    1.8203303107e-04
 539.0000000000    1.8204266151e-04
 539.5000000000    1.8205248130e-04
 540.0000000000    1.8206261535e-04
 540.5000000000    1.8207321509e-04
 541.0000000000    1.8208443202e-04
 541.5000000000    1.8209637906e-04
 542.0000000000    1.8210909385e-04
 542.5000000000    1.8212250397e-04
 543.0000000000    1.8213639165e-04
 543.5000000000    1.8215038131e-04
 544.0000000000    1.8216395328e-04
 544.5000000000    1.8217647211e-04
 545.0000000000    1.8218724347e-04
 545.5000000000    1.8219560891e-04
 546.0000000000    1.8220105395e-04
 546.5000000000    1.8220331815e-04
 547.0000000000    1.8220249901e-04
 547.5000000000    1.8219912641e-04
 548.0000000000    1.8219418807e-04
 548.5000000000    1.8218909442e-04
 549.0000000000    1.8218558186e-04
 549.5000000000    1.8218555739e-04
 550.0000000000    1.8219089332e-04
 550.5000000000    1.8220318835e-04
 551.0000000000    1.8222353299e-04
 551.5000000000    1.8225230945e-04
 552.0000000000    1.8228906714e-04
 552.5000000000    1.8233250130e-04
 553.0000000000    1.8238055716e-04
 553.5000000000    1.8243064302e-04
 554.0000000000    1.8247992869e-04
 554.5000000000    1.8252567385e-04
 555.0000000000    1.8256554753e-04
 555.5000000000    1.8259788570e-04
 556.0000000000    1.8262184519e-04
 556.5000000000    1.8263743772e-04
 557.0000000000    1.8264543354e-04
 557.5000000000    1.8264715626e-04
 558.0000000000    1.8264420498e-04
 558.5000000000    1.8263815717e-04
 559.0000000000    1.8263032174e-04
 559.5000000000    1.8262159091e-04
 560.0000000000    1.8261241687e-04
 560.5000000000    1.8260290878e-04
 561.0000000000    1.8259300641e-04
 561.5000000000    1.8258267184e-04
 562.0000000000    1.8257204315e-04
 562.5000000000    1.8256150601e-04
 563.0000000000    1.8255166739e-04
 563.5000000000    1.8254324692e-04
 564.0000000000    1.8253692201e-04
 564.5000000000    1.8253317192e-04
 565.0000000000    1.8253216524e-04
 565.5000000000    1.8253372158e-04
 566.0000000000    1.8253735560e-04
 566.5000000000    1.8254239548e-04
 567.0000000000    1.8254814984e-04
 567.5000000000    1.8255406954e-04
 568.0000000000    1.8255985909e-04
 568.5000000000    1.8256552069e-04
 569.0000000000    1.8257131845e-04
 569.5000000000    1.8257768266e-04
 570.0000000000    1.8258508482e-04
 570.5000000000    1.8259391010e-04
 571.0000000000    1.8260437044e-04
 571.5000000000    1.8261646677e-04
 572.0000000000    1.8262998933e-04
 572.5000000000    1.8264455588e-04
 573.0000000000    1.8265967558e-04
 573.5000000000    1.8267481919e-04
 574.0000000000    1.8268948658e-04
 574.5000000000    1.8270326351e-04
 575.0000000000    1.8271585966e-04
 575.5000000000    1.8272712589e-04
 576.0000000000    1.8273705338e-04
 576.5000000000    1.8274575581e-04
 577.0000000000    1.8275344699e-04
 577.5000000000    1.8276040258e-04
 578.0000000000    1.8276691871e-04
 578.5000000000    1.8277327525e-04
 579.0000000000    1.8277969361e-04
 579.5000000000    1.8278631143e-04
 580.0000000000    1.8279317338e-04
 580.5000000000    1.8280023852e-04
 581.0000000000    1.8280740843e-04
 581.5000000000    1.8281456084e-04
 582.0000000000    1.8282158644e-04
 582.5000000000    1.8282841795e-04
 583.0000000000    1.8283504297e-04
 583.5000000000    1.8284150241e-04
 584.0000000000    1.8284787824e-04
 584.5000000000    1.8285426926e-04
 585.0000000000    1.8286076995e-04
 585.5000000000    1.8286745056e-04
 586.0000000000    1.8287434887e-04
 586.5000000000    1.8288146468e-04
 587.0000000000    1.8288877204e-04
 587.5000000000    1.8289622545e-04
 588.0000000000    1.8290377318e-04
 588.5000000000    1.8291136784e-04
 589.0000000000    1.8291897456e-04
 589.5000000000    1.8292657196e-04
 590.0000000000    1.8293415035e-04
 590.5000000000    1.8294171223e-04
 591.0000000000    1.8294926503e-04
 591.5000000000    1.8295681475e-04
 592.0000000000    1.8296437101e-04
 592.5000000000    1.8297194570e-04
 593.0000000000    1.8297954577e-04
 593.5000000000    1.8298717222e-04
 594.0000000000    1.8299482629e-04
 594.5000000000    1.8300250963e-04
 595.0000000000    1.8301021611e-04
 595.5000000000    1.8301793269e-04
 596.0000000000    1.8302564754e-04
 596.5000000000    1.8303334755e-04
 597.0000000000    1.8304101717e-04
 597.5000000000    1.8304864286e-04
 598.0000000000    1.8305621424e-04
 598.5000000000    1.8306372149e-04
 599.0000000000    1.8307115267e-04
 599.5000000000    1.8307849458e-04
 600.0000000000    1.8308572902e-04
 600.5000000000    1.8309283186e-04
 601.0000000000    1.8309977171e-04
 601.5000000000    1.8310651087e-04
 602.0000000000    1.8311300832e-04
 602.5000000000    1.8311922150e-04
 603.0000000000    1.8312511769e-04
 603.5000000000    1.8313067405e-04
 604.0000000000    1.8313588219e-04
 604.5000000000    1.8314075163e-04
 605.0000000000    1.8314531205e-04
 605.5000000000    1.8314960974e-04
 606.0000000000    1.8315370964e-04
 606.5000000000    1.8315769463e-04
 607.0000000000    1.8316165783e-04
 607.5000000000    1.8316570516e-04
 608.0000000000    1.8316994868e-04
 608.5000000000    1.8317450000e-04
 609.0000000000    1.8317946661e-04
 609.5000000000    1.8318494468e-04
 610.0000000000    1.8319101257e-04
 610.5000000000    1.8319772854e-04
 611.0000000000    1.8320512774e-04
 611.5000000000    1.8321321907e-04
 612.0000000000    1.8322198680e-04
 612.5000000000    1.8323139619e-04
 613.0000000000    1.8324139597e-04
 613.5000000000    1.8325192322e-04
 614.0000000000    1.8326291309e-04
 614.5000000000    1.8327429998e-04
 615.0000000000    1.8328602292e-04
 615.5000000000    1.8329802648e-04
 616.0000000000    1.8331025694e-04
 616.5000000000    1.8332266092e-04
 617.0000000000    1.8333517930e-04
 617.5000000000    1.8334774395e-04
 618.0000000000    1.8336027267e-04
 618.5000000000    1.8337266552e-04
 619.0000000000    1.8338480175e-04
 619.5000000000    1.8339654492e-04
 620.0000000000    1.8340774252e-04
 620.5000000000    1.8341823629e-04
 621.0000000000    1.8342787123e-04
 621.5000000000    1.8343650591e-04
 622.0000000000    1.8344402635e-04
 622.5000000000    1.8345035803e-04
 623.0000000000    1.8345547278e-04
 623.5000000000    1.8345939612e-04
 624.0000000000    1.8346220948e-04
 624.5000000000    1.8346404891e-04
 625.0000000000    1.8346510113e-04
 625.5000000000    1.8346559114e-04
 626.0000000000    1.8346577053e-04
 626.5000000000    1.8346590063e-04
 627.0000000000    1.8346623046e-04
 627.5000000000    1.8346698176e-04
 628.0000000000    1.8346833700e-04
 628.5000000000    1.8347042573e-04
 629.0000000000    1.8347331965e-04
 629.5000000000    1.8347703805e-04
 630.0000000000    1.8348155277e-04
 630.5000000000    1.8348679690e-04
 631.0000000000    1.8349268305e-04
 631.5000000000    1.8349911984e-04
 632.0000000000    1.8350602341e-04
 632.5000000000    1.8351333219e-04
 633.0000000000    1.8352101268e-04
 633.5000000000    1.8352905919e-04
 634.0000000000    1.8353748740e-04
 634.5000000000    1.8354632115e-04
 635.0000000000    1.8355558273e-04
 635.5000000000    1.8356528187e-04
 636.0000000000    1.8357539998e-04
 636.5000000000    1.8358588522e-04
 637.0000000000    1.8359665233e-04
 637.5000000000    1.8360758310e-04
 638.0000000000    1.8361853258e-04
 638.5000000000    1.8362933870e-04
 639.0000000000    1.8363983389e-04
 639.5000000000    1.8364985914e-04
 640.0000000000    1.8365927764e-04
 640.5000000000    1.8366798566e-04
 641.0000000000    1.8367592394e-04
 641.5000000000    1.8368308317e-04
 642.0000000000    1.8368950502e-04
 642.5000000000    1.8369528276e-04
 643.0000000000    1.8370055458e-04
 643.5000000000    1.8370548882e-04
 644.0000000000    1.8371027092e-04
 644.5000000000    1.8371508689e-04
 645.0000000000    1.8372010507e-04
 645.5000000000    1.8372546461e-04
 646.0000000000    1.8373126735e-04
 646.5000000000    1.8373757407e-04
 647.0000000000    1.8374440819e-04
 647.5000000000    1.8375176685e-04
 648.0000000000    1.8375962860e-04
 648.5000000000    1.8376796283e-04
 649.0000000000    1.8377674426e-04
 649.5000000000    1.8378594871e-04
 650.0000000000    1.8379555472e-04
 650.5000000000    1.8380553741e-04
 651.0000000000    1.8381585736e-04
 651.5000000000    1.8382645219e-04
 652.0000000000    1.8383722653e-04
 652.5000000000    1.8384804871e-04
 653.0000000000    1.8385875127e-04
 653.5000000000    1.8386913598e-04
 654.0000000000    1.8387898315e-04
 654.5000000000    1.8388806651e-04
 655.0000000000    1.8389616424e-04
 655.5000000000    1.8390307565e-04
 656.0000000000    1.8390863093e-04
 656.5000000000    1.8391270081e-04
 657.0000000000    1.8391520365e-04
 657.5000000000    1.8391610866e-04
 658.0000000000    1.8391543743e-04
 658.5000000000    1.8391326403e-04
 659.0000000000    1.8390971247e-04
 659.5000000000    1.8390495538e-04
 660.0000000000    1.8389921374e-04
 660.5000000000    1.8389275195e-04
 661.0000000000    1.8388587595e-04
 661.5000000000    1.8387892419e-04
 662.0000000000    1.8387225914e-04
 662.5000000000    1.8386625302e-04
 663.0000000000    1.8386126976e-04
 663.5000000000    1.8385764902e-04
 664.0000000000    1.8385568612e-04
 664.5000000000    1.8385561620e-04
 665.0000000000    1.8385760147e-04
 665.5000000000    1.8386172423e-04
 666.0000000000    1.8386798412e-04
 666.5000000000    1.8387630440e-04
 667.0000000000    1.8388654302e-04
 667.5000000000    1.8389850689e-04
 668.0000000000    1.8391196835e-04
 668.5000000000    1.8392668151e-04
 669.0000000000    1.8394239690e-04
 669.5000000000    1.8395887157e-04
 670.0000000000    1.8397587419e-04
 670.5000000000    1.8399318489e-04
 671.0000000000    1.8401058957e-04
 671.5000000000    1.8402787149e-04
 672.0000000000    1.8404480252e-04
 672.5000000000    1.8406113547e-04
 673.0000000000    1.8407660045e-04
 673.5000000000    1.8409090611e-04
 674.0000000000    1.8410375017e-04
 674.5000000000    1.8411483577e-04
 675.0000000000    1.8412389087e-04
 675.5000000000    1.8413069587e-04
 676.0000000000    1.8413510773e-04
 676.5000000000    1.8413708066e-04
 677.0000000000    1.8413668320e-04
 677.5000000000    1.8413410460e-04
 678.0000000000    1.8412965062e-04
 678.5000000000    1.8412372862e-04
 679.0000000000    1.8411682295e-04
 679.5000000000    1.8410946152e-04
 680.0000000000    1.8410217841e-04
 680.5000000000    1.8409547347e-04
 681.0000000000    1.8408977512e-04
 681.5000000000    1.8408540946e-04
 682.0000000000    1.8408257988e-04
 682.5000000000    1.8408135539e-04
 683.0000000000    1.8408167289e-04
 683.5000000000    1.8408335044e-04
 684.0000000000    1.8408610783e-04
 684.5000000000    1.8408959442e-04
 685.0000000000    1.8409342116e-04
 685.5000000000    1.8409719086e-04
 686.0000000000    1.8410052506e-04
 686.5000000000    1.8410308621e-04
 687.0000000000    1.8410459251e-04
 687.5000000000    1.8410482521e-04
 688.0000000000    1.8410362852e-04
 688.5000000000    1.8410090428e-04
 689.0000000000    1.8409660379e-04
 689.5000000000    1.8409071767e-04
 690.0000000000    1.8408326360e-04
 690.5000000000    1.8407427637e-04
 691.0000000000    1.8406380008e-04
 691.5000000000    1.8405188305e-04
 692.0000000000    1.8403857961e-04
 692.5000000000    1.8402395777e-04
 693.0000000000    1.8400811232e-04
 693.5000000000    1.8399118301e-04
 694.0000000000    1.8397337392e-04
 694.5000000000    1.8395497336e-04
 695.0000000000    1.8393637173e-04
 695.5000000000    1.8391807442e-04
 696.0000000000    1.8390070639e-04
 696.5000000000    1.8388500552e-04
 697.0000000000    1.8387180360e-04
 697.5000000000    1.8386199132e-04
 698.0000000000    1.8385647132e-04
 698.5000000000    1.8385610263e-04
 699.0000000000    1.8386163956e-04
 699.5000000000    1.8387367290e-04
 700.0000000000    1.8389257750e-04
