#          time               M_ADM
   0.0000000000    1.1086625951e-01
   0.5000000000    1.1082145272e-01
   1.0000000000    1.1072752128e-01
   1.5000000000    1.1063368910e-01
   2.0000000000    1.1055497477e-01
   2.5000000000    1.1048761759e-01
   3.0000000000    1.1042510618e-01
   3.5000000000    1.1036303772e-01
   4.0000000000    1.1029927561e-01
   4.5000000000    1.1023312970e-01
   5.0000000000    1.1016462874e-01
   5.5000000000    1.1009407977e-01
   6.0000000000    1.1002185528e-01
   6.5000000000    1.0994830508e-01
   7.0000000000    1.0987372581e-01
   7.5000000000    1.0979836053e-01
   8.0000000000    1.0972241576e-01
   8.5000000000    1.0964608204e-01
   9.0000000000    1.0956954374e-01
   9.5000000000    1.0949297362e-01
  10.0000000000    1.0941652185e-01
  10.5000000000    1.0934030642e-01
  11.0000000000    1.0926441426e-01
  11.5000000000    1.0918892888e-01
  12.0000000000    1.0911393978e-01
  12.5000000000    1.0903954426e-01
  13.0000000000    1.0896583951e-01
  13.5000000000    1.0889288372e-01
  14.0000000000    1.0882071940e-01
  14.5000000000    1.0874937723e-01
  15.0000000000    1.0867889098e-01
  15.5000000000    1.0860930853e-01
  16.0000000000    1.0854068804e-01
  16.5000000000    1.0847309445e-01
  17.0000000000    1.0840655615e-01
  17.5000000000    1.0834107034e-01
  18.0000000000    1.0827663254e-01
  18.5000000000    1.0821324748e-01
  19.0000000000    1.0815093519e-01
  19.5000000000    1.0808976750e-01
  20.0000000000    1.0802977537e-01
  20.5000000000    1.0797092814e-01
  21.0000000000    1.0791322689e-01
  21.5000000000    1.0785665646e-01
  22.0000000000    1.0780120169e-01
  22.5000000000    1.0774686149e-01
  23.0000000000    1.0769365226e-01
  23.5000000000    1.0764159232e-01
  24.0000000000    1.0759068641e-01
  24.5000000000    1.0754091389e-01
  25.0000000000    1.0749226233e-01
  25.5000000000    1.0744476280e-01
  26.0000000000    1.0739839920e-01
  26.5000000000    1.0735308110e-01
  27.0000000000    1.0730881949e-01
  27.5000000000    1.0726566552e-01
  28.0000000000    1.0722360206e-01
  28.5000000000    1.0718259981e-01
  29.0000000000    1.0714263758e-01
  29.5000000000    1.0710369402e-01
  30.0000000000    1.0706575870e-01
  30.5000000000    1.0702883332e-01
  31.0000000000    1.0699290589e-01
  31.5000000000    1.0695799719e-01
  32.0000000000    1.0692408892e-01
  32.5000000000    1.0689115094e-01
  33.0000000000    1.0685916784e-01
  33.5000000000    1.0682812796e-01
  34.0000000000    1.0679802668e-01
  34.5000000000    1.0676887276e-01
  35.0000000000    1.0674066818e-01
  35.5000000000    1.0671339975e-01
  36.0000000000    1.0668705274e-01
  36.5000000000    1.0666161283e-01
  37.0000000000    1.0663707307e-01
  37.5000000000    1.0661343400e-01
  38.0000000000    1.0659070058e-01
  38.5000000000    1.0656888011e-01
  39.0000000000    1.0654797095e-01
  39.5000000000    1.0652795526e-01
  40.0000000000    1.0650882234e-01
  40.5000000000    1.0649058448e-01
  41.0000000000    1.0647325915e-01
  41.5000000000    1.0645685499e-01
  42.0000000000    1.0644137819e-01
  42.5000000000    1.0642683589e-01
  43.0000000000    1.0641323441e-01
  43.5000000000    1.0640057614e-01
  44.0000000000    1.0638887531e-01
  44.5000000000    1.0637818687e-01
  45.0000000000    1.0636852457e-01
  45.5000000000    1.0635981333e-01
  46.0000000000    1.0635211771e-01
  46.5000000000    1.0634554825e-01
  47.0000000000    1.0634008585e-01
  47.5000000000    1.0633572801e-01
  48.0000000000    1.0633250259e-01
  48.5000000000    1.0633045471e-01
  49.0000000000    1.0632963534e-01
  49.5000000000    1.0633009702e-01
  50.0000000000    1.0633188493e-01
  50.5000000000    1.0633503644e-01
  51.0000000000    1.0633958883e-01
  51.5000000000    1.0634559133e-01
  52.0000000000    1.0635310240e-01
  52.5000000000    1.0636218971e-01
  53.0000000000    1.0637292585e-01
  53.5000000000    1.0638536056e-01
  54.0000000000    1.0639953243e-01
  54.5000000000    1.0641540199e-01
  55.0000000000    1.0643286999e-01
  55.5000000000    1.0645169573e-01
  56.0000000000    1.0647144525e-01
  56.5000000000    1.0649149407e-01
  57.0000000000    1.0651124939e-01
  57.5000000000    1.0653079422e-01
  58.0000000000    1.0655169371e-01
  58.5000000000    1.0657702233e-01
  59.0000000000    1.0660975919e-01
  59.5000000000    1.0665069789e-01
  60.0000000000    1.0669843030e-01
  60.5000000000    1.0675103368e-01
  61.0000000000    1.0680722970e-01
  61.5000000000    1.0686671623e-01
  62.0000000000    1.0692993094e-01
  62.5000000000    1.0699722086e-01
  63.0000000000    1.0706833329e-01
  63.5000000000    1.0714339574e-01
  64.0000000000    1.0722378755e-01
  64.5000000000    1.0731077687e-01
  65.0000000000    1.0740407243e-01
  65.5000000000    1.0750325004e-01
  66.0000000000    1.0760914871e-01
  66.5000000000    1.0772260442e-01
  67.0000000000    1.0784362844e-01
  67.5000000000    1.0797248393e-01
  68.0000000000    1.0810991321e-01
  68.5000000000    1.0825638948e-01
  69.0000000000    1.0841217269e-01
  69.5000000000    1.0857771165e-01
  70.0000000000    1.0875347276e-01
  70.5000000000    1.0893971681e-01
  71.0000000000    1.0913678014e-01
  71.5000000000    1.0934505507e-01
  72.0000000000    1.0956445314e-01
  72.5000000000    1.0979460316e-01
  73.0000000000    1.1003523357e-01
  73.5000000000    1.1028557032e-01
  74.0000000000    1.1054398500e-01
  74.5000000000    1.1080821659e-01
  75.0000000000    1.1107492571e-01
  75.5000000000    1.1133905546e-01
  76.0000000000    1.1159374280e-01
  76.5000000000    1.1182924033e-01
  77.0000000000    1.1203087513e-01
  77.5000000000    1.1217745214e-01
  78.0000000000    1.1223953771e-01
  78.5000000000    1.1217551569e-01
  79.0000000000    1.1192510788e-01
  79.5000000000    1.1140187882e-01
  80.0000000000    1.1048318158e-01
  80.5000000000    1.0899654604e-01
  81.0000000000    1.0670465823e-01
  81.5000000000    1.0329637252e-01
  82.0000000000    9.8399506391e-02
  82.5000000000    9.1641350441e-02
  83.0000000000    8.2789277754e-02
  83.5000000000    7.1969200742e-02
  84.0000000000    5.9858813256e-02
  84.5000000000    4.7655240738e-02
  85.0000000000    3.6690260421e-02
  85.5000000000    2.7868094057e-02
  86.0000000000    2.1352319519e-02
  86.5000000000    1.6741250305e-02
  87.0000000000    1.3475544933e-02
  87.5000000000    1.1099579088e-02
  88.0000000000    9.3111992260e-03
  88.5000000000    7.9223758427e-03
  89.0000000000    6.8150964439e-03
  89.5000000000    5.9128891971e-03
  90.0000000000    5.1645809769e-03
  90.5000000000    4.5351418474e-03
  91.0000000000    4.0000713365e-03
  91.5000000000    3.5417317599e-03
  92.0000000000    3.1469144320e-03
  92.5000000000    2.8052358870e-03
  93.0000000000    2.5082155981e-03
  93.5000000000    2.2488242236e-03
  94.0000000000    2.0212769908e-03
  94.5000000000    1.8208864235e-03
  95.0000000000    1.6438964830e-03
  95.5000000000    1.4872723880e-03
  96.0000000000    1.3484738231e-03
  96.5000000000    1.2252827587e-03
  97.0000000000    1.1157048045e-03
  97.5000000000    1.0179490988e-03
  98.0000000000    9.3045252590e-04
  98.5000000000    8.5190045414e-04
  99.0000000000    7.8121724018e-04
  99.5000000000    7.1751962450e-04
 100.0000000000    6.6005352423e-04
 100.5000000000    6.0813989739e-04
 101.0000000000    5.6114959219e-04
 101.5000000000    5.1850746619e-04
 102.0000000000    4.7970843832e-04
 102.5000000000    4.4433003098e-04
 103.0000000000    4.1202781433e-04
 103.5000000000    3.8251516929e-04
 104.0000000000    3.5553756390e-04
 104.5000000000    3.3085349285e-04
 105.0000000000    3.0823026903e-04
 105.5000000000    2.8745185801e-04
 106.0000000000    2.6832970187e-04
 106.5000000000    2.5070822797e-04
 107.0000000000    2.3446044342e-04
 107.5000000000    2.1947694844e-04
 108.0000000000    2.0565426531e-04
 108.5000000000    1.9288881730e-04
 109.0000000000    1.8107908128e-04
 109.5000000000    1.7013226937e-04
 110.0000000000    1.5997026061e-04
 110.5000000000    1.5053043610e-04
 111.0000000000    1.4176102676e-04
 111.5000000000    1.3361434135e-04
 112.0000000000    1.2604164215e-04
 112.5000000000    1.1899267242e-04
 113.0000000000    1.1241920898e-04
 113.5000000000    1.0627943314e-04
 114.0000000000    1.0054008900e-04
 114.5000000000    9.5174902693e-05
 115.0000000000    9.0160660144e-05
 115.5000000000    8.5473471066e-05
 116.0000000000    8.1087439758e-05
 116.5000000000    7.6976311994e-05
 117.0000000000    7.3116497091e-05
 117.5000000000    6.9489177909e-05
 118.0000000000    6.6080159721e-05
 118.5000000000    6.2877597412e-05
 119.0000000000    5.9869267087e-05
 119.5000000000    5.7041283564e-05
 120.0000000000    5.4378753865e-05
 120.5000000000    5.1867783897e-05
 121.0000000000    4.9497227229e-05
 121.5000000000    4.7258957617e-05
 122.0000000000    4.5146609435e-05
 122.5000000000    4.3153724331e-05
 123.0000000000    4.1272598795e-05
 123.5000000000    3.9494525879e-05
 124.0000000000    3.7811031023e-05
 124.5000000000    3.6215198065e-05
 125.0000000000    3.4702145517e-05
 125.5000000000    3.3268370983e-05
 126.0000000000    3.1910439744e-05
 126.5000000000    3.0623995358e-05
 127.0000000000    2.9403750851e-05
 127.5000000000    2.8244361924e-05
 128.0000000000    2.7141446669e-05
 128.5000000000    2.6092031907e-05
 129.0000000000    2.5094201292e-05
 129.5000000000    2.4146147928e-05
 130.0000000000    2.3245340834e-05
 130.5000000000    2.2388492510e-05
 131.0000000000    2.1572157750e-05
 131.5000000000    2.0793468654e-05
 132.0000000000    2.0050495931e-05
 132.5000000000    1.9342052820e-05
 133.0000000000    1.8667021383e-05
 133.5000000000    1.8023783555e-05
 134.0000000000    1.7410131271e-05
 134.5000000000    1.6823655378e-05
 135.0000000000    1.6262369431e-05
 135.5000000000    1.5724964613e-05
 136.0000000000    1.5210676434e-05
 136.5000000000    1.4718869393e-05
 137.0000000000    1.4248579902e-05
 137.5000000000    1.3798405433e-05
 138.0000000000    1.3366768219e-05
 138.5000000000    1.2952342792e-05
 139.0000000000    1.2554310849e-05
 139.5000000000    1.2172306158e-05
 140.0000000000    1.1806058826e-05
 140.5000000000    1.1455018896e-05
 141.0000000000    1.1118266261e-05
 141.5000000000    1.0794703064e-05
 142.0000000000    1.0483386599e-05
 142.5000000000    1.0183761347e-05
 143.0000000000    9.8956155724e-06
 143.5000000000    9.6187999777e-06
 144.0000000000    9.3529436420e-06
 144.5000000000    9.0973617353e-06
 145.0000000000    8.8512350622e-06
 145.5000000000    8.6138751124e-06
 146.0000000000    8.3849045890e-06
 146.5000000000    8.1642069006e-06
 147.0000000000    7.9517063407e-06
 147.5000000000    7.7471496089e-06
 148.0000000000    7.5500472272e-06
 148.5000000000    7.3598019204e-06
 149.0000000000    7.1759241245e-06
 149.5000000000    6.9981704643e-06
 150.0000000000    6.8264850590e-06
 150.5000000000    6.6608371840e-06
 151.0000000000    6.5010581815e-06
 151.5000000000    6.3467935809e-06
 152.0000000000    6.1976065168e-06
 152.5000000000    6.0531359471e-06
 153.0000000000    5.9132126896e-06
 153.5000000000    5.7778156854e-06
 154.0000000000    5.6469414883e-06
 154.5000000000    5.5204777559e-06
 155.0000000000    5.3981598365e-06
 155.5000000000    5.2796481474e-06
 156.0000000000    5.1646723614e-06
 156.5000000000    5.0531096680e-06
 157.0000000000    4.9449635927e-06
 157.5000000000    4.8402578841e-06
 158.0000000000    4.7389124119e-06
 158.5000000000    4.6407195793e-06
 159.0000000000    4.5454112750e-06
 159.5000000000    4.4527756674e-06
 160.0000000000    4.3627306145e-06
 160.5000000000    4.2753050155e-06
 161.0000000000    4.1905332861e-06
 161.5000000000    4.1083601158e-06
 162.0000000000    4.0286114540e-06
 162.5000000000    3.9510674194e-06
 163.0000000000    3.8755658458e-06
 163.5000000000    3.8020652647e-06
 164.0000000000    3.7306097674e-06
 164.5000000000    3.6612313686e-06
 165.0000000000    3.5938802024e-06
 165.5000000000    3.5284224159e-06
 166.0000000000    3.4646898107e-06
 166.5000000000    3.4025544180e-06
 167.0000000000    3.3419820702e-06
 167.5000000000    3.2830183383e-06
 168.0000000000    3.2257026251e-06
 168.5000000000    3.1699812614e-06
 169.0000000000    3.1157026173e-06
 169.5000000000    3.0627045503e-06
 170.0000000000    3.0109039443e-06
 170.5000000000    2.9603201569e-06
 171.0000000000    2.9110081663e-06
 171.5000000000    2.8629813089e-06
 172.0000000000    2.8161917398e-06
 172.5000000000    2.7705584304e-06
 173.0000000000    2.7260078784e-06
 173.5000000000    2.6824968939e-06
 174.0000000000    2.6400267471e-06
 174.5000000000    2.5986316634e-06
 175.0000000000    2.5583614561e-06
 175.5000000000    2.5191992961e-06
 176.0000000000    2.4810562175e-06
 176.5000000000    2.4438039818e-06
 177.0000000000    2.4073589385e-06
 177.5000000000    2.3717291905e-06
 178.0000000000    2.3369750007e-06
 178.5000000000    2.3031140430e-06
 179.0000000000    2.2700645381e-06
 179.5000000000    2.2376859993e-06
 180.0000000000    2.2058744687e-06
 180.5000000000    2.1746235563e-06
 181.0000000000    2.1439867454e-06
 181.5000000000    2.1139971972e-06
 182.0000000000    2.0846207910e-06
 182.5000000000    2.0557865074e-06
 183.0000000000    2.0274455988e-06
 183.5000000000    1.9995918787e-06
 184.0000000000    1.9722396460e-06
 184.5000000000    1.9453999857e-06
 185.0000000000    1.9190815842e-06
 185.5000000000    1.8932993575e-06
 186.0000000000    1.8680672696e-06
 186.5000000000    1.8433741921e-06
 187.0000000000    1.8191805236e-06
 187.5000000000    1.7954525540e-06
 188.0000000000    1.7722061195e-06
 188.5000000000    1.7495049885e-06
 189.0000000000    1.7274010387e-06
 189.5000000000    1.7058754477e-06
 190.0000000000    1.6848510915e-06
 190.5000000000    1.6642558898e-06
 191.0000000000    1.6440878036e-06
 191.5000000000    1.6244094218e-06
 192.0000000000    1.6052823420e-06
 192.5000000000    1.5866996639e-06
 193.0000000000    1.5685828268e-06
 193.5000000000    1.5508433633e-06
 194.0000000000    1.5334493852e-06
 194.5000000000    1.5164362192e-06
 195.0000000000    1.4998547822e-06
 195.5000000000    1.4837089170e-06
 196.0000000000    1.4679386140e-06
 196.5000000000    1.4524617354e-06
 197.0000000000    1.4372307851e-06
 197.5000000000    1.4222497720e-06
 198.0000000000    1.4075494629e-06
 198.5000000000    1.3931368763e-06
 199.0000000000    1.3789771520e-06
 199.5000000000    1.3650166256e-06
 200.0000000000    1.3512204818e-06
 200.5000000000    1.3375858705e-06
 201.0000000000    1.3241225616e-06
 201.5000000000    1.3108286161e-06
 202.0000000000    1.2976867368e-06
 202.5000000000    1.2846778970e-06
 203.0000000000    1.2718003037e-06
 203.5000000000    1.2590580123e-06
 204.0000000000    1.2464455733e-06
 204.5000000000    1.2339419229e-06
 205.0000000000    1.2215346783e-06
 205.5000000000    1.2092192236e-06
 206.0000000000    1.1970279097e-06
 206.5000000000    1.1849823735e-06
 207.0000000000    1.1730720374e-06
 207.5000000000    1.1612600869e-06
 208.0000000000    1.1495174288e-06
 208.5000000000    1.1378559808e-06
 209.0000000000    1.1263219849e-06
 209.5000000000    1.1149557473e-06
 210.0000000000    1.1037533955e-06
 210.5000000000    1.0926722609e-06
 211.0000000000    1.0816732268e-06
 211.5000000000    1.0707588434e-06
 212.0000000000    1.0599762878e-06
 212.5000000000    1.0493749422e-06
 213.0000000000    1.0389644513e-06
 213.5000000000    1.0287100871e-06
 214.0000000000    1.0185686143e-06
 214.5000000000    1.0085320965e-06
 215.0000000000    9.9863551017e-07
 215.5000000000    9.8892476455e-07
 216.0000000000    9.7941792969e-07
 216.5000000000    9.7009493550e-07
 217.0000000000    9.6092080099e-07
 217.5000000000    9.5187950521e-07
 218.0000000000    9.4298593332e-07
 218.5000000000    9.3426982014e-07
 219.0000000000    9.2574859879e-07
 219.5000000000    9.1741512849e-07
 220.0000000000    9.0924855981e-07
 220.5000000000    9.0123424058e-07
 221.0000000000    8.9337382247e-07
 221.5000000000    8.8567784925e-07
 222.0000000000    8.7815322788e-07
 222.5000000000    8.7079846333e-07
 223.0000000000    8.6360758892e-07
 223.5000000000    8.5657637874e-07
 224.0000000000    8.4970250875e-07
 224.5000000000    8.4298194599e-07
 225.0000000000    8.3640734299e-07
 225.5000000000    8.2997301375e-07
 226.0000000000    8.2368155388e-07
 226.5000000000    8.1754207704e-07
 227.0000000000    8.1155830174e-07
 227.5000000000    8.0572020515e-07
 228.0000000000    8.0000717019e-07
 228.5000000000    7.9440270623e-07
 229.0000000000    7.8890818233e-07
 229.5000000000    7.8354124941e-07
 230.0000000000    7.7831823904e-07
 230.5000000000    7.7323680103e-07
 231.0000000000    7.6827193110e-07
 231.5000000000    7.6339423294e-07
 232.0000000000    7.5859638846e-07
 232.5000000000    7.5389698434e-07
 233.0000000000    7.4931871705e-07
 233.5000000000    7.4486594315e-07
 234.0000000000    7.4051873735e-07
 234.5000000000    7.3624747892e-07
 235.0000000000    7.3203689195e-07
 235.5000000000    7.2789895673e-07
 236.0000000000    7.2386156004e-07
 236.5000000000    7.1994157224e-07
 237.0000000000    7.1612580178e-07
 237.5000000000    7.1237977391e-07
 238.0000000000    7.0867836389e-07
 238.5000000000    7.0502661794e-07
 239.0000000000    7.0144853563e-07
 239.5000000000    6.9796087875e-07
 240.0000000000    6.9455761815e-07
 240.5000000000    6.9121756649e-07
 241.0000000000    6.8792457391e-07
 241.5000000000    6.8467887376e-07
 242.0000000000    6.8149352083e-07
 242.5000000000    6.7838362584e-07
 243.0000000000    6.7535480044e-07
 243.5000000000    6.7239633338e-07
 244.0000000000    6.6948833148e-07
 244.5000000000    6.6661894085e-07
 245.0000000000    6.6379365756e-07
 245.5000000000    6.6102556067e-07
 246.0000000000    6.5831825952e-07
 246.5000000000    6.5565998013e-07
 247.0000000000    6.5303529536e-07
 247.5000000000    6.5044059256e-07
 248.0000000000    6.4788562595e-07
 248.5000000000    6.4537994027e-07
 249.0000000000    6.4292328299e-07
 249.5000000000    6.4050967260e-07
 250.0000000000    6.3813701181e-07
 250.5000000000    6.3581002654e-07
 251.0000000000    6.3353321372e-07
 251.5000000000    6.3130550459e-07
 252.0000000000    6.2912270940e-07
 252.5000000000    6.2698268608e-07
 253.0000000000    6.2488496093e-07
 253.5000000000    6.2282665294e-07
 254.0000000000    6.2080275989e-07
 254.5000000000    6.1880993717e-07
 255.0000000000    6.1684900125e-07
 255.5000000000    6.1492133211e-07
 256.0000000000    6.1302306599e-07
 256.5000000000    6.1114745957e-07
 257.0000000000    6.0929345784e-07
 257.5000000000    6.0746844789e-07
 258.0000000000    6.0567980812e-07
 258.5000000000    6.0392793748e-07
 259.0000000000    6.0220435088e-07
 259.5000000000    6.0050576157e-07
 260.0000000000    5.9884084405e-07
 260.5000000000    5.9721941061e-07
 261.0000000000    5.9564105733e-07
 261.5000000000    5.9409361518e-07
 262.0000000000    5.9256480663e-07
 262.5000000000    5.9105855883e-07
 263.0000000000    5.8958917389e-07
 263.5000000000    5.8816260480e-07
 264.0000000000    5.8676479000e-07
 264.5000000000    5.8537165166e-07
 265.0000000000    5.8397254341e-07
 265.5000000000    5.8258053197e-07
 266.0000000000    5.8121868109e-07
 266.5000000000    5.7989515099e-07
 267.0000000000    5.7859382797e-07
 267.5000000000    5.7728889834e-07
 268.0000000000    5.7597014014e-07
 268.5000000000    5.7465325342e-07
 269.0000000000    5.7336644735e-07
 269.5000000000    5.7212805752e-07
 270.0000000000    5.7093372221e-07
 270.5000000000    5.6976177350e-07
 271.0000000000    5.6859175615e-07
 271.5000000000    5.6742053614e-07
 272.0000000000    5.6626672138e-07
 272.5000000000    5.6515935629e-07
 273.0000000000    5.6411592130e-07
 273.5000000000    5.6312531342e-07
 274.0000000000    5.6215041811e-07
 274.5000000000    5.6115437473e-07
 275.0000000000    5.6013033638e-07
 275.5000000000    5.5911000134e-07
 276.0000000000    5.5813567402e-07
 276.5000000000    5.5721787550e-07
 277.0000000000    5.5631000162e-07
 277.5000000000    5.5536049980e-07
 278.0000000000    5.5432539513e-07
 278.5000000000    5.5322480914e-07
 279.0000000000    5.5211617892e-07
 279.5000000000    5.5104007869e-07
 280.0000000000    5.4998005689e-07
 280.5000000000    5.4887282464e-07
 281.0000000000    5.4766105998e-07
 281.5000000000    5.4634409829e-07
 282.0000000000    5.4497389572e-07
 282.5000000000    5.4361308986e-07
 283.0000000000    5.4228392727e-07
 283.5000000000    5.4095521393e-07
 284.0000000000    5.3957541311e-07
 284.5000000000    5.3811950691e-07
 285.0000000000    5.3661742190e-07
 285.5000000000    5.3512428904e-07
 286.0000000000    5.3368527514e-07
 286.5000000000    5.3230889805e-07
 287.0000000000    5.3097122307e-07
 287.5000000000    5.2964197187e-07
 288.0000000000    5.2830899179e-07
 288.5000000000    5.2698711095e-07
 289.0000000000    5.2570816078e-07
 289.5000000000    5.2450113046e-07
 290.0000000000    5.2337329697e-07
 290.5000000000    5.2230366191e-07
 291.0000000000    5.2124773915e-07
 291.5000000000    5.2016309791e-07
 292.0000000000    5.1903549054e-07
 292.5000000000    5.1788305369e-07
 293.0000000000    5.1672788450e-07
 293.5000000000    5.1555721748e-07
 294.0000000000    5.1431411646e-07
 294.5000000000    5.1292936326e-07
 295.0000000000    5.1136558722e-07
 295.5000000000    5.0963038012e-07
 296.0000000000    5.0774768038e-07
 296.5000000000    5.0570806459e-07
 297.0000000000    5.0345275702e-07
 297.5000000000    5.0090520575e-07
 298.0000000000    4.9802500039e-07
 298.5000000000    4.9483255195e-07
 299.0000000000    4.9137981265e-07
 299.5000000000    4.8769853326e-07
 300.0000000000    4.8377630678e-07
 300.5000000000    4.7958059137e-07
 301.0000000000    4.7510353807e-07
 301.5000000000    4.7038703146e-07
 302.0000000000    4.6550419816e-07
 302.5000000000    4.6052445870e-07
 303.0000000000    4.5549076857e-07
 303.5000000000    4.5041917551e-07
 304.0000000000    4.4533867981e-07
 304.5000000000    4.4030239127e-07
 305.0000000000    4.3538204595e-07
 305.5000000000    4.3063822226e-07
 306.0000000000    4.2609858915e-07
 306.5000000000    4.2175900726e-07
 307.0000000000    4.1760503141e-07
 307.5000000000    4.1363294470e-07
 308.0000000000    4.0984384090e-07
 308.5000000000    4.0620868272e-07
 309.0000000000    4.0263786377e-07
 309.5000000000    3.9899372548e-07
 310.0000000000    3.9515294600e-07
 310.5000000000    3.9106440763e-07
 311.0000000000    3.8675067724e-07
 311.5000000000    3.8226158632e-07
 312.0000000000    3.7763442366e-07
 312.5000000000    3.7289274209e-07
 313.0000000000    3.6808102315e-07
 313.5000000000    3.6328345244e-07
 314.0000000000    3.5860213254e-07
 314.5000000000    3.5411357764e-07
 315.0000000000    3.4983814031e-07
 315.5000000000    3.4575190269e-07
 316.0000000000    3.4183173527e-07
 316.5000000000    3.3810030582e-07
 317.0000000000    3.3460542591e-07
 317.5000000000    3.3138518487e-07
 318.0000000000    3.2843907059e-07
 318.5000000000    3.2572543792e-07
 319.0000000000    3.2320645314e-07
 319.5000000000    3.2088559404e-07
 320.0000000000    3.1878827840e-07
 320.5000000000    3.1691650153e-07
 321.0000000000    3.1523020887e-07
 321.5000000000    3.1367577872e-07
 322.0000000000    3.1222404799e-07
 322.5000000000    3.1087891461e-07
 323.0000000000    3.0965246942e-07
 323.5000000000    3.0853468369e-07
 324.0000000000    3.0748727937e-07
 324.5000000000    3.0646698180e-07
 325.0000000000    3.0545518639e-07
 325.5000000000    3.0446568061e-07
 326.0000000000    3.0352359455e-07
 326.5000000000    3.0263593309e-07
 327.0000000000    3.0177927193e-07
 327.5000000000    3.0092311919e-07
 328.0000000000    3.0005036684e-07
 328.5000000000    2.9917674036e-07
 329.0000000000    2.9833506697e-07
 329.5000000000    2.9754149287e-07
 330.0000000000    2.9677880721e-07
 330.5000000000    2.9601162645e-07
 331.0000000000    2.9521671776e-07
 331.5000000000    2.9440606811e-07
 332.0000000000    2.9361515449e-07
 332.5000000000    2.9286817360e-07
 333.0000000000    2.9215630058e-07
 333.5000000000    2.9144525809e-07
 334.0000000000    2.9070763359e-07
 334.5000000000    2.8994940843e-07
 335.0000000000    2.8920375846e-07
 335.5000000000    2.8850228698e-07
 336.0000000000    2.8784672066e-07
 336.5000000000    2.8720818312e-07
 337.0000000000    2.8655421650e-07
 337.5000000000    2.8587870208e-07
 338.0000000000    2.8520750682e-07
 338.5000000000    2.8457569309e-07
 339.0000000000    2.8399559879e-07
 339.5000000000    2.8344638521e-07
 340.0000000000    2.8289295195e-07
 340.5000000000    2.8231738159e-07
 341.0000000000    2.8173413478e-07
 341.5000000000    2.8117558114e-07
 342.0000000000    2.8066161202e-07
 342.5000000000    2.8018119476e-07
 343.0000000000    2.7970189232e-07
 343.5000000000    2.7919789599e-07
 344.0000000000    2.7867138954e-07
 344.5000000000    2.7814872591e-07
 345.0000000000    2.7765547172e-07
 345.5000000000    2.7719282845e-07
 346.0000000000    2.7673610208e-07
 346.5000000000    2.7625576724e-07
 347.0000000000    2.7574128509e-07
 347.5000000000    2.7520870173e-07
 348.0000000000    2.7468517468e-07
 348.5000000000    2.7418561068e-07
 349.0000000000    2.7370034698e-07
 349.5000000000    2.7320375878e-07
 350.0000000000    2.7267652822e-07
 350.5000000000    2.7212281273e-07
 351.0000000000    2.7156723725e-07
 351.5000000000    2.7103390167e-07
 352.0000000000    2.7052550667e-07
 352.5000000000    2.7002087893e-07
 353.0000000000    2.6949329610e-07
 353.5000000000    2.6893345392e-07
 354.0000000000    2.6835688750e-07
 354.5000000000    2.6778972460e-07
 355.0000000000    2.6724550478e-07
 355.5000000000    2.6671313984e-07
 356.0000000000    2.6616625876e-07
 356.5000000000    2.6558575359e-07
 357.0000000000    2.6497613664e-07
 357.5000000000    2.6436157534e-07
 358.0000000000    2.6376499563e-07
 358.5000000000    2.6318823171e-07
 359.0000000000    2.6261083748e-07
 359.5000000000    2.6200793717e-07
 360.0000000000    2.6137279456e-07
 360.5000000000    2.6072341686e-07
 361.0000000000    2.6008755500e-07
 361.5000000000    2.5947899237e-07
 362.0000000000    2.5888599280e-07
 362.5000000000    2.5828212508e-07
 363.0000000000    2.5764982375e-07
 363.5000000000    2.5699595408e-07
 364.0000000000    2.5634583819e-07
 364.5000000000    2.5572125496e-07
 365.0000000000    2.5512165425e-07
 365.5000000000    2.5452482426e-07
 366.0000000000    2.5390636936e-07
 366.5000000000    2.5326086638e-07
 367.0000000000    2.5260622923e-07
 367.5000000000    2.5196776315e-07
 368.0000000000    2.5135606221e-07
 368.5000000000    2.5075780383e-07
 369.0000000000    2.5014715578e-07
 369.5000000000    2.4950784297e-07
 370.0000000000    2.4884711874e-07
 370.5000000000    2.4818963629e-07
 371.0000000000    2.4755641420e-07
 371.5000000000    2.4694694709e-07
 372.0000000000    2.4633977798e-07
 372.5000000000    2.4571120390e-07
 373.0000000000    2.4505612328e-07
 373.5000000000    2.4439288813e-07
 374.0000000000    2.4374779165e-07
 374.5000000000    2.4313247971e-07
 375.0000000000    2.4253392550e-07
 375.5000000000    2.4192581617e-07
 376.0000000000    2.4129154075e-07
 376.5000000000    2.4063894248e-07
 377.0000000000    2.3999393849e-07
 377.5000000000    2.3937831933e-07
 378.0000000000    2.3879092658e-07
 378.5000000000    2.3820869329e-07
 379.0000000000    2.3760677058e-07
 379.5000000000    2.3698030468e-07
 380.0000000000    2.3634898977e-07
 380.5000000000    2.3574023838e-07
 381.0000000000    2.3516541687e-07
 381.5000000000    2.3460991970e-07
 382.0000000000    2.3404590998e-07
 382.5000000000    2.3345677216e-07
 383.0000000000    2.3285198984e-07
 383.5000000000    2.3225942415e-07
 384.0000000000    2.3170145492e-07
 384.5000000000    2.3117567602e-07
 385.0000000000    2.3065704867e-07
 385.5000000000    2.3011974275e-07
 386.0000000000    2.2955975529e-07
 386.5000000000    2.2899862199e-07
 387.0000000000    2.2846481007e-07
 387.5000000000    2.2796889152e-07
 388.0000000000    2.2749419959e-07
 388.5000000000    2.2701121584e-07
 389.0000000000    2.2650315417e-07
 389.5000000000    2.2598059235e-07
 390.0000000000    2.2547235508e-07
 390.5000000000    2.2500036473e-07
 391.0000000000    2.2456035054e-07
 391.5000000000    2.2412536696e-07
 392.0000000000    2.2366913876e-07
 392.5000000000    2.2318897162e-07
 393.0000000000    2.2270832823e-07
 393.5000000000    2.2225674879e-07
 394.0000000000    2.2184429181e-07
 394.5000000000    2.2145261494e-07
 395.0000000000    2.2105065498e-07
 395.5000000000    2.2062147332e-07
 396.0000000000    2.2017701646e-07
 396.5000000000    2.1974782081e-07
 397.0000000000    2.1935652457e-07
 397.5000000000    2.1899817277e-07
 398.0000000000    2.1864448258e-07
 398.5000000000    2.1826848474e-07
 399.0000000000    2.1786813937e-07
 399.5000000000    2.1746841548e-07
 400.0000000000    2.1709986549e-07
 400.5000000000    2.1677202138e-07
 401.0000000000    2.1646467716e-07
 401.5000000000    2.1614496913e-07
 402.0000000000    2.1579573580e-07
 402.5000000000    2.1543048097e-07
 403.0000000000    2.1508176442e-07
 403.5000000000    2.1477300823e-07
 404.0000000000    2.1449815124e-07
 404.5000000000    2.1422680647e-07
 405.0000000000    2.1393056656e-07
 405.5000000000    2.1360777904e-07
 406.0000000000    2.1328525221e-07
 406.5000000000    2.1299511514e-07
 407.0000000000    2.1274670487e-07
 407.5000000000    2.1251800480e-07
 408.0000000000    2.1227440133e-07
 408.5000000000    2.1199866658e-07
 409.0000000000    2.1170604674e-07
 409.5000000000    2.1143121303e-07
 410.0000000000    2.1119824662e-07
 410.5000000000    2.1099948929e-07
 411.0000000000    2.1080252479e-07
 411.5000000000    2.1057745173e-07
 412.0000000000    2.1032339019e-07
 412.5000000000    2.1006928899e-07
 413.0000000000    2.0984891479e-07
 413.5000000000    2.0967134463e-07
 414.0000000000    2.0951267928e-07
 414.5000000000    2.0933657925e-07
 415.0000000000    2.0912524271e-07
 415.5000000000    2.0889553706e-07
 416.0000000000    2.0868473378e-07
 416.5000000000    2.0851717466e-07
 417.0000000000    2.0838455107e-07
 417.5000000000    2.0825170337e-07
 418.0000000000    2.0808760400e-07
 418.5000000000    2.0789223421e-07
 419.0000000000    2.0769687108e-07
 419.5000000000    2.0753706385e-07
 420.0000000000    2.0742151772e-07
 420.5000000000    2.0732405564e-07
 421.0000000000    2.0720596191e-07
 421.5000000000    2.0704948108e-07
 422.0000000000    2.0687340540e-07
 422.5000000000    2.0671704119e-07
 423.0000000000    2.0660611080e-07
 423.5000000000    2.0653005528e-07
 424.0000000000    2.0645077130e-07
 424.5000000000    2.0633556290e-07
 425.0000000000    2.0618571277e-07
 425.5000000000    2.0603571034e-07
 426.0000000000    2.0592362808e-07
 426.5000000000    2.0585813136e-07
 427.0000000000    2.0581063005e-07
 427.5000000000    2.0573966772e-07
 428.0000000000    2.0562678616e-07
 428.5000000000    2.0549269933e-07
 429.0000000000    2.0537942421e-07
 429.5000000000    2.0531369984e-07
 430.0000000000    2.0528350947e-07
 430.5000000000    2.0524823317e-07
 431.0000000000    2.0517378386e-07
 431.5000000000    2.0506236942e-07
 432.0000000000    2.0495091784e-07
 432.5000000000    2.0487916462e-07
 433.0000000000    2.0485488404e-07
 433.5000000000    2.0484664962e-07
 434.0000000000    2.0481081004e-07
 434.5000000000    2.0472946266e-07
 435.0000000000    2.0462634915e-07
 435.5000000000    2.0454660194e-07
 436.0000000000    2.0451765339e-07
 436.5000000000    2.0452515875e-07
 437.0000000000    2.0452504265e-07
 437.5000000000    2.0448154766e-07
 438.0000000000    2.0439838310e-07
 438.5000000000    2.0431574058e-07
 439.0000000000    2.0427547054e-07
 439.5000000000    2.0428450121e-07
 440.0000000000    2.0430836778e-07
 440.5000000000    2.0430079760e-07
 441.0000000000    2.0424391435e-07
 441.5000000000    2.0416422462e-07
 442.0000000000    2.0410939918e-07
 442.5000000000    2.0410758308e-07
 443.0000000000    2.0414219369e-07
 443.5000000000    2.0416669212e-07
 444.0000000000    2.0414299709e-07
 444.5000000000    2.0407725783e-07
 445.0000000000    2.0401303683e-07
 445.5000000000    2.0399367805e-07
 446.0000000000    2.0402638869e-07
 446.5000000000    2.0407320534e-07
 447.0000000000    2.0408560234e-07
 447.5000000000    2.0404612750e-07
 448.0000000000    2.0398372484e-07
 448.5000000000    2.0394942067e-07
 449.0000000000    2.0397138059e-07
 449.5000000000    2.0403062367e-07
 450.0000000000    2.0407682690e-07
 450.5000000000    2.0407157823e-07
 451.0000000000    2.0402154771e-07
 451.5000000000    2.0397265774e-07
 452.0000000000    2.0397020348e-07
 452.5000000000    2.0401969959e-07
 453.0000000000    2.0408058810e-07
 453.5000000000    2.0410151612e-07
 454.0000000000    2.0406365582e-07
 454.5000000000    2.0399772124e-07
 455.0000000000    2.0395714769e-07
 455.5000000000    2.0397213074e-07
 456.0000000000    2.0402339426e-07
 456.5000000000    2.0405964679e-07
 457.0000000000    2.0403986263e-07
 457.5000000000    2.0397334351e-07
 458.0000000000    2.0391045487e-07
 458.5000000000    2.0390052255e-07
 459.0000000000    2.0394965459e-07
 459.5000000000    2.0401524547e-07
 460.0000000000    2.0404336141e-07
 460.5000000000    2.0401632604e-07
 461.0000000000    2.0396872570e-07
 461.5000000000    2.0395723513e-07
 462.0000000000    2.0400985685e-07
 462.5000000000    2.0410196002e-07
 463.0000000000    2.0417439707e-07
 463.5000000000    2.0418668960e-07
 464.0000000000    2.0415052794e-07
 464.5000000000    2.0411980995e-07
 465.0000000000    2.0414281549e-07
 465.5000000000    2.0421958474e-07
 466.0000000000    2.0430176063e-07
 466.5000000000    2.0433390684e-07
 467.0000000000    2.0430320856e-07
 467.5000000000    2.0425049787e-07
 468.0000000000    2.0423559806e-07
 468.5000000000    2.0428559172e-07
 469.0000000000    2.0437131818e-07
 469.5000000000    2.0443245032e-07
 470.0000000000    2.0443035468e-07
 470.5000000000    2.0438235739e-07
 471.0000000000    2.0434668853e-07
 471.5000000000    2.0437195730e-07
 472.0000000000    2.0445455028e-07
 472.5000000000    2.0454130072e-07
 473.0000000000    2.0457566653e-07
 473.5000000000    2.0454716356e-07
 474.0000000000    2.0450095266e-07
 474.5000000000    2.0449815216e-07
 475.0000000000    2.0456309896e-07
 475.5000000000    2.0466125090e-07
 476.0000000000    2.0472905099e-07
 476.5000000000    2.0472914393e-07
 477.0000000000    2.0468303274e-07
 477.5000000000    2.0465249856e-07
 478.0000000000    2.0468573112e-07
 478.5000000000    2.0477503347e-07
 479.0000000000    2.0486313299e-07
 479.5000000000    2.0489264080e-07
 480.0000000000    2.0485679908e-07
 480.5000000000    2.0480518548e-07
 481.0000000000    2.0480090165e-07
 481.5000000000    2.0486587405e-07
 482.0000000000    2.0496152156e-07
 482.5000000000    2.0502163277e-07
 483.0000000000    2.0501071703e-07
 483.5000000000    2.0495492116e-07
 484.0000000000    2.0491895670e-07
 484.5000000000    2.0495084478e-07
 485.0000000000    2.0503911298e-07
 485.5000000000    2.0512269070e-07
 486.0000000000    2.0514393068e-07
 486.5000000000    2.0509893837e-07
 487.0000000000    2.0504128116e-07
 487.5000000000    2.0503556295e-07
 488.0000000000    2.0510109605e-07
 488.5000000000    2.0519481493e-07
 489.0000000000    2.0524855117e-07
 489.5000000000    2.0522817503e-07
 490.0000000000    2.0516436159e-07
 490.5000000000    2.0512542782e-07
 491.0000000000    2.0515796969e-07
 491.5000000000    2.0524689671e-07
 492.0000000000    2.0532758257e-07
 492.5000000000    2.0534234717e-07
 493.0000000000    2.0529088935e-07
 493.5000000000    2.0523085088e-07
 494.0000000000    2.0522777794e-07
 494.5000000000    2.0529790832e-07
 495.0000000000    2.0539367820e-07
 495.5000000000    2.0544481923e-07
 496.0000000000    2.0541946894e-07
 496.5000000000    2.0535205571e-07
 497.0000000000    2.0531343536e-07
 497.5000000000    2.0534911260e-07
 498.0000000000    2.0543908183e-07
 498.5000000000    2.0551589747e-07
 499.0000000000    2.0552152779e-07
 499.5000000000    2.0545981245e-07
 500.0000000000    2.0539249390e-07
 500.5000000000    2.0538577127e-07
 501.0000000000    2.0545345534e-07
 501.5000000000    2.0554374572e-07
 502.0000000000    2.0558489221e-07
 502.5000000000    2.0554743777e-07
 503.0000000000    2.0547031750e-07
 503.5000000000    2.0542645399e-07
 504.0000000000    2.0546032421e-07
 504.5000000000    2.0554828511e-07
 505.0000000000    2.0561908512e-07
 505.5000000000    2.0561571334e-07
 506.0000000000    2.0554508916e-07
 506.5000000000    2.0547222468e-07
 507.0000000000    2.0546370850e-07
 507.5000000000    2.0552957488e-07
 508.0000000000    2.0561424153e-07
 508.5000000000    2.0564442502e-07
 509.0000000000    2.0559372220e-07
 509.5000000000    2.0550487619e-07
 510.0000000000    2.0545387951e-07
 510.5000000000    2.0548300628e-07
 511.0000000000    2.0556494385e-07
 511.5000000000    2.0562563699e-07
 512.0000000000    2.0560891215e-07
 512.5000000000    2.0552551163e-07
 513.0000000000    2.0544395461e-07
 513.5000000000    2.0543096109e-07
 514.0000000000    2.0549320788e-07
 514.5000000000    2.0557123973e-07
 515.0000000000    2.0559105224e-07
 515.5000000000    2.0552859243e-07
 516.0000000000    2.0543073849e-07
 516.5000000000    2.0537573050e-07
 517.0000000000    2.0540335941e-07
 517.5000000000    2.0548191864e-07
 518.0000000000    2.0553462058e-07
 518.5000000000    2.0550662783e-07
 519.0000000000    2.0541292346e-07
 519.5000000000    2.0532545206e-07
 520.0000000000    2.0531052401e-07
 520.5000000000    2.0537090377e-07
 521.0000000000    2.0544312634e-07
 521.5000000000    2.0545260725e-07
 522.0000000000    2.0537915028e-07
 522.5000000000    2.0527329004e-07
 523.0000000000    2.0521450511e-07
 523.5000000000    2.0524054517e-07
 524.0000000000    2.0531417870e-07
 524.5000000000    2.0535764223e-07
 525.0000000000    2.0531731342e-07
 525.5000000000    2.0521285599e-07
 526.0000000000    2.0512000507e-07
 526.5000000000    2.0510295671e-07
 527.0000000000    2.0516086225e-07
 527.5000000000    2.0522642347e-07
 528.0000000000    2.0522502234e-07
 528.5000000000    2.0513928681e-07
 529.0000000000    2.0502584621e-07
 529.5000000000    2.0496411912e-07
 530.0000000000    2.0498898386e-07
 530.5000000000    2.0505750669e-07
 531.0000000000    2.0509033609e-07
 531.5000000000    2.0503625901e-07
 532.0000000000    2.0491961215e-07
 532.5000000000    2.0481848843e-07
 533.0000000000    2.0479672597e-07
 533.5000000000    2.0484784759e-07
 534.0000000000    2.0490134622e-07
 534.5000000000    2.0488290162e-07
 535.0000000000    2.0478040356e-07
 535.5000000000    2.0465378713e-07
 536.0000000000    2.0458409624e-07
 536.5000000000    2.0460250929e-07
 537.0000000000    2.0466258625e-07
 537.5000000000    2.0468196358e-07
 538.0000000000    2.0461348076e-07
 538.5000000000    2.0448659936e-07
 539.0000000000    2.0438268166e-07
 539.5000000000    2.0436302482e-07
 540.0000000000    2.0441592259e-07
 540.5000000000    2.0446631128e-07
 541.0000000000    2.0444101573e-07
 541.5000000000    2.0433245242e-07
 542.0000000000    2.0420531492e-07
 542.5000000000    2.0413992629e-07
 543.0000000000    2.0416206045e-07
 543.5000000000    2.0422046852e-07
 544.0000000000    2.0423056193e-07
 544.5000000000    2.0414912099e-07
 545.0000000000    2.0401207626e-07
 545.5000000000    2.0390258242e-07
 546.0000000000    2.0387929051e-07
 546.5000000000    2.0392483758e-07
 547.0000000000    2.0396091653e-07
 547.5000000000    2.0391699063e-07
 548.0000000000    2.0379141149e-07
 548.5000000000    2.0365421210e-07
 549.0000000000    2.0358531248e-07
 549.5000000000    2.0360494462e-07
 550.0000000000    2.0365592616e-07
 550.5000000000    2.0365335737e-07
 551.0000000000    2.0355955422e-07
 551.5000000000    2.0341591345e-07
 552.0000000000    2.0330720460e-07
 552.5000000000    2.0328832307e-07
 553.0000000000    2.0333425193e-07
 553.5000000000    2.0336383132e-07
 554.0000000000    2.0330950810e-07
 554.5000000000    2.0317670103e-07
 555.0000000000    2.0303926899e-07
 555.5000000000    2.0297522319e-07
 556.0000000000    2.0299896213e-07
 556.5000000000    2.0304833312e-07
 557.0000000000    2.0303829080e-07
 557.5000000000    2.0293547055e-07
 558.0000000000    2.0278832202e-07
 558.5000000000    2.0268204404e-07
 559.0000000000    2.0266620934e-07
 559.5000000000    2.0271109524e-07
 560.0000000000    2.0273256975e-07
 560.5000000000    2.0266618218e-07
 561.0000000000    2.0252254956e-07
 561.5000000000    2.0237907586e-07
 562.0000000000    2.0231179109e-07
 562.5000000000    2.0232920530e-07
 563.0000000000    2.0236481568e-07
 563.5000000000    2.0233511328e-07
 564.0000000000    2.0221273528e-07
 564.5000000000    2.0204969405e-07
 565.0000000000    2.0193299519e-07
 565.5000000000    2.0190893977e-07
 566.0000000000    2.0194195130e-07
 566.5000000000    2.0194658413e-07
 567.0000000000    2.0186166641e-07
 567.5000000000    2.0170567054e-07
 568.0000000000    2.0155649222e-07
 568.5000000000    2.0148876435e-07
 569.0000000000    2.0150453704e-07
 569.5000000000    2.0153478283e-07
 570.0000000000    2.0149633431e-07
 570.5000000000    2.0136671889e-07
 571.0000000000    2.0120296721e-07
 571.5000000000    2.0109186037e-07
 572.0000000000    2.0107385909e-07
 572.5000000000    2.0110793107e-07
 573.0000000000    2.0110693328e-07
 573.5000000000    2.0101352262e-07
 574.0000000000    2.0085030885e-07
 574.5000000000    2.0069978113e-07
 575.0000000000    2.0063246902e-07
 575.5000000000    2.0064521247e-07
 576.0000000000    2.0066380413e-07
 576.5000000000    2.0060769589e-07
 577.0000000000    2.0046033153e-07
 577.5000000000    2.0028342741e-07
 578.0000000000    2.0016403192e-07
 578.5000000000    2.0013745246e-07
 579.0000000000    2.0015733190e-07
 579.5000000000    2.0013597860e-07
 580.0000000000    2.0002121305e-07
 580.5000000000    1.9984223750e-07
 581.0000000000    1.9968440420e-07
 581.5000000000    1.9961485290e-07
 582.0000000000    1.9962426367e-07
 582.5000000000    1.9963436894e-07
 583.0000000000    1.9956768086e-07
 583.5000000000    1.9941481335e-07
 584.0000000000    1.9924216688e-07
 584.5000000000    1.9913545975e-07
 585.0000000000    1.9912171762e-07
 585.5000000000    1.9915293251e-07
 586.0000000000    1.9913345298e-07
 586.5000000000    1.9902035866e-07
 587.0000000000    1.9884530494e-07
 587.5000000000    1.9870104860e-07
 588.0000000000    1.9864562830e-07
 588.5000000000    1.9866186758e-07
 589.0000000000    1.9866865277e-07
 589.5000000000    1.9859247058e-07
 590.0000000000    1.9843035927e-07
 590.5000000000    1.9825326612e-07
 591.0000000000    1.9814390762e-07
 591.5000000000    1.9812473742e-07
 592.0000000000    1.9813911058e-07
 592.5000000000    1.9809937464e-07
 593.0000000000    1.9796580635e-07
 593.5000000000    1.9777934225e-07
 594.0000000000    1.9762809784e-07
 594.5000000000    1.9756837555e-07
 595.0000000000    1.9757717475e-07
 595.5000000000    1.9757177701e-07
 596.0000000000    1.9748184788e-07
 596.5000000000    1.9731057187e-07
 597.0000000000    1.9713159610e-07
 597.5000000000    1.9702456056e-07
 598.0000000000    1.9700554938e-07
 598.5000000000    1.9701300967e-07
 599.0000000000    1.9696130347e-07
 599.5000000000    1.9681626346e-07
 600.0000000000    1.9662145735e-07
 600.5000000000    1.9646497354e-07
 601.0000000000    1.9639952881e-07
 601.5000000000    1.9639792853e-07
 602.0000000000    1.9637694110e-07
 602.5000000000    1.9626885058e-07
 603.0000000000    1.9608404367e-07
 603.5000000000    1.9589646359e-07
 604.0000000000    1.9578463264e-07
 604.5000000000    1.9576013603e-07
 605.0000000000    1.9575871761e-07
 605.5000000000    1.9569582878e-07
 606.0000000000    1.9554037355e-07
 606.5000000000    1.9534129849e-07
 607.0000000000    1.9518495407e-07
 607.5000000000    1.9511986915e-07
 608.0000000000    1.9511360812e-07
 608.5000000000    1.9508216627e-07
 609.0000000000    1.9496242248e-07
 609.5000000000    1.9476739460e-07
 610.0000000000    1.9457459561e-07
 610.5000000000    1.9445925090e-07
 611.0000000000    1.9442772270e-07
 611.5000000000    1.9441295145e-07
 612.0000000000    1.9433300957e-07
 612.5000000000    1.9416286945e-07
 613.0000000000    1.9395580203e-07
 613.5000000000    1.9379804745e-07
 614.0000000000    1.9373275984e-07
 614.5000000000    1.9372303865e-07
 615.0000000000    1.9368405699e-07
 615.5000000000    1.9355838350e-07
 616.0000000000    1.9336349680e-07
 616.5000000000    1.9317994721e-07
 617.0000000000    1.9307806729e-07
 617.5000000000    1.9305616286e-07
 618.0000000000    1.9304463903e-07
 618.5000000000    1.9296288655e-07
 619.0000000000    1.9279229507e-07
 619.5000000000    1.9259090962e-07
 620.0000000000    1.9244293885e-07
 620.5000000000    1.9238377308e-07
 621.0000000000    1.9236987942e-07
 621.5000000000    1.9231684628e-07
 622.0000000000    1.9217327112e-07
 622.5000000000    1.9196559569e-07
 623.0000000000    1.9177493183e-07
 623.5000000000    1.9166643394e-07
 624.0000000000    1.9163295709e-07
 624.5000000000    1.9160193977e-07
 625.0000000000    1.9149919889e-07
 625.5000000000    1.9131385203e-07
 626.0000000000    1.9110782009e-07
 626.5000000000    1.9096181029e-07
 627.0000000000    1.9090502216e-07
 627.5000000000    1.9088984518e-07
 628.0000000000    1.9083341402e-07
 628.5000000000    1.9068962206e-07
 629.0000000000    1.9048884228e-07
 629.5000000000    1.9031096484e-07
 630.0000000000    1.9021546277e-07
 630.5000000000    1.9018942841e-07
 631.0000000000    1.9015868847e-07
 631.5000000000    1.9005217649e-07
 632.0000000000    1.8986355405e-07
 632.5000000000    1.8965682379e-07
 633.0000000000    1.8950988036e-07
 633.5000000000    1.8944790294e-07
 634.0000000000    1.8942086090e-07
 634.5000000000    1.8934751315e-07
 635.0000000000    1.8918636469e-07
 635.5000000000    1.8897164795e-07
 636.0000000000    1.8878346826e-07
 636.5000000000    1.8867883388e-07
 637.0000000000    1.8864050597e-07
 637.5000000000    1.8859353555e-07
 638.0000000000    1.8847003353e-07
 638.5000000000    1.8826860270e-07
 639.0000000000    1.8805497166e-07
 639.5000000000    1.8790459593e-07
 640.0000000000    1.8783698683e-07
 640.5000000000    1.8780008390e-07
 641.0000000000    1.8771216355e-07
 641.5000000000    1.8753734404e-07
 642.0000000000    1.8731593857e-07
 642.5000000000    1.8712604933e-07
 643.0000000000    1.8701829201e-07
 643.5000000000    1.8697217553e-07
 644.0000000000    1.8691214438e-07
 644.5000000000    1.8677584553e-07
 645.0000000000    1.8656703783e-07
 645.5000000000    1.8635204018e-07
 646.0000000000    1.8620284527e-07
 646.5000000000    1.8613315244e-07
 647.0000000000    1.8608773534e-07
 647.5000000000    1.8599046459e-07
 648.0000000000    1.8581058826e-07
 648.5000000000    1.8558932020e-07
 649.0000000000    1.8540371860e-07
 649.5000000000    1.8529948798e-07
 650.0000000000    1.8525126169e-07
 650.5000000000    1.8518487883e-07
 651.0000000000    1.8504207026e-07
 651.5000000000    1.8483114109e-07
 652.0000000000    1.8461943715e-07
 652.5000000000    1.8447442952e-07
 653.0000000000    1.8440482834e-07
 653.5000000000    1.8435313275e-07
 654.0000000000    1.8424593505e-07
 654.5000000000    1.8405793229e-07
 655.0000000000    1.8383376456e-07
 655.5000000000    1.8364879470e-07
 656.0000000000    1.8354326543e-07
 656.5000000000    1.8348768009e-07
 657.0000000000    1.8340791565e-07
 657.5000000000    1.8325134549e-07
 658.0000000000    1.8303142487e-07
 658.5000000000    1.8281691206e-07
 659.0000000000    1.8267049116e-07
 659.5000000000    1.8259518781e-07
 660.0000000000    1.8253181516e-07
 660.5000000000    1.8241092378e-07
 661.0000000000    1.8221338676e-07
 661.5000000000    1.8198689168e-07
 662.0000000000    1.8180410108e-07
 662.5000000000    1.8169928355e-07
 663.0000000000    1.8163869101e-07
 663.5000000000    1.8155029518e-07
 664.0000000000    1.8138676020e-07
 664.5000000000    1.8116654530e-07
 665.0000000000    1.8095750964e-07
 665.5000000000    1.8081749849e-07
 666.0000000000    1.8074393466e-07
 666.5000000000    1.8067633172e-07
 667.0000000000    1.8054928976e-07
 667.5000000000    1.8034951588e-07
 668.0000000000    1.8012705935e-07
 668.5000000000    1.7995128096e-07
 669.0000000000    1.7985018699e-07
 669.5000000000    1.7978622267e-07
 670.0000000000    1.7968938024e-07
 670.5000000000    1.7951837814e-07
 671.0000000000    1.7929637957e-07
 671.5000000000    1.7909028440e-07
 672.0000000000    1.7895208149e-07
 672.5000000000    1.7887362942e-07
 673.0000000000    1.7879414713e-07
 673.5000000000    1.7865350662e-07
 674.0000000000    1.7844439997e-07
 674.5000000000    1.7821839673e-07
 675.0000000000    1.7804049984e-07
 675.5000000000    1.7793254324e-07
 676.0000000000    1.7785455618e-07
 676.5000000000    1.7774001486e-07
 677.0000000000    1.7755390810e-07
 677.5000000000    1.7732299397e-07
 678.0000000000    1.7711216218e-07
 678.5000000000    1.7696785820e-07
 679.0000000000    1.7687794461e-07
 679.5000000000    1.7678276014e-07
 680.0000000000    1.7662738019e-07
 680.5000000000    1.7640942539e-07
 681.0000000000    1.7618088259e-07
 681.5000000000    1.7600268348e-07
 682.0000000000    1.7589176411e-07
 682.5000000000    1.7580666459e-07
 683.0000000000    1.7568396878e-07
 683.5000000000    1.7549360823e-07
 684.0000000000    1.7526485261e-07
 684.5000000000    1.7506053323e-07
 685.0000000000    1.7492218757e-07
 685.5000000000    1.7483399334e-07
 686.0000000000    1.7473683282e-07
 686.5000000000    1.7457992069e-07
 687.0000000000    1.7436494783e-07
 687.5000000000    1.7414422845e-07
 688.0000000000    1.7397475396e-07
 688.5000000000    1.7386842086e-07
 689.0000000000    1.7378184769e-07
 689.5000000000    1.7365443745e-07
 690.0000000000    1.7346118408e-07
 690.5000000000    1.7323415138e-07
 691.0000000000    1.7303397154e-07
 691.5000000000    1.7289677329e-07
 692.0000000000    1.7280281886e-07
 692.5000000000    1.7269412930e-07
 693.0000000000    1.7252527638e-07
 693.5000000000    1.7230279681e-07
 694.0000000000    1.7207899535e-07
 694.5000000000    1.7190598570e-07
 695.0000000000    1.7179038182e-07
 695.5000000000    1.7168805240e-07
 696.0000000000    1.7154308085e-07
 696.5000000000    1.7133655877e-07
 697.0000000000    1.7110267877e-07
 697.5000000000    1.7089852314e-07
 698.0000000000    1.7075430717e-07
 698.5000000000    1.7064751137e-07
 699.0000000000    1.7052308368e-07
 699.5000000000    1.7034165430e-07
 700.0000000000    1.7011360433e-07
