#          time             Min_Chi
   0.0000000000    5.1528044304e-01
   0.5000000000    5.1511068615e-01
   1.0000000000    5.1477869028e-01
   1.5000000000    5.1445218141e-01
   2.0000000000    5.1418134874e-01
   2.5000000000    5.1396848078e-01
   3.0000000000    5.1377368083e-01
   3.5000000000    5.1358265594e-01
   4.0000000000    5.1339633437e-01
   4.5000000000    5.1319580224e-01
   5.0000000000    5.1300474093e-01
   5.5000000000    5.1279273347e-01
   6.0000000000    5.1259270751e-01
   6.5000000000    5.1237553398e-01
   7.0000000000    5.1216695278e-01
   7.5000000000    5.1194724992e-01
   8.0000000000    5.1173174614e-01
   8.5000000000    5.1151049529e-01
   9.0000000000    5.1128966905e-01
   9.5000000000    5.1106796751e-01
  10.0000000000    5.1084358646e-01
  10.5000000000    5.1062257802e-01
  11.0000000000    5.1039625401e-01
  11.5000000000    5.1017696125e-01
  12.0000000000    5.0994978889e-01
  12.5000000000    5.0973272369e-01
  13.0000000000    5.0950655953e-01
  13.5000000000    5.0929226303e-01
  14.0000000000    5.0906770294e-01
  14.5000000000    5.0885724296e-01
  15.0000000000    5.0863525334e-01
  15.5000000000    5.0842871302e-01
  16.0000000000    5.0821004811e-01
  16.5000000000    5.0800649742e-01
  17.0000000000    5.0779302499e-01
  17.5000000000    5.0759556282e-01
  18.0000000000    5.0738552558e-01
  18.5000000000    5.0719272896e-01
  19.0000000000    5.0698747184e-01
  19.5000000000    5.0679953091e-01
  20.0000000000    5.0659967496e-01
  20.5000000000    5.0641673447e-01
  21.0000000000    5.0622231476e-01
  21.5000000000    5.0604455275e-01
  22.0000000000    5.0585579094e-01
  22.5000000000    5.0568204570e-01
  23.0000000000    5.0550134213e-01
  23.5000000000    5.0533250227e-01
  24.0000000000    5.0515608749e-01
  24.5000000000    5.0499371749e-01
  25.0000000000    5.0482289850e-01
  25.5000000000    5.0466581085e-01
  26.0000000000    5.0450073739e-01
  26.5000000000    5.0434837897e-01
  27.0000000000    5.0418951041e-01
  27.5000000000    5.0404216652e-01
  28.0000000000    5.0388928284e-01
  28.5000000000    5.0374685493e-01
  29.0000000000    5.0359982339e-01
  29.5000000000    5.0346214150e-01
  30.0000000000    5.0332086806e-01
  30.5000000000    5.0318766726e-01
  31.0000000000    5.0305116277e-01
  31.5000000000    5.0292297088e-01
  32.0000000000    5.0279400344e-01
  32.5000000000    5.0267059656e-01
  33.0000000000    5.0254463876e-01
  33.5000000000    5.0242569370e-01
  34.0000000000    5.0230608221e-01
  34.5000000000    5.0219115482e-01
  35.0000000000    5.0207604517e-01
  35.5000000000    5.0196582195e-01
  36.0000000000    5.0185553221e-01
  36.5000000000    5.0174937911e-01
  37.0000000000    5.0164359802e-01
  37.5000000000    5.0154159781e-01
  38.0000000000    5.0144023352e-01
  38.5000000000    5.0134240576e-01
  39.0000000000    5.0124517849e-01
  39.5000000000    5.0115138889e-01
  40.0000000000    5.0105809454e-01
  40.5000000000    5.0096817194e-01
  41.0000000000    5.0087859669e-01
  41.5000000000    5.0079267664e-01
  42.0000000000    5.0070659420e-01
  42.5000000000    5.0062453828e-01
  43.0000000000    5.0054186829e-01
  43.5000000000    5.0046356836e-01
  44.0000000000    5.0038384178e-01
  44.5000000000    5.0030957543e-01
  45.0000000000    5.0023300991e-01
  45.5000000000    5.0016223304e-01
  46.0000000000    5.0008799739e-01
  46.5000000000    5.0002105041e-01
  47.0000000000    4.9994958580e-01
  47.5000000000    4.9988639402e-01
  48.0000000000    4.9981693184e-01
  48.5000000000    4.9975724082e-01
  49.0000000000    4.9968999111e-01
  49.5000000000    4.9963420413e-01
  50.0000000000    4.9956881244e-01
  50.5000000000    4.9951661787e-01
  51.0000000000    4.9945281425e-01
  51.5000000000    4.9940425665e-01
  52.0000000000    4.9934192529e-01
  52.5000000000    4.9929709174e-01
  53.0000000000    4.9923589494e-01
  53.5000000000    4.9919394612e-01
  54.0000000000    4.9913404859e-01
  54.5000000000    4.9909232937e-01
  55.0000000000    4.9903471312e-01
  55.5000000000    4.9899098907e-01
  56.0000000000    4.9893242428e-01
  56.5000000000    4.9888021457e-01
  57.0000000000    4.9881167503e-01
  57.5000000000    4.9874086617e-01
  58.0000000000    4.9865884017e-01
  58.5000000000    4.9858122450e-01
  59.0000000000    4.9851385253e-01
  59.5000000000    4.9846437797e-01
  60.0000000000    4.9842812445e-01
  60.5000000000    4.9839775907e-01
  61.0000000000    4.9837159911e-01
  61.5000000000    4.9834167100e-01
  62.0000000000    4.9831817395e-01
  62.5000000000    4.9828677523e-01
  63.0000000000    4.9826298427e-01
  63.5000000000    4.9822558164e-01
  64.0000000000    4.9820263398e-01
  64.5000000000    4.9816655857e-01
  65.0000000000    4.9814880968e-01
  65.5000000000    4.9811118693e-01
  66.0000000000    4.9809093014e-01
  66.5000000000    4.9805692081e-01
  67.0000000000    4.9803629235e-01
  67.5000000000    4.9800548558e-01
  68.0000000000    4.9798340025e-01
  68.5000000000    4.9795683634e-01
  69.0000000000    4.9793341301e-01
  69.5000000000    4.9791057076e-01
  70.0000000000    4.9788578755e-01
  70.5000000000    4.9786711281e-01
  71.0000000000    4.9784117060e-01
  71.5000000000    4.9782653987e-01
  72.0000000000    4.9779891190e-01
  72.5000000000    4.9778839422e-01
  73.0000000000    4.9775909921e-01
  73.5000000000    4.9774701508e-01
  74.0000000000    4.9772203417e-01
  74.5000000000    4.9770810722e-01
  75.0000000000    4.9768757088e-01
  75.5000000000    4.9767167944e-01
  76.0000000000    4.9765569029e-01
  76.5000000000    4.9763770133e-01
  77.0000000000    4.9762626511e-01
  77.5000000000    4.9760575306e-01
  78.0000000000    4.9759920810e-01
  78.5000000000    4.9757662430e-01
  79.0000000000    4.9757066235e-01
  79.5000000000    4.9755020572e-01
  80.0000000000    4.9754132173e-01
  80.5000000000    4.9752554191e-01
  81.0000000000    4.9751352075e-01
  81.5000000000    4.9750294519e-01
  82.0000000000    4.9748950885e-01
  82.5000000000    4.9748599087e-01
  83.0000000000    4.9746899932e-01
  83.5000000000    4.9746601700e-01
  84.0000000000    4.9744653106e-01
  84.5000000000    4.9744225247e-01
  85.0000000000    4.9742999943e-01
  85.5000000000    4.9742225988e-01
  86.0000000000    4.9741533711e-01
  86.5000000000    4.9740429234e-01
  87.0000000000    4.9740306780e-01
  87.5000000000    4.9738815480e-01
  88.0000000000    4.9738872913e-01
  88.5000000000    4.9737495333e-01
  89.0000000000    4.9737174803e-01
  89.5000000000    4.9736419026e-01
  90.0000000000    4.9735713463e-01
  90.5000000000    4.9735594632e-01
  91.0000000000    4.9734501799e-01
  91.5000000000    4.9734877458e-01
  92.0000000000    4.9733541698e-01
  92.5000000000    4.9733516365e-01
  93.0000000000    4.9732867641e-01
  93.5000000000    4.9732406289e-01
  94.0000000000    4.9732447965e-01
  94.5000000000    4.9731556478e-01
  95.0000000000    4.9732087672e-01
  95.5000000000    4.9730983544e-01
  96.0000000000    4.9731073700e-01
  96.5000000000    4.9730702740e-01
  97.0000000000    4.9730317800e-01
  97.5000000000    4.9730716712e-01
  98.0000000000    4.9729848284e-01
  98.5000000000    4.9730356566e-01
  99.0000000000    4.9729662967e-01
  99.5000000000    4.9729691881e-01
 100.0000000000    4.9729818400e-01
 100.5000000000    4.9729358466e-01
 101.0000000000    4.9730226942e-01
 101.5000000000    4.9729291599e-01
 102.0000000000    4.9729610098e-01
 102.5000000000    4.9729544333e-01
 103.0000000000    4.9729356162e-01
 103.5000000000    4.9730174571e-01
 104.0000000000    4.9729437611e-01
 104.5000000000    4.9729979670e-01
 105.0000000000    4.9729834686e-01
 105.5000000000    4.9729836337e-01
 106.0000000000    4.9730625354e-01
 106.5000000000    4.9730053031e-01
 107.0000000000    4.9730737126e-01
 107.5000000000    4.9730629998e-01
 108.0000000000    4.9730716739e-01
 108.5000000000    4.9731596037e-01
 109.0000000000    4.9731087676e-01
 109.5000000000    4.9731805824e-01
 110.0000000000    4.9731861663e-01
 110.5000000000    4.9731971714e-01
 111.0000000000    4.9733067037e-01
 111.5000000000    4.9732547916e-01
 112.0000000000    4.9733220976e-01
 112.5000000000    4.9733564254e-01
 113.0000000000    4.9733599975e-01
 113.5000000000    4.9734808893e-01
 114.0000000000    4.9734442329e-01
 114.5000000000    4.9734993898e-01
 115.0000000000    4.9735759817e-01
 115.5000000000    4.9735630242e-01
 116.0000000000    4.9736630814e-01
 116.5000000000    4.9736758972e-01
 117.0000000000    4.9737076997e-01
 117.5000000000    4.9738401416e-01
 118.0000000000    4.9738024831e-01
 118.5000000000    4.9738741485e-01
 119.0000000000    4.9739495558e-01
 119.5000000000    4.9739524724e-01
 120.0000000000    4.9740647700e-01
 120.5000000000    4.9740921311e-01
 121.0000000000    4.9741289560e-01
 121.5000000000    4.9742687128e-01
 122.0000000000    4.9742441682e-01
 122.5000000000    4.9743105450e-01
 123.0000000000    4.9744232401e-01
 123.5000000000    4.9744175989e-01
 124.0000000000    4.9745132906e-01
 124.5000000000    4.9745883341e-01
 125.0000000000    4.9746073570e-01
 125.5000000000    4.9747243940e-01
 126.0000000000    4.9747655986e-01
 126.5000000000    4.9748078537e-01
 127.0000000000    4.9749449186e-01
 127.5000000000    4.9749561347e-01
 128.0000000000    4.9750153747e-01
 128.5000000000    4.9751711339e-01
 129.0000000000    4.9751618130e-01
 129.5000000000    4.9752331049e-01
 130.0000000000    4.9753804078e-01
 130.5000000000    4.9753740602e-01
 131.0000000000    4.9754562925e-01
 131.5000000000    4.9755901675e-01
 132.0000000000    4.9755953034e-01
 132.5000000000    4.9756876331e-01
 133.0000000000    4.9758135164e-01
 133.5000000000    4.9758213789e-01
 134.0000000000    4.9759186955e-01
 134.5000000000    4.9760475224e-01
 135.0000000000    4.9760590261e-01
 135.5000000000    4.9761568770e-01
 136.0000000000    4.9762930502e-01
 136.5000000000    4.9763046786e-01
 137.0000000000    4.9763982327e-01
 137.5000000000    4.9765459639e-01
 138.0000000000    4.9765548544e-01
 138.5000000000    4.9766435374e-01
 139.0000000000    4.9768095756e-01
 139.5000000000    4.9768123627e-01
 140.0000000000    4.9768922808e-01
 140.5000000000    4.9770491149e-01
 141.0000000000    4.9770776593e-01
 141.5000000000    4.9771454785e-01
 142.0000000000    4.9772875351e-01
 142.5000000000    4.9773506458e-01
 143.0000000000    4.9774046560e-01
 143.5000000000    4.9775305037e-01
 144.0000000000    4.9776353089e-01
 144.5000000000    4.9776711141e-01
 145.0000000000    4.9777768243e-01
 145.5000000000    4.9779314614e-01
 146.0000000000    4.9779476169e-01
 146.5000000000    4.9780322052e-01
 147.0000000000    4.9781842780e-01
 147.5000000000    4.9782389431e-01
 148.0000000000    4.9782981066e-01
 148.5000000000    4.9784228839e-01
 149.0000000000    4.9785459055e-01
 149.5000000000    4.9785796843e-01
 150.0000000000    4.9786761624e-01
 150.5000000000    4.9788354490e-01
 151.0000000000    4.9788804011e-01
 151.5000000000    4.9789457869e-01
 152.0000000000    4.9790713711e-01
 152.5000000000    4.9792039047e-01
 153.0000000000    4.9792374501e-01
 153.5000000000    4.9793289391e-01
 154.0000000000    4.9794774594e-01
 154.5000000000    4.9795565371e-01
 155.0000000000    4.9796109041e-01
 155.5000000000    4.9797201653e-01
 156.0000000000    4.9798840242e-01
 156.5000000000    4.9799242863e-01
 157.0000000000    4.9799938478e-01
 157.5000000000    4.9801151152e-01
 158.0000000000    4.9802742564e-01
 158.5000000000    4.9802995706e-01
 159.0000000000    4.9803756942e-01
 159.5000000000    4.9805050388e-01
 160.0000000000    4.9806576837e-01
 160.5000000000    4.9806924424e-01
 161.0000000000    4.9807690595e-01
 161.5000000000    4.9808904165e-01
 162.0000000000    4.9810402835e-01
 162.5000000000    4.9810729484e-01
 163.0000000000    4.9811521086e-01
 163.5000000000    4.9812733668e-01
 164.0000000000    4.9814354540e-01
 164.5000000000    4.9814723381e-01
 165.0000000000    4.9815394878e-01
 165.5000000000    4.9816471565e-01
 166.0000000000    4.9817943943e-01
 166.5000000000    4.9818743239e-01
 167.0000000000    4.9819292689e-01
 167.5000000000    4.9820228772e-01
 168.0000000000    4.9821534309e-01
 168.5000000000    4.9822960093e-01
 169.0000000000    4.9823335715e-01
 169.5000000000    4.9824067021e-01
 170.0000000000    4.9825145517e-01
 170.5000000000    4.9826567835e-01
 171.0000000000    4.9827572960e-01
 171.5000000000    4.9828079791e-01
 172.0000000000    4.9828909958e-01
 172.5000000000    4.9830053788e-01
 173.0000000000    4.9831496724e-01
 173.5000000000    4.9832361111e-01
 174.0000000000    4.9832904007e-01
 174.5000000000    4.9833735672e-01
 175.0000000000    4.9834848901e-01
 175.5000000000    4.9836236737e-01
 176.0000000000    4.9837285849e-01
 176.5000000000    4.9837777827e-01
 177.0000000000    4.9838529123e-01
 177.5000000000    4.9839537705e-01
 178.0000000000    4.9840787965e-01
 178.5000000000    4.9842268974e-01
 179.0000000000    4.9842748463e-01
 179.5000000000    4.9843372159e-01
 180.0000000000    4.9844210798e-01
 180.5000000000    4.9845259685e-01
 181.0000000000    4.9846515627e-01
 181.5000000000    4.9847931057e-01
 182.0000000000    4.9848359882e-01
 182.5000000000    4.9848981694e-01
 183.0000000000    4.9849780704e-01
 183.5000000000    4.9850745008e-01
 184.0000000000    4.9851866154e-01
 184.5000000000    4.9853138176e-01
 185.0000000000    4.9853918829e-01
 185.5000000000    4.9854390507e-01
 186.0000000000    4.9855006823e-01
 186.5000000000    4.9855758120e-01
 187.0000000000    4.9856643013e-01
 187.5000000000    4.9857666703e-01
 188.0000000000    4.9858825237e-01
 188.5000000000    4.9859760866e-01
 189.0000000000    4.9860224531e-01
 189.5000000000    4.9860828135e-01
 190.0000000000    4.9861551888e-01
 190.5000000000    4.9862384885e-01
 191.0000000000    4.9863316857e-01
 191.5000000000    4.9864338194e-01
 192.0000000000    4.9865443794e-01
 192.5000000000    4.9866627059e-01
 193.0000000000    4.9867118397e-01
 193.5000000000    4.9867647113e-01
 194.0000000000    4.9868257923e-01
 194.5000000000    4.9868941689e-01
 195.0000000000    4.9869684517e-01
 195.5000000000    4.9870490639e-01
 196.0000000000    4.9871363153e-01
 196.5000000000    4.9872281803e-01
 197.0000000000    4.9873239359e-01
 197.5000000000    4.9874235960e-01
 198.0000000000    4.9875129973e-01
 198.5000000000    4.9875619738e-01
 199.0000000000    4.9876153665e-01
 199.5000000000    4.9876730467e-01
 200.0000000000    4.9877344764e-01
 200.5000000000    4.9877983369e-01
 201.0000000000    4.9878640954e-01
 201.5000000000    4.9879321185e-01
 202.0000000000    4.9880021730e-01
 202.5000000000    4.9880739608e-01
 203.0000000000    4.9881473337e-01
 203.5000000000    4.9882218431e-01
 204.0000000000    4.9882961300e-01
 204.5000000000    4.9883692589e-01
 205.0000000000    4.9884410848e-01
 205.5000000000    4.9885117060e-01
 206.0000000000    4.9885811174e-01
 206.5000000000    4.9886493052e-01
 207.0000000000    4.9887164321e-01
 207.5000000000    4.9887821387e-01
 208.0000000000    4.9888455441e-01
 208.5000000000    4.9889067309e-01
 209.0000000000    4.9889659600e-01
 209.5000000000    4.9890186465e-01
 210.0000000000    4.9890695993e-01
 210.5000000000    4.9891208300e-01
 211.0000000000    4.9891722304e-01
 211.5000000000    4.9892234185e-01
 212.0000000000    4.9892689848e-01
 212.5000000000    4.9893101226e-01
 213.0000000000    4.9893488354e-01
 213.5000000000    4.9893852614e-01
 214.0000000000    4.9894194668e-01
 214.5000000000    4.9894518570e-01
 215.0000000000    4.9894828013e-01
 215.5000000000    4.9895116870e-01
 216.0000000000    4.9895386168e-01
 216.5000000000    4.9895645320e-01
 217.0000000000    4.9895899978e-01
 217.5000000000    4.9896152667e-01
 218.0000000000    4.9896410395e-01
 218.5000000000    4.9896673193e-01
 219.0000000000    4.9896935174e-01
 219.5000000000    4.9897196470e-01
 220.0000000000    4.9897468446e-01
 220.5000000000    4.9897766278e-01
 221.0000000000    4.9898103950e-01
 221.5000000000    4.9898495993e-01
 222.0000000000    4.9898951009e-01
 222.5000000000    4.9898970060e-01
 223.0000000000    4.9898847026e-01
 223.5000000000    4.9898744209e-01
 224.0000000000    4.9898670863e-01
 224.5000000000    4.9898641217e-01
 225.0000000000    4.9898679239e-01
 225.5000000000    4.9898809820e-01
 226.0000000000    4.9899045343e-01
 226.5000000000    4.9899385589e-01
 227.0000000000    4.9899301351e-01
 227.5000000000    4.9898881775e-01
 228.0000000000    4.9898551461e-01
 228.5000000000    4.9898333465e-01
 229.0000000000    4.9898257869e-01
 229.5000000000    4.9898341474e-01
 230.0000000000    4.9898588677e-01
 230.5000000000    4.9898213047e-01
 231.0000000000    4.9897585050e-01
 231.5000000000    4.9897106039e-01
 232.0000000000    4.9896801494e-01
 232.5000000000    4.9896702875e-01
 233.0000000000    4.9896839817e-01
 233.5000000000    4.9895891278e-01
 234.0000000000    4.9895153646e-01
 234.5000000000    4.9894695821e-01
 235.0000000000    4.9894539111e-01
 235.5000000000    4.9894638849e-01
 236.0000000000    4.9893533376e-01
 236.5000000000    4.9892705910e-01
 237.0000000000    4.9892168396e-01
 237.5000000000    4.9891954589e-01
 238.0000000000    4.9890998055e-01
 238.5000000000    4.9889805532e-01
 239.0000000000    4.9889032067e-01
 239.5000000000    4.9888696870e-01
 240.0000000000    4.9887546764e-01
 240.5000000000    4.9886187355e-01
 241.0000000000    4.9885294393e-01
 241.5000000000    4.9884926419e-01
 242.0000000000    4.9883111920e-01
 242.5000000000    4.9881911721e-01
 243.0000000000    4.9881339970e-01
 243.5000000000    4.9880028870e-01
 244.0000000000    4.9878429878e-01
 244.5000000000    4.9877400326e-01
 245.0000000000    4.9875957549e-01
 245.5000000000    4.9873927257e-01
 246.0000000000    4.9872693157e-01
 246.5000000000    4.9871172615e-01
 247.0000000000    4.9869199074e-01
 247.5000000000    4.9868070163e-01
 248.0000000000    4.9866061534e-01
 248.5000000000    4.9863977216e-01
 249.0000000000    4.9862787123e-01
 249.5000000000    4.9859884053e-01
 250.0000000000    4.9858006124e-01
 250.5000000000    4.9855971651e-01
 251.0000000000    4.9853460193e-01
 251.5000000000    4.9852002555e-01
 252.0000000000    4.9848746961e-01
 252.5000000000    4.9846669829e-01
 253.0000000000    4.9843687048e-01
 253.5000000000    4.9841094701e-01
 254.0000000000    4.9838378419e-01
 254.5000000000    4.9835355878e-01
 255.0000000000    4.9832681571e-01
 255.5000000000    4.9829219497e-01
 256.0000000000    4.9826385470e-01
 256.5000000000    4.9822602689e-01
 257.0000000000    4.9819541454e-01
 257.5000000000    4.9815613491e-01
 258.0000000000    4.9812206360e-01
 258.5000000000    4.9808235693e-01
 259.0000000000    4.9804321077e-01
 259.5000000000    4.9800409726e-01
 260.0000000000    4.9795843643e-01
 260.5000000000    4.9792123925e-01
 261.0000000000    4.9786787933e-01
 261.5000000000    4.9782445742e-01
 262.0000000000    4.9777242721e-01
 262.5000000000    4.9771958183e-01
 263.0000000000    4.9767414005e-01
 263.5000000000    4.9761159145e-01
 264.0000000000    4.9755622274e-01
 264.5000000000    4.9750245572e-01
 265.0000000000    4.9743548387e-01
 265.5000000000    4.9737323333e-01
 266.0000000000    4.9731331783e-01
 266.5000000000    4.9723743012e-01
 267.0000000000    4.9716469199e-01
 267.5000000000    4.9709449743e-01
 268.0000000000    4.9701764328e-01
 268.5000000000    4.9693347513e-01
 269.0000000000    4.9685024062e-01
 269.5000000000    4.9676701436e-01
 270.0000000000    4.9668129257e-01
 270.5000000000    4.9658239069e-01
 271.0000000000    4.9648206478e-01
 271.5000000000    4.9637967615e-01
 272.0000000000    4.9627466810e-01
 272.5000000000    4.9616654582e-01
 273.0000000000    4.9605488162e-01
 273.5000000000    4.9593501100e-01
 274.0000000000    4.9580877094e-01
 274.5000000000    4.9567825950e-01
 275.0000000000    4.9554258142e-01
 275.5000000000    4.9540085724e-01
 276.0000000000    4.9525249989e-01
 276.5000000000    4.9509740519e-01
 277.0000000000    4.9493591143e-01
 277.5000000000    4.9476851766e-01
 278.0000000000    4.9459543994e-01
 278.5000000000    4.9441624564e-01
 279.0000000000    4.9422992043e-01
 279.5000000000    4.9403543179e-01
 280.0000000000    4.9382454421e-01
 280.5000000000    4.9360400889e-01
 281.0000000000    4.9337556104e-01
 281.5000000000    4.9314037252e-01
 282.0000000000    4.9289878629e-01
 282.5000000000    4.9264734033e-01
 283.0000000000    4.9237497952e-01
 283.5000000000    4.9209407843e-01
 284.0000000000    4.9180593029e-01
 284.5000000000    4.9149985889e-01
 285.0000000000    4.9118001723e-01
 285.5000000000    4.9085565925e-01
 286.0000000000    4.9050740263e-01
 286.5000000000    4.9014844778e-01
 287.0000000000    4.8977468180e-01
 287.5000000000    4.8938126095e-01
 288.0000000000    4.8897718587e-01
 288.5000000000    4.8855179131e-01
 289.0000000000    4.8811132783e-01
 289.5000000000    4.8765472745e-01
 290.0000000000    4.8717167445e-01
 290.5000000000    4.8667668022e-01
 291.0000000000    4.8615889653e-01
 291.5000000000    4.8561477649e-01
 292.0000000000    4.8505167431e-01
 292.5000000000    4.8446624038e-01
 293.0000000000    4.8385520308e-01
 293.5000000000    4.8321403269e-01
 294.0000000000    4.8253893385e-01
 294.5000000000    4.8183009336e-01
 295.0000000000    4.8108088380e-01
 295.5000000000    4.8028154954e-01
 296.0000000000    4.7942798146e-01
 296.5000000000    4.7851213036e-01
 297.0000000000    4.7751772701e-01
 297.5000000000    4.7641789050e-01
 298.0000000000    4.7519627049e-01
 298.5000000000    4.7381648560e-01
 299.0000000000    4.7222732624e-01
 299.5000000000    4.7036753423e-01
 300.0000000000    4.6813466330e-01
 300.5000000000    4.6537644533e-01
 301.0000000000    4.6181860941e-01
 301.5000000000    4.5014640104e-01
 302.0000000000    4.3227467587e-01
 302.5000000000    4.1392325286e-01
 303.0000000000    3.9513364113e-01
 303.5000000000    3.7595366374e-01
 304.0000000000    3.5643664964e-01
 304.5000000000    3.3664038929e-01
 305.0000000000    3.1662604719e-01
 305.5000000000    2.9645727662e-01
 306.0000000000    2.7619979551e-01
 306.5000000000    2.5592168003e-01
 307.0000000000    2.3569455286e-01
 307.5000000000    2.1559578574e-01
 308.0000000000    1.9571164265e-01
 308.5000000000    1.7614106882e-01
 309.0000000000    1.5699947083e-01
 309.5000000000    1.3842149252e-01
 310.0000000000    1.2056149438e-01
 310.5000000000    1.0359037500e-01
 311.0000000000    8.7687709627e-02
 311.5000000000    7.3029027213e-02
 312.0000000000    5.9769349935e-02
 312.5000000000    4.8025549056e-02
 313.0000000000    3.7861081835e-02
 313.5000000000    2.9276686362e-02
 314.0000000000    2.2209424359e-02
 314.5000000000    1.6540397606e-02
 315.0000000000    1.2109298119e-02
 315.5000000000    8.7324896841e-03
 316.0000000000    6.2209924587e-03
 316.5000000000    4.3954414682e-03
 317.0000000000    3.0963629384e-03
 317.5000000000    2.1894749342e-03
 318.0000000000    1.5667949331e-03
 318.5000000000    1.1448764537e-03
 319.0000000000    8.6148378746e-04
 319.5000000000    6.7168924804e-04
 320.0000000000    5.4402106252e-04
 320.5000000000    4.5702558680e-04
 321.0000000000    3.9642346541e-04
 321.5000000000    3.5290315113e-04
 322.0000000000    3.2049963730e-04
 322.5000000000    2.9545402166e-04
 323.0000000000    2.7543571582e-04
 323.5000000000    2.5902129794e-04
 324.0000000000    2.4534825577e-04
 324.5000000000    2.3388695623e-04
 325.0000000000    2.2429373720e-04
 325.5000000000    2.1632054450e-04
 326.0000000000    2.0976364297e-04
 326.5000000000    2.0443814492e-04
 327.0000000000    2.0016822779e-04
 327.5000000000    1.9678572991e-04
 328.0000000000    1.9413233509e-04
 328.5000000000    1.9206258015e-04
 329.0000000000    1.9044635320e-04
 329.5000000000    1.8917042651e-04
 330.0000000000    1.8813899080e-04
 330.5000000000    1.8727335651e-04
 331.0000000000    1.8651102323e-04
 331.5000000000    1.8580429693e-04
 332.0000000000    1.8511861570e-04
 332.5000000000    1.8443071965e-04
 333.0000000000    1.8372677470e-04
 333.5000000000    1.8300054249e-04
 334.0000000000    1.8225167010e-04
 334.5000000000    1.8148414492e-04
 335.0000000000    1.8070494430e-04
 335.5000000000    1.7992288473e-04
 336.0000000000    1.7914766865e-04
 336.5000000000    1.7838912068e-04
 337.0000000000    1.7765660658e-04
 337.5000000000    1.7695861560e-04
 338.0000000000    1.7630249016e-04
 338.5000000000    1.7569428134e-04
 339.0000000000    1.7513870554e-04
 339.5000000000    1.7463917758e-04
 340.0000000000    1.7419789440e-04
 340.5000000000    1.7381594954e-04
 341.0000000000    1.7349346384e-04
 341.5000000000    1.7322971899e-04
 342.0000000000    1.7302328468e-04
 342.5000000000    1.7287213187e-04
 343.0000000000    1.7277372846e-04
 343.5000000000    1.7272511636e-04
 344.0000000000    1.7272297048e-04
 344.5000000000    1.7276364445e-04
 345.0000000000    1.7284320640e-04
 345.5000000000    1.7295746933e-04
 346.0000000000    1.7310202411e-04
 346.5000000000    1.7327227544e-04
 347.0000000000    1.7346348423e-04
 347.5000000000    1.7367081879e-04
 348.0000000000    1.7388942114e-04
 348.5000000000    1.7411448476e-04
 349.0000000000    1.7434133657e-04
 349.5000000000    1.7456552659e-04
 350.0000000000    1.7478291533e-04
 350.5000000000    1.7498975262e-04
 351.0000000000    1.7518274786e-04
 351.5000000000    1.7535912572e-04
 352.0000000000    1.7551666656e-04
 352.5000000000    1.7565373052e-04
 353.0000000000    1.7576927529e-04
 353.5000000000    1.7586286146e-04
 354.0000000000    1.7593463469e-04
 354.5000000000    1.7598528401e-04
 355.0000000000    1.7601597605e-04
 355.5000000000    1.7602827253e-04
 356.0000000000    1.7602404727e-04
 356.5000000000    1.7600541705e-04
 357.0000000000    1.7597468827e-04
 357.5000000000    1.7593430097e-04
 358.0000000000    1.7588675908e-04
 358.5000000000    1.7583454072e-04
 359.0000000000    1.7578000063e-04
 359.5000000000    1.7572528954e-04
 360.0000000000    1.7567231955e-04
 360.5000000000    1.7562276986e-04
 361.0000000000    1.7557811135e-04
 361.5000000000    1.7553961805e-04
 362.0000000000    1.7550834947e-04
 362.5000000000    1.7548511410e-04
 363.0000000000    1.7547044860e-04
 363.5000000000    1.7546463117e-04
 364.0000000000    1.7546772876e-04
 364.5000000000    1.7547964711e-04
 365.0000000000    1.7550016076e-04
 365.5000000000    1.7552891006e-04
 366.0000000000    1.7556538765e-04
 366.5000000000    1.7560893615e-04
 367.0000000000    1.7565877318e-04
 367.5000000000    1.7571403203e-04
 368.0000000000    1.7577380244e-04
 368.5000000000    1.7583715516e-04
 369.0000000000    1.7590314824e-04
 369.5000000000    1.7597082857e-04
 370.0000000000    1.7603924488e-04
 370.5000000000    1.7610746831e-04
 371.0000000000    1.7617461310e-04
 371.5000000000    1.7623985386e-04
 372.0000000000    1.7630243546e-04
 372.5000000000    1.7636168124e-04
 373.0000000000    1.7641700560e-04
 373.5000000000    1.7646793343e-04
 374.0000000000    1.7651412139e-04
 374.5000000000    1.7655538010e-04
 375.0000000000    1.7659169126e-04
 375.5000000000    1.7662321759e-04
 376.0000000000    1.7665029633e-04
 376.5000000000    1.7667341502e-04
 377.0000000000    1.7669316510e-04
 377.5000000000    1.7671017782e-04
 378.0000000000    1.7672504847e-04
 378.5000000000    1.7673826054e-04
 379.0000000000    1.7675012180e-04
 379.5000000000    1.7676072069e-04
 380.0000000000    1.7676991441e-04
 380.5000000000    1.7677735940e-04
 381.0000000000    1.7678259039e-04
 381.5000000000    1.7678514251e-04
 382.0000000000    1.7678469261e-04
 382.5000000000    1.7678119808e-04
 383.0000000000    1.7677501464e-04
 383.5000000000    1.7676696033e-04
 384.0000000000    1.7675830570e-04
 384.5000000000    1.7675069007e-04
 385.0000000000    1.7674597030e-04
 385.5000000000    1.7674601513e-04
 386.0000000000    1.7675246395e-04
 386.5000000000    1.7676650114e-04
 387.0000000000    1.7678868462e-04
 387.5000000000    1.7681885465e-04
 388.0000000000    1.7685614427e-04
 388.5000000000    1.7689909423e-04
 389.0000000000    1.7694584963e-04
 389.5000000000    1.7699440777e-04
 390.0000000000    1.7704287937e-04
 390.5000000000    1.7708971931e-04
 391.0000000000    1.7713388857e-04
 391.5000000000    1.7717492139e-04
 392.0000000000    1.7721288964e-04
 392.5000000000    1.7724828003e-04
 393.0000000000    1.7728181208e-04
 393.5000000000    1.7731423803e-04
 394.0000000000    1.7734616134e-04
 394.5000000000    1.7737791151e-04
 395.0000000000    1.7740949071e-04
 395.5000000000    1.7744059780e-04
 396.0000000000    1.7747071706e-04
 396.5000000000    1.7749924731e-04
 397.0000000000    1.7752563984e-04
 397.5000000000    1.7754951375e-04
 398.0000000000    1.7757072852e-04
 398.5000000000    1.7758940364e-04
 399.0000000000    1.7760588393e-04
 399.5000000000    1.7762066604e-04
 400.0000000000    1.7763430924e-04
 400.5000000000    1.7764734599e-04
 401.0000000000    1.7766021242e-04
 401.5000000000    1.7767321106e-04
 402.0000000000    1.7768651005e-04
 402.5000000000    1.7770016924e-04
 403.0000000000    1.7771418241e-04
 403.5000000000    1.7772852319e-04
 404.0000000000    1.7774318313e-04
 404.5000000000    1.7775819469e-04
 405.0000000000    1.7777363510e-04
 405.5000000000    1.7778961652e-04
 406.0000000000    1.7780626429e-04
 406.5000000000    1.7782369121e-04
 407.0000000000    1.7784197361e-04
 407.5000000000    1.7786113429e-04
 408.0000000000    1.7788113549e-04
 408.5000000000    1.7790187909e-04
 409.0000000000    1.7792321303e-04
 409.5000000000    1.7794494104e-04
 410.0000000000    1.7796683366e-04
 410.5000000000    1.7798864387e-04
 411.0000000000    1.7801012558e-04
 411.5000000000    1.7803105568e-04
 412.0000000000    1.7805125627e-04
 412.5000000000    1.7807061535e-04
 413.0000000000    1.7808910011e-04
 413.5000000000    1.7810676009e-04
 414.0000000000    1.7812372250e-04
 414.5000000000    1.7814017386e-04
 415.0000000000    1.7815633362e-04
 415.5000000000    1.7817242499e-04
 416.0000000000    1.7818864379e-04
 416.5000000000    1.7820513351e-04
 417.0000000000    1.7822197169e-04
 417.5000000000    1.7823917036e-04
 418.0000000000    1.7825668689e-04
 418.5000000000    1.7827444460e-04
 419.0000000000    1.7829235594e-04
 419.5000000000    1.7831034296e-04
 420.0000000000    1.7832835152e-04
 420.5000000000    1.7834635787e-04
 421.0000000000    1.7836436587e-04
 421.5000000000    1.7838239670e-04
 422.0000000000    1.7840047455e-04
 422.5000000000    1.7841861195e-04
 423.0000000000    1.7843679807e-04
 423.5000000000    1.7845499417e-04
 424.0000000000    1.7847313706e-04
 424.5000000000    1.7849114865e-04
 425.0000000000    1.7850895013e-04
 425.5000000000    1.7852647774e-04
 426.0000000000    1.7854369578e-04
 426.5000000000    1.7856060416e-04
 427.0000000000    1.7857724048e-04
 427.5000000000    1.7859367554e-04
 428.0000000000    1.7861000271e-04
 428.5000000000    1.7862632253e-04
 429.0000000000    1.7864272624e-04
 429.5000000000    1.7865928007e-04
 430.0000000000    1.7867601400e-04
 430.5000000000    1.7869291734e-04
 431.0000000000    1.7870994148e-04
 431.5000000000    1.7872700910e-04
 432.0000000000    1.7874402798e-04
 432.5000000000    1.7876090687e-04
 433.0000000000    1.7877757140e-04
 433.5000000000    1.7879397561e-04
 434.0000000000    1.7881010770e-04
 434.5000000000    1.7882598911e-04
 435.0000000000    1.7884166714e-04
 435.5000000000    1.7885720411e-04
 436.0000000000    1.7887266328e-04
 436.5000000000    1.7888809803e-04
 437.0000000000    1.7890354198e-04
 437.5000000000    1.7891900306e-04
 438.0000000000    1.7893446188e-04
 438.5000000000    1.7894987536e-04
 439.0000000000    1.7896518527e-04
 439.5000000000    1.7898032950e-04
 440.0000000000    1.7899525388e-04
 440.5000000000    1.7900992350e-04
 441.0000000000    1.7902433025e-04
 441.5000000000    1.7903849606e-04
 442.0000000000    1.7905247230e-04
 442.5000000000    1.7906633474e-04
 443.0000000000    1.7908017444e-04
 443.5000000000    1.7909408597e-04
 444.0000000000    1.7910815501e-04
 444.5000000000    1.7912244811e-04
 445.0000000000    1.7913700508e-04
 445.5000000000    1.7915183572e-04
 446.0000000000    1.7916691998e-04
 446.5000000000    1.7918221113e-04
 447.0000000000    1.7919764306e-04
 447.5000000000    1.7921313947e-04
 448.0000000000    1.7922862171e-04
 448.5000000000    1.7924401619e-04
 449.0000000000    1.7925926615e-04
 449.5000000000    1.7927433738e-04
 450.0000000000    1.7928921597e-04
 450.5000000000    1.7930390799e-04
 451.0000000000    1.7931843921e-04
 451.5000000000    1.7933284814e-04
 452.0000000000    1.7934717553e-04
 452.5000000000    1.7936145484e-04
 453.0000000000    1.7937570706e-04
 453.5000000000    1.7938993784e-04
 454.0000000000    1.7940414149e-04
 454.5000000000    1.7941830260e-04
 455.0000000000    1.7943240147e-04
 455.5000000000    1.7944641699e-04
 456.0000000000    1.7946032975e-04
 456.5000000000    1.7947412555e-04
 457.0000000000    1.7948779810e-04
 457.5000000000    1.7950135082e-04
 458.0000000000    1.7951479807e-04
 458.5000000000    1.7952816269e-04
 459.0000000000    1.7954147149e-04
 459.5000000000    1.7955475006e-04
 460.0000000000    1.7956801834e-04
 460.5000000000    1.7958128761e-04
 461.0000000000    1.7959456052e-04
 461.5000000000    1.7960783342e-04
 462.0000000000    1.7962109944e-04
 462.5000000000    1.7963435092e-04
 463.0000000000    1.7964758088e-04
 463.5000000000    1.7966078371e-04
 464.0000000000    1.7967395576e-04
 464.5000000000    1.7968709574e-04
 465.0000000000    1.7970020462e-04
 465.5000000000    1.7971328518e-04
 466.0000000000    1.7972634127e-04
 466.5000000000    1.7973937626e-04
 467.0000000000    1.7975239124e-04
 467.5000000000    1.7976538381e-04
 468.0000000000    1.7977834985e-04
 468.5000000000    1.7979128510e-04
 469.0000000000    1.7980418428e-04
 469.5000000000    1.7981704203e-04
 470.0000000000    1.7982985504e-04
 470.5000000000    1.7984261784e-04
 471.0000000000    1.7985532094e-04
 471.5000000000    1.7986795748e-04
 472.0000000000    1.7988052421e-04
 472.5000000000    1.7989302028e-04
 473.0000000000    1.7990544850e-04
 473.5000000000    1.7991781560e-04
 474.0000000000    1.7993013110e-04
 474.5000000000    1.7994240570e-04
 475.0000000000    1.7995464922e-04
 475.5000000000    1.7996686880e-04
 476.0000000000    1.7997906637e-04
 476.5000000000    1.7999123802e-04
 477.0000000000    1.8000337624e-04
 477.5000000000    1.8001547345e-04
 478.0000000000    1.8002752650e-04
 478.5000000000    1.8003953909e-04
 479.0000000000    1.8005152153e-04
 479.5000000000    1.8006348831e-04
 480.0000000000    1.8007545320e-04
 480.5000000000    1.8008742420e-04
 481.0000000000    1.8009940065e-04
 481.5000000000    1.8011137309e-04
 482.0000000000    1.8012332698e-04
 482.5000000000    1.8013524870e-04
 483.0000000000    1.8014713083e-04
 483.5000000000    1.8015897449e-04
 484.0000000000    1.8017078777e-04
 484.5000000000    1.8018258068e-04
 485.0000000000    1.8019435884e-04
 485.5000000000    1.8020611932e-04
 486.0000000000    1.8021785098e-04
 486.5000000000    1.8022953948e-04
 487.0000000000    1.8024117398e-04
 487.5000000000    1.8025275188e-04
 488.0000000000    1.8026428017e-04
 488.5000000000    1.8027577191e-04
 489.0000000000    1.8028723908e-04
 489.5000000000    1.8029868564e-04
 490.0000000000    1.8031010619e-04
 490.5000000000    1.8032148656e-04
 491.0000000000    1.8033281045e-04
 491.5000000000    1.8034406596e-04
 492.0000000000    1.8035525221e-04
 492.5000000000    1.8036637834e-04
 493.0000000000    1.8037745945e-04
 493.5000000000    1.8038851035e-04
 494.0000000000    1.8039954044e-04
 494.5000000000    1.8041055168e-04
 495.0000000000    1.8042154097e-04
 495.5000000000    1.8043250445e-04
 496.0000000000    1.8044344025e-04
 496.5000000000    1.8045434794e-04
 497.0000000000    1.8046522564e-04
 497.5000000000    1.8047606647e-04
 498.0000000000    1.8048685550e-04
 498.5000000000    1.8049756983e-04
 499.0000000000    1.8050818186e-04
 499.5000000000    1.8051866464e-04
 500.0000000000    1.8052899713e-04
 500.5000000000    1.8053916758e-04
 501.0000000000    1.8054917677e-04
 501.5000000000    1.8055904221e-04
 502.0000000000    1.8056880433e-04
 502.5000000000    1.8057853393e-04
 503.0000000000    1.8058833792e-04
 503.5000000000    1.8059836009e-04
 504.0000000000    1.8060877249e-04
 504.5000000000    1.8061975534e-04
 505.0000000000    1.8063146704e-04
 505.5000000000    1.8064401009e-04
 506.0000000000    1.8065739603e-04
 506.5000000000    1.8067151183e-04
 507.0000000000    1.8068610109e-04
 507.5000000000    1.8070076687e-04
 508.0000000000    1.8071498441e-04
 508.5000000000    1.8072812848e-04
 509.0000000000    1.8073953097e-04
 509.5000000000    1.8074856063e-04
 510.0000000000    1.8075470571e-04
 510.5000000000    1.8075765979e-04
 511.0000000000    1.8075740104e-04
 511.5000000000    1.8075424258e-04
 512.0000000000    1.8074883939e-04
 512.5000000000    1.8074214465e-04
 513.0000000000    1.8073531467e-04
 513.5000000000    1.8072957169e-04
 514.0000000000    1.8072604716e-04
 514.5000000000    1.8072563738e-04
 515.0000000000    1.8072889941e-04
 515.5000000000    1.8073600392e-04
 516.0000000000    1.8074674746e-04
 516.5000000000    1.8076062200e-04
 517.0000000000    1.8077692189e-04
 517.5000000000    1.8079486725e-04
 518.0000000000    1.8081372305e-04
 518.5000000000    1.8083289191e-04
 519.0000000000    1.8085196785e-04
 519.5000000000    1.8087074381e-04
 520.0000000000    1.8088917403e-04
 520.5000000000    1.8090730644e-04
 521.0000000000    1.8092520347e-04
 521.5000000000    1.8094287622e-04
 522.0000000000    1.8096025028e-04
 522.5000000000    1.8097717023e-04
 523.0000000000    1.8099343716e-04
 523.5000000000    1.8100886263e-04
 524.0000000000    1.8102331990e-04
 524.5000000000    1.8103677769e-04
 525.0000000000    1.8104930586e-04
 525.5000000000    1.8106105326e-04
 526.0000000000    1.8107221330e-04
 526.5000000000    1.8108298280e-04
 527.0000000000    1.8109352444e-04
 527.5000000000    1.8110393911e-04
 528.0000000000    1.8111425980e-04
 528.5000000000    1.8112446372e-04
 529.0000000000    1.8113448939e-04
 529.5000000000    1.8114426829e-04
 530.0000000000    1.8115374920e-04
 530.5000000000    1.8116291790e-04
 531.0000000000    1.8117179887e-04
 531.5000000000    1.8118044403e-04
 532.0000000000    1.8118892539e-04
 532.5000000000    1.8119731981e-04
 533.0000000000    1.8120569803e-04
 533.5000000000    1.8121412250e-04
 534.0000000000    1.8122264421e-04
 534.5000000000    1.8123129881e-04
 535.0000000000    1.8124010370e-04
 535.5000000000    1.8124905746e-04
 536.0000000000    1.8125814323e-04
 536.5000000000    1.8126733415e-04
 537.0000000000    1.8127660122e-04
 537.5000000000    1.8128592165e-04
 538.0000000000    1.8129528807e-04
 538.5000000000    1.8130471740e-04
 539.0000000000    1.8131425856e-04
 539.5000000000    1.8132399650e-04
 540.0000000000    1.8133405136e-04
 540.5000000000    1.8134456706e-04
 541.0000000000    1.8135568457e-04
 541.5000000000    1.8136750723e-04
 542.0000000000    1.8138006758e-04
 542.5000000000    1.8139329006e-04
 543.0000000000    1.8140695822e-04
 543.5000000000    1.8142070358e-04
 544.0000000000    1.8143401836e-04
 544.5000000000    1.8144628835e-04
 545.0000000000    1.8145684618e-04
 545.5000000000    1.8146505977e-04
 546.0000000000    1.8147044097e-04
 546.5000000000    1.8147274935e-04
 547.0000000000    1.8147208827e-04
 547.5000000000    1.8146897643e-04
 548.0000000000    1.8146437121e-04
 548.5000000000    1.8145963504e-04
 549.0000000000    1.8145644350e-04
 549.5000000000    1.8145663628e-04
 550.0000000000    1.8146202063e-04
 550.5000000000    1.8147414233e-04
 551.0000000000    1.8149406041e-04
 551.5000000000    1.8152215541e-04
 552.0000000000    1.8155800989e-04
 552.5000000000    1.8160038650e-04
 553.0000000000    1.8164732472e-04
 553.5000000000    1.8169634126e-04
 554.0000000000    1.8174471351e-04
 554.5000000000    1.8178979250e-04
 555.0000000000    1.8182930860e-04
 555.5000000000    1.8186162074e-04
 556.0000000000    1.8188586716e-04
 556.5000000000    1.8190200256e-04
 557.0000000000    1.8191071201e-04
 557.5000000000    1.8191321964e-04
 558.0000000000    1.8191102820e-04
 558.5000000000    1.8190563885e-04
 559.0000000000    1.8189831556e-04
 559.5000000000    1.8188994060e-04
 560.0000000000    1.8188098737e-04
 560.5000000000    1.8187160532e-04
 561.0000000000    1.8186177802e-04
 561.5000000000    1.8185150129e-04
 562.0000000000    1.8184092773e-04
 562.5000000000    1.8183043508e-04
 563.0000000000    1.8182060508e-04
 563.5000000000    1.8181212470e-04
 564.0000000000    1.8180564370e-04
 564.5000000000    1.8180162904e-04
 565.0000000000    1.8180025820e-04
 565.5000000000    1.8180138099e-04
 566.0000000000    1.8180455752e-04
 566.5000000000    1.8180916606e-04
 567.0000000000    1.8181455806e-04
 567.5000000000    1.8182020974e-04
 568.0000000000    1.8182582820e-04
 568.5000000000    1.8183139549e-04
 569.0000000000    1.8183713987e-04
 569.5000000000    1.8184344954e-04
 570.0000000000    1.8185075856e-04
 570.5000000000    1.8185942802e-04
 571.0000000000    1.8186966199e-04
 571.5000000000    1.8188146971e-04
 572.0000000000    1.8189466264e-04
 572.5000000000    1.8190888648e-04
 573.0000000000    1.8192367940e-04
 573.5000000000    1.8193853792e-04
 574.0000000000    1.8195298080e-04
 574.5000000000    1.8196660374e-04
 575.0000000000    1.8197911776e-04
 575.5000000000    1.8199036688e-04
 576.0000000000    1.8200032957e-04
 576.5000000000    1.8200910235e-04
 577.0000000000    1.8201687939e-04
 577.5000000000    1.8202391663e-04
 578.0000000000    1.8203049376e-04
 578.5000000000    1.8203687660e-04
 579.0000000000    1.8204328026e-04
 579.5000000000    1.8204984258e-04
 580.0000000000    1.8205661513e-04
 580.5000000000    1.8206356888e-04
 581.0000000000    1.8207061928e-04
 581.5000000000    1.8207765711e-04
 582.0000000000    1.8208458184e-04
 582.5000000000    1.8209132938e-04
 583.0000000000    1.8209788557e-04
 583.5000000000    1.8210428476e-04
 584.0000000000    1.8211059995e-04
 584.5000000000    1.8211692121e-04
 585.0000000000    1.8212333681e-04
 585.5000000000    1.8212991403e-04
 586.0000000000    1.8213669129e-04
 586.5000000000    1.8214367259e-04
 587.0000000000    1.8215083790e-04
 587.5000000000    1.8215814804e-04
 588.0000000000    1.8216555680e-04
 588.5000000000    1.8217302091e-04
 589.0000000000    1.8218050689e-04
 589.5000000000    1.8218799378e-04
 590.0000000000    1.8219546935e-04
 590.5000000000    1.8220293329e-04
 591.0000000000    1.8221038962e-04
 591.5000000000    1.8221784239e-04
 592.0000000000    1.8222529936e-04
 592.5000000000    1.8223277175e-04
 593.0000000000    1.8224026769e-04
 593.5000000000    1.8224778988e-04
 594.0000000000    1.8225533911e-04
 594.5000000000    1.8226291657e-04
 595.0000000000    1.8227051967e-04
 595.5000000000    1.8227813683e-04
 596.0000000000    1.8228575429e-04
 596.5000000000    1.8229335929e-04
 597.0000000000    1.8230093682e-04
 597.5000000000    1.8230847284e-04
 598.0000000000    1.8231595631e-04
 598.5000000000    1.8232337692e-04
 599.0000000000    1.8233072222e-04
 599.5000000000    1.8233797856e-04
 600.0000000000    1.8234512750e-04
 600.5000000000    1.8235214554e-04
 601.0000000000    1.8235900284e-04
 601.5000000000    1.8236566275e-04
 602.0000000000    1.8237208520e-04
 602.5000000000    1.8237822919e-04
 603.0000000000    1.8238406250e-04
 603.5000000000    1.8238956234e-04
 604.0000000000    1.8239471990e-04
 604.5000000000    1.8239954307e-04
 605.0000000000    1.8240405920e-04
 605.5000000000    1.8240831239e-04
 606.0000000000    1.8241236492e-04
 606.5000000000    1.8241629751e-04
 607.0000000000    1.8242020116e-04
 607.5000000000    1.8242417906e-04
 608.0000000000    1.8242834133e-04
 608.5000000000    1.8243279791e-04
 609.0000000000    1.8243765486e-04
 609.5000000000    1.8244300864e-04
 610.0000000000    1.8244893881e-04
 610.5000000000    1.8245550485e-04
 611.0000000000    1.8246274429e-04
 611.5000000000    1.8247066815e-04
 612.0000000000    1.8247926357e-04
 612.5000000000    1.8248849851e-04
 613.0000000000    1.8249832380e-04
 613.5000000000    1.8250867924e-04
 614.0000000000    1.8251950148e-04
 614.5000000000    1.8253072589e-04
 615.0000000000    1.8254229181e-04
 615.5000000000    1.8255414383e-04
 616.0000000000    1.8256622832e-04
 616.5000000000    1.8257849256e-04
 617.0000000000    1.8259087807e-04
 617.5000000000    1.8260331789e-04
 618.0000000000    1.8261573191e-04
 618.5000000000    1.8262802213e-04
 619.0000000000    1.8264007098e-04
 619.5000000000    1.8265174316e-04
 620.0000000000    1.8266288981e-04
 620.5000000000    1.8267335453e-04
 621.0000000000    1.8268298249e-04
 621.5000000000    1.8269163417e-04
 622.0000000000    1.8269919372e-04
 622.5000000000    1.8270558353e-04
 623.0000000000    1.8271077145e-04
 623.5000000000    1.8271477701e-04
 624.0000000000    1.8271767456e-04
 624.5000000000    1.8271959213e-04
 625.0000000000    1.8272070788e-04
 625.5000000000    1.8272123827e-04
 626.0000000000    1.8272142816e-04
 626.5000000000    1.8272153326e-04
 627.0000000000    1.8272179963e-04
 627.5000000000    1.8272244906e-04
 628.0000000000    1.8272366630e-04
 628.5000000000    1.8272558661e-04
 629.0000000000    1.8272828894e-04
 629.5000000000    1.8273180108e-04
 630.0000000000    1.8273610351e-04
 630.5000000000    1.8274113683e-04
 631.0000000000    1.8274681900e-04
 631.5000000000    1.8275306205e-04
 632.0000000000    1.8275978274e-04
 632.5000000000    1.8276691827e-04
 633.0000000000    1.8277443231e-04
 633.5000000000    1.8278231489e-04
 634.0000000000    1.8279057824e-04
 634.5000000000    1.8279924382e-04
 635.0000000000    1.8280833220e-04
 635.5000000000    1.8281785384e-04
 636.0000000000    1.8282779444e-04
 636.5000000000    1.8283810737e-04
 637.0000000000    1.8284871297e-04
 637.5000000000    1.8285949939e-04
 638.0000000000    1.8287032686e-04
 638.5000000000    1.8288103786e-04
 639.0000000000    1.8289146826e-04
 639.5000000000    1.8290145975e-04
 640.0000000000    1.8291087450e-04
 640.5000000000    1.8291960569e-04
 641.0000000000    1.8292758720e-04
 641.5000000000    1.8293480220e-04
 642.0000000000    1.8294128375e-04
 642.5000000000    1.8294711509e-04
 643.0000000000    1.8295242533e-04
 643.5000000000    1.8295737532e-04
 644.0000000000    1.8296214398e-04
 644.5000000000    1.8296691388e-04
 645.0000000000    1.8297185314e-04
 645.5000000000    1.8297710323e-04
 646.0000000000    1.8298277075e-04
 646.5000000000    1.8298892376e-04
 647.0000000000    1.8299559372e-04
 647.5000000000    1.8300278405e-04
 648.0000000000    1.8301047763e-04
 648.5000000000    1.8301864822e-04
 649.0000000000    1.8302726976e-04
 649.5000000000    1.8303631639e-04
 650.0000000000    1.8304576446e-04
 650.5000000000    1.8305558506e-04
 651.0000000000    1.8306573678e-04
 651.5000000000    1.8307615542e-04
 652.0000000000    1.8308674775e-04
 652.5000000000    1.8309738440e-04
 653.0000000000    1.8310790382e-04
 653.5000000000    1.8311811388e-04
 654.0000000000    1.8312780256e-04
 654.5000000000    1.8313674970e-04
 655.0000000000    1.8314474009e-04
 655.5000000000    1.8315157747e-04
 656.0000000000    1.8315709517e-04
 656.5000000000    1.8316116586e-04
 657.0000000000    1.8316370751e-04
 657.5000000000    1.8316468769e-04
 658.0000000000    1.8316412447e-04
 658.5000000000    1.8316208743e-04
 659.0000000000    1.8315869456e-04
 659.5000000000    1.8315411082e-04
 660.0000000000    1.8314854858e-04
 660.5000000000    1.8314226259e-04
 661.0000000000    1.8313554734e-04
 661.5000000000    1.8312873016e-04
 662.0000000000    1.8312216312e-04
 662.5000000000    1.8311620735e-04
 663.0000000000    1.8311121968e-04
 663.5000000000    1.8310753432e-04
 664.0000000000    1.8310544453e-04
 664.5000000000    1.8310518812e-04
 665.0000000000    1.8310693271e-04
 665.5000000000    1.8311076933e-04
 666.0000000000    1.8311670920e-04
 666.5000000000    1.8312468846e-04
 667.0000000000    1.8313457777e-04
 667.5000000000    1.8314619680e-04
 668.0000000000    1.8315932854e-04
 668.5000000000    1.8317373566e-04
 669.0000000000    1.8318917476e-04
 669.5000000000    1.8320540677e-04
 670.0000000000    1.8322220224e-04
 670.5000000000    1.8323934225e-04
 671.0000000000    1.8325661326e-04
 671.5000000000    1.8327379946e-04
 672.0000000000    1.8329067457e-04
 672.5000000000    1.8330699436e-04
 673.0000000000    1.8332249255e-04
 673.5000000000    1.8333688220e-04
 674.0000000000    1.8334986448e-04
 674.5000000000    1.8336114434e-04
 675.0000000000    1.8337044888e-04
 675.5000000000    1.8337755343e-04
 676.0000000000    1.8338230601e-04
 676.5000000000    1.8338464736e-04
 677.0000000000    1.8338462809e-04
 677.5000000000    1.8338241723e-04
 678.0000000000    1.8337829778e-04
 678.5000000000    1.8337265436e-04
 679.0000000000    1.8336595076e-04
 679.5000000000    1.8335869677e-04
 680.0000000000    1.8335141351e-04
 680.5000000000    1.8334459494e-04
 681.0000000000    1.8333866915e-04
 681.5000000000    1.8333397053e-04
 682.0000000000    1.8333071769e-04
 682.5000000000    1.8332900056e-04
 683.0000000000    1.8332878383e-04
 683.5000000000    1.8332991722e-04
 684.0000000000    1.8333215506e-04
 684.5000000000    1.8333518384e-04
 685.0000000000    1.8333865208e-04
 685.5000000000    1.8334219976e-04
 686.0000000000    1.8334548515e-04
 686.5000000000    1.8334820496e-04
 687.0000000000    1.8335010871e-04
 687.5000000000    1.8335100512e-04
 688.0000000000    1.8335076159e-04
 688.5000000000    1.8334929800e-04
 689.0000000000    1.8334657742e-04
 689.5000000000    1.8334259560e-04
 690.0000000000    1.8333736755e-04
 690.5000000000    1.8333091755e-04
 691.0000000000    1.8332327104e-04
 691.5000000000    1.8331444897e-04
 692.0000000000    1.8330446871e-04
 692.5000000000    1.8329334966e-04
 693.0000000000    1.8328112359e-04
 693.5000000000    1.8326784953e-04
 694.0000000000    1.8325362842e-04
 694.5000000000    1.8323861937e-04
 695.0000000000    1.8322305412e-04
 695.5000000000    1.8320724805e-04
 696.0000000000    1.8319160605e-04
 696.5000000000    1.8317662096e-04
 697.0000000000    1.8316286412e-04
 697.5000000000    1.8315096492e-04
 698.0000000000    1.8314158276e-04
 698.5000000000    1.8313537286e-04
 699.0000000000    1.8313294763e-04
 699.5000000000    1.8313483827e-04
 700.0000000000    1.8314145875e-04
