#          time         max mod phi
   0.0000000000    8.2090092926e-02
   0.5000000000    8.2096033776e-02
   1.0000000000    8.2093530440e-02
   1.5000000000    8.2095890475e-02
   2.0000000000    8.2095059211e-02
   2.5000000000    8.2095187880e-02
   3.0000000000    8.2095913137e-02
   3.5000000000    8.2093724614e-02
   4.0000000000    8.2096247356e-02
   4.5000000000    8.2092657972e-02
   5.0000000000    8.2096402839e-02
   5.5000000000    8.2094377577e-02
   6.0000000000    8.2095909130e-02
   6.5000000000    8.2095329854e-02
   7.0000000000    8.2094953874e-02
   7.5000000000    8.2096146661e-02
   8.0000000000    8.2094064235e-02
   8.5000000000    8.2096812412e-02
   9.0000000000    8.2092855982e-02
   9.5000000000    8.2096736473e-02
  10.0000000000    8.2094083967e-02
  10.5000000000    8.2096394673e-02
  11.0000000000    8.2095366724e-02
  11.5000000000    8.2096211518e-02
  12.0000000000    8.2096473908e-02
  12.5000000000    8.2095542019e-02
  13.0000000000    8.2096849448e-02
  13.5000000000    8.2094383463e-02
  14.0000000000    8.2097101810e-02
  14.5000000000    8.2093465991e-02
  15.0000000000    8.2097554656e-02
  15.5000000000    8.2094486893e-02
  16.0000000000    8.2097502516e-02
  16.5000000000    8.2095307946e-02
  17.0000000000    8.2097022426e-02
  17.5000000000    8.2096095208e-02
  18.0000000000    8.2096824185e-02
  18.5000000000    8.2097092015e-02
  19.0000000000    8.2096592861e-02
  19.5000000000    8.2097582970e-02
  20.0000000000    8.2095769607e-02
  20.5000000000    8.2097692662e-02
  21.0000000000    8.2094961610e-02
  21.5000000000    8.2098110392e-02
  22.0000000000    8.2094485015e-02
  22.5000000000    8.2098470385e-02
  23.0000000000    8.2094796977e-02
  23.5000000000    8.2098258901e-02
  24.0000000000    8.2095401841e-02
  24.5000000000    8.2098101099e-02
  25.0000000000    8.2096327401e-02
  25.5000000000    8.2098286334e-02
  26.0000000000    8.2097205157e-02
  26.5000000000    8.2098014086e-02
  27.0000000000    8.2097539746e-02
  27.5000000000    8.2097461935e-02
  28.0000000000    8.2097915241e-02
  28.5000000000    8.2097232019e-02
  29.0000000000    8.2098586465e-02
  29.5000000000    8.2097030281e-02
  30.0000000000    8.2098919938e-02
  30.5000000000    8.2096352896e-02
  31.0000000000    8.2098916956e-02
  31.5000000000    8.2095694165e-02
  32.0000000000    8.2099210918e-02
  32.5000000000    8.2095350620e-02
  33.0000000000    8.2099559524e-02
  33.5000000000    8.2095770854e-02
  34.0000000000    8.2099452553e-02
  34.5000000000    8.2096300886e-02
  35.0000000000    8.2099282954e-02
  35.5000000000    8.2097073566e-02
  36.0000000000    8.2099479149e-02
  36.5000000000    8.2097922216e-02
  37.0000000000    8.2099403919e-02
  37.5000000000    8.2098339554e-02
  38.0000000000    8.2098972789e-02
  38.5000000000    8.2098714727e-02
  39.0000000000    8.2098781672e-02
  39.5000000000    8.2099405615e-02
  40.0000000000    8.2098689945e-02
  40.5000000000    8.2099875565e-02
  41.0000000000    8.2098166601e-02
  41.5000000000    8.2099985659e-02
  42.0000000000    8.2097545692e-02
  42.5000000000    8.2100305010e-02
  43.0000000000    8.2097212607e-02
  43.5000000000    8.2100749841e-02
  44.0000000000    8.2096667833e-02
  44.5000000000    8.2100783961e-02
  45.0000000000    8.2096994813e-02
  45.5000000000    8.2100690546e-02
  46.0000000000    8.2097876377e-02
  46.5000000000    8.2100864748e-02
  47.0000000000    8.2098935782e-02
  47.5000000000    8.2100900215e-02
  48.0000000000    8.2099584974e-02
  48.5000000000    8.2100467982e-02
  49.0000000000    8.2100062281e-02
  49.5000000000    8.2100177401e-02
  50.0000000000    8.2100843263e-02
  50.5000000000    8.2100001306e-02
  51.0000000000    8.2101465764e-02
  51.5000000000    8.2099411418e-02
  52.0000000000    8.2101676577e-02
  52.5000000000    8.2098570731e-02
  53.0000000000    8.2101943185e-02
  53.5000000000    8.2097910151e-02
  54.0000000000    8.2102354365e-02
  54.5000000000    8.2099021395e-02
  55.0000000000    8.2102381984e-02
  55.5000000000    8.2099931174e-02
  56.0000000000    8.2102098132e-02
  56.5000000000    8.2100827001e-02
  57.0000000000    8.2101989224e-02
  57.5000000000    8.2101884635e-02
  58.0000000000    8.2101826419e-02
  58.5000000000    8.2102549320e-02
  59.0000000000    8.2101219740e-02
  59.5000000000    8.2102879228e-02
  60.0000000000    8.2100578437e-02
  60.5000000000    8.2103408765e-02
  61.0000000000    8.2100074482e-02
  61.5000000000    8.2103899290e-02
  62.0000000000    8.2099956383e-02
  62.5000000000    8.2103920241e-02
  63.0000000000    8.2101023705e-02
  63.5000000000    8.2103820368e-02
  64.0000000000    8.2102241230e-02
  64.5000000000    8.2103859593e-02
  65.0000000000    8.2103440919e-02
  65.5000000000    8.2103557215e-02
  66.0000000000    8.2104158620e-02
  66.5000000000    8.2102791047e-02
  67.0000000000    8.2104693645e-02
  67.5000000000    8.2102042674e-02
  68.0000000000    8.2105353646e-02
  68.5000000000    8.2101213868e-02
  69.0000000000    8.2105691546e-02
  69.5000000000    8.2102678648e-02
  70.0000000000    8.2105515436e-02
  70.5000000000    8.2103909944e-02
  71.0000000000    8.2105301997e-02
  71.5000000000    8.2105246530e-02
  72.0000000000    8.2105000883e-02
  72.5000000000    8.2106266723e-02
  73.0000000000    8.2104117579e-02
  73.5000000000    8.2106720051e-02
  74.0000000000    8.2102807647e-02
  74.5000000000    8.2107048103e-02
  75.0000000000    8.2104181007e-02
  75.5000000000    8.2107302557e-02
  76.0000000000    8.2105933014e-02
  76.5000000000    8.2106975093e-02
  77.0000000000    8.2107041230e-02
  77.5000000000    8.2106057962e-02
  78.0000000000    8.2107865606e-02
  78.5000000000    8.2105045564e-02
  79.0000000000    8.2108674434e-02
  79.5000000000    8.2105251780e-02
  80.0000000000    8.2108861984e-02
  80.5000000000    8.2106984912e-02
  81.0000000000    8.2108367580e-02
  81.5000000000    8.2108388607e-02
  82.0000000000    8.2107702274e-02
  82.5000000000    8.2109647590e-02
  83.0000000000    8.2106602738e-02
  83.5000000000    8.2110249447e-02
  84.0000000000    8.2107053559e-02
  84.5000000000    8.2110116112e-02
  85.0000000000    8.2108934432e-02
  85.5000000000    8.2109694246e-02
  86.0000000000    8.2110608720e-02
  86.5000000000    8.2108788021e-02
  87.0000000000    8.2111543830e-02
  87.5000000000    8.2107634833e-02
  88.0000000000    8.2111643983e-02
  88.5000000000    8.2109882257e-02
  89.0000000000    8.2111321526e-02
  89.5000000000    8.2111805058e-02
  90.0000000000    8.2110442915e-02
  90.5000000000    8.2112953901e-02
  91.0000000000    8.2108967523e-02
  91.5000000000    8.2113122182e-02
  92.0000000000    8.2111403954e-02
  92.5000000000    8.2112711214e-02
  93.0000000000    8.2113400940e-02
  93.5000000000    8.2111656307e-02
  94.0000000000    8.2114541342e-02
  94.5000000000    8.2111111155e-02
  95.0000000000    8.2114552666e-02
  95.5000000000    8.2113516677e-02
  96.0000000000    8.2113809272e-02
  96.5000000000    8.2115337460e-02
  97.0000000000    8.2112303703e-02
  97.5000000000    8.2116195129e-02
  98.0000000000    8.2113954596e-02
  98.5000000000    8.2115741154e-02
  99.0000000000    8.2116011514e-02
  99.5000000000    8.2114339045e-02
 100.0000000000    8.2117368849e-02
 100.5000000000    8.2114513800e-02
 101.0000000000    8.2117619085e-02
 101.5000000000    8.2117158517e-02
 102.0000000000    8.2116267247e-02
 102.5000000000    8.2118502582e-02
 103.0000000000    8.2115096911e-02
 103.5000000000    8.2118947477e-02
 104.0000000000    8.2118349631e-02
 104.5000000000    8.2118081734e-02
 105.0000000000    8.2120124625e-02
 105.5000000000    8.2116514159e-02
 106.0000000000    8.2120344766e-02
 106.5000000000    8.2119671014e-02
 107.0000000000    8.2119343917e-02
 107.5000000000    8.2121666913e-02
 108.0000000000    8.2118496797e-02
 108.5000000000    8.2121984833e-02
 109.0000000000    8.2121610802e-02
 109.5000000000    8.2120448859e-02
 110.0000000000    8.2123126898e-02
 110.5000000000    8.2120596118e-02
 111.0000000000    8.2123238916e-02
 111.5000000000    8.2123780611e-02
 112.0000000000    8.2121447430e-02
 112.5000000000    8.2124915191e-02
 113.0000000000    8.2123225796e-02
 113.5000000000    8.2124143257e-02
 114.0000000000    8.2125770137e-02
 114.5000000000    8.2122406707e-02
 115.0000000000    8.2126529462e-02
 115.5000000000    8.2126296038e-02
 116.0000000000    8.2124946505e-02
 116.5000000000    8.2127860677e-02
 117.0000000000    8.2125927602e-02
 117.5000000000    8.2127408193e-02
 118.0000000000    8.2128943167e-02
 118.5000000000    8.2125674841e-02
 119.0000000000    8.2129641865e-02
 119.5000000000    8.2129599516e-02
 120.0000000000    8.2127633939e-02
 120.5000000000    8.2130989546e-02
 121.0000000000    8.2129785210e-02
 121.5000000000    8.2130131672e-02
 122.0000000000    8.2132484402e-02
 122.5000000000    8.2130231405e-02
 123.0000000000    8.2132321553e-02
 123.5000000000    8.2133459710e-02
 124.0000000000    8.2130181408e-02
 124.5000000000    8.2133993118e-02
 125.0000000000    8.2134488644e-02
 125.5000000000    8.2131888953e-02
 126.0000000000    8.2135968141e-02
 126.5000000000    8.2135657989e-02
 127.0000000000    8.2134068798e-02
 127.5000000000    8.2137373635e-02
 128.0000000000    8.2136563757e-02
 128.5000000000    8.2136136305e-02
 129.0000000000    8.2139175067e-02
 129.5000000000    8.2138065915e-02
 130.0000000000    8.2138242646e-02
 130.5000000000    8.2140734335e-02
 131.0000000000    8.2139221896e-02
 131.5000000000    8.2139838732e-02
 132.0000000000    8.2142301985e-02
 132.5000000000    8.2140904247e-02
 133.0000000000    8.2141789006e-02
 133.5000000000    8.2144134183e-02
 134.0000000000    8.2142591188e-02
 134.5000000000    8.2143175297e-02
 135.0000000000    8.2145579714e-02
 135.5000000000    8.2144361676e-02
 136.0000000000    8.2144742205e-02
 136.5000000000    8.2147522673e-02
 137.0000000000    8.2146616954e-02
 137.5000000000    8.2146117886e-02
 138.0000000000    8.2149087573e-02
 138.5000000000    8.2148580255e-02
 139.0000000000    8.2147157256e-02
 139.5000000000    8.2150839443e-02
 140.0000000000    8.2151113834e-02
 140.5000000000    8.2148383702e-02
 141.0000000000    8.2152578546e-02
 141.5000000000    8.2153391759e-02
 142.0000000000    8.2150949675e-02
 142.5000000000    8.2153879333e-02
 143.0000000000    8.2155738482e-02
 143.5000000000    8.2154443643e-02
 144.0000000000    8.2155357437e-02
 144.5000000000    8.2158064498e-02
 145.0000000000    8.2157611701e-02
 145.5000000000    8.2155936763e-02
 146.0000000000    8.2159741171e-02
 146.5000000000    8.2160633640e-02
 147.0000000000    8.2158611153e-02
 147.5000000000    8.2161424083e-02
 148.0000000000    8.2163473939e-02
 148.5000000000    8.2162579932e-02
 149.0000000000    8.2161937562e-02
 149.5000000000    8.2165338774e-02
 150.0000000000    8.2166059676e-02
 150.5000000000    8.2164103923e-02
 151.0000000000    8.2166923549e-02
 151.5000000000    8.2169096476e-02
 152.0000000000    8.2168546837e-02
 152.5000000000    8.2166996192e-02
 153.0000000000    8.2170768471e-02
 153.5000000000    8.2172083298e-02
 154.0000000000    8.2170951401e-02
 154.5000000000    8.2171745725e-02
 155.0000000000    8.2174795658e-02
 155.5000000000    8.2175347881e-02
 156.0000000000    8.2173515665e-02
 156.5000000000    8.2175671780e-02
 157.0000000000    8.2178299764e-02
 157.5000000000    8.2178706209e-02
 158.0000000000    8.2176870877e-02
 158.5000000000    8.2179905528e-02
 159.0000000000    8.2182240850e-02
 159.5000000000    8.2182394253e-02
 160.0000000000    8.2180486402e-02
 160.5000000000    8.2183619026e-02
 161.0000000000    8.2186181018e-02
 161.5000000000    8.2186721733e-02
 162.0000000000    8.2185231515e-02
 162.5000000000    8.2187625660e-02
 163.0000000000    8.2190319154e-02
 163.5000000000    8.2191129736e-02
 164.0000000000    8.2190153711e-02
 164.5000000000    8.2191190278e-02
 165.0000000000    8.2194588755e-02
 165.5000000000    8.2196160437e-02
 166.0000000000    8.2195915723e-02
 166.5000000000    8.2194475956e-02
 167.0000000000    8.2198409872e-02
 167.5000000000    8.2200726311e-02
 168.0000000000    8.2201492731e-02
 168.5000000000    8.2200720103e-02
 169.0000000000    8.2201993758e-02
 169.5000000000    8.2205322723e-02
 170.0000000000    8.2207058461e-02
 170.5000000000    8.2207298163e-02
 171.0000000000    8.2206155705e-02
 171.5000000000    8.2208630715e-02
 172.0000000000    8.2211775634e-02
 172.5000000000    8.2213543886e-02
 173.0000000000    8.2213916296e-02
 173.5000000000    8.2212920503e-02
 174.0000000000    8.2215091450e-02
 174.5000000000    8.2218153810e-02
 175.0000000000    8.2220076736e-02
 175.5000000000    8.2220894434e-02
 176.0000000000    8.2220583926e-02
 176.5000000000    8.2221264232e-02
 177.0000000000    8.2224750820e-02
 177.5000000000    8.2227086263e-02
 178.0000000000    8.2228396074e-02
 178.5000000000    8.2228789857e-02
 179.0000000000    8.2228310605e-02
 179.5000000000    8.2230654162e-02
 180.0000000000    8.2233974136e-02
 180.5000000000    8.2236262385e-02
 181.0000000000    8.2237591519e-02
 181.5000000000    8.2238087658e-02
 182.0000000000    8.2237866394e-02
 182.5000000000    8.2239475644e-02
 183.0000000000    8.2243060000e-02
 183.5000000000    8.2245814231e-02
 184.0000000000    8.2247722640e-02
 184.5000000000    8.2248845318e-02
 185.0000000000    8.2249302034e-02
 185.5000000000    8.2249211675e-02
 186.0000000000    8.2251703620e-02
 186.5000000000    8.2255199784e-02
 187.0000000000    8.2258042928e-02
 187.5000000000    8.2260204809e-02
 188.0000000000    8.2261731825e-02
 188.5000000000    8.2262734704e-02
 189.0000000000    8.2263332161e-02
 189.5000000000    8.2263589006e-02
 190.0000000000    8.2267047910e-02
 190.5000000000    8.2270430197e-02
 191.0000000000    8.2273275003e-02
 191.5000000000    8.2275613865e-02
 192.0000000000    8.2277543284e-02
 192.5000000000    8.2279175895e-02
 193.0000000000    8.2280581647e-02
 193.5000000000    8.2281759751e-02
 194.0000000000    8.2282660189e-02
 194.5000000000    8.2284867433e-02
 195.0000000000    8.2288202606e-02
 195.5000000000    8.2291212102e-02
 196.0000000000    8.2294001357e-02
 196.5000000000    8.2296644528e-02
 197.0000000000    8.2299149880e-02
 197.5000000000    8.2301474872e-02
 198.0000000000    8.2303571591e-02
 198.5000000000    8.2305437280e-02
 199.0000000000    8.2307128424e-02
 199.5000000000    8.2308735713e-02
 200.0000000000    8.2310335199e-02
 200.5000000000    8.2311949922e-02
 201.0000000000    8.2314025600e-02
 201.5000000000    8.2317357383e-02
 202.0000000000    8.2320499828e-02
 202.5000000000    8.2323486993e-02
 203.0000000000    8.2326392687e-02
 203.5000000000    8.2329289505e-02
 204.0000000000    8.2332210168e-02
 204.5000000000    8.2335134056e-02
 205.0000000000    8.2338010895e-02
 205.5000000000    8.2340804637e-02
 206.0000000000    8.2343523592e-02
 206.5000000000    8.2346221818e-02
 207.0000000000    8.2348965205e-02
 207.5000000000    8.2351795184e-02
 208.0000000000    8.2354703287e-02
 208.5000000000    8.2357643919e-02
 209.0000000000    8.2360564525e-02
 209.5000000000    8.2363446909e-02
 210.0000000000    8.2366319178e-02
 210.5000000000    8.2369239598e-02
 211.0000000000    8.2372255122e-02
 211.5000000000    8.2375367801e-02
 212.0000000000    8.2378532803e-02
 212.5000000000    8.2381686364e-02
 213.0000000000    8.2384785190e-02
 213.5000000000    8.2387831096e-02
 214.0000000000    8.2390866462e-02
 214.5000000000    8.2393939424e-02
 215.0000000000    8.2397062711e-02
 215.5000000000    8.2400194589e-02
 216.0000000000    8.2403259158e-02
 216.5000000000    8.2406187482e-02
 217.0000000000    8.2408954222e-02
 217.5000000000    8.2411582930e-02
 218.0000000000    8.2414369015e-02
 218.5000000000    8.2418932309e-02
 219.0000000000    8.2423512592e-02
 219.5000000000    8.2428026765e-02
 220.0000000000    8.2432380507e-02
 220.5000000000    8.2436516046e-02
 221.0000000000    8.2440435452e-02
 221.5000000000    8.2444175123e-02
 222.0000000000    8.2447757611e-02
 222.5000000000    8.2451148619e-02
 223.0000000000    8.2454255933e-02
 223.5000000000    8.2456961393e-02
 224.0000000000    8.2460556395e-02
 224.5000000000    8.2466000122e-02
 225.0000000000    8.2471092451e-02
 225.5000000000    8.2475854487e-02
 226.0000000000    8.2480254958e-02
 226.5000000000    8.2484195115e-02
 227.0000000000    8.2487536284e-02
 227.5000000000    8.2490158907e-02
 228.0000000000    8.2494543666e-02
 228.5000000000    8.2500535283e-02
 229.0000000000    8.2505912920e-02
 229.5000000000    8.2510645654e-02
 230.0000000000    8.2514628432e-02
 230.5000000000    8.2517703198e-02
 231.0000000000    8.2521363731e-02
 231.5000000000    8.2528084300e-02
 232.0000000000    8.2533776627e-02
 232.5000000000    8.2538438731e-02
 233.0000000000    8.2542034260e-02
 233.5000000000    8.2544451784e-02
 234.0000000000    8.2552117781e-02
 234.5000000000    8.2558493721e-02
 235.0000000000    8.2563358926e-02
 235.5000000000    8.2566646457e-02
 236.0000000000    8.2570788595e-02
 236.5000000000    8.2578359125e-02
 237.0000000000    8.2584336412e-02
 237.5000000000    8.2588526821e-02
 238.0000000000    8.2591882041e-02
 238.5000000000    8.2600128432e-02
 239.0000000000    8.2606250291e-02
 239.5000000000    8.2610187471e-02
 240.0000000000    8.2614739908e-02
 240.5000000000    8.2623039446e-02
 241.0000000000    8.2628937184e-02
 241.5000000000    8.2632177632e-02
 242.0000000000    8.2640151919e-02
 242.5000000000    8.2647208734e-02
 243.0000000000    8.2651291220e-02
 243.5000000000    8.2657517948e-02
 244.0000000000    8.2665672634e-02
 244.5000000000    8.2670580688e-02
 245.0000000000    8.2676626441e-02
 245.5000000000    8.2685162255e-02
 246.0000000000    8.2689850223e-02
 246.5000000000    8.2696591240e-02
 247.0000000000    8.2704724088e-02
 247.5000000000    8.2708737917e-02
 248.0000000000    8.2717821680e-02
 248.5000000000    8.2725048741e-02
 249.0000000000    8.2729603988e-02
 249.5000000000    8.2739624791e-02
 250.0000000000    8.2744507963e-02
 250.5000000000    8.2753053012e-02
 251.0000000000    8.2760464775e-02
 251.5000000000    8.2766377684e-02
 252.0000000000    8.2776114950e-02
 252.5000000000    8.2779954297e-02
 253.0000000000    8.2791431743e-02
 253.5000000000    8.2796304293e-02
 254.0000000000    8.2806584293e-02
 254.5000000000    8.2812552825e-02
 255.0000000000    8.2822291283e-02
 255.5000000000    8.2829021991e-02
 256.0000000000    8.2838717696e-02
 256.5000000000    8.2845434999e-02
 257.0000000000    8.2855421680e-02
 257.5000000000    8.2861476284e-02
 258.0000000000    8.2872412616e-02
 258.5000000000    8.2877388626e-02
 259.0000000000    8.2889901313e-02
 259.5000000000    8.2896447341e-02
 260.0000000000    8.2907333734e-02
 260.5000000000    8.2916059655e-02
 261.0000000000    8.2923848916e-02
 261.5000000000    8.2935132796e-02
 262.0000000000    8.2941853165e-02
 262.5000000000    8.2953340431e-02
 263.0000000000    8.2963478726e-02
 263.5000000000    8.2969799223e-02
 264.0000000000    8.2983195555e-02
 264.5000000000    8.2993175095e-02
 265.0000000000    8.3000062539e-02
 265.5000000000    8.3013345928e-02
 266.0000000000    8.3024448708e-02
 266.5000000000    8.3033219388e-02
 267.0000000000    8.3044254979e-02
 267.5000000000    8.3057216118e-02
 268.0000000000    8.3068272196e-02
 268.5000000000    8.3077741307e-02
 269.0000000000    8.3088906934e-02
 269.5000000000    8.3102624613e-02
 270.0000000000    8.3115292456e-02
 270.5000000000    8.3127133465e-02
 271.0000000000    8.3138328853e-02
 271.5000000000    8.3149054006e-02
 272.0000000000    8.3163549023e-02
 272.5000000000    8.3177744758e-02
 273.0000000000    8.3191667002e-02
 273.5000000000    8.3205503471e-02
 274.0000000000    8.3219379879e-02
 274.5000000000    8.3233363696e-02
 275.0000000000    8.3247491278e-02
 275.5000000000    8.3261799400e-02
 276.0000000000    8.3276339482e-02
 276.5000000000    8.3291166148e-02
 277.0000000000    8.3306306950e-02
 277.5000000000    8.3321732533e-02
 278.0000000000    8.3337344324e-02
 278.5000000000    8.3352984319e-02
 279.0000000000    8.3368458350e-02
 279.5000000000    8.3383557472e-02
 280.0000000000    8.3398062607e-02
 280.5000000000    8.3411728684e-02
 281.0000000000    8.3428057173e-02
 281.5000000000    8.3444601393e-02
 282.0000000000    8.3459756268e-02
 282.5000000000    8.3472985338e-02
 283.0000000000    8.3483688691e-02
 283.5000000000    8.3498562941e-02
 284.0000000000    8.3510759833e-02
 284.5000000000    8.3518960722e-02
 285.0000000000    8.3527163801e-02
 285.5000000000    8.3535139322e-02
 286.0000000000    8.3536882845e-02
 286.5000000000    8.3539213591e-02
 287.0000000000    8.3537009762e-02
 287.5000000000    8.3528692661e-02
 288.0000000000    8.3519363801e-02
 288.5000000000    8.3499359309e-02
 289.0000000000    8.3478783706e-02
 289.5000000000    8.3444824624e-02
 290.0000000000    8.3407388162e-02
 290.5000000000    8.3355396736e-02
 291.0000000000    8.3293636139e-02
 291.5000000000    8.3217550875e-02
 292.0000000000    8.3122181552e-02
 292.5000000000    8.3013854876e-02
 293.0000000000    8.2880406407e-02
 293.5000000000    8.2722077005e-02
 294.0000000000    8.2539214981e-02
 294.5000000000    8.2321179384e-02
 295.0000000000    8.2065022590e-02
 295.5000000000    8.1771644959e-02
 296.0000000000    8.1427996301e-02
 296.5000000000    8.1027759182e-02
 297.0000000000    8.0571646408e-02
 297.5000000000    8.0045039226e-02
 298.0000000000    7.9437980926e-02
 298.5000000000    7.8750457605e-02
 299.0000000000    7.7963148550e-02
 299.5000000000    7.7071530774e-02
 300.0000000000    7.6061353679e-02
 300.5000000000    7.4928106588e-02
 301.0000000000    7.3657143032e-02
 301.5000000000    7.3217449379e-02
 302.0000000000    7.7543178351e-02
 302.5000000000    8.2058829329e-02
 303.0000000000    8.6759283248e-02
 303.5000000000    9.1637586180e-02
 304.0000000000    9.6685155755e-02
 304.5000000000    1.0189210452e-01
 305.0000000000    1.0724765537e-01
 305.5000000000    1.1274059137e-01
 306.0000000000    1.1835965005e-01
 306.5000000000    1.2409374684e-01
 307.0000000000    1.2993189333e-01
 307.5000000000    1.3586269015e-01
 308.0000000000    1.4187329794e-01
 308.5000000000    1.4794787485e-01
 309.0000000000    1.5406556796e-01
 309.5000000000    1.6019830674e-01
 310.0000000000    1.6630878740e-01
 310.5000000000    1.7234916979e-01
 311.0000000000    1.7826100505e-01
 311.5000000000    1.8397675426e-01
 312.0000000000    1.8942289220e-01
 312.5000000000    1.9452410700e-01
 313.0000000000    1.9920766134e-01
 313.5000000000    2.0340672165e-01
 314.0000000000    2.0706116925e-01
 314.5000000000    2.1011292818e-01
 315.0000000000    2.1248843007e-01
 315.5000000000    2.1405559110e-01
 316.0000000000    2.1455011091e-01
 316.5000000000    2.1350218914e-01
 317.0000000000    2.1023923562e-01
 317.5000000000    2.0402607026e-01
 318.0000000000    1.9430845867e-01
 318.5000000000    1.8093652373e-01
 319.0000000000    1.6425583379e-01
 319.5000000000    1.4504384200e-01
 320.0000000000    1.2434764191e-01
 320.5000000000    1.0329816798e-01
 321.0000000000    8.2952365308e-02
 321.5000000000    6.4183357132e-02
 322.0000000000    5.4094184849e-02
 322.5000000000    5.1066564203e-02
 323.0000000000    4.8255768401e-02
 323.5000000000    4.5738006286e-02
 324.0000000000    4.3275775853e-02
 324.5000000000    4.0822265637e-02
 325.0000000000    3.8523752953e-02
 325.5000000000    3.6331761399e-02
 326.0000000000    3.4205535022e-02
 326.5000000000    3.2144175630e-02
 327.0000000000    3.0152498141e-02
 327.5000000000    2.8238230954e-02
 328.0000000000    2.6409461441e-02
 328.5000000000    2.4672767537e-02
 329.0000000000    2.3032190835e-02
 329.5000000000    2.1488983181e-02
 330.0000000000    2.0041922596e-02
 330.5000000000    1.8687944411e-02
 331.0000000000    1.7422853249e-02
 331.5000000000    1.6241944549e-02
 332.0000000000    1.5140443559e-02
 332.5000000000    1.4113742423e-02
 333.0000000000    1.3157468154e-02
 333.5000000000    1.2267442125e-02
 334.0000000000    1.1439597762e-02
 334.5000000000    1.0766906818e-02
 335.0000000000    1.0186024060e-02
 335.5000000000    9.6344154793e-03
 336.0000000000    9.1096562565e-03
 336.5000000000    8.6096680541e-03
 337.0000000000    8.1327134386e-03
 337.5000000000    7.6773704700e-03
 338.0000000000    7.2424802903e-03
 338.5000000000    6.8270811002e-03
 339.0000000000    6.4303464030e-03
 339.5000000000    6.0515374989e-03
 340.0000000000    5.6899706034e-03
 340.5000000000    5.3449957709e-03
 341.0000000000    5.0159870986e-03
 341.5000000000    4.7023450356e-03
 342.0000000000    4.4035078454e-03
 342.5000000000    4.1189628985e-03
 343.0000000000    3.8562461745e-03
 343.5000000000    3.6127057997e-03
 344.0000000000    3.3810837061e-03
 344.5000000000    3.1610843993e-03
 345.0000000000    2.9524121965e-03
 345.5000000000    2.7547703711e-03
 346.0000000000    2.5678806080e-03
 346.5000000000    2.3915094768e-03
 347.0000000000    2.2254907394e-03
 347.5000000000    2.0780653022e-03
 348.0000000000    1.9487962686e-03
 348.5000000000    1.8276751401e-03
 349.0000000000    1.7146335905e-03
 349.5000000000    1.6095886861e-03
 350.0000000000    1.5124318945e-03
 350.5000000000    1.4230323214e-03
 351.0000000000    1.3412450084e-03
 351.5000000000    1.2669124200e-03
 352.0000000000    1.1998531118e-03
 352.5000000000    1.1398409232e-03
 353.0000000000    1.0865844747e-03
 353.5000000000    1.0397166977e-03
 354.0000000000    9.9879864561e-04
 354.5000000000    9.6333504660e-04
 355.0000000000    9.3279486389e-04
 355.5000000000    9.0663031820e-04
 356.0000000000    8.8961658930e-04
 356.5000000000    8.8361209874e-04
 357.0000000000    8.7985868641e-04
 357.5000000000    8.7766117152e-04
 358.0000000000    8.7774821967e-04
 358.5000000000    8.8403977252e-04
 359.0000000000    8.8963573118e-04
 359.5000000000    8.9515283713e-04
 360.0000000000    9.0009241205e-04
 360.5000000000    9.0348495832e-04
 361.0000000000    9.0533710295e-04
 361.5000000000    9.0567533672e-04
 362.0000000000    9.0454786295e-04
 362.5000000000    9.0202900879e-04
 363.0000000000    8.9821650838e-04
 363.5000000000    8.9321821942e-04
 364.0000000000    8.8713481420e-04
 364.5000000000    8.8005019637e-04
 365.0000000000    8.7203661242e-04
 365.5000000000    8.6316997862e-04
 366.0000000000    8.5354210739e-04
 366.5000000000    8.4325827087e-04
 367.0000000000    8.3242033118e-04
 367.5000000000    8.2110822455e-04
 368.0000000000    8.0937523018e-04
 368.5000000000    7.9726184299e-04
 369.0000000000    7.8481752729e-04
 369.5000000000    7.7211212323e-04
 370.0000000000    7.5922631251e-04
 370.5000000000    7.4622780166e-04
 371.0000000000    7.3315241583e-04
 371.5000000000    7.2000636900e-04
 372.0000000000    7.0678884299e-04
 372.5000000000    6.9351684860e-04
 373.0000000000    6.8023155337e-04
 373.5000000000    6.6697999484e-04
 374.0000000000    6.5378696547e-04
 374.5000000000    6.4064090146e-04
 375.0000000000    6.2750691714e-04
 375.5000000000    6.1435776790e-04
 376.0000000000    6.0119790109e-04
 376.5000000000    5.8806060948e-04
 377.0000000000    5.7498022617e-04
 377.5000000000    5.6196243065e-04
 378.0000000000    5.4897816532e-04
 378.5000000000    5.3598751425e-04
 379.0000000000    5.2297463939e-04
 379.5000000000    5.0996479493e-04
 380.0000000000    4.9700847938e-04
 380.5000000000    4.8414492323e-04
 381.0000000000    4.7137503172e-04
 381.5000000000    4.5866717206e-04
 382.0000000000    4.4599201771e-04
 382.5000000000    4.3335749832e-04
 383.0000000000    4.2081398893e-04
 383.5000000000    4.0842403714e-04
 384.0000000000    3.9622116135e-04
 384.5000000000    3.8419277289e-04
 385.0000000000    3.7230260523e-04
 385.5000000000    3.6053427642e-04
 386.0000000000    3.4891890865e-04
 386.5000000000    3.3752227413e-04
 387.0000000000    3.2640142803e-04
 387.5000000000    3.1556745088e-04
 388.0000000000    3.0658322441e-04
 388.5000000000    3.0227115905e-04
 389.0000000000    2.9822662144e-04
 389.5000000000    2.9436264200e-04
 390.0000000000    2.9059958621e-04
 390.5000000000    2.8691698458e-04
 391.0000000000    2.8335361815e-04
 391.5000000000    2.7995517704e-04
 392.0000000000    2.7672222723e-04
 392.5000000000    2.7360681157e-04
 393.0000000000    2.7054524006e-04
 393.5000000000    2.6751149343e-04
 394.0000000000    2.6453026516e-04
 394.5000000000    2.6164275686e-04
 395.0000000000    2.5887037640e-04
 395.5000000000    2.5619277746e-04
 396.0000000000    2.5356482378e-04
 396.5000000000    2.5095262196e-04
 397.0000000000    2.4835614222e-04
 397.5000000000    2.4580650301e-04
 398.0000000000    2.4333870762e-04
 398.5000000000    2.4095408181e-04
 399.0000000000    2.3862899321e-04
 399.5000000000    2.3632729099e-04
 400.0000000000    2.3403115523e-04
 400.5000000000    2.3175417368e-04
 401.0000000000    2.2952801428e-04
 401.5000000000    2.2737312143e-04
 402.0000000000    2.2528499712e-04
 402.5000000000    2.2323766826e-04
 403.0000000000    2.2120350479e-04
 403.5000000000    2.1917629539e-04
 404.0000000000    2.1717443299e-04
 404.5000000000    2.1522479051e-04
 405.0000000000    2.1334303840e-04
 405.5000000000    2.1151551395e-04
 406.0000000000    2.0971751305e-04
 406.5000000000    2.0792731523e-04
 407.0000000000    2.0614769964e-04
 407.5000000000    2.0439912665e-04
 408.0000000000    2.0270741061e-04
 408.5000000000    2.0107644081e-04
 409.0000000000    1.9948937487e-04
 409.5000000000    1.9792048193e-04
 410.0000000000    1.9635713002e-04
 410.5000000000    1.9480666131e-04
 411.0000000000    1.9329281474e-04
 411.5000000000    1.9183409922e-04
 412.0000000000    1.9042818736e-04
 412.5000000000    1.8905354123e-04
 413.0000000000    1.8768675420e-04
 413.5000000000    1.8632125102e-04
 414.0000000000    1.8497194972e-04
 414.5000000000    1.8366220546e-04
 415.0000000000    1.8240390536e-04
 415.5000000000    1.8118714117e-04
 416.0000000000    1.7998790801e-04
 416.5000000000    1.7878739834e-04
 417.0000000000    1.7758691525e-04
 417.5000000000    1.7640611466e-04
 418.0000000000    1.7526609491e-04
 418.5000000000    1.7508093703e-04
 419.0000000000    1.7577793651e-04
 419.5000000000    1.7646959664e-04
 420.0000000000    1.7709963614e-04
 420.5000000000    1.7761940467e-04
 421.0000000000    1.7802959020e-04
 421.5000000000    1.7837997355e-04
 422.0000000000    1.7875695383e-04
 422.5000000000    1.7914342171e-04
 423.0000000000    1.7953771184e-04
 423.5000000000    1.7989391295e-04
 424.0000000000    1.8015849743e-04
 424.5000000000    1.8031708993e-04
 425.0000000000    1.8040778649e-04
 425.5000000000    1.8049010570e-04
 426.0000000000    1.8059605038e-04
 426.5000000000    1.8070480469e-04
 427.0000000000    1.8076234243e-04
 427.5000000000    1.8072888528e-04
 428.0000000000    1.8061382868e-04
 428.5000000000    1.8046889829e-04
 429.0000000000    1.8034558598e-04
 429.5000000000    1.8025289051e-04
 430.0000000000    1.8015112358e-04
 430.5000000000    1.7998679598e-04
 431.0000000000    1.7973872105e-04
 431.5000000000    1.7943641085e-04
 432.0000000000    1.7913557148e-04
 432.5000000000    1.7887158274e-04
 433.0000000000    1.7863036272e-04
 433.5000000000    1.7836117710e-04
 434.0000000000    1.7802019628e-04
 434.5000000000    1.7760779324e-04
 435.0000000000    1.7716833372e-04
 435.5000000000    1.7675290883e-04
 436.0000000000    1.7637655424e-04
 436.5000000000    1.7600612433e-04
 437.0000000000    1.7558888806e-04
 437.5000000000    1.7509733120e-04
 438.0000000000    1.7455232024e-04
 438.5000000000    1.7400538858e-04
 439.0000000000    1.7349526541e-04
 439.5000000000    1.7301542652e-04
 440.0000000000    1.7252007849e-04
 440.5000000000    1.7196322695e-04
 441.0000000000    1.7133754632e-04
 441.5000000000    1.7068040262e-04
 442.0000000000    1.7004222827e-04
 442.5000000000    1.6944404391e-04
 443.0000000000    1.6886007852e-04
 443.5000000000    1.6824007344e-04
 444.0000000000    1.6755206484e-04
 444.5000000000    1.6680939682e-04
 445.0000000000    1.6605942968e-04
 445.5000000000    1.6534368075e-04
 446.0000000000    1.6466314612e-04
 446.5000000000    1.6397813877e-04
 447.0000000000    1.6324252959e-04
 447.5000000000    1.6244312745e-04
 448.0000000000    1.6161098514e-04
 448.5000000000    1.6079541253e-04
 449.0000000000    1.6002278675e-04
 449.5000000000    1.5927490104e-04
 450.0000000000    1.5850526733e-04
 450.5000000000    1.5767913639e-04
 451.0000000000    1.5680314190e-04
 451.5000000000    1.5591998724e-04
 452.0000000000    1.5507273804e-04
 452.5000000000    1.5426902586e-04
 453.0000000000    1.5347543050e-04
 453.5000000000    1.5264658950e-04
 454.0000000000    1.5176407664e-04
 454.5000000000    1.5085222290e-04
 455.0000000000    1.4995782637e-04
 455.5000000000    1.4911103891e-04
 456.0000000000    1.4830051001e-04
 456.5000000000    1.4748375938e-04
 457.0000000000    1.4662369688e-04
 457.5000000000    1.4572020012e-04
 458.0000000000    1.4481027337e-04
 458.5000000000    1.4393691277e-04
 459.0000000000    1.4311305795e-04
 459.5000000000    1.4231112420e-04
 460.0000000000    1.4148681151e-04
 460.5000000000    1.4061675287e-04
 461.0000000000    1.3971815883e-04
 461.5000000000    1.3883413471e-04
 462.0000000000    1.3799723554e-04
 462.5000000000    1.3720212677e-04
 463.0000000000    1.3641043734e-04
 463.5000000000    1.3558353907e-04
 464.0000000000    1.3471513025e-04
 464.5000000000    1.3383638427e-04
 465.0000000000    1.3298946321e-04
 465.5000000000    1.3219192948e-04
 466.0000000000    1.3142210750e-04
 466.5000000000    1.3063787433e-04
 467.0000000000    1.2981247516e-04
 467.5000000000    1.2895696664e-04
 468.0000000000    1.2811069760e-04
 468.5000000000    1.2730800659e-04
 469.0000000000    1.2654923337e-04
 469.5000000000    1.2580085643e-04
 470.0000000000    1.2502424928e-04
 470.5000000000    1.2420828818e-04
 471.0000000000    1.2337844000e-04
 471.5000000000    1.2257524333e-04
 472.0000000000    1.2181985597e-04
 472.5000000000    1.2109633264e-04
 473.0000000000    1.2036563544e-04
 473.5000000000    1.1959873290e-04
 474.0000000000    1.1880086773e-04
 474.5000000000    1.1800682848e-04
 475.0000000000    1.1725146209e-04
 475.5000000000    1.1654019955e-04
 476.0000000000    1.1584458614e-04
 476.5000000000    1.1512662657e-04
 477.0000000000    1.1437090504e-04
 477.5000000000    1.1359731257e-04
 478.0000000000    1.1284402923e-04
 478.5000000000    1.1213521734e-04
 479.0000000000    1.1146072106e-04
 479.5000000000    1.1078502117e-04
 480.0000000000    1.1007761417e-04
 480.5000000000    1.0933882025e-04
 481.0000000000    1.0859933572e-04
 481.5000000000    1.0789416954e-04
 482.0000000000    1.0723313795e-04
 482.5000000000    1.0659293186e-04
 483.0000000000    1.0593728305e-04
 483.5000000000    1.0524780260e-04
 484.0000000000    1.0453936366e-04
 484.5000000000    1.0384731606e-04
 485.0000000000    1.0319753373e-04
 485.5000000000    1.0258469439e-04
 486.0000000000    1.0197713296e-04
 486.5000000000    1.0134386131e-04
 487.0000000000    1.0068067470e-04
 487.5000000000    1.0021025196e-04
 488.0000000000    1.0000493781e-04
 488.5000000000    9.9800268785e-05
 489.0000000000    9.9584913271e-05
 489.5000000000    9.9358947687e-05
 490.0000000000    9.9133687887e-05
 490.5000000000    9.8921815810e-05
 491.0000000000    9.8726576494e-05
 491.5000000000    9.8539545390e-05
 492.0000000000    9.8347463979e-05
 492.5000000000    9.8143678537e-05
 493.0000000000    9.7933379529e-05
 493.5000000000    9.7728920812e-05
 494.0000000000    9.7539749499e-05
 494.5000000000    9.7364246103e-05
 495.0000000000    9.7191262534e-05
 495.5000000000    9.7009503982e-05
 496.0000000000    9.6816840791e-05
 496.5000000000    9.6622136421e-05
 497.0000000000    9.6437535855e-05
 497.5000000000    9.6268256348e-05
 498.0000000000    9.6108357157e-05
 498.5000000000    9.5945580329e-05
 499.0000000000    9.5771820324e-05
 499.5000000000    9.5589752981e-05
 500.0000000000    9.5410463338e-05
 500.5000000000    9.5243989965e-05
 501.0000000000    9.5090972972e-05
 501.5000000000    9.4942108771e-05
 502.0000000000    9.4786121389e-05
 502.5000000000    9.4619093500e-05
 503.0000000000    9.4447672487e-05
 503.5000000000    9.4283457374e-05
 504.0000000000    9.4133192749e-05
 504.5000000000    9.3993131892e-05
 505.0000000000    9.3852277911e-05
 505.5000000000    9.3701789706e-05
 506.0000000000    9.3542270629e-05
 506.5000000000    9.3383207567e-05
 507.0000000000    9.3235058020e-05
 507.5000000000    9.3100358608e-05
 508.0000000000    9.2971672035e-05
 508.5000000000    9.2837968442e-05
 509.0000000000    9.2693947169e-05
 509.5000000000    9.2544429945e-05
 510.0000000000    9.2400213801e-05
 510.5000000000    9.2268957665e-05
 511.0000000000    9.2148795066e-05
 511.5000000000    9.2029994890e-05
 512.0000000000    9.1903209617e-05
 512.5000000000    9.1767308341e-05
 513.0000000000    9.1630244993e-05
 513.5000000000    9.1502283617e-05
 514.0000000000    9.1387370927e-05
 514.5000000000    9.1279884148e-05
 515.0000000000    9.1169446186e-05
 515.5000000000    9.1049668834e-05
 516.0000000000    9.0923457015e-05
 516.5000000000    9.0800504311e-05
 517.0000000000    9.0689020899e-05
 517.5000000000    9.0588906336e-05
 518.0000000000    9.0491887840e-05
 518.5000000000    9.0388537760e-05
 519.0000000000    9.0276200502e-05
 519.5000000000    9.0161061458e-05
 520.0000000000    9.0053007041e-05
 520.5000000000    8.9957087615e-05
 521.0000000000    8.9869500978e-05
 521.5000000000    8.9780778650e-05
 522.0000000000    8.9683736075e-05
 522.5000000000    8.9579608214e-05
 523.0000000000    8.9476747173e-05
 523.5000000000    8.9383638930e-05
 524.0000000000    8.9301766978e-05
 524.5000000000    8.9224445112e-05
 525.0000000000    8.9142452483e-05
 525.5000000000    8.9051682817e-05
 526.0000000000    8.8956737281e-05
 526.5000000000    8.8866821498e-05
 527.0000000000    8.8787960984e-05
 527.5000000000    8.8717940807e-05
 528.0000000000    8.8648196707e-05
 528.5000000000    8.8571045060e-05
 529.0000000000    8.8486108863e-05
 529.5000000000    8.8400505986e-05
 530.0000000000    8.8322793969e-05
 530.5000000000    8.8255940791e-05
 531.0000000000    8.8194504829e-05
 531.5000000000    8.8129457844e-05
 532.0000000000    8.8055834150e-05
 532.5000000000    8.7976846720e-05
 533.0000000000    8.7901044338e-05
 533.5000000000    8.7835090458e-05
 534.0000000000    8.7778187390e-05
 534.5000000000    8.7723084959e-05
 535.0000000000    8.7661671790e-05
 535.5000000000    8.7592446721e-05
 536.0000000000    8.7521504249e-05
 536.5000000000    8.7457234454e-05
 537.0000000000    8.7403312627e-05
 537.5000000000    8.7355748343e-05
 538.0000000000    8.7306198726e-05
 538.5000000000    8.7249028061e-05
 539.0000000000    8.7186236651e-05
 539.5000000000    8.7125465685e-05
 540.0000000000    8.7073487647e-05
 540.5000000000    8.7030827231e-05
 541.0000000000    8.6990850827e-05
 541.5000000000    8.6945821995e-05
 542.0000000000    8.6893323838e-05
 542.5000000000    8.6838121439e-05
 543.0000000000    8.6788200388e-05
 543.5000000000    8.6747909803e-05
 544.0000000000    8.6714292194e-05
 544.5000000000    8.6679821051e-05
 545.0000000000    8.6638764608e-05
 545.5000000000    8.6591866102e-05
 546.0000000000    8.6545682379e-05
 546.5000000000    8.6507198059e-05
 547.0000000000    8.6477738428e-05
 547.5000000000    8.6452296657e-05
 548.0000000000    8.6423247875e-05
 548.5000000000    8.6387217089e-05
 549.0000000000    8.6347869292e-05
 549.5000000000    8.6312598799e-05
 550.0000000000    8.6286536085e-05
 550.5000000000    8.6267685307e-05
 551.0000000000    8.6249096324e-05
 551.5000000000    8.6224702669e-05
 552.0000000000    8.6194523330e-05
 552.5000000000    8.6164067230e-05
 553.0000000000    8.6140091210e-05
 553.5000000000    8.6124605198e-05
 554.0000000000    8.6113461387e-05
 554.5000000000    8.6099648869e-05
 555.0000000000    8.6079149965e-05
 555.5000000000    8.6054570030e-05
 556.0000000000    8.6032637214e-05
 556.5000000000    8.6018718478e-05
 557.0000000000    8.6011875564e-05
 557.5000000000    8.6005974349e-05
 558.0000000000    8.5995011262e-05
 558.5000000000    8.5978076592e-05
 559.0000000000    8.5959792273e-05
 559.5000000000    8.5946767201e-05
 560.0000000000    8.5941706288e-05
 560.5000000000    8.5941565710e-05
 561.0000000000    8.5939456862e-05
 561.5000000000    8.5931264310e-05
 562.0000000000    8.5918781133e-05
 562.5000000000    8.5908328315e-05
 563.0000000000    8.5904983211e-05
 563.5000000000    8.5908574648e-05
 564.0000000000    8.5914112155e-05
 564.5000000000    8.5915888041e-05
 565.0000000000    8.5912069297e-05
 565.5000000000    8.5906544881e-05
 566.0000000000    8.5905307556e-05
 566.5000000000    8.5911730784e-05
 567.0000000000    8.5923019184e-05
 567.5000000000    8.5933366355e-05
 568.0000000000    8.5938823404e-05
 568.5000000000    8.5939855317e-05
 569.0000000000    8.5941531323e-05
 569.5000000000    8.5948920919e-05
 570.0000000000    8.5963046720e-05
 570.5000000000    8.5979731470e-05
 571.0000000000    8.5993253760e-05
 571.5000000000    8.6001466626e-05
 572.0000000000    8.6007488695e-05
 572.5000000000    8.6016625967e-05
 573.0000000000    8.6032377137e-05
 573.5000000000    8.6053489977e-05
 574.0000000000    8.6074854319e-05
 574.5000000000    8.6091816579e-05
 575.0000000000    8.6104582063e-05
 575.5000000000    8.6117844984e-05
 576.0000000000    8.6136266296e-05
 576.5000000000    8.6161042565e-05
 577.0000000000    8.6189242305e-05
 577.5000000000    8.6215358330e-05
 578.0000000000    8.6236819940e-05
 578.5000000000    8.6255939912e-05
 579.0000000000    8.6277585456e-05
 579.5000000000    8.6305035003e-05
 580.0000000000    8.6337465414e-05
 580.5000000000    8.6370789656e-05
 581.0000000000    8.6400402074e-05
 581.5000000000    8.6425832230e-05
 582.0000000000    8.6450789765e-05
 582.5000000000    8.6479707348e-05
 583.0000000000    8.6514096626e-05
 583.5000000000    8.6551523619e-05
 584.0000000000    8.6587713783e-05
 584.5000000000    8.6619625055e-05
 585.0000000000    8.6648686423e-05
 585.5000000000    8.6679116080e-05
 586.0000000000    8.6714637545e-05
 586.5000000000    8.6754823005e-05
 587.0000000000    8.6796122216e-05
 587.5000000000    8.6834980173e-05
 588.0000000000    8.6870072776e-05
 588.5000000000    8.6904236368e-05
 589.0000000000    8.6941639984e-05
 589.5000000000    8.6984590427e-05
 590.0000000000    8.7030825633e-05
 590.5000000000    8.7076507243e-05
 591.0000000000    8.7119124944e-05
 591.5000000000    8.7159230787e-05
 592.0000000000    8.7200418447e-05
 592.5000000000    8.7245997399e-05
 593.0000000000    8.7296291864e-05
 593.5000000000    8.7347897283e-05
 594.0000000000    8.7397537764e-05
 594.5000000000    8.7444237204e-05
 595.0000000000    8.7489972064e-05
 595.5000000000    8.7538145585e-05
 596.0000000000    8.7590587383e-05
 596.5000000000    8.7646127675e-05
 597.0000000000    8.7701175961e-05
 597.5000000000    8.7753532047e-05
 598.0000000000    8.7803860114e-05
 598.5000000000    8.7854612909e-05
 599.0000000000    8.7908404251e-05
 599.5000000000    8.7965666203e-05
 600.0000000000    8.8024625491e-05
 600.5000000000    8.8082022657e-05
 601.0000000000    8.8136833160e-05
 601.5000000000    8.8190744628e-05
 602.0000000000    8.8246400729e-05
 602.5000000000    8.8305339753e-05
 603.0000000000    8.8366953617e-05
 603.5000000000    8.8429069698e-05
 604.0000000000    8.8489152310e-05
 604.5000000000    8.8547390229e-05
 605.0000000000    8.8606150730e-05
 605.5000000000    8.8667687942e-05
 606.0000000000    8.8732346733e-05
 606.5000000000    8.8798784846e-05
 607.0000000000    8.8864596169e-05
 607.5000000000    8.8928507775e-05
 608.0000000000    8.8991736979e-05
 608.5000000000    8.9056857473e-05
 609.0000000000    8.9125032150e-05
 609.5000000000    8.9195402684e-05
 610.0000000000    8.9266337615e-05
 610.5000000000    8.9335903563e-05
 611.0000000000    8.9404252805e-05
 611.5000000000    8.9473136791e-05
 612.0000000000    8.9544451206e-05
 612.5000000000    8.9618099954e-05
 613.0000000000    8.9692483203e-05
 613.5000000000    8.9766336298e-05
 614.0000000000    8.9839048618e-05
 614.5000000000    8.9911527221e-05
 615.0000000000    8.9985201482e-05
 615.5000000000    9.0060699707e-05
 616.0000000000    9.0137616558e-05
 616.5000000000    9.0214283122e-05
 617.0000000000    9.0290067273e-05
 617.5000000000    9.0365706387e-05
 618.0000000000    9.0441945340e-05
 618.5000000000    9.0519502678e-05
 619.0000000000    9.0598156776e-05
 619.5000000000    9.0677524214e-05
 620.0000000000    9.0756554679e-05
 620.5000000000    9.0835162585e-05
 621.0000000000    9.0914055434e-05
 621.5000000000    9.0994165703e-05
 622.0000000000    9.1075520205e-05
 622.5000000000    9.1157326056e-05
 623.0000000000    9.1239061225e-05
 623.5000000000    9.1320698093e-05
 624.0000000000    9.1402380526e-05
 624.5000000000    9.1484874611e-05
 625.0000000000    9.1568394479e-05
 625.5000000000    9.1652819569e-05
 626.0000000000    9.1737118850e-05
 626.5000000000    9.1820808029e-05
 627.0000000000    9.1904589179e-05
 627.5000000000    9.1989482345e-05
 628.0000000000    9.2075751188e-05
 628.5000000000    9.2162878324e-05
 629.0000000000    9.2249881341e-05
 629.5000000000    9.2336574915e-05
 630.0000000000    9.2422915899e-05
 630.5000000000    9.2510231445e-05
 631.0000000000    9.2599464353e-05
 631.5000000000    9.2690545927e-05
 632.0000000000    9.2781717736e-05
 632.5000000000    9.2871715949e-05
 633.0000000000    9.2961331008e-05
 633.5000000000    9.3051578363e-05
 634.0000000000    9.3143932377e-05
 634.5000000000    9.3238439524e-05
 635.0000000000    9.3333757867e-05
 635.5000000000    9.3427930731e-05
 636.0000000000    9.3520294005e-05
 636.5000000000    9.3612627297e-05
 637.0000000000    9.3706942628e-05
 637.5000000000    9.3803940588e-05
 638.0000000000    9.3902338875e-05
 638.5000000000    9.3999779586e-05
 639.0000000000    9.4095275761e-05
 639.5000000000    9.4189194649e-05
 640.0000000000    9.4284090314e-05
 640.5000000000    9.4382204263e-05
 641.0000000000    9.4483050551e-05
 641.5000000000    9.4584023663e-05
 642.0000000000    9.4682624330e-05
 642.5000000000    9.4779115745e-05
 643.0000000000    9.4875245615e-05
 643.5000000000    9.4973942339e-05
 644.0000000000    9.5076330456e-05
 644.5000000000    9.5180867562e-05
 645.0000000000    9.5284260191e-05
 645.5000000000    9.5384382850e-05
 646.0000000000    9.5482707189e-05
 646.5000000000    9.5582661263e-05
 647.0000000000    9.5686696028e-05
 647.5000000000    9.5794505343e-05
 648.0000000000    9.5902765375e-05
 648.5000000000    9.6008559572e-05
 649.0000000000    9.6110781446e-05
 649.5000000000    9.6212257632e-05
 650.0000000000    9.6317235082e-05
 650.5000000000    9.6427350560e-05
 651.0000000000    9.6540080662e-05
 651.5000000000    9.6650911567e-05
 652.0000000000    9.6757196991e-05
 652.5000000000    9.6860533575e-05
 653.0000000000    9.6964854708e-05
 653.5000000000    9.7073926538e-05
 654.0000000000    9.7187404565e-05
 654.5000000000    9.7301159143e-05
 655.0000000000    9.7410628999e-05
 655.5000000000    9.7514515363e-05
 656.0000000000    9.7616535352e-05
 656.5000000000    9.7722286347e-05
 657.0000000000    9.7833958891e-05
 657.5000000000    9.7948752213e-05
 658.0000000000    9.8061104859e-05
 658.5000000000    9.8167471239e-05
 659.0000000000    9.8270156248e-05
 659.5000000000    9.8374151017e-05
 660.0000000000    9.8484441621e-05
 660.5000000000    9.8600942703e-05
 661.0000000000    9.8718739557e-05
 661.5000000000    9.8832335403e-05
 662.0000000000    9.8939891335e-05
 662.5000000000    9.9045796268e-05
 663.0000000000    9.9156761844e-05
 663.5000000000    9.9275418791e-05
 664.0000000000    9.9398754868e-05
 664.5000000000    9.9520015831e-05
 665.0000000000    9.9635095699e-05
 665.5000000000    9.9744937172e-05
 666.0000000000    9.9855727830e-05
 666.5000000000    9.9973492014e-05
 667.0000000000    1.0009888424e-04
 667.5000000000    1.0022609651e-04
 668.0000000000    1.0034793691e-04
 668.5000000000    1.0046204076e-04
 669.0000000000    1.0057342466e-04
 669.5000000000    1.0068902747e-04
 670.0000000000    1.0081323861e-04
 670.5000000000    1.0094325469e-04
 671.0000000000    1.0107154116e-04
 671.5000000000    1.0119224213e-04
 672.0000000000    1.0130564996e-04
 672.5000000000    1.0141896736e-04
 673.0000000000    1.0153998106e-04
 673.5000000000    1.0166991857e-04
 674.0000000000    1.0180244039e-04
 674.5000000000    1.0192881505e-04
 675.0000000000    1.0204538139e-04
 675.5000000000    1.0215715961e-04
 676.0000000000    1.0227261353e-04
 676.5000000000    1.0239764423e-04
 677.0000000000    1.0252971603e-04
 677.5000000000    1.0265983901e-04
 678.0000000000    1.0278077786e-04
 678.5000000000    1.0289244557e-04
 679.0000000000    1.0300282552e-04
 679.5000000000    1.0312130124e-04
 680.0000000000    1.0325032797e-04
 680.5000000000    1.0338352094e-04
 681.0000000000    1.0351077461e-04
 681.5000000000    1.0362678835e-04
 682.0000000000    1.0373613616e-04
 682.5000000000    1.0384952885e-04
 683.0000000000    1.0397424078e-04
 683.5000000000    1.0410816436e-04
 684.0000000000    1.0424132311e-04
 684.5000000000    1.0436414837e-04
 685.0000000000    1.0447606877e-04
 685.5000000000    1.0458553790e-04
 686.0000000000    1.0470322123e-04
 686.5000000000    1.0483308769e-04
 687.0000000000    1.0496849880e-04
 687.5000000000    1.0509772079e-04
 688.0000000000    1.0521464394e-04
 688.5000000000    1.0532266012e-04
 689.0000000000    1.0543337064e-04
 689.5000000000    1.0555624174e-04
 690.0000000000    1.0569033227e-04
 690.5000000000    1.0582530899e-04
 691.0000000000    1.0594982433e-04
 691.5000000000    1.0606122386e-04
 692.0000000000    1.0616845222e-04
 692.5000000000    1.0628449622e-04
 693.0000000000    1.0641493994e-04
 693.5000000000    1.0655326660e-04
 694.0000000000    1.0668628381e-04
 694.5000000000    1.0680535991e-04
 695.0000000000    1.0691447171e-04
 695.5000000000    1.0702558614e-04
 696.0000000000    1.0715009803e-04
 696.5000000000    1.0728811414e-04
 697.0000000000    1.0742834454e-04
 697.5000000000    1.0755803630e-04
 698.0000000000    1.0767287404e-04
 698.5000000000    1.0778205964e-04
 699.0000000000    1.0790017034e-04
 699.5000000000    1.0803435992e-04
 700.0000000000    1.0817809281e-04
