#          time             L^2_Ham             L^2_Mom
   0.0000000000    3.9289886007e-06    3.7961518637e-06
   0.5000000000    1.2173835095e-06    3.7617233534e-06
   1.0000000000    1.0492885470e-06    3.7251082743e-06
   1.5000000000    9.0316282068e-07    3.7008520243e-06
   2.0000000000    7.7035545155e-07    3.6994389616e-06
   2.5000000000    6.5955407503e-07    3.7188984230e-06
   3.0000000000    5.9105800624e-07    3.7522870262e-06
   3.5000000000    5.5304251422e-07    3.7911202137e-06
   4.0000000000    5.3250157686e-07    3.8288174815e-06
   4.5000000000    5.1842488884e-07    3.8616848410e-06
   5.0000000000    5.0174005551e-07    3.8894968028e-06
   5.5000000000    4.8046041365e-07    3.9132779497e-06
   6.0000000000    4.5663560976e-07    3.9345814778e-06
   6.5000000000    4.3220528262e-07    3.9548348747e-06
   7.0000000000    4.0844940879e-07    3.9751763281e-06
   7.5000000000    3.8625191647e-07    3.9965949085e-06
   8.0000000000    3.6665727777e-07    4.0194999451e-06
   8.5000000000    3.4952998427e-07    4.0439916536e-06
   9.0000000000    3.3466014697e-07    4.0706826417e-06
   9.5000000000    3.2160654198e-07    4.0993679568e-06
  10.0000000000    3.1035444432e-07    4.1296577626e-06
  10.5000000000    3.0071017194e-07    4.1632788119e-06
  11.0000000000    2.9336690900e-07    4.1967285373e-06
  11.5000000000    2.8525817259e-07    4.2327584057e-06
  12.0000000000    2.7950811561e-07    4.2711984250e-06
  12.5000000000    2.7495661818e-07    4.3125067687e-06
  13.0000000000    2.7444742136e-07    4.3547954826e-06
  13.5000000000    2.7013891600e-07    4.3969611770e-06
  14.0000000000    2.7535218499e-07    4.4432780381e-06
  14.5000000000    2.7497922951e-07    4.4883702145e-06
  15.0000000000    2.7284991787e-07    4.5370899788e-06
  15.5000000000    2.7159509853e-07    4.5900797354e-06
  16.0000000000    2.7268323301e-07    4.6384033430e-06
  16.5000000000    2.8323786554e-07    4.6886665495e-06
  17.0000000000    3.0328455388e-07    4.7425907967e-06
  17.5000000000    3.0110284267e-07    4.7966960030e-06
  18.0000000000    2.9737870436e-07    4.8519703001e-06
  18.5000000000    2.9602589838e-07    4.9101936014e-06
  19.0000000000    2.9453180771e-07    4.9680975140e-06
  19.5000000000    2.9700977972e-07    5.0253482280e-06
  20.0000000000    3.0498995532e-07    5.0861337632e-06
  20.5000000000    2.8595271605e-07    5.1431524469e-06
  21.0000000000    2.8548453402e-07    5.2038603460e-06
  21.5000000000    2.8905117811e-07    5.2657574140e-06
  22.0000000000    2.9713198051e-07    5.3292690909e-06
  22.5000000000    3.0603406920e-07    5.3935279457e-06
  23.0000000000    3.0951431886e-07    5.4570814669e-06
  23.5000000000    3.1203398030e-07    5.5263103193e-06
  24.0000000000    3.1459916916e-07    5.5920082312e-06
  24.5000000000    3.1961316039e-07    5.6572829661e-06
  25.0000000000    3.2681625710e-07    5.7228114961e-06
  25.5000000000    3.3352451843e-07    5.7913666189e-06
  26.0000000000    3.3071804195e-07    5.8582132104e-06
  26.5000000000    3.2643104486e-07    5.9265596926e-06
  27.0000000000    3.2858370830e-07    5.9960883330e-06
  27.5000000000    3.3257857392e-07    6.0658661895e-06
  28.0000000000    3.3689241541e-07    6.1360484615e-06
  28.5000000000    3.4145115472e-07    6.2134590524e-06
  29.0000000000    3.4634055699e-07    6.2800263756e-06
  29.5000000000    3.5132686279e-07    6.3500866191e-06
  30.0000000000    3.5655459664e-07    6.4211413611e-06
  30.5000000000    3.6235275808e-07    6.4931285283e-06
  31.0000000000    3.6783989927e-07    6.5663368480e-06
  31.5000000000    3.7365536857e-07    6.6398792360e-06
  32.0000000000    3.7972124506e-07    6.7112764997e-06
  32.5000000000    3.8624558063e-07    6.7852321343e-06
  33.0000000000    3.9229188907e-07    6.8582489966e-06
  33.5000000000    3.9871406250e-07    6.9320257680e-06
  34.0000000000    4.0458857574e-07    7.0147991851e-06
  34.5000000000    4.0968074025e-07    7.0809548689e-06
  35.0000000000    4.1583520238e-07    7.1538359281e-06
  35.5000000000    4.1918776933e-07    7.2313285391e-06
  36.0000000000    4.2307905718e-07    7.3045965069e-06
  36.5000000000    4.2702977003e-07    7.3785009176e-06
  37.0000000000    4.3031511894e-07    7.4523873337e-06
  37.5000000000    4.3370496960e-07    7.5271848554e-06
  38.0000000000    4.3680526744e-07    7.6014699741e-06
  38.5000000000    4.3942597212e-07    7.6750681550e-06
  39.0000000000    4.4210942333e-07    7.7561424897e-06
  39.5000000000    4.4469175068e-07    7.8261910568e-06
  40.0000000000    4.4712817144e-07    7.9009842307e-06
  40.5000000000    4.5008281156e-07    7.9761407825e-06
  41.0000000000    4.5321480608e-07    8.0524458310e-06
  41.5000000000    4.5572399834e-07    8.1280306833e-06
  42.0000000000    4.5851466996e-07    8.2016599801e-06
  42.5000000000    4.6162236284e-07    8.2895500902e-06
  43.0000000000    4.6480411099e-07    8.3578574844e-06
  43.5000000000    4.6826019904e-07    8.4283688413e-06
  44.0000000000    4.7132655943e-07    8.5009470306e-06
  44.5000000000    4.7452549710e-07    8.5775064998e-06
  45.0000000000    4.7826098629e-07    8.6559199193e-06
  45.5000000000    4.8186657989e-07    8.7263683502e-06
  46.0000000000    4.8527099232e-07    8.8076047959e-06
  46.5000000000    4.8863183113e-07    8.8757636390e-06
  47.0000000000    4.9191035378e-07    8.9535634321e-06
  47.5000000000    4.9559982918e-07    9.0326716833e-06
  48.0000000000    4.9912131984e-07    9.0954290481e-06
  48.5000000000    5.0298928756e-07    9.1679753739e-06
  49.0000000000    5.0673536138e-07    9.2477153355e-06
  49.5000000000    5.1019630132e-07    9.3272754004e-06
  50.0000000000    5.1377493247e-07    9.3922087505e-06
  50.5000000000    5.1748831233e-07    9.4651037998e-06
  51.0000000000    5.2120933494e-07    9.5384622948e-06
  51.5000000000    5.2495604936e-07    9.6123219678e-06
  52.0000000000    5.2869786870e-07    9.6839076884e-06
  52.5000000000    5.3244733549e-07    9.7533293609e-06
  53.0000000000    5.3622535446e-07    9.8249706641e-06
  53.5000000000    5.4007210809e-07    9.8980177697e-06
  54.0000000000    5.4406042619e-07    9.9877140535e-06
  54.5000000000    5.4793375176e-07    1.0059893434e-05
  55.0000000000    5.5174837545e-07    1.0117771220e-05
  55.5000000000    5.5540514938e-07    1.0187700387e-05
  56.0000000000    5.5883829922e-07    1.0256182622e-05
  56.5000000000    5.6289758742e-07    1.0324265913e-05
  57.0000000000    5.6663901012e-07    1.0399089629e-05
  57.5000000000    5.6968694577e-07    1.0458131984e-05
  58.0000000000    5.7295626071e-07    1.0555619358e-05
  58.5000000000    5.7625926727e-07    1.0601844124e-05
  59.0000000000    5.7930039197e-07    1.0654350142e-05
  59.5000000000    5.8267810287e-07    1.0713408882e-05
  60.0000000000    5.8639957035e-07    1.0782435425e-05
  60.5000000000    5.9015655264e-07    1.0849445223e-05
  61.0000000000    5.9419156915e-07    1.0920048315e-05
  61.5000000000    5.9826563321e-07    1.0991275834e-05
  62.0000000000    6.0208841496e-07    1.1120007713e-05
  62.5000000000    6.0590470706e-07    1.1137193372e-05
  63.0000000000    6.0943683079e-07    1.1203671091e-05
  63.5000000000    6.1295401916e-07    1.1266843757e-05
  64.0000000000    6.1695907050e-07    1.1331827496e-05
  64.5000000000    6.2063204326e-07    1.1400968386e-05
  65.0000000000    6.2441438906e-07    1.1468216489e-05
  65.5000000000    6.2834943741e-07    1.1535107549e-05
  66.0000000000    6.3227373455e-07    1.1599295061e-05
  66.5000000000    6.3620659288e-07    1.1667060964e-05
  67.0000000000    6.3997122403e-07    1.1733444882e-05
  67.5000000000    6.4388004552e-07    1.1810434492e-05
  68.0000000000    6.4766539085e-07    1.1869234854e-05
  68.5000000000    6.5152938519e-07    1.1991091069e-05
  69.0000000000    6.5520552891e-07    1.2031149251e-05
  69.5000000000    6.5906143570e-07    1.2074245958e-05
  70.0000000000    6.6277966368e-07    1.2141450727e-05
  70.5000000000    6.6660656958e-07    1.2290374017e-05
  71.0000000000    6.7025414314e-07    1.2284375867e-05
  71.5000000000    6.7414445895e-07    1.2333936384e-05
  72.0000000000    6.7786339758e-07    1.2416517320e-05
  72.5000000000    6.8133886459e-07    1.2534467363e-05
  73.0000000000    6.8569226820e-07    1.2560791994e-05
  73.5000000000    6.8986141456e-07    1.2599916342e-05
  74.0000000000    6.9339408816e-07    1.2647593689e-05
  74.5000000000    6.9742659427e-07    1.2716662130e-05
  75.0000000000    7.0334405520e-07    1.2821237373e-05
  75.5000000000    7.0637916431e-07    1.2871123163e-05
  76.0000000000    7.1021899853e-07    1.2924810959e-05
  76.5000000000    7.1405335334e-07    1.2977835450e-05
  77.0000000000    7.1671010140e-07    1.3033160995e-05
  77.5000000000    7.1866515499e-07    1.3100296753e-05
  78.0000000000    7.2293040477e-07    1.3161246502e-05
  78.5000000000    7.2756983773e-07    1.3226963834e-05
  79.0000000000    7.3146858723e-07    1.3278718108e-05
  79.5000000000    7.3552902086e-07    1.3334272262e-05
  80.0000000000    7.3853138775e-07    1.3411317808e-05
  80.5000000000    7.4168322494e-07    1.3459964858e-05
  81.0000000000    7.4512313511e-07    1.3523985101e-05
  81.5000000000    7.4890148954e-07    1.3583074596e-05
  82.0000000000    7.5250488450e-07    1.3641877580e-05
  82.5000000000    7.5648570530e-07    1.3702406603e-05
  83.0000000000    7.5998813020e-07    1.3763580348e-05
  83.5000000000    7.6345162069e-07    1.3824556871e-05
  84.0000000000    7.6720063530e-07    1.3883881944e-05
  84.5000000000    7.7070974110e-07    1.3943047393e-05
  85.0000000000    7.7490527263e-07    1.4019266884e-05
  85.5000000000    7.7958124605e-07    1.4065252350e-05
  86.0000000000    7.8606825030e-07    1.4124213982e-05
  86.5000000000    7.9328719754e-07    1.4183110549e-05
  87.0000000000    8.0033063715e-07    1.4241827891e-05
  87.5000000000    8.1122567899e-07    1.4300690240e-05
  88.0000000000    8.2393564737e-07    1.4359430984e-05
  88.5000000000    8.3415029389e-07    1.4427175240e-05
  89.0000000000    8.4368887870e-07    1.4483326319e-05
  89.5000000000    8.5032526904e-07    1.4543716466e-05
  90.0000000000    8.5839129671e-07    1.4614426849e-05
  90.5000000000    8.6460798458e-07    1.4658232885e-05
  91.0000000000    8.7040728242e-07    1.4710392205e-05
  91.5000000000    8.7434356398e-07    1.4767716013e-05
  92.0000000000    8.7787847442e-07    1.4826917521e-05
  92.5000000000    8.8126968874e-07    1.4882484729e-05
  93.0000000000    8.8404987113e-07    1.4940723756e-05
  93.5000000000    8.8598406940e-07    1.4994956601e-05
  94.0000000000    8.8778458031e-07    1.5051774192e-05
  94.5000000000    8.9085871267e-07    1.5108931414e-05
  95.0000000000    8.9342615549e-07    1.5182838815e-05
  95.5000000000    8.9538777111e-07    1.5224036496e-05
  96.0000000000    8.9761498625e-07    1.5277955365e-05
  96.5000000000    9.0088273663e-07    1.5370124030e-05
  97.0000000000    9.0411005515e-07    1.5404363071e-05
  97.5000000000    9.0654566915e-07    1.5447266402e-05
  98.0000000000    9.0889965146e-07    1.5503798372e-05
  98.5000000000    9.1194378231e-07    1.5567853737e-05
  99.0000000000    9.1515047566e-07    1.5621856975e-05
  99.5000000000    9.1851840715e-07    1.5670613242e-05
 100.0000000000    9.2317915378e-07    1.5745360908e-05
 100.5000000000    9.2654015072e-07    1.5778823681e-05
 101.0000000000    9.2619570918e-07    1.5832949244e-05
 101.5000000000    9.2466053777e-07    1.5886672089e-05
 102.0000000000    9.2769048352e-07    1.5941693123e-05
 102.5000000000    9.3538625092e-07    1.5995020369e-05
 103.0000000000    9.4099681506e-07    1.6048177958e-05
 103.5000000000    9.4010684694e-07    1.6101098436e-05
 104.0000000000    9.3894523016e-07    1.6154751508e-05
 104.5000000000    9.4214484825e-07    1.6208468709e-05
 105.0000000000    9.4649324159e-07    1.6266768336e-05
 105.5000000000    9.4906217173e-07    1.6381263089e-05
 106.0000000000    9.5071675838e-07    1.6381628049e-05
 106.5000000000    9.5304576013e-07    1.6450059436e-05
 107.0000000000    9.5588484494e-07    1.6467890440e-05
 107.5000000000    9.5846517657e-07    1.6524432687e-05
 108.0000000000    9.6086222112e-07    1.6575571983e-05
 108.5000000000    9.6346119624e-07    1.6634858644e-05
 109.0000000000    9.6596278828e-07    1.6686229263e-05
 109.5000000000    9.6842615858e-07    1.6732258226e-05
 110.0000000000    9.7099438774e-07    1.6790522008e-05
 110.5000000000    9.7358642588e-07    1.6837343603e-05
 111.0000000000    9.7626956619e-07    1.6888677408e-05
 111.5000000000    9.7883024449e-07    1.6940449746e-05
 112.0000000000    9.8133396816e-07    1.6991299921e-05
 112.5000000000    9.8395210040e-07    1.7042759064e-05
 113.0000000000    9.8651322023e-07    1.7093574691e-05
 113.5000000000    9.8927050122e-07    1.7144551318e-05
 114.0000000000    9.9197984176e-07    1.7195428855e-05
 114.5000000000    9.9471180679e-07    1.7268978838e-05
 115.0000000000    9.9735792935e-07    1.7299246624e-05
 115.5000000000    1.0001157870e-06    1.7349281817e-05
 116.0000000000    1.0028926986e-06    1.7399882193e-05
 116.5000000000    1.0055490996e-06    1.7450286623e-05
 117.0000000000    1.0083407781e-06    1.7500422341e-05
 117.5000000000    1.0113950496e-06    1.7550419688e-05
 118.0000000000    1.0145807292e-06    1.7622209918e-05
 118.5000000000    1.0179084745e-06    1.7685072163e-05
 119.0000000000    1.0210003480e-06    1.7814659008e-05
 119.5000000000    1.0243253945e-06    1.8022205545e-05
 120.0000000000    1.0275692430e-06    1.7812444598e-05
 120.5000000000    1.0311482203e-06    1.7831716223e-05
 121.0000000000    1.0346809926e-06    1.7884868857e-05
 121.5000000000    1.0380391924e-06    1.7938146602e-05
 122.0000000000    1.0416765005e-06    1.7985005601e-05
 122.5000000000    1.0455929225e-06    1.8032039823e-05
 123.0000000000    1.0492388986e-06    1.8080267112e-05
 123.5000000000    1.0526544932e-06    1.8129035689e-05
 124.0000000000    1.0564402658e-06    1.8202995084e-05
 124.5000000000    1.0604297888e-06    1.8228949926e-05
 125.0000000000    1.0639049072e-06    1.8277062616e-05
 125.5000000000    1.0667719420e-06    1.8325777111e-05
 126.0000000000    1.0702362143e-06    1.8374161293e-05
 126.5000000000    1.0742917758e-06    1.8422401470e-05
 127.0000000000    1.0777759185e-06    1.8470534965e-05
 127.5000000000    1.0803499861e-06    1.8542740903e-05
 128.0000000000    1.0832442587e-06    1.8571265242e-05
 128.5000000000    1.0870192272e-06    1.8616120114e-05
 129.0000000000    1.0904460747e-06    1.8669632880e-05
 129.5000000000    1.0927336329e-06    1.8713067418e-05
 130.0000000000    1.0956022333e-06    1.8761012146e-05
 130.5000000000    1.0990312623e-06    1.8808855643e-05
 131.0000000000    1.1019191359e-06    1.8856426921e-05
 131.5000000000    1.1044082085e-06    1.8903866862e-05
 132.0000000000    1.1073075860e-06    1.8951216805e-05
 132.5000000000    1.1104729709e-06    1.8998456673e-05
 133.0000000000    1.1131509367e-06    1.9045604266e-05
 133.5000000000    1.1159038328e-06    1.9120583885e-05
 134.0000000000    1.1186247319e-06    1.9142371176e-05
 134.5000000000    1.1215351083e-06    1.9188923549e-05
 135.0000000000    1.1242884018e-06    1.9236292518e-05
 135.5000000000    1.1270011968e-06    1.9283355557e-05
 136.0000000000    1.1298078457e-06    1.9330203823e-05
 136.5000000000    1.1326409987e-06    1.9376929214e-05
 137.0000000000    1.1355162640e-06    1.9450280582e-05
 137.5000000000    1.1380937771e-06    1.9475865992e-05
 138.0000000000    1.1407975316e-06    1.9547979728e-05
 138.5000000000    1.1436798556e-06    1.9567458469e-05
 139.0000000000    1.1464979561e-06    1.9613311506e-05
 139.5000000000    1.1491881773e-06    1.9660203950e-05
 140.0000000000    1.1518623495e-06    1.9706694137e-05
 140.5000000000    1.1545464925e-06    1.9753041112e-05
 141.0000000000    1.1574145632e-06    1.9799275403e-05
 141.5000000000    1.1601427634e-06    1.9845489966e-05
 142.0000000000    1.1627689213e-06    1.9891647965e-05
 142.5000000000    1.1655501598e-06    1.9937753088e-05
 143.0000000000    1.1683085735e-06    1.9990994903e-05
 143.5000000000    1.1735278127e-06    2.0208848721e-05
 144.0000000000    1.1757231840e-06    2.0140114813e-05
 144.5000000000    1.1773722328e-06    2.0134429607e-05
 145.0000000000    1.1801922619e-06    2.0194769024e-05
 145.5000000000    1.1829732305e-06    2.0223516267e-05
 146.0000000000    1.1858907559e-06    2.0273768932e-05
 146.5000000000    1.1894301105e-06    2.0335254868e-05
 147.0000000000    1.1930483012e-06    2.0361844886e-05
 147.5000000000    1.1966316896e-06    2.0435844885e-05
 148.0000000000    1.2012081466e-06    2.0463180228e-05
 148.5000000000    1.2084899229e-06    2.0507792617e-05
 149.0000000000    1.2174815234e-06    2.0551903947e-05
 149.5000000000    1.2252242561e-06    2.0594779840e-05
 150.0000000000    1.2330981200e-06    2.0952831931e-05
 150.5000000000    1.2472479848e-06    2.0757668507e-05
 151.0000000000    1.2673033105e-06    2.0739877846e-05
 151.5000000000    1.2810972860e-06    2.0772661103e-05
 152.0000000000    1.2900169511e-06    2.0835525892e-05
 152.5000000000    1.3125214031e-06    2.0870812427e-05
 153.0000000000    1.3429676476e-06    2.0919438941e-05
 153.5000000000    1.3543135229e-06    2.0962061084e-05
 154.0000000000    1.3561658411e-06    2.1009176437e-05
 154.5000000000    1.3828994634e-06    2.1053824786e-05
 155.0000000000    1.4170491938e-06    2.1099736712e-05
 155.5000000000    1.4196238624e-06    2.1834986520e-05
 156.0000000000    1.4134372028e-06    2.3015555850e-05
 156.5000000000    1.4368565841e-06    2.1334527354e-05
 157.0000000000    1.4608050369e-06    2.3384247823e-05
 157.5000000000    1.4501593673e-06    2.1374077257e-05
 158.0000000000    1.4386485415e-06    2.1409937416e-05
 158.5000000000    1.4512252063e-06    2.1446440078e-05
 159.0000000000    1.4587521893e-06    2.1551431004e-05
 159.5000000000    1.4496368211e-06    2.1593296397e-05
 160.0000000000    1.4501021241e-06    2.1583994793e-05
 160.5000000000    1.4628909268e-06    2.1640058153e-05
 161.0000000000    1.4680194189e-06    2.1675539621e-05
 161.5000000000    1.4633361894e-06    2.1721062876e-05
 162.0000000000    1.4599828329e-06    2.1759901504e-05
 162.5000000000    1.4579056073e-06    2.1809540975e-05
 163.0000000000    1.4529837741e-06    2.1851858037e-05
 163.5000000000    1.4492547009e-06    2.1899280743e-05
 164.0000000000    1.4504950945e-06    2.1976113218e-05
 164.5000000000    1.4534810356e-06    2.1998760058e-05
 165.0000000000    1.4541263741e-06    2.2077229062e-05
 165.5000000000    1.4517729342e-06    2.2086496745e-05
 166.0000000000    1.4488147924e-06    2.2130465360e-05
 166.5000000000    1.4459905153e-06    2.2176564792e-05
 167.0000000000    1.4436632441e-06    2.2221993320e-05
 167.5000000000    1.4424725674e-06    2.2267516566e-05
 168.0000000000    1.4419551548e-06    2.2313106820e-05
 168.5000000000    1.4410038011e-06    2.2358754813e-05
 169.0000000000    1.4392161630e-06    2.2404436604e-05
 169.5000000000    1.4377945230e-06    2.2489962758e-05
 170.0000000000    1.4368430668e-06    2.2498696359e-05
 170.5000000000    1.4368162315e-06    2.2543972647e-05
 171.0000000000    1.4368211050e-06    2.2590498328e-05
 171.5000000000    1.4368287029e-06    2.2636482323e-05
 172.0000000000    1.4367074691e-06    2.2682220356e-05
 172.5000000000    1.4366615139e-06    2.2761108875e-05
 173.0000000000    1.4367401184e-06    2.2784431613e-05
 173.5000000000    1.4371806503e-06    2.2825666185e-05
 174.0000000000    1.4377590748e-06    2.2897959889e-05
 174.5000000000    1.4384306188e-06    2.2920376296e-05
 175.0000000000    1.4389450346e-06    2.2956268851e-05
 175.5000000000    1.4398890991e-06    2.3000099871e-05
 176.0000000000    1.4410325164e-06    2.3046603572e-05
 176.5000000000    1.4422486860e-06    2.3094019882e-05
 177.0000000000    1.4433349166e-06    2.3140899635e-05
 177.5000000000    1.4445974892e-06    2.3187299888e-05
 178.0000000000    1.4460234383e-06    2.3276529968e-05
 178.5000000000    1.4475845362e-06    2.3310370474e-05
 179.0000000000    1.4492861173e-06    2.3344996372e-05
 179.5000000000    1.4508937785e-06    2.3379688509e-05
 180.0000000000    1.4526492521e-06    2.3419269555e-05
 180.5000000000    1.4545684908e-06    2.3462823289e-05
 181.0000000000    1.4565888214e-06    2.3508366969e-05
 181.5000000000    1.4586552162e-06    2.3554696214e-05
 182.0000000000    1.4607088728e-06    2.3601302408e-05
 182.5000000000    1.4630103548e-06    2.3659380997e-05
 183.0000000000    1.4655021848e-06    2.3714257562e-05
 183.5000000000    1.4683050380e-06    2.3755155197e-05
 184.0000000000    1.4712112432e-06    2.3794288051e-05
 184.5000000000    1.4746668984e-06    2.3836895986e-05
 185.0000000000    1.4784912075e-06    2.3882093679e-05
 185.5000000000    1.4825710035e-06    2.3928522637e-05
 186.0000000000    1.4864059789e-06    2.3975512882e-05
 186.5000000000    1.4897196998e-06    2.4069363241e-05
 187.0000000000    1.4921744318e-06    2.4072879558e-05
 187.5000000000    1.4940060665e-06    2.4119548826e-05
 188.0000000000    1.4957209977e-06    2.4165529574e-05
 188.5000000000    1.4973307941e-06    2.4212356631e-05
 189.0000000000    1.5000341446e-06    2.4260236514e-05
 189.5000000000    1.5034451681e-06    2.4308522264e-05
 190.0000000000    1.5070376866e-06    2.4356805386e-05
 190.5000000000    1.5111062125e-06    2.4452664511e-05
 191.0000000000    1.5156859959e-06    2.4455902487e-05
 191.5000000000    1.5212310086e-06    2.4509677934e-05
 192.0000000000    1.5271430728e-06    2.4556364551e-05
 192.5000000000    1.5318752205e-06    2.4602359756e-05
 193.0000000000    1.5339113977e-06    2.4649754190e-05
 193.5000000000    1.5336953588e-06    2.4698085127e-05
 194.0000000000    1.5329200657e-06    2.4746865237e-05
 194.5000000000    1.5344696589e-06    2.4844494625e-05
 195.0000000000    1.5391466802e-06    2.4847408179e-05
 195.5000000000    1.5460364933e-06    2.4897352411e-05
 196.0000000000    1.5523812307e-06    2.4946871801e-05
 196.5000000000    1.5558036410e-06    2.4995723285e-05
 197.0000000000    1.5563883135e-06    2.5045276648e-05
 197.5000000000    1.5558795056e-06    2.5095236574e-05
 198.0000000000    1.5571378957e-06    2.5145383966e-05
 198.5000000000    1.5608012061e-06    2.5195683335e-05
 199.0000000000    1.5660270559e-06    2.5257868843e-05
 199.5000000000    1.5706463807e-06    2.5299004054e-05
 200.0000000000    1.5738990382e-06    2.5351288775e-05
 200.5000000000    1.5761922814e-06    2.5401417104e-05
 201.0000000000    1.5787959844e-06    2.5452037850e-05
 201.5000000000    1.5821226255e-06    2.5503158480e-05
 202.0000000000    1.5860500557e-06    2.5554509623e-05
 202.5000000000    1.5898197844e-06    2.5656364461e-05
 203.0000000000    1.5931844672e-06    2.5659914027e-05
 203.5000000000    1.5963428712e-06    2.5713211032e-05
 204.0000000000    1.5998724377e-06    2.5764910449e-05
 204.5000000000    1.6034584522e-06    2.5816934415e-05
 205.0000000000    1.6069167870e-06    2.5869426670e-05
 205.5000000000    1.6103748589e-06    2.5922149534e-05
 206.0000000000    1.6138375801e-06    2.5975084161e-05
 206.5000000000    1.6175469470e-06    2.6078848652e-05
 207.0000000000    1.6212903154e-06    2.6083449990e-05
 207.5000000000    1.6250874704e-06    2.6138607302e-05
 208.0000000000    1.6287469391e-06    2.6191601123e-05
 208.5000000000    1.6325232540e-06    2.6245170534e-05
 209.0000000000    1.6364036111e-06    2.6299385763e-05
 209.5000000000    1.6403748148e-06    2.6353877105e-05
 210.0000000000    1.6443851390e-06    2.6408573346e-05
 210.5000000000    1.6484699718e-06    2.6514061149e-05
 211.0000000000    1.6525203232e-06    2.6520519828e-05
 211.5000000000    1.6566291760e-06    2.6577635546e-05
 212.0000000000    1.6606706376e-06    2.6632195378e-05
 212.5000000000    1.6650200932e-06    2.6687594684e-05
 213.0000000000    1.6699356735e-06    2.6743688546e-05
 213.5000000000    1.6757485427e-06    2.6800167218e-05
 214.0000000000    1.6831338097e-06    2.6856926635e-05
 214.5000000000    1.6938071690e-06    2.6922218391e-05
 215.0000000000    1.7087382974e-06    2.6974723005e-05
 215.5000000000    1.7280650326e-06    2.7031413407e-05
 216.0000000000    1.7499013964e-06    2.7088680794e-05
 216.5000000000    1.7701895814e-06    2.7146341431e-05
 217.0000000000    1.7837980602e-06    2.7204517046e-05
 217.5000000000    1.7872521299e-06    2.7263379860e-05
 218.0000000000    1.7834421452e-06    2.7369260977e-05
 218.5000000000    1.7819178168e-06    2.7384183025e-05
 219.0000000000    1.7970049161e-06    2.7445088662e-05
 219.5000000000    1.8383787150e-06    2.7503882988e-05
 220.0000000000    1.9019875382e-06    2.7564298744e-05
 220.5000000000    1.9691539266e-06    2.7624109613e-05
 221.0000000000    2.0164411344e-06    2.7684745791e-05
 221.5000000000    2.0289962993e-06    2.7789022851e-05
 222.0000000000    2.0087015665e-06    2.7810660364e-05
 222.5000000000    1.9763407539e-06    2.7873520363e-05
 223.0000000000    1.9588453386e-06    2.7935168497e-05
 223.5000000000    1.9709171264e-06    2.7998374765e-05
 224.0000000000    2.0035973138e-06    2.8061794574e-05
 224.5000000000    2.0320999663e-06    2.8124078648e-05
 225.0000000000    2.0359702765e-06    2.8187564759e-05
 225.5000000000    2.0133185705e-06    2.8255796567e-05
 226.0000000000    1.9802814103e-06    2.8320848508e-05
 226.5000000000    1.9588477566e-06    2.8384460896e-05
 227.0000000000    1.9575506064e-06    2.8450489235e-05
 227.5000000000    1.9673649431e-06    2.8516885820e-05
 228.0000000000    1.9717805404e-06    2.8583567020e-05
 228.5000000000    1.9624452799e-06    2.8648669158e-05
 229.0000000000    1.9442725855e-06    2.8717688053e-05
 229.5000000000    1.9294139851e-06    2.8786348464e-05
 230.0000000000    1.9247042814e-06    2.8853358905e-05
 230.5000000000    1.9277289760e-06    2.8922940326e-05
 231.0000000000    1.9301824183e-06    2.8992744751e-05
 231.5000000000    1.9278617173e-06    2.9062905054e-05
 232.0000000000    1.9233261870e-06    2.9158715118e-05
 232.5000000000    1.9219802188e-06    2.9204580854e-05
 233.0000000000    1.9259990508e-06    2.9272817585e-05
 233.5000000000    1.9334650715e-06    2.9387274589e-05
 234.0000000000    1.9400500943e-06    2.9451091533e-05
 234.5000000000    1.9440350315e-06    2.9547858436e-05
 235.0000000000    1.9492930258e-06    2.9788127959e-05
 235.5000000000    1.9576809422e-06    3.0115377992e-05
 236.0000000000    1.9685764017e-06    3.0472348404e-05
 236.5000000000    1.9861731744e-06    3.4409978516e-05
 237.0000000000    1.9891919925e-06    3.5424823321e-05
 237.5000000000    1.9930364197e-06    3.1214638675e-05
 238.0000000000    1.9951031297e-06    3.0164048972e-05
 238.5000000000    1.9988978640e-06    3.0548959175e-05
 239.0000000000    2.0047809379e-06    3.0446658619e-05
 239.5000000000    2.0107458249e-06    3.0374905090e-05
 240.0000000000    2.0164921122e-06    3.0372888287e-05
 240.5000000000    2.0223729613e-06    3.0475837678e-05
 241.0000000000    2.0298875958e-06    3.1028715687e-05
 241.5000000000    2.0356036221e-06    3.0775685880e-05
 242.0000000000    2.0419663040e-06    3.0686800364e-05
 242.5000000000    2.0478669974e-06    3.0767469645e-05
 243.0000000000    2.0537504338e-06    3.0879005389e-05
 243.5000000000    2.0599133756e-06    3.0923827338e-05
 244.0000000000    2.0664075689e-06    3.1008359288e-05
 244.5000000000    2.0732300293e-06    3.1096979743e-05
 245.0000000000    2.0811129940e-06    3.1194231562e-05
 245.5000000000    2.0882696815e-06    3.1315225795e-05
 246.0000000000    2.0983969564e-06    3.2371225343e-05
 246.5000000000    2.1069364931e-06    3.3147375538e-05
 247.0000000000    2.1132473518e-06    3.1958057769e-05
 247.5000000000    2.1201737812e-06    3.1712931426e-05
 248.0000000000    2.1276463881e-06    3.1864870021e-05
 248.5000000000    2.1362241178e-06    3.1896954839e-05
 249.0000000000    2.1452617747e-06    3.1974339077e-05
 249.5000000000    2.1543282937e-06    3.2032099519e-05
 250.0000000000    2.1639005919e-06    3.2127448665e-05
 250.5000000000    2.1736719009e-06    3.2239734001e-05
 251.0000000000    2.1838191156e-06    3.2327654658e-05
 251.5000000000    2.1942621958e-06    3.2426265356e-05
 252.0000000000    2.2048607855e-06    3.2529986504e-05
 252.5000000000    2.2156293716e-06    3.2633976098e-05
 253.0000000000    2.2265698730e-06    3.2744351536e-05
 253.5000000000    2.2378057395e-06    3.2852931513e-05
 254.0000000000    2.2490942806e-06    3.2963345558e-05
 254.5000000000    2.2605844055e-06    3.3075667735e-05
 255.0000000000    2.2722537461e-06    3.3209868223e-05
 255.5000000000    2.2840791821e-06    3.3312498036e-05
 256.0000000000    2.2959764327e-06    3.3421396342e-05
 256.5000000000    2.3079939683e-06    3.3535951800e-05
 257.0000000000    2.3200848304e-06    3.3664181819e-05
 257.5000000000    2.3323315136e-06    3.3776785212e-05
 258.0000000000    2.3448134143e-06    3.3902638801e-05
 258.5000000000    2.3577100579e-06    3.4044165609e-05
 259.0000000000    2.3707910789e-06    3.4158364997e-05
 259.5000000000    2.3839225190e-06    3.4278851187e-05
 260.0000000000    2.3970284259e-06    3.4406186217e-05
 260.5000000000    2.4099970369e-06    3.4538374197e-05
 261.0000000000    2.4229691028e-06    3.4672550190e-05
 261.5000000000    2.4364095603e-06    3.4810379876e-05
 262.0000000000    2.4504867600e-06    3.4973406106e-05
 262.5000000000    2.4654676778e-06    3.5101279357e-05
 263.0000000000    2.4810959533e-06    3.5239771410e-05
 263.5000000000    2.4968841483e-06    3.5382020956e-05
 264.0000000000    2.5122872399e-06    3.5530522915e-05
 264.5000000000    2.5272613575e-06    3.5682560497e-05
 265.0000000000    2.5422363977e-06    3.5837957086e-05
 265.5000000000    2.5579983451e-06    3.6020406072e-05
 266.0000000000    2.5752812259e-06    3.6166303523e-05
 266.5000000000    2.5939266441e-06    3.6322822551e-05
 267.0000000000    2.6132383131e-06    3.6487404930e-05
 267.5000000000    2.6322846042e-06    3.6657251614e-05
 268.0000000000    2.6506254215e-06    3.6831582362e-05
 268.5000000000    2.6688679555e-06    3.7010058190e-05
 269.0000000000    2.6876967999e-06    3.7216418290e-05
 269.5000000000    2.7078293329e-06    3.7388425835e-05
 270.0000000000    2.7291948183e-06    3.7568548748e-05
 270.5000000000    2.7512981848e-06    3.7761141746e-05
 271.0000000000    2.7735251388e-06    3.7957346985e-05
 271.5000000000    2.7959250969e-06    3.8160969827e-05
 272.0000000000    2.8186053073e-06    3.8368980114e-05
 272.5000000000    2.8421575356e-06    3.8571647041e-05
 273.0000000000    2.8665684900e-06    3.8789001898e-05
 273.5000000000    2.8918252201e-06    3.9014714531e-05
 274.0000000000    2.9176861404e-06    3.9246131593e-05
 274.5000000000    2.9441837060e-06    3.9483310779e-05
 275.0000000000    2.9713739258e-06    3.9726688282e-05
 275.5000000000    2.9994789804e-06    4.0010718136e-05
 276.0000000000    3.0284058081e-06    4.0238271596e-05
 276.5000000000    3.0581522210e-06    4.0493414304e-05
 277.0000000000    3.0887156817e-06    4.0759995170e-05
 277.5000000000    3.1201328641e-06    4.1037006859e-05
 278.0000000000    3.1524000752e-06    4.1323740723e-05
 278.5000000000    3.1858392257e-06    4.1618784114e-05
 279.0000000000    3.2205876349e-06    4.1912343608e-05
 279.5000000000    3.2564300364e-06    4.2225848478e-05
 280.0000000000    3.2933995664e-06    4.2603230594e-05
 280.5000000000    3.3315236009e-06    4.2949661431e-05
 281.0000000000    3.3707100230e-06    4.3246053464e-05
 281.5000000000    3.4112567686e-06    4.3615588544e-05
 282.0000000000    3.4534171468e-06    4.3959202503e-05
 282.5000000000    3.4971478382e-06    4.4345571636e-05
 283.0000000000    3.5424921653e-06    4.4745713787e-05
 283.5000000000    3.5892454742e-06    4.5162550517e-05
 284.0000000000    3.6372723322e-06    4.5595756623e-05
 284.5000000000    3.6868196009e-06    4.6045064964e-05
 285.0000000000    3.7385685568e-06    4.6533172505e-05
 285.5000000000    3.7930904972e-06    4.7001884193e-05
 286.0000000000    3.8505206268e-06    4.7504621718e-05
 286.5000000000    3.9104171052e-06    4.8034935850e-05
 287.0000000000    3.9721904774e-06    4.8591162850e-05
 287.5000000000    4.0359024311e-06    4.9195487253e-05
 288.0000000000    4.1022144882e-06    4.9803303326e-05
 288.5000000000    4.1718392236e-06    5.0426449389e-05
 289.0000000000    4.2451267841e-06    5.1090585122e-05
 289.5000000000    4.3219013467e-06    5.1798819069e-05
 290.0000000000    4.4018289440e-06    5.2546311482e-05
 290.5000000000    4.4850960540e-06    5.3334697711e-05
 291.0000000000    4.5722966206e-06    5.4158466271e-05
 291.5000000000    4.6637731756e-06    5.5041408769e-05
 292.0000000000    4.7598410800e-06    5.5979085327e-05
 292.5000000000    4.8606290685e-06    5.6973757074e-05
 293.0000000000    4.9661126652e-06    5.8057556390e-05
 293.5000000000    5.0766958456e-06    5.9163484416e-05
 294.0000000000    5.1929141192e-06    6.0389628807e-05
 294.5000000000    5.3149692870e-06    6.1649736508e-05
 295.0000000000    5.4432909668e-06    6.3046483051e-05
 295.5000000000    5.5782024125e-06    6.4513277042e-05
 296.0000000000    5.7200472430e-06    6.6118315845e-05
 296.5000000000    5.8692101829e-06    6.7851677727e-05
 297.0000000000    6.0260761250e-06    6.9705362760e-05
 297.5000000000    6.1908387307e-06    7.1727435272e-05
 298.0000000000    6.3639103653e-06    7.3927773543e-05
 298.5000000000    6.5456824678e-06    7.6374690845e-05
 299.0000000000    6.7363792429e-06    7.8951030490e-05
 299.5000000000    6.9363187504e-06    8.1814770798e-05
 300.0000000000    7.1455344161e-06    8.4955118192e-05
 300.5000000000    7.3641602540e-06    8.8420991575e-05
 301.0000000000    7.5923814113e-06    9.2242728714e-05
 301.5000000000    7.8299467280e-06    9.6474185339e-05
 302.0000000000    8.0769492062e-06    1.0117542707e-04
 302.5000000000    8.3332281548e-06    1.0639456025e-04
 303.0000000000    8.5988108952e-06    1.1223159848e-04
 303.5000000000    8.8738216407e-06    1.1877084005e-04
 304.0000000000    9.1586855613e-06    1.2615379257e-04
 304.5000000000    9.4542048309e-06    1.3440481547e-04
 305.0000000000    9.7619464042e-06    1.4376868714e-04
 305.5000000000    1.0083916504e-05    1.5438314276e-04
 306.0000000000    1.0422990051e-05    1.6646259333e-04
 306.5000000000    1.0782862137e-05    1.8023278466e-04
 307.0000000000    1.1167533645e-05    1.9596619536e-04
 307.5000000000    1.1581261408e-05    2.1395975645e-04
 308.0000000000    1.2027540299e-05    2.3453467036e-04
 308.5000000000    1.2508449172e-05    2.5804176847e-04
 309.0000000000    1.3023563232e-05    2.8483305452e-04
 309.5000000000    1.3570041555e-05    3.1527460080e-04
 310.0000000000    1.4145045010e-05    3.4974125068e-04
 310.5000000000    1.4755642766e-05    3.8866901011e-04
 311.0000000000    1.5448062479e-05    4.3251168404e-04
 311.5000000000    1.6390636432e-05    4.8167980707e-04
 312.0000000000    1.8088657704e-05    5.3620533205e-04
 312.5000000000    2.1806408947e-05    5.9505706914e-04
 313.0000000000    2.9977279673e-05    6.5513949622e-04
 313.5000000000    4.6344428281e-05    7.1182848451e-04
 314.0000000000    7.7234953993e-05    7.6543187365e-04
 314.5000000000    1.2276190857e-04    8.6388353884e-04
 315.0000000000    1.7066957704e-04    1.1666302802e-03
 315.5000000000    2.0839892964e-04    1.7237039322e-03
 316.0000000000    2.2959678375e-04    2.3284713022e-03
 316.5000000000    2.3487440739e-04    2.7583254957e-03
 317.0000000000    2.2622146647e-04    2.9074110627e-03
 317.5000000000    2.0424620409e-04    2.7557198601e-03
 318.0000000000    1.7462774915e-04    2.3954229301e-03
 318.5000000000    1.4672063883e-04    2.0502915755e-03
 319.0000000000    1.2607067192e-04    1.9263216105e-03
 319.5000000000    1.1277916725e-04    2.0209389158e-03
 320.0000000000    1.0464291032e-04    2.1984731112e-03
 320.5000000000    9.9606101491e-05    2.3644008616e-03
 321.0000000000    9.6376546150e-05    2.4882258691e-03
 321.5000000000    9.4243611922e-05    2.5703662686e-03
 322.0000000000    9.2812875605e-05    2.6207835905e-03
 322.5000000000    9.1841998209e-05    2.6502438506e-03
 323.0000000000    9.1164910986e-05    2.6675622374e-03
 323.5000000000    9.0661928832e-05    2.6791456375e-03
 324.0000000000    9.0248603447e-05    2.6893532864e-03
 324.5000000000    8.9869864771e-05    2.7010030089e-03
 325.0000000000    8.9495320274e-05    2.7158280650e-03
 325.5000000000    8.9114134208e-05    2.7348072341e-03
 326.0000000000    8.8730080760e-05    2.7583885499e-03
 326.5000000000    8.8356599648e-05    2.7866253695e-03
 327.0000000000    8.8012613363e-05    2.8192607574e-03
 327.5000000000    8.7718773555e-05    2.8557808094e-03
 328.0000000000    8.7494355601e-05    2.8954576627e-03
 328.5000000000    8.7354792870e-05    2.9373915892e-03
 329.0000000000    8.7310046969e-05    2.9805587077e-03
 329.5000000000    8.7363531167e-05    3.0238645069e-03
 330.0000000000    8.7511545464e-05    3.0662018767e-03
 330.5000000000    8.7743722281e-05    3.1065090768e-03
 331.0000000000    8.8043630903e-05    3.1438231822e-03
 331.5000000000    8.8390192202e-05    3.1773253273e-03
 332.0000000000    8.8759321144e-05    3.2063722614e-03
 332.5000000000    8.9125883072e-05    3.2305144646e-03
 333.0000000000    8.9465653246e-05    3.2495017050e-03
 333.5000000000    8.9757022366e-05    3.2632725300e-03
 334.0000000000    8.9982522341e-05    3.2719385706e-03
 334.5000000000    9.0129692339e-05    3.2757591200e-03
 335.0000000000    9.0191648404e-05    3.2751143449e-03
 335.5000000000    9.0166915973e-05    3.2704767237e-03
 336.0000000000    9.0058928967e-05    3.2623840243e-03
 336.5000000000    8.9875389351e-05    3.2514140814e-03
 337.0000000000    8.9627122988e-05    3.2381625780e-03
 337.5000000000    8.9326976693e-05    3.2232239412e-03
 338.0000000000    8.8988855294e-05    3.2071755042e-03
 338.5000000000    8.8626688198e-05    3.1905647735e-03
 339.0000000000    8.8253688590e-05    3.1738998196e-03
 339.5000000000    8.7881812963e-05    3.1576424587e-03
 340.0000000000    8.7521273617e-05    3.1422037926e-03
 340.5000000000    8.7180386553e-05    3.1279416918e-03
 341.0000000000    8.6865542115e-05    3.1151598174e-03
 341.5000000000    8.6581342949e-05    3.1041078247e-03
 342.0000000000    8.6330656119e-05    3.0949820679e-03
 342.5000000000    8.6115038571e-05    3.0879267634e-03
 343.0000000000    8.5934961663e-05    3.0830353896e-03
 343.5000000000    8.5790087957e-05    3.0803521535e-03
 344.0000000000    8.5679635025e-05    3.0798735952e-03
 344.5000000000    8.5602409269e-05    3.0815503970e-03
 345.0000000000    8.5557213691e-05    3.0852896814e-03
 345.5000000000    8.5542724037e-05    3.0909579998e-03
 346.0000000000    8.5557662297e-05    3.0983849204e-03
 346.5000000000    8.5600769525e-05    3.1073680699e-03
 347.0000000000    8.5670652651e-05    3.1176780049e-03
 347.5000000000    8.5765870589e-05    3.1290644469e-03
 348.0000000000    8.5884693283e-05    3.1412641368e-03
 348.5000000000    8.6025002211e-05    3.1540070572e-03
 349.0000000000    8.6184298472e-05    3.1670247771e-03
 349.5000000000    8.6359722101e-05    3.1800574586e-03
 350.0000000000    8.6547820286e-05    3.1928595696e-03
 350.5000000000    8.6744836817e-05    3.2052075752e-03
 351.0000000000    8.6946590204e-05    3.2169042924e-03
 351.5000000000    8.7148821853e-05    3.2277813634e-03
 352.0000000000    8.7347055734e-05    3.2377016889e-03
 352.5000000000    8.7536984913e-05    3.2465604345e-03
 353.0000000000    8.7714481395e-05    3.2542849655e-03
 353.5000000000    8.7875766192e-05    3.2608340194e-03
 354.0000000000    8.8017710350e-05    3.2661962435e-03
 354.5000000000    8.8137761228e-05    3.2703882768e-03
 355.0000000000    8.8234155528e-05    3.2734521186e-03
 355.5000000000    8.8305888402e-05    3.2754518622e-03
 356.0000000000    8.8352639884e-05    3.2764702525e-03
 356.5000000000    8.8374862419e-05    3.2766052504e-03
 357.0000000000    8.8373635486e-05    3.2759668422e-03
 357.5000000000    8.8350733186e-05    3.2746740045e-03
 358.0000000000    8.8308498993e-05    3.2728515940e-03
 358.5000000000    8.8249783030e-05    3.2706270469e-03
 359.0000000000    8.8177704565e-05    3.2681268910e-03
 359.5000000000    8.8095363942e-05    3.2654736303e-03
 360.0000000000    8.8005756869e-05    3.2627832326e-03
 360.5000000000    8.7911610970e-05    3.2601633807e-03
 361.0000000000    8.7815437665e-05    3.2577121966e-03
 361.5000000000    8.7719708782e-05    3.2555170634e-03
 362.0000000000    8.7626720227e-05    3.2536535811e-03
 362.5000000000    8.7538435813e-05    3.2521850438e-03
 363.0000000000    8.7456433972e-05    3.2511623128e-03
 363.5000000000    8.7381790755e-05    3.2506239884e-03
 364.0000000000    8.7315191868e-05    3.2505964388e-03
 364.5000000000    8.7257229970e-05    3.2510937032e-03
 365.0000000000    8.7208477690e-05    3.2521173427e-03
 365.5000000000    8.7169342443e-05    3.2536565431e-03
 366.0000000000    8.7140261597e-05    3.2556888135e-03
 366.5000000000    8.7121392077e-05    3.2581813794e-03
 367.0000000000    8.7112576197e-05    3.2610927857e-03
 367.5000000000    8.7113577256e-05    3.2643743522e-03
 368.0000000000    8.7124028601e-05    3.2679715174e-03
 368.5000000000    8.7143551197e-05    3.2718253840e-03
 369.0000000000    8.7171565554e-05    3.2758747354e-03
 369.5000000000    8.7207336733e-05    3.2800583698e-03
 370.0000000000    8.7249853236e-05    3.2843170281e-03
 370.5000000000    8.7297889642e-05    3.2885947365e-03
 371.0000000000    8.7350213606e-05    3.2928396717e-03
 371.5000000000    8.7405397392e-05    3.2970032973e-03
 372.0000000000    8.7462122846e-05    3.3010428383e-03
 372.5000000000    8.7519099081e-05    3.3049178291e-03
 373.0000000000    8.7575022466e-05    3.3085928293e-03
 373.5000000000    8.7628797367e-05    3.3120358238e-03
 374.0000000000    8.7679453929e-05    3.3152198113e-03
 374.5000000000    8.7726331125e-05    3.3181222447e-03
 375.0000000000    8.7768922420e-05    3.3207262957e-03
 375.5000000000    8.7807256301e-05    3.3230215095e-03
 376.0000000000    8.7841419541e-05    3.3250054010e-03
 376.5000000000    8.7871718948e-05    3.3266844788e-03
 377.0000000000    8.7898810450e-05    3.3280750406e-03
 377.5000000000    8.7923193473e-05    3.3292028847e-03
 378.0000000000    8.7945381071e-05    3.3301019701e-03
 378.5000000000    8.7965538606e-05    3.3308122494e-03
 379.0000000000    8.7983518094e-05    3.3313773218e-03
 379.5000000000    8.7998754559e-05    3.3318415105e-03
 380.0000000000    8.8010151902e-05    3.3322483076e-03
 380.5000000000    8.8016343220e-05    3.3326290218e-03
 381.0000000000    8.8015609047e-05    3.3330177585e-03
 381.5000000000    8.8006202565e-05    3.3334328282e-03
 382.0000000000    8.7986761656e-05    3.3338869987e-03
 382.5000000000    8.7956423350e-05    3.3343905787e-03
 383.0000000000    8.7915159410e-05    3.3349363120e-03
 383.5000000000    8.7864019189e-05    3.3355371489e-03
 384.0000000000    8.7805105723e-05    3.3361979089e-03
 384.5000000000    8.7741464771e-05    3.3369284514e-03
 385.0000000000    8.7676983419e-05    3.3377445959e-03
 385.5000000000    8.7615830943e-05    3.3386672444e-03
 386.0000000000    8.7562052547e-05    3.3397197891e-03
 386.5000000000    8.7519270261e-05    3.3409244344e-03
 387.0000000000    8.7489975579e-05    3.3422998600e-03
 387.5000000000    8.7475374098e-05    3.3438490213e-03
 388.0000000000    8.7475288251e-05    3.3455731598e-03
 388.5000000000    8.7488237537e-05    3.3474541055e-03
 389.0000000000    8.7511625741e-05    3.3494639672e-03
 389.5000000000    8.7542239092e-05    3.3515646548e-03
 390.0000000000    8.7576741132e-05    3.3537125454e-03
 390.5000000000    8.7612045668e-05    3.3558633485e-03
 391.0000000000    8.7645759689e-05    3.3579774259e-03
 391.5000000000    8.7676406919e-05    3.3600243012e-03
 392.0000000000    8.7703465668e-05    3.3619854865e-03
 392.5000000000    8.7727289095e-05    3.3638552103e-03
 393.0000000000    8.7748844731e-05    3.3656391194e-03
 393.5000000000    8.7769325591e-05    3.3673513079e-03
 394.0000000000    8.7789895755e-05    3.3690103337e-03
 394.5000000000    8.7811348421e-05    3.3706349193e-03
 395.0000000000    8.7833951344e-05    3.3722398433e-03
 395.5000000000    8.7857429584e-05    3.3738328412e-03
 396.0000000000    8.7881019957e-05    3.3754130986e-03
 396.5000000000    8.7903726031e-05    3.3769714305e-03
 397.0000000000    8.7924463322e-05    3.3784921968e-03
 397.5000000000    8.7942157214e-05    3.3799564902e-03
 398.0000000000    8.7956383124e-05    3.3813458318e-03
 398.5000000000    8.7966774212e-05    3.3826457361e-03
 399.0000000000    8.7973465694e-05    3.3838483730e-03
 399.5000000000    8.7976989017e-05    3.3849540938e-03
 400.0000000000    8.7977973966e-05    3.3859716441e-03
 400.5000000000    8.7977142536e-05    3.3869170651e-03
 401.0000000000    8.7975134584e-05    3.3878113988e-03
 401.5000000000    8.7972478347e-05    3.3886778705e-03
 402.0000000000    8.7969460734e-05    3.3895389311e-03
 402.5000000000    8.7966369085e-05    3.3904136147e-03
 403.0000000000    8.7963210715e-05    3.3913158026e-03
 403.5000000000    8.7960058151e-05    3.3922535348e-03
 404.0000000000    8.7956955561e-05    3.3932293399e-03
 404.5000000000    8.7953989868e-05    3.3942413885e-03
 405.0000000000    8.7951261765e-05    3.3952851235e-03
 405.5000000000    8.7948927789e-05    3.3963551243e-03
 406.0000000000    8.7947152068e-05    3.3974466498e-03
 406.5000000000    8.7946119484e-05    3.3985565580e-03
 407.0000000000    8.7945958480e-05    3.3996836011e-03
 407.5000000000    8.7946815567e-05    3.4008281260e-03
 408.0000000000    8.7948767228e-05    3.4019911712e-03
 408.5000000000    8.7951932036e-05    3.4031732580e-03
 409.0000000000    8.7956351146e-05    3.4043733453e-03
 409.5000000000    8.7962044677e-05    3.4055882108e-03
 410.0000000000    8.7968984293e-05    3.4068124298e-03
 410.5000000000    8.7976967978e-05    3.4080390043e-03
 411.0000000000    8.7985698333e-05    3.4092605451e-03
 411.5000000000    8.7994732748e-05    3.4104706605e-03
 412.0000000000    8.8003514001e-05    3.4116652144e-03
 412.5000000000    8.8011472831e-05    3.4128431833e-03
 413.0000000000    8.8018112353e-05    3.4140068901e-03
 413.5000000000    8.8022981747e-05    3.4151613937e-03
 414.0000000000    8.8025913140e-05    3.4163132330e-03
 414.5000000000    8.8026915108e-05    3.4174688782e-03
 415.0000000000    8.8026313270e-05    3.4186330981e-03
 415.5000000000    8.8024526460e-05    3.4198075934e-03
 416.0000000000    8.8022195372e-05    3.4209901745e-03
 416.5000000000    8.8020031277e-05    3.4221746814e-03
 417.0000000000    8.8018611744e-05    3.4233518252e-03
 417.5000000000    8.8018441717e-05    3.4245107629e-03
 418.0000000000    8.8019830866e-05    3.4256410341e-03
 418.5000000000    8.8022807629e-05    3.4267344857e-03
 419.0000000000    8.8027227512e-05    3.4277868377e-03
 419.5000000000    8.8032744078e-05    3.4287985802e-03
 420.0000000000    8.8038920349e-05    3.4297750369e-03
 420.5000000000    8.8045309212e-05    3.4307255707e-03
 421.0000000000    8.8051531528e-05    3.4316620526e-03
 421.5000000000    8.8057348980e-05    3.4325968818e-03
 422.0000000000    8.8062552554e-05    3.4335409554e-03
 422.5000000000    8.8067268095e-05    3.4345019188e-03
 423.0000000000    8.8071634264e-05    3.4354830614e-03
 423.5000000000    8.8075892457e-05    3.4364830179e-03
 424.0000000000    8.8080325450e-05    3.4374962809e-03
 424.5000000000    8.8085114975e-05    3.4385145547e-03
 425.0000000000    8.8090312349e-05    3.4395284797e-03
 425.5000000000    8.8095777068e-05    3.4405294826e-03
 426.0000000000    8.8101232143e-05    3.4415114117e-03
 426.5000000000    8.8106361711e-05    3.4424715737e-03
 427.0000000000    8.8110939260e-05    3.4434111135e-03
 427.5000000000    8.8114835648e-05    3.4443346283e-03
 428.0000000000    8.8118140472e-05    3.4452492306e-03
 428.5000000000    8.8121079958e-05    3.4461632688e-03
 429.0000000000    8.8123892809e-05    3.4470848034e-03
 429.5000000000    8.8126779039e-05    3.4480202049e-03
 430.0000000000    8.8129849501e-05    3.4489731337e-03
 430.5000000000    8.8133153619e-05    3.4499440531e-03
 431.0000000000    8.8136707385e-05    3.4509303766e-03
 431.5000000000    8.8140535733e-05    3.4519271163e-03
 432.0000000000    8.8144658110e-05    3.4529278491e-03
 432.5000000000    8.8149067167e-05    3.4539257668e-03
 433.0000000000    8.8153684398e-05    3.4549146315e-03
 433.5000000000    8.8158323759e-05    3.4558895658e-03
 434.0000000000    8.8162781405e-05    3.4568476135e-03
 434.5000000000    8.8166877895e-05    3.4577879812e-03
 435.0000000000    8.8170574243e-05    3.4587119494e-03
 435.5000000000    8.8173915372e-05    3.4596224707e-03
 436.0000000000    8.8177085211e-05    3.4605235159e-03
 436.5000000000    8.8180398159e-05    3.4614193408e-03
 437.0000000000    8.8183769012e-05    3.4623137218e-03
 437.5000000000    8.8187314604e-05    3.4632093535e-03
 438.0000000000    8.8190962754e-05    3.4641074790e-03
 438.5000000000    8.8194577437e-05    3.4650078456e-03
 439.0000000000    8.8198078660e-05    3.4659089048e-03
 439.5000000000    8.8201409069e-05    3.4668081656e-03
 440.0000000000    8.8204486843e-05    3.4677027437e-03
 440.5000000000    8.8207195471e-05    3.4685899370e-03
 441.0000000000    8.8209421769e-05    3.4694677535e-03
 441.5000000000    8.8211092024e-05    3.4703351961e-03
 442.0000000000    8.8212235391e-05    3.4711930943e-03
 442.5000000000    8.8212970012e-05    3.4720407594e-03
 443.0000000000    8.8213501907e-05    3.4728817813e-03
 443.5000000000    8.8214052002e-05    3.4737179417e-03
 444.0000000000    8.8214821125e-05    3.4745542363e-03
 444.5000000000    8.8215964868e-05    3.4753849609e-03
 445.0000000000    8.8217596763e-05    3.4762187714e-03
 445.5000000000    8.8219818641e-05    3.4770549790e-03
 446.0000000000    8.8222652097e-05    3.4778935758e-03
 446.5000000000    8.8226061704e-05    3.4787341740e-03
 447.0000000000    8.8229961672e-05    3.4795761440e-03
 447.5000000000    8.8234204324e-05    3.4804182597e-03
 448.0000000000    8.8238640051e-05    3.4812589592e-03
 448.5000000000    8.8243107590e-05    3.4820969934e-03
 449.0000000000    8.8247501520e-05    3.4829394323e-03
 449.5000000000    8.8251696207e-05    3.4837593720e-03
 450.0000000000    8.8255645226e-05    3.4845823871e-03
 450.5000000000    8.8259328626e-05    3.4853996854e-03
 451.0000000000    8.8262772617e-05    3.4862123135e-03
 451.5000000000    8.8266030413e-05    3.4870210856e-03
 452.0000000000    8.8269168087e-05    3.4878271606e-03
 452.5000000000    8.8272253432e-05    3.4886316108e-03
 453.0000000000    8.8275353815e-05    3.4894352717e-03
 453.5000000000    8.8278510124e-05    3.4902385451e-03
 454.0000000000    8.8281739260e-05    3.4910440645e-03
 454.5000000000    8.8285045661e-05    3.4918553589e-03
 455.0000000000    8.8288357590e-05    3.4926446739e-03
 455.5000000000    8.8291670046e-05    3.4934436203e-03
 456.0000000000    8.8294951296e-05    3.4942394029e-03
 456.5000000000    8.8298168177e-05    3.4950314698e-03
 457.0000000000    8.8301280415e-05    3.4958186186e-03
 457.5000000000    8.8304280899e-05    3.4966001667e-03
 458.0000000000    8.8307151199e-05    3.4973758618e-03
 458.5000000000    8.8309923838e-05    3.4981459871e-03
 459.0000000000    8.8312625773e-05    3.4989111850e-03
 459.5000000000    8.8315278425e-05    3.4996724776e-03
 460.0000000000    8.8317917442e-05    3.5004310765e-03
 460.5000000000    8.8320569140e-05    3.5011880337e-03
 461.0000000000    8.8323242001e-05    3.5019440996e-03
 461.5000000000    8.8325956173e-05    3.5026996970e-03
 462.0000000000    8.8328673794e-05    3.5034549396e-03
 462.5000000000    8.8331379087e-05    3.5042097438e-03
 463.0000000000    8.8334054610e-05    3.5049638694e-03
 463.5000000000    8.8336698779e-05    3.5057170466e-03
 464.0000000000    8.8339289625e-05    3.5064690821e-03
 464.5000000000    8.8341855074e-05    3.5072196858e-03
 465.0000000000    8.8344389377e-05    3.5079684278e-03
 465.5000000000    8.8346925444e-05    3.5087163356e-03
 466.0000000000    8.8349453778e-05    3.5094595445e-03
 466.5000000000    8.8352016800e-05    3.5102017510e-03
 467.0000000000    8.8354633301e-05    3.5109378659e-03
 467.5000000000    8.8357313406e-05    3.5116742112e-03
 468.0000000000    8.8360017688e-05    3.5124054392e-03
 468.5000000000    8.8362822531e-05    3.5131415312e-03
 469.0000000000    8.8365667404e-05    3.5138593949e-03
 469.5000000000    8.8368568639e-05    3.5145836618e-03
 470.0000000000    8.8371491476e-05    3.5153022216e-03
 470.5000000000    8.8374459355e-05    3.5160206883e-03
 471.0000000000    8.8377398924e-05    3.5167339803e-03
 471.5000000000    8.8380356266e-05    3.5174459575e-03
 472.0000000000    8.8383272174e-05    3.5181557395e-03
 472.5000000000    8.8386133902e-05    3.5188551596e-03
 473.0000000000    8.8388920691e-05    3.5195520092e-03
 473.5000000000    8.8391674270e-05    3.5202574708e-03
 474.0000000000    8.8394294745e-05    3.5209405731e-03
 474.5000000000    8.8396870289e-05    3.5216300587e-03
 475.0000000000    8.8399431788e-05    3.5223175766e-03
 475.5000000000    8.8401972941e-05    3.5230032867e-03
 476.0000000000    8.8404532992e-05    3.5236867897e-03
 476.5000000000    8.8407108581e-05    3.5243683175e-03
 477.0000000000    8.8409691770e-05    3.5250478583e-03
 477.5000000000    8.8412243817e-05    3.5257256137e-03
 478.0000000000    8.8414741355e-05    3.5264020575e-03
 478.5000000000    8.8417188641e-05    3.5270778242e-03
 479.0000000000    8.8419566856e-05    3.5277535247e-03
 479.5000000000    8.8421918882e-05    3.5284307354e-03
 480.0000000000    8.8424275541e-05    3.5291056244e-03
 480.5000000000    8.8426688916e-05    3.5297811493e-03
 481.0000000000    8.8429178843e-05    3.5304557453e-03
 481.5000000000    8.8431776912e-05    3.5311304734e-03
 482.0000000000    8.8434403811e-05    3.5318007385e-03
 482.5000000000    8.8437052617e-05    3.5324691420e-03
 483.0000000000    8.8439683708e-05    3.5331360495e-03
 483.5000000000    8.8442275623e-05    3.5338014581e-03
 484.0000000000    8.8444842378e-05    3.5344657405e-03
 484.5000000000    8.8447417887e-05    3.5351285242e-03
 485.0000000000    8.8450030987e-05    3.5357893516e-03
 485.5000000000    8.8452696007e-05    3.5364478177e-03
 486.0000000000    8.8455395476e-05    3.5371036676e-03
 486.5000000000    8.8458088245e-05    3.5377569312e-03
 487.0000000000    8.8460735351e-05    3.5384078867e-03
 487.5000000000    8.8463315299e-05    3.5390568598e-03
 488.0000000000    8.8465843758e-05    3.5397039875e-03
 488.5000000000    8.8468364875e-05    3.5403490926e-03
 489.0000000000    8.8470929850e-05    3.5409917352e-03
 489.5000000000    8.8473564854e-05    3.5416314426e-03
 490.0000000000    8.8476262125e-05    3.5422679500e-03
 490.5000000000    8.8478971937e-05    3.5429013400e-03
 491.0000000000    8.8481627046e-05    3.5435320127e-03
 491.5000000000    8.8484203539e-05    3.5441605004e-03
 492.0000000000    8.8486644883e-05    3.5447872521e-03
 492.5000000000    8.8488985997e-05    3.5454125016e-03
 493.0000000000    8.8491271945e-05    3.5460362527e-03
 493.5000000000    8.8493556076e-05    3.5466583864e-03
 494.0000000000    8.8495871279e-05    3.5472788050e-03
 494.5000000000    8.8498231103e-05    3.5478975137e-03
 495.0000000000    8.8500617430e-05    3.5485146150e-03
 495.5000000000    8.8503006630e-05    3.5491302348e-03
 496.0000000000    8.8505389078e-05    3.5497444369e-03
 496.5000000000    8.8507771309e-05    3.5503571674e-03
 497.0000000000    8.8510180348e-05    3.5509682449e-03
 497.5000000000    8.8512645937e-05    3.5515773829e-03
 498.0000000000    8.8515183927e-05    3.5521842312e-03
 498.5000000000    8.8517809247e-05    3.5527884155e-03
 499.0000000000    8.8520526307e-05    3.5533895776e-03
 499.5000000000    8.8523338927e-05    3.5539874615e-03
 500.0000000000    8.8526251827e-05    3.5545820642e-03
 500.5000000000    8.8529265608e-05    3.5551738084e-03
 501.0000000000    8.8532361849e-05    3.5557637224e-03
 501.5000000000    8.8535495864e-05    3.5563535719e-03
 502.0000000000    8.8538605366e-05    3.5569458602e-03
 502.5000000000    8.8541633840e-05    3.5575436630e-03
 503.0000000000    8.8544570710e-05    3.5581502911e-03
 503.5000000000    8.8547494913e-05    3.5587687947e-03
 504.0000000000    8.8550610927e-05    3.5594012871e-03
 504.5000000000    8.8554264556e-05    3.5600481546e-03
 505.0000000000    8.8558929751e-05    3.5607072606e-03
 505.5000000000    8.8565170776e-05    3.5613733321e-03
 506.0000000000    8.8573564527e-05    3.5620377529e-03
 506.5000000000    8.8584578592e-05    3.5626890213e-03
 507.0000000000    8.8598445643e-05    3.5633140041e-03
 507.5000000000    8.8615026619e-05    3.5638999120e-03
 508.0000000000    8.8633694419e-05    3.5644366797e-03
 508.5000000000    8.8653275531e-05    3.5649192418e-03
 509.0000000000    8.8672077450e-05    3.5653491676e-03
 509.5000000000    8.8688030745e-05    3.5657351829e-03
 510.0000000000    8.8698921895e-05    3.5660923940e-03
 510.5000000000    8.8702721367e-05    3.5664403315e-03
 511.0000000000    8.8697929323e-05    3.5668001702e-03
 511.5000000000    8.8683889449e-05    3.5671916312e-03
 512.0000000000    8.8660998683e-05    3.5676301217e-03
 512.5000000000    8.8630732731e-05    3.5681245337e-03
 513.0000000000    8.8595555662e-05    3.5686760197e-03
 513.5000000000    8.8558568799e-05    3.5692779399e-03
 514.0000000000    8.8523081940e-05    3.5699183661e-03
 514.5000000000    8.8492135981e-05    3.5705759336e-03
 515.0000000000    8.8468100524e-05    3.5712354412e-03
 515.5000000000    8.8452314557e-05    3.5718794600e-03
 516.0000000000    8.8445014285e-05    3.5724964746e-03
 516.5000000000    8.8445411592e-05    3.5730866997e-03
 517.0000000000    8.8451869874e-05    3.5736413096e-03
 517.5000000000    8.8462424531e-05    3.5741810942e-03
 518.0000000000    8.8475065842e-05    3.5747155216e-03
 518.5000000000    8.8488136510e-05    3.5752575690e-03
 519.0000000000    8.8500560592e-05    3.5758178008e-03
 519.5000000000    8.8511919245e-05    3.5764026345e-03
 520.0000000000    8.8522367970e-05    3.5770131854e-03
 520.5000000000    8.8532426712e-05    3.5776457978e-03
 521.0000000000    8.8542717562e-05    3.5782932394e-03
 521.5000000000    8.8553708991e-05    3.5789462167e-03
 522.0000000000    8.8565550021e-05    3.5795949516e-03
 522.5000000000    8.8578029740e-05    3.5802305984e-03
 523.0000000000    8.8590634207e-05    3.5808464089e-03
 523.5000000000    8.8602711829e-05    3.5814385437e-03
 524.0000000000    8.8613647662e-05    3.5820063921e-03
 524.5000000000    8.8623013721e-05    3.5825523967e-03
 525.0000000000    8.8630652736e-05    3.5830813663e-03
 525.5000000000    8.8636682055e-05    3.5835994921e-03
 526.0000000000    8.8641424809e-05    3.5841131679e-03
 526.5000000000    8.8645306813e-05    3.5846280131e-03
 527.0000000000    8.8648742506e-05    3.5851481587e-03
 527.5000000000    8.8652046433e-05    3.5856758891e-03
 528.0000000000    8.8655382125e-05    3.5862116658e-03
 528.5000000000    8.8658762998e-05    3.5867542675e-03
 529.0000000000    8.8662088393e-05    3.5873011393e-03
 529.5000000000    8.8665200405e-05    3.5878488414e-03
 530.0000000000    8.8667942685e-05    3.5883936282e-03
 530.5000000000    8.8670201667e-05    3.5889321243e-03
 531.0000000000    8.8671930635e-05    3.5894619295e-03
 531.5000000000    8.8673150212e-05    3.5899820767e-03
 532.0000000000    8.8673924865e-05    3.5904930644e-03
 532.5000000000    8.8674352931e-05    3.5909967986e-03
 533.0000000000    8.8674568493e-05    3.5914960225e-03
 533.5000000000    8.8674696756e-05    3.5919936406e-03
 534.0000000000    8.8674849231e-05    3.5924922862e-03
 534.5000000000    8.8675117480e-05    3.5929939555e-03
 535.0000000000    8.8675571116e-05    3.5935004030e-03
 535.5000000000    8.8676245578e-05    3.5940099423e-03
 536.0000000000    8.8677162974e-05    3.5945242746e-03
 536.5000000000    8.8678354165e-05    3.5950421960e-03
 537.0000000000    8.8679810653e-05    3.5955562060e-03
 537.5000000000    8.8681500932e-05    3.5960708840e-03
 538.0000000000    8.8683359435e-05    3.5965836802e-03
 538.5000000000    8.8685277838e-05    3.5970948870e-03
 539.0000000000    8.8687123871e-05    3.5976060916e-03
 539.5000000000    8.8688787113e-05    3.5981202231e-03
 540.0000000000    8.8690197440e-05    3.5986415016e-03
 540.5000000000    8.8691345505e-05    3.5991742295e-03
 541.0000000000    8.8692304731e-05    3.5997221710e-03
 541.5000000000    8.8693214740e-05    3.6002871628e-03
 542.0000000000    8.8694254869e-05    3.6008677851e-03
 542.5000000000    8.8695624827e-05    3.6014584025e-03
 543.0000000000    8.8697531123e-05    3.6020484455e-03
 543.5000000000    8.8700098127e-05    3.6026226513e-03
 544.0000000000    8.8703307597e-05    3.6031625598e-03
 544.5000000000    8.8706856664e-05    3.6036491719e-03
 545.0000000000    8.8710052952e-05    3.6040668583e-03
 545.5000000000    8.8711798517e-05    3.6044075664e-03
 546.0000000000    8.8710580017e-05    3.6046744894e-03
 546.5000000000    8.8704625305e-05    3.6048845073e-03
 547.0000000000    8.8692150982e-05    3.6050684311e-03
 547.5000000000    8.8671722576e-05    3.6052685715e-03
 548.0000000000    8.8642658655e-05    3.6055336374e-03
 548.5000000000    8.8605422074e-05    3.6059114272e-03
 549.0000000000    8.8561903269e-05    3.6064404578e-03
 549.5000000000    8.8515534607e-05    3.6071419826e-03
 550.0000000000    8.8471107066e-05    3.6080140759e-03
 550.5000000000    8.8434329406e-05    3.6090292837e-03
 551.0000000000    8.8411108423e-05    3.6101367202e-03
 551.5000000000    8.8406634911e-05    3.6112687437e-03
 552.0000000000    8.8424456254e-05    3.6123512826e-03
 552.5000000000    8.8465746802e-05    3.6133160293e-03
 553.0000000000    8.8528866550e-05    3.6141121473e-03
 553.5000000000    8.8609422753e-05    3.6147149085e-03
 554.0000000000    8.8700804481e-05    3.6151297865e-03
 554.5000000000    8.8795060619e-05    3.6153906820e-03
 555.0000000000    8.8884106257e-05    3.6155529560e-03
 555.5000000000    8.8960898344e-05    3.6156825656e-03
 556.0000000000    8.9020420299e-05    3.6158436362e-03
 556.5000000000    8.9060361245e-05    3.6160869380e-03
 557.0000000000    8.9081144874e-05    3.6164415129e-03
 557.5000000000    8.9085628327e-05    3.6169108995e-03
 558.0000000000    8.9078241993e-05    3.6174744464e-03
 558.5000000000    8.9063932633e-05    3.6180931289e-03
 559.0000000000    8.9047116967e-05    3.6187202882e-03
 559.5000000000    8.9030871405e-05    3.6193029072e-03
 560.0000000000    8.9016546662e-05    3.6198077635e-03
 560.5000000000    8.9003912428e-05    3.6202167426e-03
 561.0000000000    8.8991550285e-05    3.6205088895e-03
 561.5000000000    8.8977651209e-05    3.6207141287e-03
 562.0000000000    8.8960706266e-05    3.6208574662e-03
 562.5000000000    8.8940055785e-05    3.6209747303e-03
 563.0000000000    8.8916114325e-05    3.6211032479e-03
 563.5000000000    8.8890295574e-05    3.6212767102e-03
 564.0000000000    8.8864616940e-05    3.6215185615e-03
 564.5000000000    8.8841161707e-05    3.6218407096e-03
 565.0000000000    8.8821616166e-05    3.6222423379e-03
 565.5000000000    8.8806843494e-05    3.6227117717e-03
 566.0000000000    8.8796787806e-05    3.6232295085e-03
 566.5000000000    8.8790529214e-05    3.6237719095e-03
 567.0000000000    8.8786670147e-05    3.6243159869e-03
 567.5000000000    8.8783734093e-05    3.6248402421e-03
 568.0000000000    8.8780528321e-05    3.6253334516e-03
 568.5000000000    8.8776418650e-05    3.6257879100e-03
 569.0000000000    8.8771454163e-05    3.6262074174e-03
 569.5000000000    8.8766190561e-05    3.6266013665e-03
 570.0000000000    8.8761579103e-05    3.6269833448e-03
 570.5000000000    8.8758570636e-05    3.6273682737e-03
 571.0000000000    8.8758103650e-05    3.6277694783e-03
 571.5000000000    8.8760715800e-05    3.6281959731e-03
 572.0000000000    8.8766632959e-05    3.6286509691e-03
 572.5000000000    8.8775641972e-05    3.6291316579e-03
 573.0000000000    8.8787206219e-05    3.6296303764e-03
 573.5000000000    8.8800482441e-05    3.6301365793e-03
 574.0000000000    8.8814534203e-05    3.6306391604e-03
 574.5000000000    8.8828333352e-05    3.6311285285e-03
 575.0000000000    8.8840998453e-05    3.6315981010e-03
 575.5000000000    8.8851797124e-05    3.6320451295e-03
 576.0000000000    8.8860288739e-05    3.6324705704e-03
 576.5000000000    8.8866286048e-05    3.6328783406e-03
 577.0000000000    8.8869917622e-05    3.6332742665e-03
 577.5000000000    8.8871545785e-05    3.6336648172e-03
 578.0000000000    8.8871744595e-05    3.6340557956e-03
 578.5000000000    8.8871182568e-05    3.6344516781e-03
 579.0000000000    8.8870447710e-05    3.6348550501e-03
 579.5000000000    8.8870039811e-05    3.6352665752e-03
 580.0000000000    8.8870263869e-05    3.6356852559e-03
 580.5000000000    8.8871170806e-05    3.6361089011e-03
 581.0000000000    8.8872583303e-05    3.6365346781e-03
 581.5000000000    8.8874212625e-05    3.6369596658e-03
 582.0000000000    8.8875808533e-05    3.6373813110e-03
 582.5000000000    8.8877097489e-05    3.6377977253e-03
 583.0000000000    8.8877910350e-05    3.6382078948e-03
 583.5000000000    8.8878236113e-05    3.6386117661e-03
 584.0000000000    8.8878171384e-05    3.6390102115e-03
 584.5000000000    8.8877854519e-05    3.6394048072e-03
 585.0000000000    8.8877501228e-05    3.6397974926e-03
 585.5000000000    8.8877277013e-05    3.6401902480e-03
 586.0000000000    8.8877297742e-05    3.6405848417e-03
 586.5000000000    8.8877637767e-05    3.6409826007e-03
 587.0000000000    8.8878366941e-05    3.6413841311e-03
 587.5000000000    8.8879416192e-05    3.6417893274e-03
 588.0000000000    8.8880781406e-05    3.6421974563e-03
 588.5000000000    8.8882377870e-05    3.6426073259e-03
 589.0000000000    8.8884103457e-05    3.6430175281e-03
 589.5000000000    8.8885857443e-05    3.6434266827e-03
 590.0000000000    8.8887476051e-05    3.6438337509e-03
 590.5000000000    8.8888973815e-05    3.6442381027e-03
 591.0000000000    8.8890301211e-05    3.6446395160e-03
 591.5000000000    8.8891562952e-05    3.6450381101e-03
 592.0000000000    8.8892846166e-05    3.6454344153e-03
 592.5000000000    8.8894328290e-05    3.6458291709e-03
 593.0000000000    8.8896074033e-05    3.6462230669e-03
 593.5000000000    8.8898034644e-05    3.6466167361e-03
 594.0000000000    8.8900141013e-05    3.6470107018e-03
 594.5000000000    8.8902242665e-05    3.6474052743e-03
 595.0000000000    8.8904207734e-05    3.6478004239e-03
 595.5000000000    8.8905974326e-05    3.6481960090e-03
 596.0000000000    8.8907636426e-05    3.6485919543e-03
 596.5000000000    8.8909320110e-05    3.6489879344e-03
 597.0000000000    8.8911109873e-05    3.6493834214e-03
 597.5000000000    8.8913017662e-05    3.6497778844e-03
 598.0000000000    8.8915003894e-05    3.6501708007e-03
 598.5000000000    8.8916872989e-05    3.6505615486e-03
 599.0000000000    8.8918753904e-05    3.6509494311e-03
 599.5000000000    8.8920278512e-05    3.6513336930e-03
 600.0000000000    8.8921759324e-05    3.6517134148e-03
 600.5000000000    8.8923272381e-05    3.6520875624e-03
 601.0000000000    8.8924860384e-05    3.6524549566e-03
 601.5000000000    8.8926281730e-05    3.6528142585e-03
 602.0000000000    8.8927787688e-05    3.6531638224e-03
 602.5000000000    8.8929150704e-05    3.6535018886e-03
 603.0000000000    8.8930330737e-05    3.6538266540e-03
 603.5000000000    8.8931427132e-05    3.6541365532e-03
 604.0000000000    8.8932457898e-05    3.6544302540e-03
 604.5000000000    8.8933636102e-05    3.6547066363e-03
 605.0000000000    8.8934851830e-05    3.6549653113e-03
 605.5000000000    8.8936205175e-05    3.6552067175e-03
 606.0000000000    8.8937758225e-05    3.6554324045e-03
 606.5000000000    8.8939440520e-05    3.6556450757e-03
 607.0000000000    8.8941257998e-05    3.6558485476e-03
 607.5000000000    8.8943231391e-05    3.6560478014e-03
 608.0000000000    8.8945298246e-05    3.6562492714e-03
 608.5000000000    8.8947447348e-05    3.6564593582e-03
 609.0000000000    8.8949518698e-05    3.6566830156e-03
 609.5000000000    8.8951403610e-05    3.6569248227e-03
 610.0000000000    8.8953094938e-05    3.6571977822e-03
 610.5000000000    8.8954457336e-05    3.6575014417e-03
 611.0000000000    8.8955475642e-05    3.6578394505e-03
 611.5000000000    8.8956071411e-05    3.6582201574e-03
 612.0000000000    8.8956217947e-05    3.6586438804e-03
 612.5000000000    8.8955873107e-05    3.6591118176e-03
 613.0000000000    8.8955038961e-05    3.6596245273e-03
 613.5000000000    8.8953791460e-05    3.6601802570e-03
 614.0000000000    8.8952281591e-05    3.6607767660e-03
 614.5000000000    8.8950629242e-05    3.6614097075e-03
 615.0000000000    8.8949108090e-05    3.6620741734e-03
 615.5000000000    8.8948011390e-05    3.6627633385e-03
 616.0000000000    8.8947599358e-05    3.6634695841e-03
 616.5000000000    8.8948151830e-05    3.6641842072e-03
 617.0000000000    8.8949937171e-05    3.6648980803e-03
 617.5000000000    8.8953136066e-05    3.6656017773e-03
 618.0000000000    8.8957825800e-05    3.6662859222e-03
 618.5000000000    8.8964029550e-05    3.6669415578e-03
 619.0000000000    8.8971545550e-05    3.6675604591e-03
 619.5000000000    8.8980178645e-05    3.6681355297e-03
 620.0000000000    8.8989672698e-05    3.6686609651e-03
 620.5000000000    8.8999630403e-05    3.6691324891e-03
 621.0000000000    8.9009613502e-05    3.6695475233e-03
 621.5000000000    8.9019146144e-05    3.6699053138e-03
 622.0000000000    8.9027802164e-05    3.6702070705e-03
 622.5000000000    8.9035150298e-05    3.6704559083e-03
 623.0000000000    8.9040822040e-05    3.6706567043e-03
 623.5000000000    8.9044550125e-05    3.6708158605e-03
 624.0000000000    8.9046405505e-05    3.6709410360e-03
 624.5000000000    8.9046235121e-05    3.6710407666e-03
 625.0000000000    8.9044191486e-05    3.6711238617e-03
 625.5000000000    8.9040546286e-05    3.6711988553e-03
 626.0000000000    8.9035861875e-05    3.6712735086e-03
 626.5000000000    8.9030499032e-05    3.6713544031e-03
 627.0000000000    8.9024956544e-05    3.6714467498e-03
 627.5000000000    8.9019723915e-05    3.6715544516e-03
 628.0000000000    8.9015193033e-05    3.6716802838e-03
 628.5000000000    8.9011621176e-05    3.6718263037e-03
 629.0000000000    8.9009071598e-05    3.6719943577e-03
 629.5000000000    8.9007505910e-05    3.6721864506e-03
 630.0000000000    8.9006741975e-05    3.6724050847e-03
 630.5000000000    8.9006417792e-05    3.6726532994e-03
 631.0000000000    8.9006370250e-05    3.6729345298e-03
 631.5000000000    8.9006040196e-05    3.6732522426e-03
 632.0000000000    8.9005311147e-05    3.6736093112e-03
 632.5000000000    8.9004247329e-05    3.6740074466e-03
 633.0000000000    8.9002499463e-05    3.6744465972e-03
 633.5000000000    8.9000553851e-05    3.6749245766e-03
 634.0000000000    8.8998680680e-05    3.6754369800e-03
 634.5000000000    8.8997194523e-05    3.6759773275e-03
 635.0000000000    8.8996556664e-05    3.6765375600e-03
 635.5000000000    8.8997160252e-05    3.6771086743e-03
 636.0000000000    8.8999341136e-05    3.6776813644e-03
 636.5000000000    8.9003264052e-05    3.6782467746e-03
 637.0000000000    8.9008917382e-05    3.6787970695e-03
 637.5000000000    8.9016211412e-05    3.6793258131e-03
 638.0000000000    8.9024737397e-05    3.6798281963e-03
 638.5000000000    8.9034103718e-05    3.6803010912e-03
 639.0000000000    8.9043846809e-05    3.6807430956e-03
 639.5000000000    8.9053402079e-05    3.6811544986e-03
 640.0000000000    8.9062445578e-05    3.6815371917e-03
 640.5000000000    8.9070456526e-05    3.6818944900e-03
 641.0000000000    8.9077109593e-05    3.6822309342e-03
 641.5000000000    8.9082296585e-05    3.6825519250e-03
 642.0000000000    8.9085663019e-05    3.6828631948e-03
 642.5000000000    8.9087257480e-05    3.6831703316e-03
 643.0000000000    8.9087202911e-05    3.6834781030e-03
 643.5000000000    8.9085764913e-05    3.6837899705e-03
 644.0000000000    8.9083433006e-05    3.6841079739e-03
 644.5000000000    8.9080670282e-05    3.6844327507e-03
 645.0000000000    8.9078107289e-05    3.6847637122e-03
 645.5000000000    8.9076162650e-05    3.6850996880e-03
 646.0000000000    8.9075079159e-05    3.6854396883e-03
 646.5000000000    8.9075001178e-05    3.6857835678e-03
 647.0000000000    8.9075798519e-05    3.6861326928e-03
 647.5000000000    8.9077335522e-05    3.6864902605e-03
 648.0000000000    8.9079268322e-05    3.6868611765e-03
 648.5000000000    8.9081378866e-05    3.6872515896e-03
 649.0000000000    8.9083389430e-05    3.6876681623e-03
 649.5000000000    8.9085043734e-05    3.6881170984e-03
 650.0000000000    8.9086227465e-05    3.6886031004e-03
 650.5000000000    8.9086880427e-05    3.6891285065e-03
 651.0000000000    8.9087047210e-05    3.6896926926e-03
 651.5000000000    8.9086849892e-05    3.6902917539e-03
 652.0000000000    8.9086447608e-05    3.6909186085e-03
 652.5000000000    8.9086040112e-05    3.6915633203e-03
 653.0000000000    8.9085904025e-05    3.6922135899e-03
 653.5000000000    8.9085959956e-05    3.6928553976e-03
 654.0000000000    8.9086491706e-05    3.6934736936e-03
 654.5000000000    8.9087755090e-05    3.6940530958e-03
 655.0000000000    8.9089602203e-05    3.6945785952e-03
 655.5000000000    8.9092327677e-05    3.6950361850e-03
 656.0000000000    8.9096045595e-05    3.6954134524e-03
 656.5000000000    8.9100798651e-05    3.6957002123e-03
 657.0000000000    8.9106621069e-05    3.6958891043e-03
 657.5000000000    8.9113452691e-05    3.6959761691e-03
 658.0000000000    8.9121194386e-05    3.6959613671e-03
 658.5000000000    8.9129630110e-05    3.6958489206e-03
 659.0000000000    8.9138318652e-05    3.6956474556e-03
 659.5000000000    8.9146834535e-05    3.6953699666e-03
 660.0000000000    8.9154700405e-05    3.6950333845e-03
 660.5000000000    8.9161169622e-05    3.6946579017e-03
 661.0000000000    8.9165811481e-05    3.6942659871e-03
 661.5000000000    8.9168200287e-05    3.6938811863e-03
 662.0000000000    8.9167893985e-05    3.6935269046e-03
 662.5000000000    8.9164869640e-05    3.6932252212e-03
 663.0000000000    8.9159222023e-05    3.6929958551e-03
 663.5000000000    8.9151166864e-05    3.6928554569e-03
 664.0000000000    8.9141238685e-05    3.6928171166e-03
 664.5000000000    8.9129990710e-05    3.6928902573e-03
 665.0000000000    8.9118036314e-05    3.6930807937e-03
 665.5000000000    8.9106063843e-05    3.6933913797e-03
 666.0000000000    8.9094540105e-05    3.6938218202e-03
 666.5000000000    8.9083887652e-05    3.6943693872e-03
 667.0000000000    8.9074552534e-05    3.6950290398e-03
 667.5000000000    8.9066743146e-05    3.6957935033e-03
 668.0000000000    8.9060602602e-05    3.6966531578e-03
 668.5000000000    8.9056402623e-05    3.6975958048e-03
 669.0000000000    8.9054317511e-05    3.6986064343e-03
 669.5000000000    8.9054533818e-05    3.6996670435e-03
 670.0000000000    8.9057358430e-05    3.7007566415e-03
 670.5000000000    8.9063103104e-05    3.7018515687e-03
 671.0000000000    8.9072071600e-05    3.7029261971e-03
 671.5000000000    8.9084445763e-05    3.7039540155e-03
 672.0000000000    8.9100514112e-05    3.7049090517e-03
 672.5000000000    8.9119918849e-05    3.7057675534e-03
 673.0000000000    8.9142343387e-05    3.7065096750e-03
 673.5000000000    8.9167530730e-05    3.7071210526e-03
 674.0000000000    8.9194073154e-05    3.7075940732e-03
 674.5000000000    8.9220952133e-05    3.7079285383e-03
 675.0000000000    8.9247082498e-05    3.7081317099e-03
 675.5000000000    8.9270752845e-05    3.7082177307e-03
 676.0000000000    8.9290624000e-05    3.7082063250e-03
 676.5000000000    8.9305633745e-05    3.7081211024e-03
 677.0000000000    8.9314971436e-05    3.7079874642e-03
 677.5000000000    8.9318178210e-05    3.7078305145e-03
 678.0000000000    8.9315406989e-05    3.7076730389e-03
 678.5000000000    8.9307206196e-05    3.7075338969e-03
 679.0000000000    8.9294555703e-05    3.7074269980e-03
 679.5000000000    8.9278752616e-05    3.7073607996e-03
 680.0000000000    8.9261273209e-05    3.7073385289e-03
 680.5000000000    8.9243683879e-05    3.7073588675e-03
 681.0000000000    8.9227407158e-05    3.7074171130e-03
 681.5000000000    8.9213601591e-05    3.7075066012e-03
 682.0000000000    8.9203118626e-05    3.7076201478e-03
 682.5000000000    8.9196465030e-05    3.7077542643e-03
 683.0000000000    8.9193407061e-05    3.7078966026e-03
 683.5000000000    8.9193870282e-05    3.7080497420e-03
 684.0000000000    8.9197243554e-05    3.7082138881e-03
 684.5000000000    8.9202709542e-05    3.7083888854e-03
 685.0000000000    8.9209367634e-05    3.7085774933e-03
 685.5000000000    8.9216184625e-05    3.7087824314e-03
 686.0000000000    8.9222092930e-05    3.7090046937e-03
 686.5000000000    8.9226118670e-05    3.7092445392e-03
 687.0000000000    8.9227469807e-05    3.7094999082e-03
 687.5000000000    8.9225753828e-05    3.7097663605e-03
 688.0000000000    8.9220791661e-05    3.7100365971e-03
 688.5000000000    8.9213064646e-05    3.7103024972e-03
 689.0000000000    8.9203215570e-05    3.7105557259e-03
 689.5000000000    8.9191929807e-05    3.7107878497e-03
 690.0000000000    8.9179682116e-05    3.7109917935e-03
 690.5000000000    8.9166640882e-05    3.7111638068e-03
 691.0000000000    8.9152575080e-05    3.7113025206e-03
 691.5000000000    8.9137035984e-05    3.7114111265e-03
 692.0000000000    8.9119570563e-05    3.7114957762e-03
 692.5000000000    8.9099795400e-05    3.7115659875e-03
 693.0000000000    8.9077673468e-05    3.7116339346e-03
 693.5000000000    8.9053165134e-05    3.7117128470e-03
 694.0000000000    8.9026313757e-05    3.7118169507e-03
 694.5000000000    8.8997226709e-05    3.7119592665e-03
 695.0000000000    8.8965953180e-05    3.7121513764e-03
 695.5000000000    8.8932817335e-05    3.7124022680e-03
 696.0000000000    8.8898546929e-05    3.7127176248e-03
 696.5000000000    8.8864299733e-05    3.7131000606e-03
 697.0000000000    8.8831653168e-05    3.7135484676e-03
 697.5000000000    8.8802414746e-05    3.7140589100e-03
 698.0000000000    8.8778467981e-05    3.7146247333e-03
 698.5000000000    8.8761558912e-05    3.7152373384e-03
 699.0000000000    8.8753278171e-05    3.7158870761e-03
 699.5000000000    8.8754941959e-05    3.7165636094e-03
 700.0000000000    8.8767514734e-05    3.7172568990e-03
